0.0 0.44846354634559055 0.6188203921965592 0.010099999556163652 0.009640908667247317
0.0 0.5079158164602824 0.6583022086433813 0.009640908667247317 0.007804545111581263
0.0 0.5554317234631434 0.660597663087964 0.010099999556163652 0.006886363333748235
0.0 0.4303294562333875 0.7051294793128682 0.009640908667247317 0.008722726889414289
0.0 0.4323953652335117 0.7234931148695297 0.009181817778330981 0.009640908667247317
0.0 0.4645317274576698 0.7498908409822306 0.0073454542226642165 0.007345454222664571
0.0 0.43514991056701113 0.8508908365438689 0.009181817778330981 0.009181817778330981
0.0 0.36215445922928174 0.8642044723224483 0.008263636000497598 0.009181817778330981
0.0 0.34241355100587045 0.8274772012091252 0.010099999556163652 0.009181817778330981
0.0 0.6637771732474469 0.7101794790909504 0.012854544889663089 0.009640908667247672
0.0 0.801045349033491 0.8194431106530861 0.006427272444831544 0.008722726889413935
0.0 0.8148180757009879 0.6530226634208413 0.009181817778330981 0.01101818133399668
0.0 0.9229339800408326 0.8079658384301723 0.012395454000746754 0.005968181555915208
0.0 0.9872067044891473 0.7586135678716449 0.007804545111581973 0.010099999556163652
0.0 0.9653998872656121 0.7023749339793692 0.011018181333997035 0.010559090445079989
0.0 0.9727453414882767 0.6821749348670416 0.010099999556164363 0.009640908667246961
0.0 0.9750407959328594 0.670009026310753 0.011018181333997035 0.008263636000497598
0.0 0.9552998877094477 0.6250181191969324 0.010099999556163652 0.009181817778330981
0.0 0.9555294331539063 0.5474317589700377 0.008722726889413935 0.008263636000497598
0.0 0.7709748958094587 0.45951585374252063 0.010559090445080698 0.010559090445080344
0.0 0.6706635365811948 0.4813226709660562 0.011936363111829707 0.01101818133399668
0.0 0.653906719135741 0.5458249408588296 0.008722726889413935 0.01147727222291337
0.0 0.6231476295783331 0.5784203939719037 0.012395454000746754 0.010559090445080698
0.0 0.5804521769090953 0.5811749393054029 0.009640908667247317 0.008722726889413935
0.0 0.3442499145615365 0.30411358784427256 0.00918181777833027 0.006427272444831544
0.0 0.5324771790173173 0.37550222107079423 0.011018181333997035 0.010559090445080344
0.0 0.6027180850215472 0.4227885826291976 0.011936363111829707 0.008722726889414289
0.0 0.6582680825804481 0.3911113112939567 0.009181817778330981 0.010559090445080698
0.0 0.619474902467001 0.3452022224023029 0.010559090445079989 0.007804545111581263
0.0 0.657349900802615 0.3458908587356776 0.009181817778330981 0.009181817778330626
0.0 0.9353294340415786 0.3695340395148792 0.010559090445080698 0.008722726889413935
0.0 0.9573657967095723 0.4108522195173677 0.010559090445080698 0.007804545111580907
0.0 0.9881248862669804 0.39363631118299747 0.00688636333374788 0.010099999556164007
0.0 0.8005862581445751 0.3045726787331894 0.011018181333997745 0.011018181333997035
0.0 0.7496271694748394 0.30457267873318905 0.011936363111829707 0.007345454222664571
0.0 0.35343173233986713 0.01534541871577062 0.011018181333997035 0.006427272444831544
0.0 0.33644536944995557 0.11290223261053497 0.008263636000497598 0.007804545111581263
0.0 0.4179340022326411 0.19668631983780305 0.009640908667247317 0.0055090906669985175
0.0 0.5166385433496963 0.15513859439085637 0.009640908667247317 0.009640908667246961
0.0 0.5751726316865551 0.1778635933922251 0.011018181333997035 0.009181817778330626
0.0 0.5627771776858086 0.1379226860564861 0.009181817778330981 0.009181817778330626
0.0 0.3862567308973997 0.06446814382984023 0.009640908667247317 0.007345454222664571
0.0 0.42229536567734804 0.04541587193980394 0.0073454542226642165 0.007804545111580907
0.0 0.48037036312529013 0.07112496171913012 0.009640908667248028 0.00688636333374788
0.0 0.5249021793501942 0.10601586927678693 0.012395454000746754 0.008722726889414289
0.0 0.5441839966846882 0.0917840517203743 0.009640908667247317 0.010559090445080344
0.0 0.556349905240977 0.10486814205449538 0.011936363111829707 0.010099999556163652
0.0 0.5884862674651344 0.09844086960966383 0.009181817778330981 0.007345454222664571
0.0 0.5978976306879236 0.12805223194478063 0.010559090445079989 0.008722726889414289
0.0 0.6167203571335016 0.13838177694540263 0.013313635778579424 0.008263636000497598
0.0 0.6456430831352435 0.12369086850007367 0.008722726889413935 0.013772726667496116
0.0 0.6178680843557931 0.0667635982744228 0.008263636000497598 0.010099999556164007
0.0 0.6137362663555439 0.03738178138376451 0.004590908889165491 0.0055090906669985175
0.0 0.626590811245207 0.036463599605931485 0.00826363600049831 0.009181817778330981
0.0 0.7388385335853009 0.00983632804877228 0.010559090445080698 0.009181817778330626
0.0 0.7050953532499353 0.022002236605060333 0.012854544889662377 0.007804545111580907
0.0 0.6621703551362387 0.012590873382271361 0.012395454000746042 0.008263636000497598
0.0 0.6793862634706092 0.010524964382146961 0.010099999556163652 0.007804545111580907
0.0 0.7018817170275191 0.07938859771962772 0.0073454542226642165 0.00688636333374788
0.0 0.6837476269153161 0.08397950660879303 0.009640908667247317 0.005968181555914854
0.0 0.6869612631377319 0.093390869831582 0.010559090445079989 0.005509090666998162
0.0 0.7824521680323719 0.11359086894390966 0.009640908667247317 0.007345454222664571
0.0 0.8354771657022315 0.11978859594428286 0.010099999556163652 0.009640908667247317
0.0 0.8412158018136882 0.18635677483718105 0.01147727222291337 0.010559090445080344
0.0 0.9022748900395878 0.21987040972808813 0.012395454000746042 0.009640908667247672
0.0 0.899749890150547 0.25774540806370255 0.0073454542226642165 0.006427272444831189
0.0 0.7785498954765806 0.1969158652822614 0.008263636000497598 0.008722726889414289
0.0 0.7608748962532946 0.1939317745043038 0.010559090445080698 0.009181817778330981
0.0 0.7250658069178048 0.1943908653932203 0.01147727222291337 0.007345454222664571
0.0 0.778090804587665 0.15536813983531453 0.010099999556164363 0.007345454222664571
0.0 0.8345589839243985 0.03003632716109994 0.011018181333997035 0.006427272444831544
0.0 0.8056362579226569 0.06423859838538189 0.009181817778330981 0.007804545111580907
0.0 0.8274430751461924 0.058270416829466855 0.01147727222291337 0.00688636333374788
0.0 0.8703680732598886 0.05436814427367622 0.01377272666749576 0.006427272444831544
0.0 0.8919453450389657 0.026593145494225645 0.012854544889663089 0.006886363333748235
0.0 0.9185726165961249 0.01787041860481171 0.009181817778330981 0.005968181555915208
0.0 0.9249998890409564 0.0014749823575121112 0.011936363111829707 0.0029499647150242224
0.0 0.934181706819287 0.04633405371763697 0.011936363111830417 0.007804545111581263
0.0 0.95323397878689 0.05482723516259291 0.010559090445079989 0.007345454222664571
0.0 0.9566771603761979 0.08627496105337559 0.0073454542226642165 0.009640908667247317
0.0 0.9679248871546523 0.0938499607204987 0.007804545111580552 0.009181817778330626
0.0 0.9103089805956269 0.11772268694415847 0.008263636000497598 0.008263636000497598
0.0 0.8859771634830509 0.14503859483469234 0.011018181333997035 0.008722726889414289
0.0 0.949102160709075 0.15904086694664699 0.010559090445080698 0.0055090906669985175
0.0 0.9390021611529111 0.11932950505536635 0.009640908667247317 0.009640908667247317
0.0 0.9479544334867832 0.12644541383357275 0.005509090666998872 0.010099999556164007
0.0 0.987665795378064 0.19140677461526287 0.008722726889414644 0.009640908667246961
0.0 0.9874362499336058 0.21298404639434007 0.006427272444830834 0.011477272222913015
0.0 0.08647038043490056 0.862228415213831 0.009640908667247317 0.007804545111581263
0.0 0.13283856021547075 0.8984965954382375 0.00688636333374788 0.009640908667247317
0.0 0.15097265032767382 0.9177784127727321 0.011936363111830417 0.008722726889413935
0.0 0.1863226487742473 0.8854125051041158 0.0073454542226642165 0.008263636000497598
0.0 0.16290901343950423 0.8422579615459614 0.006427272444831544 0.009181817778330981
0.0 0.2285590105545694 0.9205329581062311 0.007345454222664927 0.004131818000249155
0.0 0.2834203717800953 0.892987504771239 0.008722726889413935 0.008722726889413935
0.0 0.31991809744896005 0.7548011472073611 0.008263636000497598 0.008722726889414289
0.0 0.1859345992148711 0.5765475127086155 0.009549090489464618 0.008355454178281008
0.0 0.2166707342278329 0.5117927428269381 0.011339544956238257 0.008952272333872458
0.0 0.2668034592975189 0.5655063768301731 0.0077586360226888475 0.008952272333872458
0.0 0.3315582291791966 0.5481986503180194 0.009549090489463907 0.010145908645055712
0.0 0.2411402786070848 0.3948163843310043 0.010145908645055357 0.008952272333872103
0.0 0.30320936678860055 0.3521438862062121 0.008952272333872458 0.008355454178280652
0.0 0.14385891924567035 0.25844343577834683 0.011339544956238257 0.008355454178280652
0.0 0.17041732716949198 0.28440502554657704 0.011936363111830417 0.011339544956238257
0.0 0.04304038234339593 0.06538632560767291 0.007161817867098108 0.008355454178281008
0.0 0.08571288046818779 0.06598314376326471 0.0077586360226888475 0.008355454178281008
0.0 0.05945288162216187 0.1053731420323036 0.006564999711505948 0.007161817867097753
0.0 0.033789700931727396 0.13461723165628695 0.008952272333872458 0.010742726800647162
0.0 0.15225810481664012 0.1450615493791382 0.011936363111830417 0.007758636022689558
0.0 0.21373037484256444 0.09791291508740976 0.009549090489463907 0.007758636022689558
0.0 0.2626694636010676 0.1561026852575811 0.014323635734196215 0.011936363111830061
0.0 0.3092212797372042 0.11551905067735894 0.008355454178281008 0.010742726800646807
0.0 0.2584917365119267 0.037335872294872806 0.010742726800646807 0.013129999423012961
0.0 0.3151894612931191 0.08537973381998842 0.009549090489464618 0.010145908645055357
