0.0 0.05203856376616045 0.415936345358383 0.00688636333374788 0.006427272444831544
0.0 0.037577200765289476 0.27706135146113037 0.008263636000497598 0.0059681815559150305
0.0 0.06351583598907382 0.3103454409075793 0.00688636333374788 0.0073454542226646605
0.0 0.09060219843514972 0.2926704416842926 0.007804545111580552 0.006886363333748147
0.0 0.1009317434357719 0.27889771501679655 0.006427272444830834 0.006886363333748058
0.0 0.09702947087998126 0.1916704461226544 0.009640908667247317 0.005968181555914986
0.0 0.08119083521236056 0.08355454178280983 0.007345454222664927 0.007345454222664594
0.0 0.14684083232742537 0.08814545067197521 0.014690908445329142 0.007345454222664594
0.0 0.17782946732929156 0.10122954100609652 0.005968181555915208 0.009640908667247284
0.0 0.13513401466005384 0.13795681211941951 0.008722726889414644 0.0087227268894142
0.0 0.15739992277250572 0.17445453778828424 0.010099999556163652 0.008263636000497643
0.0 0.1436271961050096 0.2300045353471853 0.011018181333997035 0.009181817778330714
0.0 0.22259082899865418 0.2653545337937587 0.00918181777833027 0.009181817778330803
0.0 0.17117264944000182 0.3640590749108143 0.006427272444831544 0.005509090666998428
0.0 0.20055446633066012 0.3658954384664804 0.0073454542226642165 0.009181817778330803
0.0 0.2386590101107327 0.37760225613385207 0.008263636000497598 0.007804545111581085
0.0 0.282961280891179 0.40032725513522066 0.009640908667247317 0.008263636000497732
0.0 0.35526809589553354 0.3936704372459309 0.008263636000497598 0.005968181555914942
0.0 0.3674340044518217 0.39688407346834664 0.007804545111580552 0.005968181555914942
0.0 0.40600162156054437 0.40168220932705445 0.00873069176887995 0.006382635494999711
0.0 0.406456730009727 0.36819089291106316 0.005968181555914498 0.008263636000497687
0.0 0.39452036689789766 0.3548772571324835 0.008722726889414644 0.009181817778330714
0.0 0.39245445789777306 0.31792044057470215 0.0073454542226642165 0.006886363333747969
0.0 0.36766354989628025 0.33031589457544874 0.008263636000497598 0.009640908667247317
0.0 0.35871127756240745 0.32549544024182514 0.007804545111581263 0.0073454542226646605
0.0 0.21822946555394687 0.3215931676860345 0.005049999778081826 0.005049999778081915
0.0 0.24187264633314848 0.315165895241203 0.009181817778330981 0.0087227268894142
0.0 0.2827317354467205 0.280963624016921 0.008263636000497598 0.008263636000497687
0.0 0.29306128044734264 0.2646658974603838 0.005968181555915208 0.009640908667247317
0.0 0.3020135527812151 0.3004749867958738 0.006427272444831544 0.009640908667247405
0.0 0.2827317354467205 0.22587271734693645 0.009181817778330981 0.006427272444831544
0.0 0.26895900877922435 0.08883408700534999 0.009181817778330981 0.0087227268894142
0.0 0.2831908263356368 0.10903408611767766 0.009181817778330981 0.008722726889414245
0.0 0.30430900722579785 0.0918181777833075 0.008263636000497598 0.011936363111829973
0.0 0.35366127778432566 0.09067045056101615 0.012395454000746754 0.009640908667247294
0.0 0.3947499123423558 0.11316590411792649 0.008263636000497598 0.0087227268894142
0.0 0.3747794586744863 0.1228068127851738 0.005968181555914498 0.0087227268894142
0.0 0.3614658230510376 0.14828634147230807 0.007804545111581263 0.008263636000497643
0.0 0.3167044612265443 0.1632068110098291 0.010099999556163652 0.007804545111581129
0.0 0.27400900855730653 0.1902931734559048 0.011936363111830417 0.0078045451115811735
0.0 0.3359862785610389 0.20268862745665134 0.01377272666749576 0.005968181555915009
0.0 0.3247385517825837 0.22931589901381044 0.007804545111581263 0.009640908667247317
0.0 0.3756976404523197 0.19281817334494575 0.007804545111580552 0.011936363111829973
0.0 0.4496112735678818 0.39711361891280494 0.008722726889414644 0.008263636000497687
0.0 0.5122771799049893 0.3950477099126805 0.012854544889663089 0.0078045451115811735
0.0 0.5467089965737294 0.413411345469342 0.008263636000497598 0.008722726889414289
0.0 0.6334771745789549 0.4377431625819185 0.007345454222664927 0.0059681815559150305
0.0 0.6603339915805726 0.37920907424506 0.009640908667247317 0.009181817778330714
0.0 0.7002748989163117 0.3998681642463042 0.008722726889413935 0.008263636000497598
0.0 0.8464953470362289 0.39389998269038917 0.009181817778330981 0.011018181333996947
0.0 0.8037998943669908 0.3544181662435669 0.014690908445329142 0.011018181333996947
0.0 0.8155067120343624 0.3195272586859101 0.008722726889413935 0.011936363111829973
0.0 0.7881908041438284 0.30322953212937304 0.011936363111829707 0.009640908667247228
0.0 0.8212453481458197 0.2603045340156768 0.008263636000497598 0.011018181333996947
0.0 0.7760248955875404 0.2072795363458167 0.008722726889414644 0.0087227268894142
0.0 0.7923226221440771 0.24125226212564047 0.009181817778330981 0.0087227268894142
0.0 0.7608748962532946 0.24033408034780743 0.009640908667247317 0.0087227268894142
0.0 0.7638589870312515 0.26856817001617445 0.0073454542226642165 0.012854544889663
0.0 0.7441180788078409 0.28302953301704536 0.011936363111829707 0.0087227268894142
0.0 0.7255248978067211 0.2692568063495492 0.005968181555914498 0.0087227268894142
0.0 0.7069317168056013 0.24813862545938847 0.00918181777833027 0.010559090445080433
0.0 0.7308044430292611 0.2554840796820531 0.009181817778330981 0.005968181555914942
0.0 0.7330998974738442 0.23895680768105781 0.011018181333996324 0.0087227268894142
0.0 0.7239180796955133 0.30322953212937304 0.0073454542226642165 0.0078045451115811735
0.0 0.7135885346948907 0.3199863495748266 0.012395454000746754 0.007345454222664571
0.0 0.7388385335853009 0.3241181675750755 0.008722726889414644 0.009181817778330714
0.0 0.6550544463580327 0.33169316724219844 0.008263636000497598 0.0087227268894142
0.0 0.46407263656875275 0.3335295307978644 0.009181817778330981 0.0087227268894142
0.0 0.4704999090135843 0.32595453113074163 0.00826363600049831 0.008263636000497687
0.0 0.5024067257932838 0.3124113499077038 0.00688636333374788 0.009640908667247317
0.0 0.5221476340166944 0.32595453113074163 0.008722726889413935 0.005509090666998428
0.0 0.5223771794611529 0.2582386250155524 0.008263636000497598 0.009640908667247317
0.0 0.5531362690185617 0.26604317012713347 0.004590908889165491 0.0087227268894142
0.0 0.5779271770200538 0.28509544201716974 0.008263636000497598 0.007345454222664571
0.0 0.605472630355046 0.2777499877945052 0.011018181333997035 0.008263636000497777
0.0 0.6298044474676232 0.27292953346088156 0.009181817778330981 0.007804545111581085
0.0 0.6378385380236622 0.2628295339047177 0.008722726889414644 0.0078045451115811735
0.0 0.6589567189138232 0.259615897682302 0.010559090445080698 0.0059681815559150305
0.0 0.6766317181371097 0.2362022623475585 0.00918181777833027 0.011477272222913459
0.0 0.5951430853544242 0.09640908667247287 0.009640908667247317 0.009181817778330747
0.0 0.6187862661336258 0.09503181400572323 0.011936363111829707 0.007345454222664594
0.0 0.6782385362483172 0.1085749952287611 0.010559090445080698 0.006886363333748058
0.0 0.7239180796955133 0.1294636306744636 0.010099999556163652 0.008263636000497643
0.0 0.74297035158555 0.13428408500808722 0.007804545111580552 0.009640908667247271
0.0 0.7835998952546632 0.1432363573419597 0.009181817778330981 0.00918181777833076
0.0 0.8194089845901527 0.11821590389600842 0.00918181777833027 0.012395454000746532
0.0 0.8262953479239012 0.13336590323025413 0.01377272666749576 0.007804545111581129
0.0 0.8338703475910243 0.1627477201209125 0.010559090445079277 0.010559090445080388
0.0 0.8251476207016093 0.18937499167807173 0.009640908667247317 0.008722726889414157
0.0 0.8419044381470631 0.17606135589949215 0.00918181777833027 0.006886363333748058
0.0 0.8549885284811843 0.1652727200099535 0.010559090445079989 0.005509090666998428
0.0 0.8694498914820556 0.15379544778704007 0.011018181333997035 0.008263636000497687
0.0 0.8747294367045957 0.17904544667744962 0.013313635778579424 0.00918181777833076
0.0 0.924311252707582 0.19878635490086072 0.012395454000746042 0.0073454542226646154
0.0 0.942445342819785 0.17606135589949215 0.011936363111830417 0.008722726889414245
0.0 0.9754998868217758 0.16435453823212043 0.006427272444830834 0.011018181333996901
0.0 0.9392317065973692 0.14461363000870933 0.008263636000497598 0.010099999556163785
0.0 0.9445112518199092 0.12808635800771395 0.009640908667247317 0.006427272444831544
0.0 0.9178839802627501 0.13818635756387782 0.008722726889414644 0.011018181333996901
0.0 0.8864362543719672 0.137497721230503 0.008263636000497598 0.0087227268894142
0.0 0.8960771630392145 0.12900453978554705 0.0073454542226642165 0.0073454542226646154
0.0 0.8921748904834239 0.11913408567384147 0.006886363333748591 0.006886363333748058
0.0 0.8772544365936366 0.11178863145117687 0.005509090666998872 0.006886363333748058
0.0 0.47187718168033366 0.2777499877945052 0.009181817778330981 0.009181817778330714
0.0 0.5820589950203029 0.2410227166811822 0.009181817778330981 0.008263636000497687
0.0 0.591470358243092 0.24217044390347353 0.00688636333374788 0.0078045451115811735
0.0 0.6679089912476958 0.19947499123423557 0.009181817778330981 0.009640908667247294
0.0 0.6768612635815678 0.18937499167807173 0.008722726889413935 0.008722726889414157
0.0 0.6337067200234131 0.1916704461226544 0.008722726889413935 0.005049999778081915
0.0 0.6277385384674986 0.1762909013439504 0.007804545111581263 0.013772726667496116
0.0 0.654595355469116 0.143465902786418 0.008263636000497598 0.007804545111581129
0.0 0.5850430857982605 0.1372681757860447 0.005968181555915208 0.0073454542226646154
0.0 0.5719589954641393 0.12969317611892184 0.009181817778330981 0.0087227268894142
0.0 0.51089990723824 0.10352499545067921 0.010099999556164363 0.008722726889414213
0.0 0.518015816016446 0.11706817667371705 0.007804545111581263 0.008263636000497687
0.0 0.5097521800159484 0.1294636306744636 0.008722726889414644 0.0073454542226646154
0.0 0.4755499087916665 0.12579090356313127 0.010099999556163652 0.00918181777833076
0.0 0.44502036467871664 0.11247726778455167 0.010559090445079989 0.009181817778330714
0.0 0.45236581890138117 0.14484317545316758 0.009640908667247317 0.007804545111581129
0.0 0.4665976364577936 0.1675681744545362 0.009640908667247317 0.008263636000497643
0.0 0.4528249097127322 0.18684992137422965 0.009640908667247317 0.01009999955616383
0.0 0.45236581890138117 0.23895680768105781 0.007804545111581263 0.0087227268894142
0.0 0.4234430928996392 0.23689089868093335 0.01147727222291337 0.006427272444831544
0.0 0.43170672890013717 0.22082271756885455 0.010559090445080698 0.008263636000497687
0.0 0.41242491156564254 0.20268862745665134 0.009640908667247317 0.008722726889414223
0.0 0.8671544370374733 0.3948181644682223 0.011018181333997035 0.010099999556163742
0.0 0.9004385264839222 0.3941295281348475 0.012395454000746042 0.0078045451115811735
0.0 0.9137521622625016 0.37852043791168516 0.009640908667247317 0.010559090445080433
0.0 0.8834521635940099 0.4214454360253814 0.013313635778579424 0.01009999955616383
0.0 0.8944703449280069 0.4157067999139247 0.007804545111581263 0.0059681815559150305
0.0 0.9481839789312417 0.3998681642463042 0.010559090445079989 0.007345454222664527
0.0 0.9676953417101949 0.39481816446822227 0.009181817778330981 0.009181817778330803
0.0 0.9486430698201584 0.3812749832451844 0.010559090445080698 0.005968181555914942
0.0 0.9286726161522892 0.33100453090882354 0.007345454222664927 0.009181817778330714
0.0 0.9027339809285039 0.3218227131304928 0.01147727222291337 0.009181817778330714
0.0 0.8873544361498006 0.29611362335116664 0.011936363111830417 0.007345454222664571
0.0 0.9054885262620036 0.29312953257320923 0.01147727222291337 0.010559090445080344
0.0 0.877024891149178 0.24630226190372234 0.013313635778579424 0.009640908667247317
0.0 0.9406089792641186 0.25456589790422 0.011018181333997035 0.006886363333748147
0.0 0.9711385233770689 0.24377726201468136 0.008722726889414644 0.008263636000497687
0.0 0.9904203407115627 0.2669613519049665 0.006886363333748591 0.0087227268894142
0.0 0.9394612520418277 0.24033408034780743 0.010559090445080698 0.011477272222913459
0.0 0.952545342375949 0.22793862634706086 0.010099999556163652 0.006886363333748147
0.0 0.9844521591556482 0.22472499012464509 0.014231817556412096 0.012395454000746486
0.0 0.9619567055987378 0.2945068052399588 0.012395454000746042 0.0087227268894142
0.0 0.9461180699311171 0.3055249865739557 0.014690908445328433 0.0087227268894142
0.0 0.9711385233770689 0.31332953168553684 0.007804545111580552 0.007804545111581085
0.0 0.9780248867108167 0.30093407768479036 0.010559090445079989 0.0087227268894142
0.0 0.9727453414882767 0.3335295307978644 0.011018181333997035 0.0087227268894142
0.0 0.9777953412663581 0.34959771190994327 0.010099999556163652 0.006886363333748147
0.0 0.3933726396756061 0.6461704261500266 0.00826363600049831 0.009640908667247317
0.0 0.4353794560114693 0.6062295188142878 0.009640908667247317 0.007804545111581085
0.0 0.45626809145717184 0.6252817907043241 0.011936363111829707 0.006427272444831722
0.0 0.37868173123027693 0.5408090671436812 0.010099999556163652 0.009181817778330803
0.0 0.3486112780062435 0.48250452425128093 0.007804545111581263 0.011018181333996856
0.0 0.39314309423114757 0.4861772513626132 0.009640908667246605 0.008263636000497598
0.0 0.4250499110108471 0.47309316102849197 0.008263636000497598 0.007804545111581085
0.0 0.46154763667971216 0.44692498036024925 0.007804545111581263 0.0059681815559150305
0.0 0.4567271823460889 0.48755452402936283 0.008263636000497598 0.009181817778330803
0.0 0.4548908187904221 0.5502204303664702 0.010099999556163652 0.007804545111581085
0.0 0.4101294571210598 0.7134272413762993 0.010559090445079989 0.007345454222664749
0.0 0.4480044554566742 0.719854513821131 0.009181817778330981 0.007345454222664571
0.0 0.487256726459038 0.6879476970414315 0.012395454000746754 0.00964090866724714
0.0 0.47807490868070734 0.6498431532613588 0.01147727222291337 0.008722726889414289
0.0 0.4929953625704947 0.7253636044881292 0.011936363111829707 0.01009999955616383
0.0 0.520770361349945 0.7393658766000837 0.009640908667247317 0.006886363333748058
0.0 0.5754021771310132 0.6819795154855164 0.007804545111581263 0.009640908667247317
0.0 0.6107521755775863 0.714804514043049 0.010559090445079989 0.01009999955616383
0.0 0.6327885382455808 0.706311332598093 0.008722726889414644 0.009640908667247317
0.0 0.6587271734693652 0.732020422377419 0.010099999556163652 0.007804545111581263
0.0 0.6904044448046062 0.6934567877084298 0.005509090666998162 0.007804545111581263
0.0 0.675713536359277 0.6835863335967244 0.009181817778330981 0.01009999955616383
0.0 0.668597627581071 0.6684363342624786 0.006886363333748591 0.01009999955616383
0.0 0.5806817223535535 0.6500726987058171 0.010099999556163652 0.006427272444831722
0.0 0.6449544468018686 0.690243151486014 0.010099999556163652 0.010559090445080344
0.0 0.6591862643582814 0.6911613332638473 0.00826363600049831 0.009640908667247317
0.0 0.6910930811379806 0.671420425040436 0.010559090445079989 0.008722726889414112
0.0 0.7367726245851763 0.6737158794850189 0.01377272666749576 0.008722726889414112
0.0 0.7666135323647513 0.6902431514860141 0.008263636000497598 0.011477272222913549
0.0 0.8205567118124446 0.6787658792631007 0.009640908667248028 0.009640908667247317
0.0 0.8148180757009879 0.6688954251513951 0.01377272666749647 0.009181817778330803
0.0 0.8494794378141861 0.6436454262609856 0.012395454000746754 0.01560909022316217
0.0 0.892863526816799 0.6881772424858899 0.008263636000497598 0.007345454222664749
0.0 0.9038817081507957 0.6920795150416803 0.00918181777833027 0.008722726889414289
0.0 0.9176544348182919 0.7035567872645936 0.010099999556163652 0.009640908667247317
0.0 0.9530044332648654 0.7246749681547544 0.010099999556163652 0.009640908667247317
0.0 0.9874362499336058 0.7389067857111672 0.006427272444830834 0.008722726889414289
0.0 0.8926339813723405 0.743038603711416 0.008722726889413935 0.008722726889414112
0.0 0.8648589825928902 0.7150340594875073 0.006427272444831544 0.009640908667247317
0.0 0.8508567104809359 0.719854513821131 0.010559090445080698 0.01009999955616383
0.0 0.9357885249304954 0.634693153927113 0.00688636333374788 0.009640908667247317
0.0 0.9456589790422004 0.6284954269267399 0.008263636000497598 0.008263636000497598
0.0 0.9890430680448133 0.6466295170389431 0.01147727222291337 0.008722726889414289
0.0 0.5467089965737294 0.5587136118114262 0.009181817778330981 0.008263636000497777
0.0 0.5437249057957718 0.5327749765876418 0.008722726889413935 0.006886363333748058
0.0 0.5402817241288986 0.5100499775862732 0.008263636000497598 0.007345454222664393
0.0 0.5832067222425945 0.49949088714119283 0.007804545111581263 0.010099999556164007
0.0 0.5600226323523092 0.4483022530269989 0.010099999556163652 0.008722726889414289
0.0 0.5919294491320087 0.4494499802492903 0.009640908667247317 0.009181817778330803
0.0 0.5235249066834445 0.4877840694738211 0.009640908667247317 0.008722726889414289
0.0 0.626590811245207 0.5357590673655993 0.00826363600049831 0.009181817778330803
0.0 0.6350839926901631 0.5752408838124216 0.010559090445080698 0.01009999955616383
0.0 0.6589567189138232 0.5566477028113017 0.012395454000746754 0.008722726889414289
0.0 0.642429446912827 0.5020158870302339 0.008722726889414644 0.008722726889414289
0.0 0.6557430826914075 0.48847270580719593 0.009640908667247317 0.007345454222664571
0.0 0.6589567189138229 0.5187727044756874 0.013313635778579424 0.01009999955616383
0.0 0.6851248995820655 0.4753886154730747 0.007804545111581263 0.006886363333748058
0.0 0.7399862608075918 0.4845704332514054 0.006427272444831544 0.007804545111581085
0.0 0.7257544432511797 0.47469997913969975 0.010099999556164363 0.011018181333996856
0.0 0.7824521680323713 0.4565658890274967 0.008722726889413935 0.009640908667247317
0.0 0.781533986254539 0.48525906958478016 0.006886363333748591 0.009181817778330803
0.0 0.7946180765886602 0.4829636151401974 0.010099999556163652 0.011936363111830061
0.0 0.7817635316989968 0.5130340683642307 0.010099999556163652 0.01698636288991189
0.0 0.7950771674775762 0.5336931583654749 0.011936363111829707 0.010559090445080344
0.0 0.80793171236724 0.5798317927015868 0.010099999556163652 0.01009999955616383
0.0 0.8386908019246476 0.5408090671436813 0.010099999556163652 0.008263636000497777
0.0 0.8460362561473123 0.526118158698352 0.010099999556163652 0.008263636000497598
0.0 0.8524635285921441 0.4522045255827895 0.00918181777833027 0.009181817778330803
0.0 0.9339521613748293 0.5883249741465428 0.009640908667247317 0.00688636333374788
0.0 0.934181706819287 0.5743227020345885 0.006427272444832255 0.009181817778330626
0.0 0.9862885227113146 0.5860295197019603 0.009640908667248028 0.008722726889414289
0.0 0.9516271605981157 0.5414977034770561 0.010099999556164363 0.010559090445080344
0.0 0.9853703409334813 0.5013272506968589 0.006886363333748591 0.008263636000497777
0.0 0.968383978043569 0.4932931601408196 0.007804545111581973 0.008722726889414289
0.0 0.9585135239318638 0.46597725225028563 0.011018181333997035 0.011018181333997035
0.0 0.3504476415619099 0.7675999662684506 0.012395454000746754 0.008263636000497598
0.0 0.35343173233986713 0.8153454187157706 0.011018181333997035 0.006427272444831544
0.0 0.33644536944995557 0.9129022326105349 0.008263636000497598 0.007804545111581263
0.0 0.4179340022326411 0.9966863198378031 0.009640908667247317 0.0055090906669985175
0.0 0.5166385433496963 0.9551385943908564 0.009640908667247317 0.009640908667246961
0.0 0.5751726316865551 0.9778635933922251 0.011018181333997035 0.009181817778330626
0.0 0.5627771776858086 0.9379226860564861 0.009181817778330981 0.009181817778330626
0.0 0.3862567308973997 0.8644681438298403 0.009640908667247317 0.007345454222664571
0.0 0.42229536567734804 0.8454158719398039 0.0073454542226642165 0.007804545111580907
0.0 0.48037036312529013 0.8711249617191301 0.009640908667248028 0.00688636333374788
0.0 0.5249021793501942 0.9060158692767869 0.012395454000746754 0.008722726889414289
0.0 0.5441839966846882 0.8917840517203743 0.009640908667247317 0.010559090445080344
0.0 0.556349905240977 0.9048681420544954 0.011936363111829707 0.010099999556163652
0.0 0.5884862674651344 0.8984408696096639 0.009181817778330981 0.007345454222664571
0.0 0.5978976306879236 0.9280522319447806 0.010559090445079989 0.008722726889414289
0.0 0.6167203571335016 0.9383817769454026 0.013313635778579424 0.008263636000497598
0.0 0.6456430831352435 0.9236908685000736 0.008722726889413935 0.013772726667496116
0.0 0.6178680843557931 0.8667635982744228 0.008263636000497598 0.010099999556164007
0.0 0.6137362663555439 0.8373817813837645 0.004590908889165491 0.0055090906669985175
0.0 0.626590811245207 0.8364635996059315 0.00826363600049831 0.009181817778330981
0.0 0.6027180850215472 0.7774704203801563 0.011018181333997035 0.007804545111581085
0.0 0.7617930780311276 0.777240874935698 0.007804545111581263 0.008263636000497777
0.0 0.7388385335853009 0.8098363280487723 0.010559090445080698 0.009181817778330626
0.0 0.7050953532499353 0.8220022366050603 0.012854544889662377 0.007804545111580907
0.0 0.6621703551362387 0.8125908733822713 0.012395454000746042 0.008263636000497598
0.0 0.6793862634706092 0.8105249643821469 0.010099999556163652 0.007804545111580907
0.0 0.7018817170275191 0.8793885977196277 0.0073454542226642165 0.00688636333374788
0.0 0.6837476269153161 0.883979506608793 0.009640908667247317 0.005968181555914854
0.0 0.6869612631377319 0.893390869831582 0.010559090445079989 0.005509090666998162
0.0 0.7824521680323719 0.9135908689439096 0.009640908667247317 0.007345454222664571
0.0 0.8354771657022315 0.9197885959442829 0.010099999556163652 0.009640908667247317
0.0 0.8412158018136882 0.9863567748371811 0.01147727222291337 0.010559090445080344
0.0 0.7785498954765806 0.9962772509187772 0.008263636000497598 0.007445498162445751
0.0 0.7608748962532946 0.9939317745043038 0.010559090445080698 0.009181817778330981
0.0 0.7250658069178048 0.9943908653932203 0.01147727222291337 0.007345454222664571
0.0 0.778090804587665 0.9553681398353145 0.010099999556164363 0.007345454222664571
0.0 0.8529226194810604 0.7903249652698194 0.010099999556163652 0.009640908667247317
0.0 0.8345589839243985 0.8300363271611 0.011018181333997035 0.006427272444831544
0.0 0.8056362579226569 0.8642385983853819 0.009181817778330981 0.007804545111580907
0.0 0.8274430751461924 0.8582704168294668 0.01147727222291337 0.00688636333374788
0.0 0.8703680732598886 0.8543681442736762 0.01377272666749576 0.006427272444831544
0.0 0.8919453450389657 0.8265931454942257 0.012854544889663089 0.006886363333748235
0.0 0.9185726165961249 0.8178704186048117 0.009181817778330981 0.005968181555915208
0.0 0.9249998890409564 0.7983590558258588 0.011936363111829707 0.009181817778330891
0.0 0.8992907992616306 0.7715022388242414 0.011936363111829707 0.010559090445080344
0.0 0.9711385233770689 0.7788476930469059 0.007804545111580552 0.007804545111581085
0.0 0.934181706819287 0.8463340537176369 0.011936363111830417 0.007804545111581263
0.0 0.95323397878689 0.854827235162593 0.010559090445079989 0.007345454222664571
0.0 0.9566771603761979 0.8862749610533756 0.0073454542226642165 0.009640908667247317
0.0 0.9679248871546523 0.8938499607204987 0.007804545111580552 0.009181817778330626
0.0 0.9103089805956269 0.9177226869441585 0.008263636000497598 0.008263636000497598
0.0 0.8859771634830509 0.9450385948346923 0.011018181333997035 0.008722726889414289
0.0 0.949102160709075 0.959040866946647 0.010559090445080698 0.0055090906669985175
0.0 0.9390021611529111 0.9193295050553664 0.009640908667247317 0.009640908667247317
0.0 0.9479544334867832 0.9264454138335727 0.005509090666998872 0.010099999556164007
0.0 0.987665795378064 0.9914067746152628 0.008722726889414644 0.009640908667246961
0.0 0.04304038234339593 0.8653863256076729 0.007161817867098108 0.008355454178281008
0.0 0.08571288046818779 0.8659831437632647 0.0077586360226888475 0.008355454178281008
0.0 0.05945288162216187 0.9053731420323036 0.006564999711505948 0.007161817867097753
0.0 0.033789700931727396 0.934617231656287 0.008952272333872458 0.010742726800647162
0.0 0.15225810481664012 0.9450615493791382 0.011936363111830417 0.007758636022689558
0.0 0.21373037484256444 0.8979129150874098 0.009549090489463907 0.007758636022689558
0.0 0.2626694636010676 0.9561026852575811 0.014323635734196215 0.011936363111830061
0.0 0.3092212797372042 0.915519050677359 0.008355454178281008 0.010742726800646807
0.0 0.2584917365119267 0.8373358722948728 0.010742726800646807 0.013129999423012961
0.0 0.3151894612931191 0.8853797338199885 0.009549090489464618 0.010145908645055357
0.0 0.02603106490903819 0.6606776982397891 0.007758636022689558 0.007161817867097931
0.0 0.07914788075668149 0.6585888346952189 0.008952272333872458 0.010145908645055357
0.0 0.11465856101437559 0.6735092885850065 0.011936363111830417 0.00775863602268938
0.0 0.14121696893819724 0.6758965612073722 0.010145908645055357 0.005371363400323581
0.0 0.0821319715346391 0.7102136051538835 0.007758636022689558 0.009549090489463907
0.0 0.09436674372426487 0.7618383756125483 0.007161817867097397 0.005371363400323403
0.0 0.17434037657352555 0.7949617832478764 0.015517272045379116 0.009549090489463907
0.0 0.24297446446654797 0.7639272391571185 0.008355454178281008 0.010742726800646984
0.0 0.29280878045843794 0.5878658832576262 0.010145908645055357 0.008355454178281008
0.0 0.33160196057188535 0.5887611104910137 0.010145908645055357 0.008952272333872458
0.0 0.2352158284438584 0.5878658832576262 0.009549090489463907 0.007161817867097931
0.0 0.16240401346169514 0.5711549749010643 0.009549090489463907 0.009549090489464085
0.0 0.18060696720723612 0.5532504302333193 0.010145908645055357 0.009549090489463907
0.0 0.20895582959783282 0.5556377028556854 0.010742726800647518 0.007161817867097931
0.0 0.2623710545232715 0.6397890627940866 0.008952272333871747 0.010742726800646984
0.0 0.23253014674369651 0.6845504244634492 0.010145908645055357 0.011936363111830061
0.0 0.2752026448684891 0.6991724692754409 0.008355454178281008 0.010145908645055535
0.0 0.2951960530808041 0.7385624675444796 0.011339544956238257 0.012533181267421511
0.0 0.2943008258474169 0.7892920107697571 0.008355454178281008 0.011339544956238613
0.0 0.30713241619263415 0.44552475314905376 0.012533181267421156 0.010145908645055535
0.0 0.3187703702266681 0.4893908875850289 0.008355454178281008 0.009549090489464085
0.0 0.2653551453012291 0.5183365681312166 0.008952272333872458 0.0065649997115066585
0.0 0.2853485535135441 0.5278856586206806 0.013129999423012606 0.008952272333872458
0.0 0.17702605827368742 0.5389267944991233 0.008952272333873168 0.009549090489464085
0.0 0.16508969516185737 0.49744793268551407 0.013726817578604767 0.012533181267421511
0.0 0.16896901317320215 0.47924497893997353 0.009549090489463907 0.010742726800646984
0.0 0.1862767396853556 0.4401533897487303 0.007161817867098108 0.008952272333872458
0.0 0.1988099209527771 0.5117715684197102 0.010742726800646807 0.014920453889787489
0.0 0.05855765438877505 0.4371692989707728 0.009549090489464618 0.010145908645055535
0.0 0.0839224260014138 0.4347820263484069 0.013726817578604056 0.007758636022689558
0.0 0.10540787960270777 0.43537884450399833 0.013726817578604056 0.010145908645055535
0.0 0.06124333608893693 0.5541456574667065 0.008952272333872458 0.010145908645055535
0.0 0.07825265352329432 0.5795104290793452 0.010742726800646807 0.011936363111829884
0.0 0.03945947340984688 0.6001006554472519 0.011936363111829707 0.006564999711506481
0.0 0.028716746609199716 0.522812704298153 0.010742726800647518 0.010742726800646984
0.0 0.03945947340984688 0.5093842957973441 0.010742726800646807 0.010145908645055535
0.0 0.081833562456843 0.4729783883062627 0.010742726800646807 0.012533181267421511
0.0 0.09615719819103923 0.48730202404045864 0.010742726800646807 0.010145908645055535
0.0 0.12480446965943096 0.506101795941591 0.015517272045379116 0.008355454178281008
0.0 0.09705242542442641 0.5344506583321871 0.008952272333872458 0.0065649997115066585
0.0 0.1164490154811503 0.5472822486774044 0.008355454178281008 0.007161817867097931
