0.0 0.32203311819649805 0.9990806085080426 0.009429959537232779 0.0018387829839147329
0.0 0.3019944541798784 0.959498382913431 0.00518647774547798 0.007543967629786152
0.0 0.2027441300505039 0.9899100024210066 0.008486963583509444 0.010844453467817771
0.0 0.22773352282417064 0.9583196379712773 0.007543967629786241 0.008015465606647964
0.0 0.22631902889358574 0.9950964801664849 0.01037295549095596 0.005186477745478158
0.0 0.4849356692021936 0.9665708525663558 0.007072469652924696 0.008486963583509421
0.0 0.4849356692021936 0.9578481399944156 0.008958461560371056 0.006129473699201427
0.0 0.5144042927560458 0.9583196379712773 0.009429959537232867 0.008015465606647964
0.0 0.6563251837913986 0.8399736457790061 0.008486963583509598 0.010844453467817417
0.0 0.6773109338282673 0.9278850968243845 0.008966641693423049 0.012213104119768304
0.0 0.6214343335036375 0.9472394355150285 0.008486963583509598 0.011315951444679229
0.0 0.5530671268587001 0.8656702855179654 0.00942995953723269 0.01037295549095596
0.0 0.48022068943357715 0.862369799679934 0.009901457514094325 0.01037295549095596
0.0 0.4707907298963444 0.9026828767016039 0.008958461560370879 0.008958461560371233
0.0 0.4542883007061872 0.9015041317594499 0.008958461560371056 0.007543967629786508
0.0 0.41397522368451717 0.9274365204868398 0.01037295549095596 0.00942995953723269
0.0 0.40666700504316183 0.9429959537232738 0.010844453467817594 0.01037295549095596
0.0 0.3253336040345295 0.7805649006944398 0.00848696358350951 0.009901457514094325
0.0 0.2807770452211048 0.7659484634117291 0.011787449421540952 0.009901457514094502
0.0 0.34160028423625594 0.7171484228065497 0.015559433236434028 0.005657975722339792
0.0 0.41751145855081057 0.7635909657794787 0.009901457514094325 0.011787449421540863
0.0 0.45193081106086525 0.8194634857225104 0.008958461560371056 0.00942995953723269
0.0 0.47880619550299236 0.8241784635541414 0.010844453467817594 0.007543967629786152
0.0 0.481870932352593 0.801075062687921 0.008486963583509598 0.00942995953723269
0.0 0.11457400837737779 0.7331793540198455 0.011315951444679274 0.008486963583509421
0.0 0.17775473727683713 0.7164411758412572 0.011315951444679274 0.009901457514094325
0.0 0.4474515800416935 0.7202131596561503 0.007543967629786152 0.007072469652924518
0.0 0.49507287570471864 0.7195059030059299 0.007543967629786152 0.007543967629786152
0.0 0.49790186356588856 0.7506247791637259 0.007543967629786152 0.012258947398402675
0.0 0.2918572476773532 0.6796643336460495 0.006600971676062883 0.006129473699201249
0.0 0.2894997577930451 0.6636334024327539 0.012258947398402498 0.007072469652924518
0.0 0.49908060850804253 0.651845953011213 0.009901457514094325 0.008015465606647787
0.0 0.5497666410206686 0.636286519774779 0.00942995953723269 0.008958461560371233
0.0 0.6527889489649363 0.6115328759895431 0.008015465606647787 0.00942995953723269
0.0 0.5549531187661466 0.46159651934754253 0.007543967629786152 0.00754396762978633
0.0 0.5002593534501968 0.518176276570939 0.006600971676062883 0.009429959537232867
0.0 0.5012023492047647 0.5540101228124233 0.01037295549095596 0.00942995953723269
0.0 0.4861144141443477 0.5221840093742628 0.005657975722339614 0.007072469652924696
0.0 0.4340138877011368 0.5679193131298417 0.007072469652924518 0.00801546560664761
0.0 0.3713046567785391 0.5455231592289139 0.008015465606647787 0.01037295549095596
0.0 0.2984582193534162 0.5768777591943283 0.00942995953723269 0.007072469652924518
0.0 0.2732330775913186 0.5764062767133512 0.00518647774547798 0.005186477745478158
0.0 0.13579141733615147 0.3338205676180389 0.012258947398402543 0.014144939305849036
0.0 0.1907209316405321 0.37932012238518686 0.008015465606647832 0.010844453467817594
0.0 0.21877506126379948 0.3769626325008787 0.01037295549095596 0.010844453467817594
0.0 0.21571032441419885 0.34089303727096354 0.008015465606647875 0.00942995953723269
0.0 0.2588523892970387 0.40430951515885366 0.012258947398402498 0.009901457514094325
0.0 0.30458769305261746 0.4370786245507374 0.00848696358350951 0.00942995953723269
0.0 0.25696639738959215 0.4851714181906244 0.01037295549095596 0.008486963583509421
0.0 0.2425857090953122 0.5231270053279861 0.008958461560371056 0.007072469652924518
0.0 0.28124854319796644 0.5056815801841056 0.008958461560371056 0.009901457514094325
0.0 0.3255693530229603 0.49625162064687284 0.010844453467817594 0.009901457514094325
0.0 0.39794429247122165 0.4512235638565866 0.009429959537232736 0.00942995953723269
0.0 0.4196331994068568 0.4634825112549891 0.010372955490956137 0.007543967629786152
0.0 0.44179360431935377 0.4903578959361024 0.011315951444679229 0.00942995953723269
0.0 0.3340563166064698 0.3361780575023471 0.008958461560371144 0.009429959537232779
0.0 0.28101279420953557 0.29704372542283125 0.006600971676062972 0.00848696358350951
0.0 0.30953842180966457 0.2968079764344004 0.008015465606647787 0.008015465606647875
0.0 0.40902449492747 0.3097741707980955 0.009901457514094325 0.007543967629786241
0.0 0.450516316891294 0.3203828752774823 0.010844453467817771 0.01273044537526422
0.0 0.4714979768616369 0.40572400908943856 0.008486963583509598 0.008015465606647964
0.0 0.48022068947340835 0.413267967034297 0.007072469652924696 0.008015465606647787
0.0 0.4946013777278571 0.3109529157402495 0.007543967629786152 0.008015465606647875
0.0 0.49389413076256466 0.29845821935341615 0.009901457514094325 0.007543967629786152
0.0 0.4559385436252029 0.29327174160793823 0.009429959537232867 0.00848696358350951
0.0 0.7650054674580059 0.29963696429557024 0.009901457514094502 0.007072469652924606
0.0 0.9776510550226044 0.32957708582628414 0.009901457514094148 0.00848696358350951
0.0 0.9826017837796513 0.4073742520084543 0.008486963583509421 0.00942995953723269
0.0 0.8069687873986917 0.5561318637083007 0.007072469652924696 0.00801546560664761
0.0 0.7836296375440407 0.5464661551826372 0.006600971676062883 0.006600971676062883
0.0 0.7004102446279615 0.6582111756988451 0.008958461560371056 0.006600971676063061
0.0 0.7093687061883327 0.6610401635600149 0.007072469652924518 0.008486963583509598
0.0 0.7294073702049523 0.5983309326374174 0.00754396762978633 0.005657975722339614
0.0 0.8468103664434998 0.6902730381254364 0.006600971676062883 0.006600971676062883
0.0 0.8597765608071951 0.7864586254052103 0.009901457514094502 0.006600971676062883
0.0 0.9745863181730036 0.6386440096590873 0.008486963583509421 0.006129473699201427
0.0 0.6940450219403296 0.9422887067579813 0.00942995953723269 0.008015465606647964
0.0 0.7725494350877922 0.8835872086387075 0.008958461560371056 0.006600971676063239
