0.0 0.3156678955088659 0.9808478586064027 0.008015465606647875 0.00942995953723269
0.0 0.32085437325434396 0.8790042956042889 0.008015465606647787 0.00942995953723269
0.0 0.23433449450023355 0.8693385870786254 0.010372955490956048 0.00801546560664832
0.0 0.17728323929997547 0.9051724333201101 0.006600971676062883 0.007072469652924696
0.0 0.4750342116880992 0.994757048923821 0.008015465606647787 0.007072469652924696
0.0 0.49035789593610246 0.9617521905435066 0.006600971676062883 0.007072469652924696
0.0 0.48705741009807096 0.9348768058623929 0.007543967629786152 0.008958461560370523
0.0 0.5554246167430084 0.9683531622195691 0.005657975722339614 0.006129473699201781
0.0 0.5587251025810397 0.8643878583215784 0.008486963583509421 0.004714979768616701
0.0 0.6586826736757068 0.8606158745066853 0.009429959537232867 0.008486963583509777
0.0 0.12801170071793444 0.6397190723470082 0.006129473699201249 0.008015465606647964
0.0 0.21170259161087496 0.7175162385291782 0.005657975722339614 0.00801546560664761
0.0 0.2781838063483658 0.7267104490779802 0.007543967629786241 0.007543967629786152
0.0 0.23810647831512663 0.7592438094814333 0.009429959537232779 0.007543967629786152
0.0 0.22466878597457002 0.7936631617923329 0.008015465606647787 0.007543967629786152
0.0 0.4271771670366431 0.7898911779774396 0.01037295549095596 0.006600971676062883
0.0 0.6763679378745441 0.7844460296042138 0.011795629554592856 0.00796962232801377
0.0 0.11504550635423941 0.48318174402894465 0.007543967629786197 0.00801546560664761
0.0 0.13838465620889046 0.5010986671496871 0.00990145751409437 0.00801546560664761
0.0 0.15417983843375527 0.5194870882472911 0.00848696358350951 0.007072469652924696
0.0 0.22961951473161718 0.5621576551532689 0.008486963583509421 0.007543967629786152
0.0 0.2656891099615324 0.5793673313087189 0.008958461560371056 0.008958461560370879
0.0 0.29115000071206076 0.602234983186508 0.008015465606647787 0.006600971676062883
0.0 0.3118959116939728 0.6170871694576497 0.006129473699201249 0.008958461560371233
0.0 0.2777123083715041 0.6175586674345114 0.005657975722339614 0.006129473699201427
0.0 0.33499931256019305 0.6722524327504612 0.007072469652924518 0.006129473699201071
0.0 0.35621672151896666 0.6338253476362379 0.006129473699201249 0.007543967629786152
0.0 0.3635249401603221 0.6227451451799894 0.006600971676062883 0.008958461560370879
0.0 0.3705974098132466 0.6154369265386339 0.00942995953723269 0.010372955490955604
0.0 0.4436795962268004 0.6663587080396909 0.009429959537232867 0.008486963583509421
0.0 0.5056815801841056 0.6576359954677505 0.006129473699201249 0.008958461560371233
0.0 0.5801782605282443 0.6795606513918164 0.007072469652924518 0.008486963583509421
0.0 0.5283134830734643 0.5032204080455644 0.006129473699201249 0.008486963583509421
0.0 0.5516526329281153 0.5803103272624421 0.006600971676062883 0.008958461560371233
0.0 0.4835211752716087 0.5786600843434263 0.009901457514094325 0.007543967629786152
0.0 0.5160545356750617 0.6019992341980774 0.006129473699201249 0.005186477745477802
0.0 0.46230376631283515 0.5105286266869198 0.008015465606647787 0.008958461560371233
0.0 0.406431256054731 0.5018059141149795 0.008486963583509421 0.008486963583509421
0.0 0.2824272881401205 0.4838889909942372 0.006600971676062883 0.007543967629786152
0.0 0.30694518293692574 0.4824744970636525 0.011315951444679317 0.004714979768616345
0.0 0.3406572882825327 0.4593710961974322 0.009901457514094414 0.00565797572233997
0.0 0.39676554752906756 0.4454619058800141 0.007072469652924606 0.008015465606647964
0.0 0.4255269241176274 0.42943097466671815 0.008015465606647964 0.010844453467817771
0.0 0.4302419038862437 0.4482908937411839 0.009901457514094325 0.009901457514094148
0.0 0.44580133712267767 0.45583486137097007 0.008015465606647787 0.004243481791754533
0.0 0.4601820254169577 0.4096280596385295 0.006600971676062883 0.00801546560664761
0.0 0.49695886761216534 0.41269279648813023 0.006600971676062883 0.00565797572233997
0.0 0.5125183008485993 0.4320242135394574 0.008486963583509598 0.005657975722339259
0.0 0.626149313272254 0.38110243203840033 0.009429959537232867 0.009429959537233046
0.0 0.6438304874045653 0.40066959807815844 0.008015465606647964 0.008015465606647964
0.0 0.12777595188882795 0.4225942481912677 0.007543967629786197 0.006600971676062883
0.0 0.13720591126673637 0.4079778167195139 0.0056579757223396586 0.008486963583509421
0.0 0.20628036487696616 0.44357591397256735 0.009901457514094414 0.008958461560370879
0.0 0.2491866807713751 0.44216142004198244 0.01555943323643394 0.009901457514094148
0.0 0.2704040897301488 0.4317884645510267 0.008958461560371056 0.006129473699201071
0.0 0.2307982596737713 0.4060918248120675 0.010844453467817594 0.009429959537233046
0.0 0.1492291096767081 0.30684150068269267 0.008958461560371144 0.010844453467817417
0.0 0.19119242961739374 0.33112364649106707 0.01273044537526422 0.007543967629786152
0.0 0.25979538525076196 0.33890336310928415 0.016030931213295664 0.007072469652924696
0.0 0.37248340172069316 0.31273522539346316 0.01037295549095596 0.008486963583509421
0.0 0.4283559119787971 0.3490405696118092 0.008958461560371233 0.006600971676062883
0.0 0.45287380677560235 0.3396106100745765 0.008015465606647964 0.007543967629786152
0.0 0.47550571002344055 0.3393748610861456 0.008958461560371233 0.009901457514094148
0.0 0.4665472481045897 0.3532840514035637 0.008015465606647787 0.009429959537233046
0.0 0.45310955576403317 0.2959970472148751 0.00754396762978633 0.008958461560371233
0.0 0.51275404983703 0.2710076544412082 0.008958461560371233 0.007072469652924696
0.0 0.5823000014241215 0.25049749244772723 0.009429959537232867 0.01037295549095596
0.0 0.32297611415022126 0.24130328189892528 0.008486963583509421 0.008958461560371233
0.0 0.32203311819649805 0.20193320083097835 0.009429959537232779 0.007543967629786152
0.0 0.3019944541798784 0.15949838291343105 0.00518647774547798 0.007543967629786152
0.0 0.2027441300505039 0.18991000242100659 0.008486963583509444 0.010844453467817771
0.0 0.22773352282417064 0.15831963797127724 0.007543967629786241 0.008015465606647964
0.0 0.22631902889358574 0.1950964801664849 0.01037295549095596 0.005186477745478158
0.0 0.4849356692021936 0.16657085256635576 0.007072469652924696 0.008486963583509421
0.0 0.4849356692021936 0.1578481399944156 0.008958461560371056 0.006129473699201427
0.0 0.5144042927560458 0.15831963797127724 0.009429959537232867 0.008015465606647964
0.0 0.6563251837913986 0.039973645779006084 0.008486963583509598 0.010844453467817417
0.0 0.6773109338282673 0.12788509682438445 0.008966641693423049 0.012213104119768304
0.0 0.6214343335036375 0.14723943551502855 0.008486963583509598 0.011315951444679229
0.0 0.5530671268587001 0.06567028551796543 0.00942995953723269 0.01037295549095596
0.0 0.48022068943357715 0.06236979967993399 0.009901457514094325 0.01037295549095596
0.0 0.4707907298963444 0.10268287670160384 0.008958461560370879 0.008958461560371233
0.0 0.4542883007061872 0.10150413175944983 0.008958461560371056 0.007543967629786508
0.0 0.41397522368451717 0.12743652048683973 0.01037295549095596 0.00942995953723269
0.0 0.40666700504316183 0.14299595372327384 0.010844453467817594 0.01037295549095596
0.0 0.45193081106086525 0.019463485722510398 0.008958461560371056 0.00942995953723269
0.0 0.47880619550299236 0.024178463554141418 0.010844453467817594 0.007543967629786152
0.0 0.481870932352593 0.0028950212282686572 0.008486963583509598 0.0057900424565373145
0.0 0.6940450219403296 0.1422887067579813 0.00942995953723269 0.008015465606647964
0.0 0.7725494350877922 0.08358720863870754 0.008958461560371056 0.006600971676063239
0.0 0.7770286658679777 0.3403178570398689 0.006600971676063239 0.006129473699201427
0.0 0.8835872086387078 0.38393141989957036 0.00942995953723269 0.007543967629786152
0.0 0.6893300421717133 0.6069499629551247 0.0066009716760627056 0.004714979768616701
0.0 0.8494036053162389 0.7168089915638861 0.008958461560370879 0.007543967629786152
0.0 0.8781649819047989 0.5366967644027406 0.0042434817917548886 0.003771983814893076
0.0 0.8508180992468241 0.903993688377956 0.011787449421540686 0.006600971676063239
0.0 0.8883021884073241 0.8988072106324779 0.01037295549095596 0.007543967629786152
0.0 0.9422887067579813 0.8511859149694526 0.009901457514094502 0.007543967629786152
0.0 0.9229572897066541 0.7538215827475246 0.008015465606647964 0.00707246965292434
0.0 0.7230421475173202 0.9735396399650472 0.013673441328987578 0.006129473699201071
0.0 0.9719930793002647 0.9681174132311383 0.006129473699201427 0.005657975722338904
0.0 0.8890094353726165 0.9815551055716952 0.00707246965292434 0.006129473699201071
