0.0 0.35841795342590776 0.1601140613828976 0.010360065285114572 0.008164349956030747
0.0 0.17895093817592 0.19456655594744934 0.009255017866253823 0.007511221773798482
0.0 0.3856905798588297 0.3399168645453935 0.009991337358778551 0.008088225480915413
0.0 0.37106533040282974 0.26845458602905764 0.008445058958016283 0.009991337358778907
0.0 0.29538390062468656 0.2793971680067546 0.012970254902705314 0.007669368116383879
0.0 0.17199994898944748 0.3357833573673116 0.009409062560916226 0.009445960845468804
0.0 0.04054788146243471 0.4025233524480889 0.014093416996883157 0.007764675024698064
0.0 0.21644968039523116 0.4365602840632027 0.015954811694585125 0.008615598315076056
0.0 0.26856873193087605 0.4362411878293063 0.011168368186211808 0.0075519442021033
0.0 0.37720706347547317 0.4922049291034252 0.012481074202457698 0.008572859048152281
0.0 0.03246712425137632 0.5743649574195435 0.00951827436110353 0.00617184948046372
0.0 0.09627419540688775 0.579153883252945 0.011800896223806312 0.007192927222128986
0.0 0.23827045188471008 0.5436394550037662 0.007249279712272738 0.007713796664709349
0.0 0.40028974071246815 0.6888907728583347 0.013916505606871077 0.0064325181471758695
0.0 0.3887464291930973 0.6539965058058694 0.011287832325573177 0.00766954086778675
0.0 0.371041541504356 0.6382863172541129 0.01237022720610792 0.0074221363236645745
0.0 0.23238822414121385 0.6072582585431496 0.011052912873612541 0.006586633794070806
0.0 0.25990772150000385 0.6159652470517504 0.009473925320239829 0.005774583052336269
0.0 0.02007928754435495 0.6095179345517892 0.010073231682863337 0.005888966214596891
0.0 0.2578124289338666 0.867282059140722 0.007535762256089207 0.00850464597472964
0.0 0.09254197675798759 0.8700751127119635 0.009648777220763627 0.006754144054534806
0.0 0.1631919194661844 0.8779965089119817 0.010673955860802664 0.005419085283177338
0.0 0.030228090136128483 0.6830412128019697 0.010292843535386176 0.0072361809097262865
0.0 0.042782240205804456 0.6745574144940146 0.00888927396237893 0.00998093918582903
0.0 0.08827619382776097 0.6809137599885862 0.007290836694615166 0.00879126975350637
0.0 0.05493901356192499 0.7280965437450531 0.00746458378398529 0.0085774853663235
0.0 0.030756736002615526 0.7705484281502066 0.007328864078820274 0.008903212658715631
0.0 0.034692607452352586 0.7918835658018841 0.00868606113045356 0.007926030781538885
0.0 0.07052260961547452 0.7918835658018842 0.006243106437514356 0.009011788422845867
0.0 0.09723724708954773 0.8387662025737666 0.007478505669754831 0.010696529321587888
0.0 0.10513984374622742 0.8339067615101946 0.005633597653852185 0.006665101449628707
0.0 0.1112891932979676 0.829526837700439 0.0074585659079176025 0.005014695376387124
0.0 0.11708759851161465 0.851099614313694 0.008147458661751372 0.004546145001179269
0.0 0.09524327178320169 0.8056908195433106 0.007669832226439688 0.00488230180435778
0.0 0.10945719730733794 0.7937416538656871 0.010143971654327899 0.006069888729741635
0.0 0.108013949307737 0.8062443051079231 0.009731615083009792 0.0058719575755112885
0.0 0.3535376273224955 0.835487067337457 0.008846871985073612 0.004376873508405055
0.0 0.3608130154681146 0.837023629313812 0.006635153988804987 0.004097498603612593
0.0 0.35174824294209195 0.7628234707828669 0.008510095621860003 0.0070541515516218565
0.0 0.18394540422131644 0.8536325704196521 0.009934116061003806 0.007844081253364266
0.0 0.18323912508048146 0.843644657366216 0.008643971118016402 0.007637658062486707
0.0 0.17627234238834788 0.8258922629507062 0.008902000106615127 0.007431234871608438
0.0 0.23941791819055291 0.8358508658333698 0.008367730225518066 0.006694184180414453
0.0 0.2573084595896922 0.8338895221541026 0.011135825196140203 0.0070526892908880255
0.0 0.2658707342158646 0.8227681267074984 0.0056839107771962105 0.00519671842486531
0.0 0.2093798650264831 0.8099224169263664 0.01148258631531629 0.007735637096634207
0.0 0.13307784933910183 0.7930461435465446 0.00990803300985732 0.006674885396114405
0.0 0.1794011066589487 0.7861458565926617 0.007762484487881416 0.00931498138545841
0.0 0.15552145342375034 0.7470636515010927 0.008406589283412202 0.008868647852422029
0.0 0.28906142189569994 0.7885500639917034 0.010849783537246083 0.007857527445921164
0.0 0.31236750783623624 0.7619143604193536 0.00797720683281522 0.007637194738302
0.0 0.25511360349787315 0.7547033926442385 0.008060105158415709 0.00941420282502925
0.0 0.277763049296055 0.7435482071049879 0.008865015068177051 0.008511471047286178
0.0 0.190480080595687 0.7124763511834192 0.008803240971492876 0.006701822158943216
0.0 0.1627773006453026 0.6972893014933714 0.008519265456283343 0.008519265456283875
0.0 0.17718905804218243 0.676729474192207 0.00951317975951671 0.008519265456283875
0.0 0.1806677581034979 0.6688917499724255 0.013062873699634991 0.006929002571110843
0.0 0.19635740531882062 0.6669607164690012 0.009513179759517598 0.007837724219780995
0.0 0.25177208764650816 0.6815101173568335 0.01179171551277225 0.007146494250164892
0.0 0.26776236853125246 0.6691466823040481 0.008754455456451815 0.009862162065227765
0.0 0.2920325763385403 0.641447890258295 0.009290442525214715 0.0077182137901786515
0.0 0.3414684895591411 0.6842121975276637 0.013706652712767387 0.008328907555267051
0.0 0.32900275361472486 0.6921234908439396 0.00865983262309733 0.005884961524513699
0.0 0.3400370564731885 0.6921234908439396 0.00819425022400555 0.007374825201605617
