0.0 0.26254185115399087 0.05605727081983822 0.010012086210955218 0.06794266112682487
0.0 0.28337677689577134 0.28079371329305497 0.00989700476025419 0.059378460144452846
0.0 0.32654032394410387 0.35139183296328086 0.009072862481682265 0.03389187845414551
0.0 0.45789573438228537 0.42076208778191654 0.008662581881121057 0.032331434259391216
0.0 0.5463690355584511 0.3383817793229203 0.0070161095148172595 0.04151869794142572
0.0 0.6529652276801496 0.22475892499845262 0.008066643931637075 0.0394141869340013
0.0 0.6731929484481183 0.15775480721064797 0.008677753320397486 0.035169582187262315
0.0 0.7455102894537502 0.15292718484405415 0.00800005547569036 0.03898144417833591
0.0 0.7267244448992269 0.07319241266109272 0.009857211211118511 0.03402016946473279
0.0 0.817842081537788 0.4118076964736328 0.005248792614003151 0.023776128322287003
0.0 0.8829507418586786 0.0774661276559545 0.008630748371317765 0.03211441254443555
0.0 0.943616294035348 0.18067535562423903 0.008411754500153279 0.051552202682195236
0.0 0.9533887735281728 0.13894262011960085 0.007174731779542043 0.04664246909341407
0.0 0.9691280438814573 0.32601770884166786 0.008040647683970548 0.03498185182006143
0.0 0.9938478974096252 0.08572990625614609 0.0062466050889923965 0.04024793372550906
