0.0 0.2578124289338666 0.3338024639539695 0.007535762256089207 0.04219359243276721
0.0 0.09254197675798759 0.34765947391981855 0.009648777220763627 0.03350893174342849
0.0 0.1631919194661844 0.3869594240594437 0.010673955860802664 0.02688538435064726
0.0 0.09723724708954773 0.19232844687760128 0.007478505669754831 0.05306805244818798
0.0 0.10513984374622742 0.16821959198856248 0.005633597653852185 0.033067169982654056
0.0 0.1112891932979676 0.1464897374285348 0.0074585659079176025 0.02487910884409116
0.0 0.11708759851161465 0.2535174663625125 0.008147458661751372 0.022554517835308003
0.0 0.09524327178320169 0.028233523315649538 0.007669832226439688 0.024222272517744028
0.0 0.108013949307737 0.030979498209851304 0.009731615083009792 0.029132192622691663
0.0 0.3535376273224955 0.17605986896102715 0.008846871985073612 0.021714721282009575
0.0 0.3608130154681146 0.1836831221770519 0.006635153988804987 0.020328675242729143
0.0 0.18394540422131644 0.2660840702990493 0.009934116061003806 0.03891637210971419
0.0 0.18323912508048146 0.2165316334447924 0.008643971118016402 0.03789225705419762
0.0 0.17627234238834788 0.12845773867017013 0.008902000106615127 0.03686814199867752
0.0 0.23941791819055291 0.17786476072369484 0.008367730225518066 0.033211456398955425
0.0 0.2573084595896922 0.16813406340019912 0.011135825196140203 0.03499008640440571
0.0 0.2658707342158646 0.11295814800619401 0.0056839107771962105 0.025782168929564326
0.0 0.2093798650264831 0.049227494828484444 0.01148258631531629 0.038378354587952655
