0.0 0.09130003140338996 0.43428099379916885 0.007519524888480689 0.006697076853802742
0.0 0.32454334104920707 0.4501065447415161 0.0036877323420075213 0.004639405204460445
0.0 0.3930591187658175 0.31095299030455725 0.0077918215613383525 0.006066914498141074
0.0 0.22848018105278597 0.21121216420077218 0.008802973977695316 0.005828996282527754
0.0 0.2060627898973392 0.4265996189977912 0.004819844768733717 0.0032566518707653814
0.0 0.2904955498395744 0.08098375199897986 0.004520446096654496 0.007197026022304698
0.0 0.4414302869129857 0.19083723642971967 0.0075022213376016115 0.006488407643330874
0.0 0.4218482643348153 0.1575474203873508 0.007704984076456256 0.0058801194267687155
0.0 0.4154415829789585 0.1384577478478942 0.008021862525736622 0.0037966066915693375
0.0 0.42300417856619854 0.14191755878456683 0.004776376160362261 0.0032454863653740063
0.0 0.40146999468932537 0.05057801388554637 0.0054381306425916875 0.006712692511948859
0.0 0.4157875730217736 0.05941497617975742 0.006372809346786923 0.0063728093467865675
0.0 0.5049108591129311 0.08930513314364923 0.005293680297397785 0.006840148698884718
0.0 0.4959344860187255 0.13752792285707507 0.006672042147070911 0.006071558353837503
0.0 0.4969900221425396 0.23813374700542128 0.006661710037174728 0.0058289962825284645
0.0 0.524587843429131 0.35017890248863176 0.0027360594795538874 0.004282527881040466
0.0 0.5606415708844162 0.4586042457383869 0.00529368029739743 0.004401486988847836
0.0 0.5429037089671078 0.41684566440663107 0.0043420074349437955 0.0034498141263938466
0.0 0.542795836436677 0.26412470370204383 0.004223048327137491 0.005947955390334414
0.0 0.5578337236124311 0.1525442690600954 0.003330855018587542 0.004877323420075186
0.0 0.6404771296889951 0.4507462780781374 0.00411224017338796 0.004744892507755338
0.0 0.6152335074030925 0.4233224854539827 0.004541885350332109 0.007451530652888038
0.0 0.612171509160218 0.408648796184271 0.004967687101925478 0.0062450923567062945
0.0 0.594318042680192 0.3960430996146208 0.0039190778751684975 0.007042093056944055
0.0 0.5964095689232313 0.3483857668652501 0.0042825278810408205 0.0036282527881041915
0.0 0.5986400521946067 0.3513002650065136 0.0055315985130111045 0.003152416356877552
0.0 0.6722882581331904 0.3525781399035665 0.004817843866171146 0.003568773234200506
0.0 0.6647938343413689 0.33628074213404985 0.003985130111524171 0.003806691449813826
0.0 0.6621176949944472 0.3386105440719035 0.004163568773233805 0.003806691449813826
0.0 0.6735268688484612 0.348225834498966 0.0036877323420075213 0.0039256505576204855
0.0 0.6280156459654733 0.29143661570689156 0.00434200743494415 0.0074349442379180175
0.0 0.6722403677742126 0.29885765429568745 0.004044609665427501 0.006245353159851419
0.0 0.6660544941682645 0.296151334593085 0.0030929368029738668 0.004163568773234516
0.0 0.6819057952835061 0.2874970595001482 0.004817843866171146 0.006007434944237389
0.0 0.6113367410240238 0.2531562728647486 0.004834229305932069 0.006526209563008223
0.0 0.6437041994418236 0.26711226158466383 0.00616836026008194 0.006250605063549841
0.0 0.6435745631389637 0.24033830110679233 0.006548405137758451 0.007471898170005886
0.0 0.6553072017358049 0.20835552216287462 0.005722894702806869 0.006012661523202923
0.0 0.6688175797367363 0.20187198955652974 0.0037669686651391034 0.006664636869092533
0.0 0.6237595589825128 0.18993135605480305 0.006007434944238099 0.007553903345725388
0.0 0.6844324234689948 0.18629983847968354 0.005947955390334414 0.00434200743494415
0.0 0.627195012704318 0.17206766220500141 0.008743494423791987 0.005828996282527754
0.0 0.6353936989780472 0.1436219191512212 0.008922006749466504 0.005925302192393645
0.0 0.6400727503874684 0.11769446987052454 0.005295554450652417 0.007685011946679055
0.0 0.6596141839408031 0.11045546542475045 0.00452044609665414 0.006959107806691378
0.0 0.6537635704953569 0.0867141035206334 0.006840148698884718 0.006007434944238099
0.0 0.5851233268435122 0.023129149972443485 0.007315985130111713 0.005769516728624069
0.0 0.7194444387033292 0.06343735354564509 0.004460966542751165 0.004698884758364131
0.0 0.7030163696514814 0.004883962027684064 0.003925650557620841 0.0048773234200744755
0.0 0.6584138452708694 0.41517544692539693 0.004753788372751089 0.004667355856882693
0.0 0.6461024229909353 0.3831508603380257 0.004667355856883049 0.007001033785324751
