0.0 0.034631636092139394 0.6559958463549319 0.004758364312267815 0.006185873605947911
0.0 0.04172428949440672 0.6926916694888319 0.006672042147070911 0.005205659257604545
0.0 0.06119039759259994 0.7292563964331789 0.0035092936802989527 0.0051152416356876175
0.0 0.06487812993460658 0.7292266566562267 0.0037472118959108514 0.005055762081784288
0.0 0.12632806135384164 0.8668545128059071 0.006007434944237744 0.004460966542751165
0.0 0.17231502323094752 0.6425648661602802 0.0044310874765496775 0.004736679716311798
0.0 0.251107213040661 0.6083160345797477 0.005293680297397785 0.006840148698884896
0.0 0.29933747538363686 0.5906302867610741 0.004965873896133388 0.0065549535428960585
0.0 0.2771400190679209 0.6064714244897393 0.00605836615328279 0.006257001109127991
0.0 0.2800279136700281 0.6566375052857043 0.007647445800045105 0.005065191374055899
0.0 0.2222708660184997 0.723384461410572 0.008040233203276159 0.006288895277810269
0.0 0.2686902918861568 0.7144231264364054 0.008840433154824367 0.005715027494027858
0.0 0.2310420600103587 0.741142191410335 0.00481784386617079 0.0042825278810408205
0.0 0.23553276633006118 0.74087453341777 0.004163568773234161 0.005769516728624602
0.0 0.25425599348603195 0.7497147037928769 0.005353159851301114 0.002973977695167207
0.0 0.2514009748986714 0.7528671201497542 0.0028550185873605473 0.003806691449814181
0.0 0.3044842185875488 0.7548926153170586 0.00626258540579343 0.0064603512607131815
0.0 0.36989369227473734 0.6751690666039745 0.006899628252788048 0.0059479553903345915
0.0 0.4044926241175588 0.5996089656296556 0.005769516728624424 0.004639405204460978
0.0 0.4068718062736929 0.6074602667448972 0.006721189591078059 0.004401486988847658
0.0 0.4026555405061284 0.6991678943917837 0.0077169680345914315 0.004866556418210699
0.0 0.43416500173621075 0.644701901735495 0.004884816616519317 0.006855882970552863
0.0 0.4695979910317337 0.6072543067307155 0.004794372283662085 0.004550590642119623
0.0 0.5149388023792623 0.6075731350527571 0.006423791821561409 0.005234200743494455
0.0 0.48751537931944944 0.6402141210824059 0.005947955390334414 0.006245353159851241
0.0 0.4558208802121554 0.6725911863552494 0.006840148698884718 0.0042825278810408205
0.0 0.3099415160396031 0.8155821099252349 0.0042008198235187425 0.005884872857954448
0.0 0.28429840392252803 0.8352820524894 0.006780669144981743 0.005174721189591125
0.0 0.2536974117721732 0.8763025016628527 0.007871116946838796 0.005144115799902238
0.0 0.2720245258227978 0.8671268166737323 0.00582899628252811 0.006959107806691733
0.0 0.2921605802611193 0.8818760938984024 0.0030500764100896303 0.004765744390764937
0.0 0.37209287749866976 0.8745720892446764 0.005693871009306406 0.006010197176490095
0.0 0.28714912614985977 0.9488537428933155 0.008397194434058619 0.00593807481037274
0.0 0.30721274595581943 0.932508410576836 0.004934688208065552 0.0038655057629846112
0.0 0.34386211295000013 0.9825925290664721 0.007018587360593287 0.006840148698884718
0.0 0.35036966395054564 0.9482479159554476 0.005472118959107775 0.005591078066914434
0.0 0.3680053516828877 0.9439356482974549 0.004698884758364131 0.007078066914498038
0.0 0.3799504607603934 0.9670262013924085 0.005993409114145365 0.007627975236185236
0.0 0.42866914498141284 0.9993605947955391 0.007137546468401368 0.0012788104089219488
0.0 0.423345724907063 0.9910483271375465 0.005412639405204445 0.007018587360595063
0.0 0.4414869888475838 0.9837918215613384 0.006721189591078059 0.005234200743494455
0.0 0.445400128416393 0.9553860873662495 0.005472118959107775 0.006780669144981743
0.0 0.4360618384535682 0.9591927788160655 0.005710037174721449 0.003806691449814892
0.0 0.42482067823616704 0.9506689450019579 0.006245353159851419 0.005115241635687795
0.0 0.42170840421512246 0.8475674588666511 0.002260223048327248 0.0039851301115245265
0.0 0.432474203471628 0.8509577934391418 0.005234200743494455 0.00457992565055747
0.0 0.4250987387876132 0.8499169012458333 0.0033308550185871867 0.004520446096654496
0.0 0.4260206718731146 0.8392700610971344 0.005650557620817764 0.005472118959107775
0.0 0.4232875163598589 0.7913019760406558 0.005428157028871894 0.004194484976855683
0.0 0.44147875165242245 0.8553819227436088 0.0021835987261209057 0.005381011146512548
0.0 0.4479656648125994 0.8307033439514957 0.003509355095551925 0.0051470541401425155
0.0 0.4439883957043074 0.8294165804164599 0.003977269108291636 0.004289211783451918
0.0 0.47445877304745 0.7897706778378211 0.0053241910512799254 0.004436825876066664
0.0 0.5203052881421895 0.7410576464965332 0.00304822615103717 0.0042336474319956355
0.0 0.5238615519850658 0.7425394230977316 0.004064301534715753 0.004318320380635754
0.0 0.5004494816861295 0.701473043007373 0.006181125250713748 0.004318320380635754
0.0 0.5560213589632527 0.7511933818023139 0.006608325751683708 0.005187844515340423
0.0 0.6176045222905963 0.6118193646877659 0.004142066157121605 0.005758482218436889
0.0 0.5840847790157188 0.6845500756499725 0.0030948916289464277 0.003168579524873749
0.0 0.592890482579031 0.6916978015549204 0.004200210067855892 0.00508446481898357
0.0 0.5895745272623024 0.688934505457647 0.002873827941164464 0.005452904298619998
0.0 0.6241456770204288 0.6908622045223535 0.002914498141263877 0.005174721189591125
0.0 0.6107265408445892 0.6725179091093401 0.003271375464684212 0.005234200743494455
0.0 0.6909410586854096 0.7244759666031786 0.005393488853518846 0.006316059315305189
0.0 0.6666703588445738 0.7172373368260874 0.004541885350331754 0.006457993232503156
0.0 0.6592824018621932 0.7481459652543472 0.005710037174721095 0.006185873605948089
0.0 0.6378666302800131 0.7484783076392103 0.00582899628252811 0.005650557620817764
0.0 0.6890002848195875 0.7572998646049618 0.0054635222943634435 0.0069603777174764405
0.0 0.7220549588717731 0.7657694148104847 0.00505576208178482 0.006483271375464739
0.0 0.640709232760172 0.7790144312885324 0.0052342007434948105 0.007434944237918195
0.0 0.6149042017177457 0.8104188226635278 0.007315985130111713 0.004996282527881135
0.0 0.6292291687910417 0.872143743364947 0.0046394052044611556 0.007315985130111713
0.0 0.6673659703600835 0.8809086076859185 0.006959107806691023 0.005234200743494455
0.0 0.6821763792820166 0.8655331430019038 0.004698884758364131 0.006245353159851063
0.0 0.7237769516728628 0.8922825278810411 0.004460966542750811 0.006602230483271398
0.0 0.7432328997853734 0.8828296961423318 0.004817843866171146 0.005293680297397785
0.0 0.7228016730195741 0.8817888039490231 0.00452044609665414 0.004282527881041176
0.0 0.4784449639053845 0.8647943877270527 0.003985130111524171 0.0058884758364314395
0.0 0.48338176687936196 0.87594680408393 0.004460966542750811 0.004163568773234161
0.0 0.5412426385517003 0.8994702072201848 0.005865531557864401 0.005278978402078138
0.0 0.5065565868747681 0.896460980228581 0.0033903345724905164 0.00499628252788078
0.0 0.5208504327294328 0.9968027272549286 0.004342007434944506 0.0028550185873605473
0.0 0.5234675331011805 0.9982526647427058 0.002795539033457928 0.003494670514588272
0.0 0.5343222436025243 0.9602739554791662 0.006066914498141074 0.004817843866171146
0.0 0.5400620205541973 0.9640806469289803 0.006126394052044759 0.00565055762081812
0.0 0.5545156242920581 0.9980636685475666 0.0077918215613383525 0.0038726629048669637
0.0 0.5616531707604595 0.9985989845326966 0.004579925650557826 0.0028020309346068473
0.0 0.6414362810325157 0.9992312568191342 0.007018587360594708 0.0015374863617317659
0.0 0.6508983615587185 0.9808887884531087 0.007494423791821347 0.005412639405204445
0.0 0.6676138592873292 0.9986262688056872 0.00582899628252811 0.0027474623886257986
0.0 0.7123619488310069 0.961514950013509 0.00434200743494415 0.007315985130111358
0.0 0.7368328187900124 0.967388882881519 0.006364312267657724 0.0058884758364314395
0.0 0.7083569581268231 0.9638462223888217 0.004104089219331186 0.0030929368029738668
