0.0 0.266531868381887 0.06487260856737116 0.0086409941157922 0.0050026808038794
0.0 0.20640386535204977 0.23328615224084254 0.0062453531598513305 0.007851301115241682
0.0 0.23580953489432782 0.25409896032408896 0.005531598513011193 0.008327137546468322
0.0 0.1786337290858891 0.7306277204225994 0.004936802973977717 0.003211895910780882
0.0 0.20218027350028517 0.6897729784152361 0.007018587360594797 0.005293680297397785
0.0 0.20995095432533417 0.5496988353321483 0.007078066914498127 0.006007434944238099
0.0 0.25276535492961105 0.8637730882273665 0.005591078066914434 0.006542750929367713
0.0 0.26370201326619747 0.7178220954647223 0.005377544842122717 0.004871422974628814
0.0 0.2708193520278305 0.7064976186795461 0.004808157741192076 0.004491831574008387
0.0 0.2671499684884997 0.7102619000690318 0.004934688208065552 0.005567340542432575
0.0 0.34780965515264317 0.4710243550732212 0.0059479553903345915 0.007434944237918373
0.0 0.3756013980111895 0.45407298790418926 0.004936802973977717 0.007434944237918373
0.0 0.34338727111290523 0.28907430553811986 0.0059479553903345915 0.006423791821561409
0.0 0.44376950369522905 0.5951288721427211 0.006236144438764057 0.009128269395873545
0.0 0.6898653525802837 0.8471280908676473 0.0046077325190868375 0.005509245403256102
0.0 0.6912176219065375 0.8520864117305778 0.004507564420845966 0.0060100858944608145
0.0 0.7645504025947258 0.8178698434476814 0.006502530779603078 0.004968225764191203
0.0 0.7945497785309765 0.7598911362559921 0.003475092479821029 0.0058561743641430295
0.0 0.5007371645067431 0.19415817654231712 0.005005668588098544 0.007150955125855419
0.0 0.5246337183489319 0.14307773309602023 0.0051478968471151635 0.007388746062918017
0.0 0.560466932237417 0.18452707164145501 0.004160884971410361 0.0066376022162973666
0.0 0.6962966663344962 0.13514752880774578 0.006285503324427922 0.007616551087248169
0.0 0.7159720419977467 0.08840654041405198 0.0039967071198166336 0.004627766138735012
0.0 0.7198635726144103 0.0880559520702084 0.003926589451047846 0.004207060126122997
0.0 0.7146284703140707 0.06378258528319343 0.003806691449814181 0.00404460966542679
0.0 0.726394080738559 0.3985025933026437 0.005939185179775386 0.008004988720566786
0.0 0.7964783587439463 0.43313550623448743 0.005075990276274744 0.0030983317270766976
0.0 0.8474719267356008 0.5164217393117523 0.004044609665427501 0.0038661710037175114
0.0 0.9095859713581274 0.27981597282765414 0.004044609665427501 0.005174721189591125
0.0 0.9123815103915843 0.2811840025674309 0.0033308550185871867 0.005650557620817764
0.0 0.9263280613538416 0.06685451280590708 0.006007434944237744 0.004460966542751165
0.0 0.9394521640738798 0.268750859871262 0.006697297844564076 0.006875892453752641
0.0 0.9406707599578382 0.5001281471341935 0.006340108626187302 0.0059829194078101725
0.0 0.9715229786951298 0.5236133382424646 0.005893622103216245 0.0075902708905058345
0.0 0.9755125722447195 0.33677867315288806 0.0067211895910784135 0.005115241635687795
0.0 0.9585023939893562 0.33754120281407707 0.004880460865119574 0.008857132681143298
