0.0 0.27972190089108173 0.4186698372916002 0.004379900776389523 0.0037542006654774696
0.0 0.28066045105745097 0.42360591594435704 0.004171334072751965 0.003615156196385527
0.0 0.3383967771288127 0.41842439045624963 0.006661710037174728 0.006364312267657368
0.0 0.3413657180481724 0.2162106228674748 0.006721189591078059 0.006780669144981743
0.0 0.25276535492961105 0.06377308822736652 0.005591078066914434 0.006542750929367713
0.0 0.5345889391534391 0.20925888011150917 0.005888475836431262 0.006721189591078059
0.0 0.6168303704428263 0.35951297382649516 0.005909389936398668 0.007577923565499844
0.0 0.5968843503078575 0.32712878181998306 0.0030324097754368395 0.004350848808235242
0.0 0.6898653525802837 0.047128090867647285 0.0046077325190868375 0.005509245403256102
0.0 0.6912176219065375 0.05208641173057771 0.004507564420845966 0.0060100858944608145
0.0 0.7645504025947258 0.017869843447681433 0.006502530779603078 0.004968225764191203
0.0 0.7157622896755881 0.446222750861158 0.003985130111524171 0.004104089219330831
0.0 0.782150772778424 0.40840482570142844 0.0059479553903345915 0.0048773234200744755
0.0 0.89130003140339 0.43428099379916885 0.007519524888480689 0.006697076853802742
