0.0 0.10169089745799523 0.5728683202007641 0.03205188393926866 0.007220511721980216
0.0 0.12913396609576555 0.5764755310630125 0.03604324414172597 0.010032572643913796
0.0 0.31349405748604414 0.5263001037508065 0.018227576738312098 0.0034443711902966355
0.0 0.3414050343665872 0.5289407883300339 0.02164524737674738 0.003214746444277239
0.0 0.34569170881914313 0.4260424208913733 0.03661586550402689 0.006235153174864649
0.0 0.07777430342254013 0.39376549095586244 0.05277857777659389 0.008780721719379159
0.0 0.15806882055797838 0.28071892715249797 0.0471695509281145 0.010761363722215833
0.0 0.168535866207628 0.21654481245001164 0.043085351035431305 0.009903252972370779
0.0 0.00773474376456116 0.21243115352302694 0.01546948752912232 0.010207968448443693
0.0 0.007347169751596994 0.19225131406632698 0.014694339503193987 0.007112472213913179
0.0 0.054974422013466855 0.19104353576585104 0.0339551108764265 0.008454448103330492
0.0 0.028373335445177533 0.18924600741733605 0.030447986090677674 0.00463182807275615
0.0 0.1832314383409345 0.03939763017954014 0.033565820682030276 0.005969656527549461
0.0 0.16941021806009965 0.04337740119790574 0.02961690060179225 0.01472515276795434
0.0 0.36981791213223414 0.07640950065034388 0.04738704096287042 0.01472515276795434
0.0 0.19409096856159438 0.08735387095085016 0.05528488112334647 0.010347404647752256
0.0 0.2306184793038067 0.09829824125135644 0.04146366084250985 0.008357519138568392
