0.0 0.9713446072264189 0.254437326932009 0.008729137440870716 0.0109775516301859
0.0 0.8735460105564548 0.9508436425656477 0.00766957261477792 0.00932379415914184
0.0 0.9595167825554268 0.8896257633756945 0.0053202564925936 0.005450018846071459
0.0 0.9632150096295469 0.8857328927713575 0.004930969432159671 0.004152395311292878
0.0 0.8680502151510426 0.8047445525606214 0.00849900904815577 0.009657964827449383
0.0 0.8560899363032372 0.6956733896995898 0.006038120993565243 0.00885591079056205
0.0 0.8509575334587067 0.6958746603993751 0.005836850293779605 0.008855910790562405
0.0 0.8832764660086877 0.6471363314577792 0.008252098691205845 0.008453369390991127
0.0 0.8971230041538225 0.5615785142396461 0.00973323180199479 0.011260013261131263
0.0 0.9222194743883774 0.5597654612569217 0.006107125836545535 0.00610712583654589
0.0 0.9257501565126305 0.5563302029738649 0.006679668883721845 0.005343735106977476
0.0 0.9695248212832961 0.5255800601897885 0.012034134731135992 0.007853856350846655
0.0 0.8981385100917109 0.44932549377653463 0.009993576106827362 0.014521915280233699
0.0 0.8860397240306677 0.40632273803309643 0.008057306051023972 0.014538182657281951
0.0 0.8813570643094668 0.23039617027536358 0.0086365781275628 0.013170781644533136
0.0 0.9083521045664045 0.172370739936963 0.01036389375307536 0.007988834767995456
0.0 0.8753171932284772 0.14106314422454816 0.00993206484669713 0.008420663674373685
0.0 0.8816866695975547 0.1474326205936256 0.005397861329726794 0.006045604689293782
0.0 0.878124081119935 0.14969972235211076 0.006909262502050239 0.00669334804886077
0.0 0.8527680110303274 0.008259812130063438 0.010658367615894804 0.008568491612778218
0.0 0.8035445634493316 0.915718639689819 0.005478498545690158 0.006518719788542881
0.0 0.7061546395795881 0.9380103833208395 0.009642261251098816 0.010096014721738555
0.0 0.7897882416579335 0.8114566792662977 0.008915686770841447 0.007378499396558169
0.0 0.7936466500812451 0.736427434506331 0.009762238165914105 0.008888007882399407
0.0 0.803408888247159 0.7236782428717421 0.005391086748340612 0.00786807255163211
0.0 0.8091642376136307 0.7222211923992177 0.005828201890097873 0.006411022079107908
0.0 0.8209663464410788 0.7244796206316305 0.005245381701088192 0.009470828071409088
0.0 0.8159395223108696 0.7255724084860237 0.003934036275816055 0.006702432173612749
0.0 0.8032149036092099 0.694651306993906 0.0037755276432026364 0.005262856714767139
0.0 0.7991533511445524 0.6985412445656907 0.00572049642909489 0.005034036857603752
0.0 0.7787756387503466 0.5855378172383625 0.008174700558968162 0.010899600745291237
0.0 0.7843957453846373 0.5398105859866347 0.007493475512387526 0.013113582146678127
0.0 0.8078980094916703 0.5628870844395552 0.009877763175419574 0.007493475512387704
0.0 0.8287605265432036 0.5655268314950554 0.007663781774032685 0.010388681960355228
0.0 0.8121905617858106 0.533242569289205 0.00987776317541993 0.009366844390484274
0.0 0.8146600025796656 0.5225132748055593 0.009366844390484274 0.009707456913774948
0.0 0.8284968812504543 0.4070820123259164 0.00896299354176051 0.00842788944971531
0.0 0.8169592110309066 0.33711765609909 0.008822882440625079 0.009630611114766907
0.0 0.8418020210837648 0.17708820330878705 0.009397769516728615 0.008208178438661663
0.0 0.8162194865097903 0.155288452872532 0.009809903568838152 0.007329238298557072
0.0 0.8273261014699118 0.1432797778141266 0.008569570933697434 0.0087950859582687
0.0 0.8030031453458475 0.10436481721637332 0.007184906030943505 0.008606918682901466
0.0 0.787435543155935 0.159039922851648 0.008856676433147293 0.007749591879003504
0.0 0.7577640178961543 0.17188670188676253 0.009313933512706107 0.007096330295395248
0.0 0.7356121653377522 0.06338116249128518 0.009598889126255195 0.007264024203652753
0.0 0.682818275143348 0.028617618088090248 0.01089603630547895 0.012452612920547423
0.0 0.6986434707298772 0.0723314780279285 0.01037717743378952 0.014268618971460612
0.0 0.7097989364712008 0.09606927140772203 0.01037717743378952 0.008820600818721047
0.0 0.6951411733459733 0.10917045791788134 0.010636606869634236 0.008561171382876154
0.0 0.6986434707298772 0.12590365652986685 0.01037717743378952 0.009339459690410478
0.0 0.7446921955923179 0.10372243976514195 0.009080030254565764 0.00856117138287651
0.0 0.7145983810343284 0.21242337338408657 0.011155465741323489 0.009598889126255372
0.0 0.6699765180690336 0.2525052212220983 0.010636606869634236 0.008820600818721403
0.0 0.7468973457969982 0.31334142392768954 0.0072640242036529305 0.011155465741323667
0.0 0.7232892671351272 0.3440838120752906 0.006745165331963144 0.012971471792236854
0.0 0.7720620010739376 0.3679513201730066 0.008820600818721047 0.01452804840730515
0.0 0.776342586765376 0.38312794216992374 0.010636606869634057 0.009598889126255372
0.0 0.7583062809091738 0.4435544027962578 0.00940191385692284 0.013476076528256442
0.0 0.6378345023825421 0.9951311343310045 0.006948940643549939 0.009737731337990852
0.0 0.5913013175162687 0.9465426879472133 0.0046106741392314635 0.008419491906423104
0.0 0.5946089750509349 0.9501510416213946 0.006414850976322129 0.004811138232241774
0.0 0.6042312515154183 0.9590716937603428 0.008419491906422927 0.005011602325251374
0.0 0.6418182689548064 0.9578689092022824 0.009421812371473237 0.012228309673614036
0.0 0.6193662905376786 0.9060489411591792 0.00501160232525173 0.009622276464483548
0.0 0.6703844022087414 0.8997343222293622 0.007216707348362483 0.009020884185452615
0.0 0.6541468106749256 0.9051468527406342 0.004009281860201419 0.007818099627392171
0.0 0.6566526118375516 0.9083542782287953 0.0046106741392314635 0.005412530511271996
0.0 0.5560712269801671 0.9318267492470127 0.00595882230529785 0.004841543123054492
0.0 0.5561643335786873 0.9367613989685875 0.006145035502338381 0.006517461896419263
0.0 0.6147012297503895 0.8645008611074101 0.005463074205101748 0.008676647266926806
0.0 0.6207266792413106 0.8647418790870468 0.006587824776740447 0.006587824776740803
0.0 0.6001598116456331 0.8394349912251776 0.0040169663272806135 0.005784431511284538
0.0 0.6052211892180069 0.8410417777560901 0.00642714612364923 0.008033932654561936
0.0 0.6440505269612923 0.7846985316230206 0.007732261855767674 0.010075371509030973
0.0 0.6859921897546992 0.7705227182207797 0.007263639925115051 0.010309682474356662
0.0 0.6571719410195649 0.7726315169087163 0.010543993439683241 0.0065607070291363815
0.0 0.6548288313663019 0.7794265349031789 0.009606749578378171 0.008903816682399323
0.0 0.6902801038512665 0.7367284660925097 0.005154841237178509 0.006326396063810335
0.0 0.7292928795780947 0.7274731829621208 0.010075371509030795 0.010309682474357018
0.0 0.6000702951390783 0.7313883906607861 0.01044738775107259 0.008706156459227187
0.0 0.7379606484765674 0.6511841181854079 0.011553199976149741 0.010220138440440608
0.0 0.7564013330538834 0.6377424143670029 0.007998369214257473 0.010886669208294819
0.0 0.6456279696713205 0.6283108738367534 0.007676102087468983 0.007501645221844555
0.0 0.6514722746697345 0.6277875032398803 0.005408162834353014 0.007152731490596054
0.0 0.7036489794749208 0.5898045475229206 0.011545989428363157 0.012328768372658772
0.0 0.7390697267043057 0.5968495580215827 0.009980431539771573 0.008023484179031825
0.0 0.7536489845418152 0.6025247053677258 0.007045010498662485 0.006066536818292434
0.0 0.7485609214038923 0.6089826316581675 0.003913894721478961 0.006457926290440241
0.0 0.7466654556876288 0.5595404440962547 0.005193796897012959 0.006592126830824085
0.0 0.6846395350521465 0.531174322581799 0.01138640088960532 0.011386400889605141
0.0 0.6211776243700791 0.495017984718069 0.008849807311943892 0.011419106208959917
0.0 0.6623577761361399 0.5040105308576249 0.010419934415675592 0.010562673243287435
0.0 0.6268158080607528 0.48759556568224516 0.007565157863435879 0.005709553104479781
0.0 0.5978493706068374 0.4240374997744757 0.009868539736565296 0.010263281326027851
0.0 0.5938032693148457 0.41170182510376885 0.007697460994521066 0.005723753047207935
0.0 0.623704944716639 0.3967016447041896 0.010658022915490584 0.008486944173446176
0.0 0.6459091591239109 0.3810106665230505 0.009671168941834197 0.011052764504953317
0.0 0.656468496642036 0.39354371198848864 0.007500090199789611 0.012434360068072437
0.0 0.5582906241771199 0.4281653692252821 0.008740706623815164 0.012688122518441248
0.0 0.5916894467766423 0.49404751774191097 0.008176790067439831 0.013815955631191557
0.0 0.5970466540622065 0.5253448866207326 0.007612873511064678 0.005921123841939391
0.0 0.602121903069583 0.52971523993264 0.004793290729188904 0.00902266490200283
0.0 0.5627887232624151 0.5598847756987114 0.011278331127503271 0.015225747022129355
0.0 0.6066332355205842 0.5859659164310628 0.008176790067439831 0.006485040398314013
0.0 0.6016989656523017 0.5885035409347511 0.003383499338250928 0.008740706623815342
0.0 0.6510416643351287 0.3918376418989121 0.006203082120126879 0.007894831789252165
0.0 0.5667361391570414 0.2807460802930038 0.010150498014752785 0.012406164240252694
0.0 0.6506187269178472 0.27115949883462687 0.008740706623815164 0.01015049801475314
0.0 0.61354121333618 0.2555108143952161 0.009022664902002653 0.01099637284931596
0.0 0.5959188209494561 0.2955488898978526 0.00817679006744001 0.010432456292940628
0.0 0.6112855471106794 0.2985094518188223 0.010714414571128117 0.006766998676501856
0.0 0.5735031378335433 0.22068896703904936 0.009586581458377808 0.010150498014752785
0.0 0.5778734911454511 0.2074369279642312 0.007048956954689522 0.010714414571128117
0.0 0.6186164623435566 0.1965815342540111 0.010150498014752962 0.00817679006744001
0.0 0.6310226265838101 0.20673203226876408 0.010150498014752962 0.013815955631191557
0.0 0.5897157388293294 0.143291419676558 0.009868539736565474 0.014943788743941866
0.0 0.6304587100274353 0.14850764782302833 0.011842247683878426 0.01015049801475314
0.0 0.6503367686396596 0.1404718368946824 0.0076128735110648545 0.01325203907481658
0.0 0.6517465600305975 0.1297574223235541 0.005921123841939213 0.00817679006744001
0.0 0.6562578924815988 0.13173113027086725 0.006485040398314368 0.008176790067439654
0.0 0.5727982421380742 0.11847909119605085 0.005357207285564059 0.010432456292940272
0.0 0.5782964285627321 0.1172102789442068 0.0062030821201267015 0.009022664902002476
0.0 0.579847199092764 0.12665588126349067 0.005921123841939213 0.009868539736565651
0.0 0.5881649682992977 0.12919350576717878 0.010714414571128117 0.007612873511065032
0.0 0.5718113881644178 0.07308380840784992 0.006766998676502034 0.005921123841939035
0.0 0.5742080335290122 0.07886395311069538 0.007048956954689522 0.009022664902002476
0.0 0.6043775692950837 0.09014228423819848 0.009868539736565296 0.012406164240253759
0.0 0.6221409408209013 0.07209695443419335 0.010432456292940451 0.010714414571128473
0.0 0.5956368626712685 0.04686168853640478 0.005357207285563881 0.00817679006744001
0.0 0.6005711325395512 0.04700266767549817 0.005639165563751547 0.008458748345627144
0.0 0.5929582590284865 0.01641019449214589 0.011842247683878603 0.011560289405690937
0.0 0.6466713110232211 0.029662233566962116 0.009868539736565296 0.012688122518441248
0.0 0.6377896252603124 0.027688525619649164 0.008458748345627497 0.010996372849315605
0.0 0.6524514557260663 0.006301878868306776 0.005639165563751903 0.012603757736613552
0.0 0.6572447464552552 0.005878941451025366 0.0050752490073763925 0.011757882902050732
0.0 0.6645756616881325 9.879674817989681e-05 0.010714414571128473 0.00019759349635979363
0.0 0.5590927086219798 0.7444210479295534 0.009824855125441623 0.014737282688162523
0.0 0.5309827064575217 0.7421012904693798 0.009279029840694975 0.010643593052561684
0.0 0.5301328078102887 0.61259583692461 0.012281068906801983 0.012008156264428749
0.0 0.5451430031408246 0.6079563220042623 0.010643593052561861 0.013645632118668871
0.0 0.5149861561585662 0.5724776784957231 0.008733204555948148 0.008187379271201323
0.0 0.5484179548493051 0.5773901060584439 0.006822816059334436 0.008187379271201323
0.0 0.5448700904984513 0.5798463198398045 0.007368641344081439 0.008733204555948148
0.0 0.5653385386764546 0.6213290414805579 0.00955194248306821 0.0098248551254418
0.0 0.5807581029705509 0.6352475862416004 0.007641553986454675 0.012553981549175575
0.0 0.5520333296658849 0.9794090494406337 0.004765002714512434 0.006706300116721309
0.0 0.5485919388165147 0.9780854375754913 0.005294447460569529 0.007941671190853584
0.0 0.5474448085333914 0.9847917376922123 0.0054709290425885015 0.005470929042589034
0.0 0.5127661776666614 0.9581430188073465 0.010941858085177003 0.009706487011043662
0.0 0.4316599338855852 0.9854928826257658 0.00884376449911919 0.009896593606156755
0.0 0.45145312109789987 0.9852823168043588 0.009264896141934464 0.007790935392081621
0.0 0.4589282077578697 0.9880196724826575 0.007790935392081444 0.004421882249559417
0.0 0.45924405648998123 0.9939155154820704 0.004632448070967321 0.0040007506067446744
0.0 0.4552433058832369 0.9912834427144752 0.004632448070967321 0.008001501213489349
0.0 0.4931451537366052 0.9466434885760631 0.011791685998825763 0.00968602778474903
0.0 0.4411353958489273 0.9424321721479118 0.01347621257008651 0.010949422713194679
0.0 0.4467751354981022 0.949872491474612 0.011934050235661608 0.01148085845456066
0.0 0.4768038452244511 0.912664978631532 0.0046106741392316405 0.009822740557493149
0.0 0.4807128950381475 0.915872404119693 0.00601392279030204 0.006615315069332439
0.0 0.5088781001060624 0.9091568570038557 0.005011602325251907 0.007216707348362661
0.0 0.5046683541528508 0.9141684593291078 0.004209745953211374 0.004811138232241774
0.0 0.4151611366238548 0.8905136963539192 0.004811138232241596 0.004410210046221152
0.0 0.44493005443585004 0.8831967569590521 0.007818099627392706 0.006615315069332439
0.0 0.3887143540551853 0.9911876398278437 0.007266174890320531 0.01040830457262203
0.0 0.37064710838195575 0.980877526807794 0.008444473521183316 0.010997453888052889
0.0 0.3158538067529137 0.9998853519946719 0.0064335732697728965 0.0002292960106561992
0.0 0.3102244301418624 0.9996660256332024 0.006287355695459862 0.0006679487335951251
0.0 0.242621523256509 0.9969646526741902 0.015307989968398505 0.006070694651619491
0.0 0.2807470831778033 0.9880082903606034 0.009531389980323634 0.010109049979131157
0.0 0.22269225329765058 0.9832425953704419 0.009531389980323546 0.010397879978535229
0.0 0.2045991169064303 0.9778951146163841 0.010315357121562308 0.006601828557799649
0.0 0.2037738883367053 0.9842906360317528 0.00866489998211233 0.0070144428426623055
0.0 0.24818749234478918 0.9624819177901361 0.008664899982112307 0.007839671412387617
0.0 0.3595933492576621 0.9224583321584745 0.011965814261012309 0.00949012855183753
0.0 0.2981138208131508 0.9245214035827871 0.010315357121562308 0.00949012855183753
0.0 0.27224861451697885 0.9437568723589415 0.007136705882919703 0.007887938081122314
0.0 0.2830475773661337 0.9438507763837165 0.009578210527076525 0.009953826626178141
0.0 0.07781052202332255 0.9787725398317697 0.012584969404300761 0.009588548117562823
0.0 0.09459048122905686 0.9592958014679709 0.010587355213141914 0.004594512639665283
0.0 0.09209346349010833 0.9626917455929412 0.00958854811756249 0.006192603992592183
0.0 0.12135851139058543 0.9401187052328464 0.012185446566068991 0.010187832374909788
0.0 0.040384349621077856 0.9179418553808467 0.007928977261383686 0.005860548410588251
0.0 0.04831332688246153 0.8997569184009343 0.010342144253978714 0.011203989608477372
0.0 0.07511671740735636 0.8883805597215577 0.008446084474082616 0.008446084474081772
0.0 0.08933716575657707 0.8886391133279072 0.006205286552387235 0.008963191686780902
0.0 0.11872609234496659 0.8811410587437727 0.010169775183079066 0.007411870048684222
0.0 0.027677976642973345 0.9114172107291598 0.007565894254142303 0.008093747341640523
0.0 0.1740124903259584 0.8855470109674375 0.010776445392329404 0.009159978583480211
0.0 0.23545202598141524 0.9067411626056667 0.007485989522864589 0.009544636641652459
0.0 0.24733603434896273 0.9137592777833519 0.007673139260936157 0.005614492142148464
0.0 0.22897770453062005 0.8817275463115255 0.009918936117795596 0.010854684808153792
0.0 0.23730586787480687 0.8641354709327939 0.00823458847515104 0.010480385332010655
0.0 0.2691213233469813 0.8838797682993494 0.007485989522864589 0.007298839784792932
0.0 0.2687470238708381 0.88921353583439 0.00823458847515104 0.0041172942375759195
0.0 0.32152325000703325 0.8885585117511396 0.008983187427437488 0.009918936117796307
0.0 0.3455541118517845 0.8946980456605147 0.011876034695906057 0.00750783802614805
0.0 0.4731662342252978 0.8605152125093725 0.012758792945754216 0.016087173714211644
0.0 0.4330407549611143 0.8607925775734102 0.010539872433449027 0.01072478247614086
0.0 0.4392414367674645 0.8314860762577222 0.00996236284742764 0.012882365750984092
0.0 0.4549579229836649 0.8352649035446774 0.00979059797074786 0.008416478957310148
0.0 0.42137788959276684 0.8216095958486346 0.005840005807112724 0.006870595067191232
0.0 0.4253284817564019 0.8201495943968563 0.006183535560472286 0.006698830190511984
0.0 0.42300965592122486 0.8264190123956681 0.010134127724107244 0.0041223570403147395
0.0 0.4182002393741908 0.8047766379340153 0.010821187230826545 0.00996236284742764
0.0 0.46531105092553887 0.7939780555884095 0.003091767780236232 0.008244714080629479
0.0 0.4541463339413528 0.7934627609583702 0.009618833094067903 0.011680011614225449
0.0 0.46994870259589305 0.7962109989852465 0.00687059506719141 0.006870595067191232
0.0 0.4322463121646803 0.770961562113318 0.012882365750983915 0.0089317735873486
0.0 0.5050405097075854 0.779696035080638 0.00930620405718514 0.01011543919259239
0.0 0.48844084047965053 0.7615540662911476 0.008766713966913642 0.009980566670024515
0.0 0.4821018319189593 0.7424021680865062 0.005529773425283935 0.006204136038123665
0.0 0.48527133619930485 0.7376141935353457 0.006204136038123487 0.005529773425283935
0.0 0.49390317764365044 0.744897309754012 0.004315920722172883 0.00552977342528429
0.0 0.4928241974631072 0.7399744626802839 0.005394900902715882 0.00593439099298756
0.0 0.48925007561505784 0.7442903834024566 0.003911303154469081 0.008092351354073912
0.0 0.05787763473016531 0.855891605189808 0.010725538819392089 0.011631922381593541
0.0 0.07177551601726491 0.8304373334846311 0.006193621008381345 0.008761707767953908
0.0 0.07819573291619678 0.8347426554050916 0.007553196351684588 0.007402132424650887
0.0 0.07215317583484913 0.8358756348578446 0.003927662102875984 0.0051361735191456145
0.0 0.07668509364585986 0.8296820138494627 0.004834045665078124 0.004229789956943364
0.0 0.105009579964677 0.8444862786987646 0.009214899549055166 0.009970219184223339
0.0 0.11324256398801316 0.8504533038165956 0.004531917811010766 0.007402132424650177
0.0 0.11195852060822678 0.8582330960588305 0.004682981738044445 0.007251068497617297
0.0 0.11138778855404072 0.8037076746170957 0.01237014267940415 0.010336694567721062
0.0 0.11969103501007913 0.7833731935002666 0.011014510604948891 0.010675602586334775
0.0 0.11888479547310307 0.8511842334326613 0.006860978486995561 0.0067485034298314876
0.0 0.2745575853603009 0.8455470294377733 0.012166853651770015 0.009620302887446286
0.0 0.33991905497794883 0.841161303121438 0.015562254670868558 0.011035053312070886
0.0 0.2490920777170614 0.7994261655950177 0.012166853651769926 0.010186203057295807
0.0 0.33468447840683846 0.7903717628774214 0.01131800339699538 0.010186203057295984
0.0 0.2819142875683478 0.8121589194166372 0.011035053312070442 0.007922602377897192
0.0 0.2786603615917117 0.8189497214548342 0.008488502547746534 0.010186203057295984
0.0 0.37995649199481984 0.8130077696714121 0.014147504246244136 0.010752103227145681
0.0 0.3782587914852704 0.8019727163593412 0.008488502547746446 0.010186203057295807
0.0 0.44151608624606914 0.795922221840301 0.011763800905911736 0.012176565849978971
0.0 0.3921572076944366 0.7855242427061805 0.010150685960155758 0.007301370602919022
0.0 0.3958969341008098 0.7693187616118969 0.009438357120846596 0.01157534363877417
0.0 0.3585381945070807 0.7714932653790341 0.007411148649199273 0.006991649669056343
0.0 0.36545992767944624 0.7715631818757245 0.005872985722007051 0.007690814635961374
0.0 0.36105518838794093 0.7683470230279591 0.0048941547683392095 0.004894154768339121
0.0 0.3783245630705092 0.75974729393502 0.00335599184114681 0.005313653748482849
0.0 0.38545604573294623 0.7605163753986162 0.00335599184114681 0.006292484702150247
0.0 0.3202290932192193 0.7554999285181015 0.010603455765462576 0.01033836937132584
0.0 0.3309650921817501 0.7296540050897866 0.014049578889237945 0.01166380134200864
0.0 0.2987570952941575 0.7239546476158502 0.011133628553735786 0.009808196583053074
0.0 0.38199422305303876 0.7280634867249669 0.010073282977189457 0.015375010859920834
0.0 0.4307701195741666 0.7438361271760925 0.010073282977189457 0.01139871494787208
0.0 0.18541013264038844 0.792690769361028 0.006868952227615388 0.012697154117713083
0.0 0.17573115450147586 0.7808262155133289 0.008742302835146853 0.007701552497629649
0.0 0.17692755737797175 0.7666414830650637 0.009991203240167845 0.011031953577684916
0.0 0.19399586291325846 0.7512383780698052 0.014570504725244748 0.010199353307671188
0.0 0.16953822998159765 0.7320885718594832 0.013113454252720258 0.010199353307671188
0.0 0.04796795216511188 0.7806402492768039 0.0100103530717485 0.009368663772277231
0.0 0.04045318698323924 0.7569138494362042 0.009170337165509102 0.011228984284296927
0.0 0.049436374410676706 0.7639319646138898 0.009170337165509102 0.006175941356363168
0.0 0.04719057755381736 0.759440370900171 0.007673139260936185 0.006175941356363168
0.0 0.09379086233364928 0.7529837049367003 0.006550240832506504 0.007860288999007991
0.0 0.08714704663210698 0.7519543813773065 0.006737390570578117 0.008796037689365831
0.0 0.05860671157618582 0.7657098871255703 0.005053042927933582 0.004117294237575208
0.0 0.11409660891441945 0.7662713363397848 0.013474781141156234 0.008234588475150772
0.0 0.1294140438765212 0.7233052930339039 0.011790433498511721 0.011790433498511988
0.0 0.04164081672093416 0.7377158228654179 0.00842173821322264 0.009544636641652105
0.0 0.05474129838594716 0.7277033118785866 0.005427342404076829 0.0059887916182916005
0.0 0.04407376331586514 0.7303234082115895 0.006175941356363279 0.0063630910944347365
0.0 0.05436699890980392 0.7019702228937399 0.011790433498511693 0.009170337165509324
0.0 0.0915519871215315 0.6820500074928482 0.012290866470663265 0.01070887375661762
0.0 0.08218172258449118 0.667690381319202 0.008883497548103159 0.008031655317463304
0.0 0.09051760727004005 0.6644047041438762 0.008761805800868872 0.009735339778742969
0.0 0.1594954967868126 0.6885462975328345 0.009937647423700647 0.012067143300208017
0.0 0.27977548001622565 0.7236313951711792 0.009753999204706432 0.00955493799644742
0.0 0.2666374402711108 0.7254229460455136 0.008559631955150504 0.007564325913854119
0.0 0.23647966721982452 0.7104933554260647 0.005573713831260818 0.007166203497335743
0.0 0.2294129943266189 0.7107919472384536 0.006170897456038826 0.006967142289076023
0.0 0.23140360640921204 0.7060144782402299 0.005772775039520095 0.006569019872557291
0.0 0.23787309567763976 0.699644519575932 0.00875869316340987 0.006967142289076023
0.0 0.2698224196032598 0.7017346622626546 0.009355876788187879 0.00477746899822371
0.0 0.27410223558083513 0.7069102536773968 0.004777468998223622 0.005971836247779194
0.0 0.2690261747702226 0.7075074373021748 0.006967142289076023 0.004379346581704979
0.0 0.3010750292999722 0.6803355823747784 0.008957754371669235 0.011744611287299377
0.0 0.3104309060881601 0.6855111737895208 0.006569019872557291 0.0077633871221131304
0.0 0.30037831507106466 0.6881985001010216 0.007564325913854031 0.0071662034973353885
0.0 0.24285467407636419 0.6620050440605383 0.009554937996447067 0.010550244037743895
0.0 0.45807394949224306 0.7309157945971965 0.011200704432687303 0.011200704432687659
0.0 0.42799798388595284 0.7057142096236498 0.008711659003201255 0.012652647599887957
0.0 0.44459162008252673 0.7188854083546806 0.008296818098286885 0.005392931763886821
0.0 0.4487541488910948 0.6810857407704469 0.0072597158360011346 0.006015193121258022
0.0 0.4510357738681237 0.6752779681016463 0.0072597158360011346 0.006015193121258022
0.0 0.4260416093470343 0.6332753264790689 0.008711659003201255 0.009956181717944546
0.0 0.45217658635663815 0.6282972356200967 0.009956181717944369 0.009541340813030175
0.0 0.4307085695273207 0.6078663210530649 0.01223780669497323 0.008919079455658618
0.0 0.4646218135040686 0.600399184764607 0.009541340813029996 0.007674556740915506
0.0 0.43879796717315045 0.60309565064655 0.00477067040651491 0.0072597158360011346
0.0 0.4552878931434957 0.6155408777939806 0.006222613573715207 0.003940988596685813
0.0 0.4695999043630407 0.6200004175218096 0.0062226135737150304 0.004978090858972095
0.0 0.47208894979252686 0.6125332812333518 0.007881977193372514 0.004978090858972095
0.0 0.46420697259915417 0.6824339737114187 0.0037335681442291603 0.006637454478629579
0.0 0.46005856355001074 0.6829525248425616 0.005392931763886466 0.005185511311429636
0.0 0.4880218812194011 0.6899755158379486 0.005136664491731757 0.006640078489311562
0.0 0.48213350972887936 0.6856532005949061 0.006890647488908286 0.004259672993143582
0.0 0.3817939018967419 0.6970640674023685 0.004729342370150569 0.006148145081195722
0.0 0.38636559952122074 0.6987193372319211 0.006305789826867336 0.007566947792240697
0.0 0.3858926652842057 0.6905218104569935 0.005675210844180522 0.007566947792241052
0.0 0.07137459703603888 0.6529052168877213 0.008283308976549053 0.011771018019306823
0.0 0.13273647800705363 0.6468017260628953 0.01024514531310019 0.013078908910340558
0.0 0.17404403198221274 0.6397173170697943 0.011771018019306556 0.008937254422066231
0.0 0.14766823234635915 0.612905553803596 0.008719272606893735 0.009809181682755509
0.0 0.06743336972983989 0.6319716557800561 0.012727665830536371 0.008677953975366037
0.0 0.16461320335269863 0.6170133266568509 0.0055889893976512894 0.012575226144715401
0.0 0.1511646976146002 0.5895923474246242 0.01222591430736224 0.010130043283242785
0.0 0.17224869585207586 0.611377354260594 0.005239677560298128 0.005239677560298262
0.0 0.17639631681025253 0.6163359123235569 0.005882812008224203 0.0049288424933770615
0.0 0.17138797685730492 0.6191978208680984 0.006359796765647819 0.003974872978529831
0.0 0.222136286836222 0.660158776959143 0.011649249414025054 0.009923434686021082
0.0 0.40165234165387764 0.6530942671621167 0.008248090416039489 0.006873408680032611
0.0 0.4027324487321685 0.6279572297037103 0.006873408680032967 0.007266174890320443
0.0 0.4088203249916263 0.6274662719408509 0.005695110049170005 0.004713194523451136
0.0 0.31386909365459953 0.6077297698738992 0.008640856626327232 0.010015538362333843
0.0 0.3357658098781331 0.6206910548133896 0.007658941100608096 0.010408304572621319
0.0 0.3723912589874516 0.615585094079651 0.00589149315431392 0.0056951100491701824
0.0 0.3228045249386424 0.6293319114397171 0.006087876259457748 0.005302343838882706
0.0 0.31219983726087724 0.6343396806208839 0.0049095776285949634 0.007462557995464181
0.0 0.31926962904605405 0.6383655342763317 0.0049095776285949634 0.0056951100491701824
0.0 0.3985099596011863 0.6024970867404529 0.010956284817828132 0.010126263240720235
0.0 0.3722812777645673 0.6011690522170797 0.005976155355179013 0.009794254609876419
0.0 0.3677991612481831 0.6027460932135854 0.0043161122009625075 0.006640172616865669
0.0 0.2900585110990766 0.648400571132508 0.002128927881997633 0.00798347955749108
0.0 0.29298578693682326 0.6458724692726356 0.0026611598524969083 0.006120667660742996
0.0 0.2963122367524444 0.6476687521730714 0.0037256237934958137 0.005721493682868584
0.0 0.29265314195526115 0.6509286729923801 0.0046570297418696786 0.0029272758377466347
0.0 0.2932920456361147 0.6142032896466981 0.010283744250495363 0.012806172085522505
0.0 0.2225611935833411 0.6243408182057955 0.01044738775107259 0.009794426016630808
0.0 0.23670869782958523 0.609105044402148 0.004788386052574989 0.008488502547746534
0.0 0.2401911604132761 0.608234428756225 0.004353078229613594 0.007182579078862261
0.0 0.2401911604132761 0.6134581226317615 0.006529617344420391 0.00457073214109407
0.0 0.25499162639396233 0.6140022574104632 0.010882695574033985 0.010447387751072412
0.0 0.27784528709943357 0.6056225818184571 0.006964925167381786 0.00892381037070784
0.0 0.2176539114806793 0.5637105823821958 0.012188619042917992 0.009794426016630452
0.0 0.26923788850160024 0.5479306737998464 0.006964925167381697 0.006094309521458996
0.0 0.2639053676703236 0.5765521631595556 0.003700116495171546 0.0050060399640557305
0.0 0.2686937537228985 0.5766609901152957 0.005876655609978343 0.004788386052574723
0.0 0.2727203510852911 0.5849318387515619 0.009141464282188583 0.00565900169849769
0.0 0.31679526816012843 0.5562015224361117 0.010665041662553243 0.009576772105150866
0.0 0.32789561764564323 0.5696960649479144 0.010229733839591937 0.0095767721051498
0.0 0.3355627334042891 0.5686953742731493 0.00788793808112187 0.0072306099076950405
0.0 0.33536553495226107 0.5622535581735664 0.006967678638324326 0.004338365944617095
0.0 0.34600193985354 0.5472901892487545 0.009525344863086361 0.005715206917851745
0.0 0.43947778487112454 0.6577256878414929 0.006105675765507357 0.006105675765507001
0.0 0.45690806978545695 0.6193152123235321 0.009667319962053078 0.00407045051033812
0.0 0.40933467944587987 0.5657633477968961 0.006105675765507179 0.008395304177572527
0.0 0.41327792837776983 0.561820098865006 0.005851272608611069 0.007123288393091798
0.0 0.4262524893794727 0.5387966131659059 0.009412916805156967 0.009412916805156612
0.0 0.47420748445439403 0.5839531735149699 0.005088063137922738 0.009158513648261035
0.0 0.48489241704403163 0.5868788098192752 0.003561644196545721 0.008395304177572527
0.0 0.48171237758283 0.589804446123581 0.003816047353442009 0.006614482079299577
0.0 0.4948141401629808 0.5611840909727658 0.007632094706884018 0.006360078922403645
0.0 0.4806947649552454 0.5421038542055557 0.006360078922403289 0.005851272608610713
0.0 0.47802353180783597 0.5469375141865822 0.00407045051033812 0.00686888523619551
0.0 0.45143840191219003 0.5371429926460809 0.00483365998102645 0.007632094706884018
0.0 0.44367910562685786 0.5436302731469322 0.006105675765507179 0.004833659981026628
0.0 0.4431702993130656 0.548591134706407 0.007632094706884018 0.003561644196545899
0.0 0.44227988826392917 0.5387966131659059 0.006868885236195688 0.007377691549988086
0.0 0.4444423150975463 0.5256948505857549 0.00864970733446846 0.010176126275845122
0.0 0.4577984808345933 0.5104306611719869 0.010430529432741587 0.010176126275845122
0.0 0.47229946077767293 0.5188259653495596 0.008395304177572348 0.009667319962053255
0.0 0.5113503453612297 0.5217516016538649 0.007632094706884018 0.008395304177572527
0.0 0.4808219665336935 0.5208611906047287 0.008649707334468636 0.009667319962053255
0.0 0.42256364360447873 0.506869016975441 0.00457925682413034 0.010176126275845476
0.0 0.43464779355704514 0.4960568828073553 0.005851272608611069 0.008395304177572527
0.0 0.439990259851864 0.4944032622875302 0.005342466294818849 0.00864970733446846
0.0 0.05509688825207516 0.5740616157739187 0.012070604408169183 0.014617612677783142
0.0 0.056204283151907196 0.5593886333511444 0.012070604408169183 0.011184688488302896
0.0 0.08604857570238059 0.5706840613294311 0.010630991038387539 0.009855814608505042
0.0 0.10138599506505427 0.5558449696716815 0.006533629909008997 0.012070604408169316
0.0 0.10935923834384494 0.5526335244621692 0.006533629909009031 0.0052047560292106
0.0 0.10788940911783085 0.5581029966124726 0.008599887193587109 0.004682160805397473
0.0 0.12207922298724953 0.5623551630581906 0.008313224287134168 0.006115475337661991
0.0 0.19908347178311248 0.5667228120108703 0.011072043536316944 0.007302837226081493
0.0 0.19437196389531802 0.5572997962352815 0.009894166564368322 0.008009563409250475
0.0 0.09532926835882438 0.5385913825700197 0.011807010370639092 0.008775480680880321
0.0 0.08256929549737481 0.49175075622559705 0.012285672953232596 0.009892360040264947
0.0 0.11495879691953341 0.4788268664955734 0.011009239399649973 0.008935034875078074
0.0 0.10323156364599324 0.522066053123184 0.008935034875078218 0.009254143263473935
0.0 0.11559701369632473 0.5347506115619112 0.00877548068088041 0.010371022622858916
0.0 0.1185487662889845 0.5075466214511819 0.00797770970989129 0.009892360040265303
0.0 0.11543745950212689 0.5165614334233591 0.00686083035050653 0.010051914234463055
0.0 0.1344244086116681 0.5225447157057778 0.011009239399649973 0.009254143263473935
0.0 0.13849304056371273 0.5029993269165438 0.010849685205452087 0.010051914234463055
0.0 0.15747998967325397 0.4872034616909591 0.01084968520545213 0.012923889730023674
0.0 0.16626542551310797 0.5035110992111577 0.008469232186367349 0.011645194256255209
0.0 0.17441706149248654 0.49514773242712007 0.008680962991026497 0.008892693795685603
0.0 0.18458014011612733 0.498535425301667 0.006140193335116307 0.008045770577049183
0.0 0.194002160923461 0.4943008092084833 0.011433463451595927 0.006775385749093843
0.0 0.1924141798885171 0.5009703295552477 0.007834039772389768 0.005716731725797786
0.0 0.18595639034641204 0.48307907656154664 0.010163078623640808 0.011433463451596283
0.0 0.18409993465116026 0.5181301244057487 0.009104424600344885 0.006987116553753126
0.0 0.1838882038465011 0.5236351253268872 0.006140193335116307 0.005293270116479931
0.0 0.23687901985193963 0.5318328875672087 0.008429098438999815 0.011800737814599671
0.0 0.24657248305678933 0.5343616170989087 0.008148128491033102 0.01123879791866642
0.0 0.2853463358761884 0.5295851279834756 0.008710068386966441 0.009552978230866671
0.0 0.2895608850956884 0.5377332564745083 0.007586188595099852 0.008991038334933065
0.0 0.29995677317045477 0.5371713165785753 0.008148128491033102 0.010114918126799566
0.0 0.24544860326492274 0.4705814389104768 0.012081707762566474 0.011800737814600027
0.0 0.2540181866779058 0.4927780647998429 0.00561939895933321 0.00393357927153346
0.0 0.25472061154782244 0.4965711590973928 0.008148128491033102 0.0059003689072998355
0.0 0.27972693691685524 0.5009261932908762 0.010957827970699708 0.011800737814599671
0.0 0.26130205160899356 0.45565469746300236 0.010114918126799743 0.012924617606466526
0.0 0.21213231071482813 0.44174668503865283 0.011238797918666332 0.009272008282899692
0.0 0.22449498842536117 0.4330366166516864 0.008991038334933154 0.009272008282899692
0.0 0.27731733864309316 0.44301104980450284 0.010676858022732993 0.010114918126799566
0.0 0.3302801738348085 0.4848755720515351 0.012081707762566386 0.01348655750239942
0.0 0.3329493883404918 0.5230874849750007 0.007867158543066567 0.012362677710532921
0.0 0.3446096411811082 0.527021064246534 0.009833948178833119 0.012924617606466172
0.0 0.093013501594053 0.4316877959185394 0.011722463288146412 0.013054561389072105
0.0 0.12498385601627046 0.44434272787733387 0.01012394556703553 0.011722463288146301
0.0 0.15935198702015427 0.45126963800214775 0.009058267086294957 0.008525427845924582
0.0 0.13044545823006598 0.4202317522505782 0.01092320442759096 0.010390365187220496
0.0 0.12498385601627046 0.40011707092659987 0.0095911063266652 0.011722463288146301
0.0 0.12604953449701106 0.3879949782081756 0.012255302528516721 0.009857525946850387
0.0 0.12135413699433388 0.3575932497044583 0.01092320442759096 0.009058267086295046
0.0 0.12468438224664817 0.3666515167907532 0.011722463288146434 0.00745974936518401
0.0 0.16171670945238342 0.37171348957427097 0.011189624047776103 0.009591106326665155
0.0 0.14772967939266332 0.41633877595528296 0.008259008225739484 0.008791847466109814
0.0 0.16358164679367945 0.41580593671491267 0.006394070884443481 0.007193329744999133
0.0 0.19555200121589697 0.415406307284635 0.01012394556703553 0.0095911063266648
0.0 0.17610336894238127 0.3960908848212119 0.005861231644073195 0.009857525946850387
0.0 0.2136685353884869 0.41287532089287604 0.009591106326665244 0.009857525946850387
0.0 0.1811653417258991 0.39888829083315597 0.006394070884443525 0.010656784807406084
0.0 0.2146010040591349 0.380505337040381 0.008259008225739528 0.008525427845924582
0.0 0.1364068455347946 0.34174128230344214 0.01172246328814639 0.009857525946850387
0.0 0.12441796262646307 0.3401427645823311 0.007459749365184098 0.007726168985369597
0.0 0.11935598984294529 0.3400095547722385 0.007459749365184098 0.007459749365184365
0.0 0.07046798953897106 0.2940521702903009 0.011988882908331555 0.00932468670648028
0.0 0.10004056737952223 0.30324364718668856 0.009857525946850387 0.008525427845924938
0.0 0.13800536325590548 0.3072399414894658 0.007992588605554341 0.010123945567035265
0.0 0.11535969554016814 0.2772677342186366 0.009591106326665244 0.008791847466109459
0.0 0.3748504040618566 0.5270361324392013 0.004340066623677963 0.007148345027233915
0.0 0.3781692785387868 0.5244831520723323 0.006893046990547358 0.004084768586990961
0.0 0.3876153058962036 0.5044422561924075 0.0048506626970518775 0.013020199871034066
0.0 0.3923383195749119 0.518994244283563 0.005105960733738701 0.007403643063921095
0.0 0.39757192932699426 0.5174624560634413 0.006893046990547269 0.006382450917173798
0.0 0.3969336842352768 0.5216748736687759 0.00408476858699105 0.006637748953860267
0.0 0.3571071905121143 0.473295895716601 0.007148345027234359 0.007914239137295099
0.0 0.3637449394659748 0.4699770212396709 0.00510596073373879 0.007914239137295099
0.0 0.4515674640862817 0.48427371129413943 0.005616556807112616 0.007914239137295099
0.0 0.4277518604689653 0.4493009425275332 0.00893543128404275 0.009446027357416753
0.0 0.359787067060493 0.500820610146387 0.009450450099046126 0.010309581926232169
0.0 0.4562962089810553 0.47705129626090736 0.01002320465050346 0.009736827374774748
0.0 0.4371089315072342 0.45800720742495055 0.01002320465050346 0.008304940996131193
0.0 0.471894070311815 0.4671806209555928 0.008500010684860549 0.005509266184632012
0.0 0.4939518176226361 0.4743468288655068 0.011408184369477502 0.009801397838565151
0.0 0.5407746279807457 0.43963758416286236 0.006856098211641459 0.01036032618648015
0.0 0.5360515381016149 0.43422888446256724 0.004113658926984875 0.008684391068079477
0.0 0.5154832434666907 0.4423038445785007 0.005637236307349447 0.011426830352735706
0.0 0.51076015358756 0.43940904755580784 0.00533252083127671 0.0068560982116412815
0.0 0.48557511294329914 0.4401184516618333 0.0059441213877290625 0.006227174787144918
0.0 0.2385303952129143 0.4193457505341726 0.009032064741874546 0.009677212223437337
0.0 0.24734741079426809 0.4183780293118291 0.006451474815624714 0.008601966420832951
0.0 0.2520784923257262 0.4184855538920894 0.0047310815314581586 0.009677212223436982
0.0 0.3121847326912964 0.4130018002988086 0.008817015581353792 0.012902949631249428
0.0 0.3054106841348905 0.39730321158078824 0.008171868099791358 0.009032064741874634
0.0 0.3375605336327536 0.40246439143328827 0.007096622297187149 0.008171868099791268
0.0 0.3250876823225458 0.41773288183026674 0.005376229013020595 0.009892261383958
0.0 0.36572935633377507 0.4083568930001034 0.008721342367092965 0.008535781891197303
0.0 0.3870688110617685 0.4285829848727232 0.006494616656345898 0.009649144746570925
0.0 0.3825225794023264 0.4279335232070885 0.004453451421494314 0.007607979511719165
0.0 0.425294269096261 0.438232129619294 0.011690309981422509 0.010020265698362252
0.0 0.4116516009267876 0.3935629295239382 0.006334237049979663 0.012140621012460783
0.0 0.45968623188913293 0.41933975529677187 0.006334237049979663 0.009853257633301383
0.0 0.4718048455280407 0.43380157591119184 0.009477745562997342 0.007640223464049
0.0 0.5148593175929517 0.3825346829875548 0.00924519706073763 0.011921438315161837
0.0 0.47989871585013655 0.409904341659178 0.006568955806313781 0.007298839784792932
0.0 0.43452426185467374 0.35893411049537444 0.008272018422765193 0.010948259677189398
0.0 0.5317204783221664 0.30845046865055625 0.00997508103921696 0.012651322293640988
0.0 0.5470480418702317 0.2839993553714999 0.010461670358203178 0.010461670358203178
0.0 0.5138383208494237 0.29129819515629285 0.00973178637972385 0.00997508103921696
0.0 0.4441344009046511 0.26696872920698295 0.010948259677189398 0.009975081039217315
0.0 0.4577589018362646 0.3004217448872842 0.010948259677189398 0.009731786379724027
0.0 0.42844189536734634 0.29141984248603947 0.008758607741751589 0.010218375698710248
0.0 0.43501085117365984 0.3000568028980446 0.00973178637972385 0.009001902401244877
0.0 0.5182176247202996 0.2754840422892416 0.007785429103778973 0.008515313082258303
0.0 0.5225969285911753 0.2796200515006241 0.005839071827834452 0.00754213444428622
0.0 0.5219886919424426 0.29652903033539457 0.008028723763272261 0.008272018422765015
0.0 0.478317300563431 0.2950692623784345 0.005839071827833919 0.01119155433668233
0.0 0.48585943500771744 0.29421773107021 0.008272018422765547 0.009488491720231095
0.0 0.244788520397864 0.4054078740188647 0.009475313513143391 0.008639256438453913
0.0 0.245800779958602 0.38086094657549446 0.0061310852143869 0.007942542209546488
0.0 0.24120246604781176 0.3749388756297799 0.005295028139697777 0.0066884565975129815
0.0 0.24712453699352638 0.3745208470924354 0.008221227901109707 0.006967142289076023
0.0 0.28611171789357404 0.37936919408437825 0.006898993692841859 0.009254747636739325
0.0 0.28897227625402067 0.36708561994834277 0.006562457415142209 0.009254747636739325
0.0 0.2920852368227419 0.36397265937962137 0.006730725553992123 0.008076870664790547
0.0 0.31143607279046914 0.3704509827253387 0.009423015775588883 0.010600892747537217
0.0 0.33446695748269406 0.3619299266074888 0.009618833094067991 0.00944706821738812
0.0 0.3617956877967376 0.3596151693070578 0.009485826413302423 0.008590937129028475
0.0 0.3408552785447305 0.347176208255652 0.006980136417335814 0.00733809213104557
0.0 0.3360228764096519 0.34699723039879693 0.004116490707659537 0.006980136417335814
0.0 0.33834958854876385 0.3214033968685662 0.008411959272173863 0.009485826413302334
0.0 0.3493567267453317 0.339480160410897 0.008232981415319075 0.00984378212701209
0.0 0.4727744304183328 0.4158008323614958 0.005782114690808804 0.008967854252930608
0.0 0.4687891433952597 0.405245110377839 0.008463946395112743 0.009181229987918727
0.0 0.5165094972687515 0.3647625667147508 0.009164391473475853 0.007081575229504011
0.0 0.5285898314837876 0.40503034743153776 0.0061095943156505685 0.00513761340179677
0.0 0.4845370540959024 0.34255560246620737 0.007949745957059662 0.010652659582460445
0.0 0.491734027315401 0.3057170708913409 0.009054717554341351 0.010838222527165797
0.0 0.09605572053343832 0.28326453580235234 0.008178189475680409 0.004489986378804644
0.0 0.09637643384621011 0.28719327388380655 0.007536762850136836 0.005612482973506161
0.0 0.10110695520959385 0.27765205282884614 0.009621399383153406 0.008017832819294668
0.0 0.15987766977502268 0.29833806150262576 0.005933196286277953 0.010583539321469004
0.0 0.16725407596877356 0.29625342496960927 0.010423182665082908 0.005131413004348317
0.0 0.1677351459379313 0.3030685828660099 0.00914032941399574 0.0068953362245931515
0.0 0.16653247101503707 0.32559869308822725 0.009300686070381658 0.010583539321469004
0.0 0.24849319414858734 0.3394975883767174 0.0106543128082639 0.00608817874757932
0.0 0.2784029248754926 0.3281373740836534 0.011218938092371821 0.008831929987611887
0.0 0.29045731580453044 0.3490236950003032 0.010025434039991853 0.011457638902847834
0.0 0.3093146798321343 0.33601450082936124 0.008593229177135963 0.008831929987611887
0.0 0.19414153877746548 0.3115476677555716 0.009786733229515931 0.00811582755618403
0.0 0.3207723187349822 0.2961514654798698 0.0109802372818959 0.006922323503803796
0.0 0.29296367431452847 0.2941225085908236 0.010264134850467866 0.008593229177135698
0.0 0.29284432390929044 0.28540992900844986 0.008115827556183942 0.006922323503803796
0.0 0.28687680364739054 0.27466839253702985 0.010025434039991944 0.007877126745707841
0.0 0.2761352671759707 0.2669106161965601 0.007638425935231919 0.010502835660943788
0.0 0.24725246910837492 0.2789650071255979 0.007638425935231919 0.009786733229515931
0.0 0.3185046610354602 0.28171006644607177 0.00787712674570793 0.010980237281896166
0.0 0.3096727310478483 0.2653590609284661 0.008354528366659952 0.010264134850467954
0.0 0.2134196289872868 0.2529941020902463 0.00975619412458908 0.007982340647390984
0.0 0.21053711708684006 0.2450117614428553 0.0070954139087921145 0.006208487170193067
0.0 0.2640853189297552 0.2522180411939722 0.005986755485543327 0.008647535701340203
0.0 0.2515574787470442 0.2620851011608861 0.007095413908792025 0.005321560431594108
0.0 0.2759479640585169 0.29334926869650124 0.0031042435850965333 0.005765023800893587
0.0 0.28049346359383687 0.2914645493769781 0.00509982874694428 0.005543292116243848
0.0 0.2825999145980095 0.29567745138532386 0.00443463369299506 0.005986755485543327
0.0 0.27905220764361344 0.2983382316011207 0.007982340647391072 0.005099828746944368
0.0 0.2279430543318456 0.2573178699409164 0.006873682224142285 0.005986755485543327
0.0 0.22487012988891944 0.22253038666401145 0.009732595703492298 0.009053577398597667
0.0 0.2279257122609461 0.22875472112554734 0.00950625626852739 0.009279916833562395
0.0 0.39197840330239975 0.31898282628403435 0.011160146734904864 0.01116014673490504
0.0 0.3899395303412152 0.30921769789099257 0.00879934646405962 0.008370110051178515
0.0 0.3962707674312093 0.3032083881106592 0.008584728257619112 0.00922858287694055
0.0 0.37201891010343524 0.3087884614781114 0.009443201083381147 0.00837011005117887
0.0 0.37180429189699477 0.28002962181508745 0.00901396467050013 0.010087055702702585
0.0 0.43679621781383676 0.289725406678677 0.009507990987646053 0.010428119147740843
0.0 0.5161507986059258 0.24576130796832718 0.0055167933388355905 0.011535113344838166
0.0 0.507624845264089 0.24551054463474387 0.010532060010504374 0.010030533343337566
0.0 0.47477484856465874 0.2397429879623246 0.012036640012004973 0.009529006676170581
0.0 0.4569706518802348 0.24475825463399356 0.012538166679171781 0.011535113344838166
0.0 0.42587599851588864 0.2435044379660763 0.009529006676170581 0.011033586677671181
0.0 0.4460978870218715 0.23383709484916704 0.011033586677671181 0.009027480009003597
0.0 0.5451739791731091 0.1878103978588884 0.01003419582481353 0.009069369303196595
0.0 0.5015638203960349 0.2031511395525934 0.009262334607520194 0.008490473390227038
0.0 0.49403817352742474 0.2081682374650004 0.008876403998873527 0.011963848868046866
0.0 0.47975874100749766 0.18057419894676324 0.008104542781580192 0.011191987650753531
0.0 0.4725274606473553 0.21946272041193762 0.006515335778802189 0.009848763386561644
0.0 0.42700055086925276 0.2098154718782828 0.011711726435982506 0.015797212402022965
0.0 0.41379081291238873 0.21812262667589835 0.01198409216705194 0.012256457898121197
0.0 0.42550253934837123 0.16378566332756073 0.009260434856358302 0.015252480939884095
0.0 0.38682660553652204 0.19960175696318175 0.00871570339421961 0.010077532049566074
0.0 0.36719852218223087 0.18070895729230188 0.008349111613507265 0.008855118377962157
0.0 0.14037219175133295 0.2426112941227343 0.01590703151664772 0.010801070782908795
0.0 0.08582466857573337 0.21018582334487962 0.010438366973305403 0.007947393036493722
0.0 0.09193348561124733 0.19523997972401066 0.009845277940731223 0.008421864262552958
0.0 0.12811191659827179 0.19535859753052537 0.01031974916679057 0.006523979358316012
0.0 0.12917947685690492 0.20277221043770197 0.009133571101642212 0.007591539616949916
0.0 0.15768535185958038 0.19295815644806674 0.012973154280922694 0.010378523424738263
0.0 0.12136051987299683 0.16398477855400628 0.011935301938448894 0.009167695691851918
0.0 0.1415986405512362 0.16666589710539698 0.007437941787729008 0.005189261712369131
0.0 0.19669130239755458 0.16597399554374787 0.00968662186308895 0.011416375767212017
0.0 0.1383121081334025 0.175920080492455 0.010551498815150495 0.007091991006904408
0.0 0.2048211457469328 0.19010406250626383 0.012108277328861217 0.006746040226079941
0.0 0.07805472290852004 0.16218776913561914 0.010089711340108675 0.009119546788175014
0.0 0.1100166601892619 0.143582043210548 0.010477777160882074 0.009313579698561725
0.0 0.09788960329009282 0.12922360784193163 0.009507612608948557 0.006985184773921205
0.0 0.1042926893328541 0.11360395855580183 0.010671810071268818 0.0075672835050813346
0.0 0.1387335309264943 0.10128286874624629 0.011253908802428958 0.00931357969856208
0.0 0.11952427279821047 0.0899319434886241 0.011253908802428913 0.009895678429721855
0.0 0.09100143497136479 0.07557350812000774 0.00892551387778846 0.00834341514662853
0.0 0.16415184218715267 0.14610447104557506 0.010089711340108698 0.01008971134010892
0.0 0.1578457725995847 0.11709655094276261 0.008731480967401728 0.01028374425049563
0.0 0.16929371431240037 0.10826805352016748 0.01300020499590926 0.011641974623202244
0.0 0.27477810582628664 0.23365750635261479 0.012694944963792754 0.009383220190629515
0.0 0.2725702893108444 0.2488362448962798 0.008647281352148628 0.01067111315797078
0.0 0.3194894482554518 0.19452934785191153 0.011223067286831334 0.012326975544552355
0.0 0.3147058458053269 0.21301981116874025 0.009751189609869825 0.008463296642528562
0.0 0.30421871735697636 0.21789540597367515 0.009015250771389028 0.009751189609869825
0.0 0.2998030843260918 0.2098000787503871 0.00533555657898539 0.006807434255946987
0.0 0.2578545705326897 0.17631486159951298 0.010855097867590934 0.006807434255946631
0.0 0.2623621959183842 0.14181772854572844 0.008831266061768872 0.01030314373873047
0.0 0.2485633426968703 0.1480732086728148 0.01030314373873038 0.007359388384807275
0.0 0.2714694390445834 0.15708845944420383 0.008647281352148716 0.009935174319490158
0.0 0.26171824943471356 0.1818344028881187 0.011591036706071645 0.007911342513667919
0.0 0.28434836871799635 0.14788922396319465 0.009383220190629515 0.010671113157970424
0.0 0.31921347119102145 0.15745642886344413 0.011775021415691889 0.009567204900249492
0.0 0.35518967928026024 0.1740415118009686 0.008379128364561695 0.009968273399219995
0.0 0.43508331573425274 0.22495736009640818 0.009921723118949188 0.010430529432741763
0.0 0.4467319435096118 0.2758709505137519 0.009158513648260858 0.010684932589637697
0.0 0.5052446695957228 0.1660959883130701 0.007123288393091798 0.012974561001702866
0.0 0.4062818415631265 0.12602749110192873 0.011702545217222138 0.010176126275845476
0.0 0.38236794481488984 0.14676134838896376 0.009667319962053167 0.009412916805156612
0.0 0.4218004341337906 0.13556760948553367 0.009667319962053078 0.01043052943274141
0.0 0.3683757711856025 0.13086115108295537 0.009158513648260768 0.011193738903429918
0.0 0.3794423085105843 0.08214294653734573 0.009412916805157056 0.008395304177572527
0.0 0.40284739894502863 0.10007836909852319 0.008904110491364747 0.011193738903430273
0.0 0.45080239401995004 0.08354216390027425 0.010684932589637519 0.010684932589637697
0.0 0.47293546866991354 0.08926623493043735 0.009667319962053078 0.01093933574653363
0.0 0.4780235318078363 0.11292572852177792 0.010684932589637519 0.011448142060326206
0.0 0.454618441373392 0.12564588636658466 0.011702545217222138 0.011956948374118426
0.0 0.4530920224320152 0.1650783756854853 0.010176126275845476 0.009412916805156967
0.0 0.4558904571578727 0.1489237752225808 0.010176126275845476 0.0096673199620529
0.0 0.4996478001440077 0.11521535693384308 0.012211351531014358 0.009412916805157323
0.0 0.5151663927146719 0.11381613957091438 0.007632094706884018 0.00864970733446846
0.0 0.5037182506543458 0.1489237752225808 0.009158513648260858 0.010176126275845476
0.0 0.48171237758283025 0.15617426519412092 0.006868885236195688 0.01093933574653363
0.0 0.477260322337148 0.13442279527950127 0.010176126275845476 0.007632094706884018
0.0 0.47166345288543293 0.15045019416395763 0.006614482079299577 0.006105675765507357
0.0 0.46237773765872403 0.15197661310533447 0.005851272608611069 0.010176126275845476
0.0 0.42052841834931 0.11101770484505699 0.008649707334468636 0.00864970733446846
0.0 0.1940974084413272 0.13689608819480165 0.014085015507799569 0.01376490151898615
0.0 0.22050681251845142 0.15210150266344905 0.00992353365322245 0.010883875619663285
0.0 0.2366725689535396 0.13881677212768367 0.008322963709154241 0.009283305675595344
0.0 0.23763291091998048 0.1489003627753128 0.007682735731527135 0.008322963709154151
0.0 0.252678268394221 0.1199300467876796 0.007042507753899763 0.01056376163084991
0.0 0.28340921132032915 0.12633232656395207 0.011524103597290659 0.013124673541358689
0.0 0.24392685947598358 0.1083234432586659 0.008963191686781525 0.00992353365322245
0.0 0.23624412374445658 0.10816338626425903 0.0076827357315269575 0.008963191686781613
0.0 0.18326525859580128 0.11504583702375211 0.008643077697967927 0.008002849720340776
0.0 0.18214485963495364 0.09231774381798452 0.008963191686781525 0.011203989608477016
0.0 0.17958394772444458 0.07391118946120087 0.009603419664408763 0.012164331574917853
0.0 0.25721159001174904 0.08287438114798248 0.009283305675595165 0.01024364764203618
0.0 0.24648777138649258 0.05550463510441759 0.010243647642036002 0.01120398960847666
0.0 0.22568036211360684 0.03357682687068379 0.010243647642036002 0.008322963709154507
0.0 0.22472002014716602 0.05022275428899281 0.008963191686781613 0.008322963709154507
0.0 0.21447637250512988 0.057585376031706124 0.007682735731527135 0.010883875619663285
0.0 0.22135882326462292 0.06366754181916505 0.008002849720340688 0.008322963709154151
0.0 0.2477682273417471 0.02621420512797066 0.008322963709154241 0.01024364764203618
0.0 0.28330088010005966 0.04077939161899078 0.010883875619663285 0.009283305675595344
0.0 0.26521443973208975 0.03453716883712499 0.010563761630849645 0.008322963709154507
0.0 0.26633483869293745 0.02621420512797066 0.010883875619663285 0.007682735731527046
0.0 0.2861819059993823 0.09775968162781616 0.011524103597290569 0.014405129496613257
0.0 0.2879425329378572 0.08271432415357598 0.009283305675595165 0.009283305675595344
0.0 0.31867347586396527 0.06814913766255551 0.008643077697967882 0.012804559552544958
0.0 0.31067062614362473 0.02973545900492063 0.013124673541358689 0.013444787530172064
0.0 0.32859700951718784 0.042860132546279316 0.009283305675595255 0.0064022797762728345
0.0 0.33035763645566274 0.08671574901374601 0.01152410359729048 0.00960341966440872
0.0 0.34684350687956467 0.08575540704730536 0.009283305675595165 0.00960341966440872
0.0 0.3484440768236327 0.10736310129222507 0.00864307769796797 0.01120398960847666
0.0 0.35388601463346436 0.13841415820714698 0.00992353365322236 0.009923533653222094
0.0 0.5348221406952904 0.11411877941125911 0.011340925865260943 0.01234159579454861
0.0 0.5476640714544828 0.07759432699225677 0.011007369222165053 0.011340925865260943
0.0 0.5226473232222897 0.08293123328179135 0.007671802791205984 0.016010718868603745
0.0 0.5123070672863163 0.08493257314036687 0.009006029363589541 0.010006699292877386
0.0 0.5106392840708368 0.07375842559665369 0.008338916077397762 0.007004689505014028
0.0 0.5033010379227267 0.07876177524309255 0.009673142649781318 0.010340255935973274
0.0 0.4841215309447119 0.07108997245188657 0.00933958600668543 0.011674482508357186
0.0 0.4701121519346838 0.07092319413033846 0.010006699292877208 0.010006699292877386
0.0 0.4619400141788339 0.05324469204625526 0.009006029363589541 0.009339586006685252
0.0 0.45760377781858697 0.061416829802105256 0.010340255935973274 0.009006029363589718
0.0 0.4445950687378465 0.059081933300433855 0.008338916077397762 0.007004689505014028
0.0 0.4334209211941336 0.053911805332447035 0.010006699292877208 0.009339586006685252
0.0 0.420412212113393 0.06275105637448881 0.011340925865260943 0.011674482508356832
0.0 0.5537040275392114 0.039395292350858924 0.00933958600668543 0.00833891607739794
0.0 0.5308553974871416 0.028554701450241814 0.00833891607739794 0.014676492296219834
0.0 0.5313557324517856 0.009041637829131055 0.008672472720493651 0.009006029363589362
0.0 0.5498681261436086 0.004937764718435389 0.012341595794548788 0.009875529436870778
0.0 0.5105084422582911 0.0006015283581885633 0.008338916077397762 0.0012030567163771265
0.0 0.4854916940260979 0.0007683066797365079 0.009673142649781497 0.0015366133594730158
0.0 0.4904950436725365 0.025886248305474525 0.011007369222165053 0.016677832154795524
0.0 0.4786537828426316 0.023884908446898834 0.00933958600668543 0.01200803915145272
0.0 0.46280984229557587 0.018881558800460496 0.009006029363589541 0.008672472720493828
0.0 0.4516356947518629 0.035059055990611834 0.00933958600668543 0.006337576218822605
0.0 0.4509685814656711 0.027720809842501738 0.009339586006685607 0.0076718027912061615
0.0 0.4172793605129842 0.0009350850012844525 0.015343605582411967 0.001870170002568905
0.0 0.10407068298981796 0.045431557088479124 0.014704622277055402 0.018714973807161427
0.0 0.09123755809347871 0.020300020833148125 0.00882277336623325 0.008020703060211787
0.0 0.11075460220666136 0.013482423231967999 0.010426913978275642 0.00882277336623325
0.0 0.13869338453306662 0.05211547630532269 0.013367838433686741 0.010694270746949642
0.0 0.13160843016321264 0.010006785239209393 0.00882277336623325 0.010961627515623462
0.0 0.14791719305231044 0.010407820392219946 0.008288059828885785 0.01176369782164457
0.0 0.15981456925829166 0.027786010356012626 0.008555416597559474 0.012298411358991856
0.0 0.1590124989522704 0.05238283307399598 0.00802070306021201 0.01176369782164457
0.0 0.1415006306041408 0.06895895273176773 0.007753346291538321 0.010159557209601999
0.0 0.14751615789929987 0.06107192805589268 0.008555416597559474 0.009357486903580892
0.0 0.26014440985875564 0.05540636551952218 0.00693995771477649 0.010957827970699796
0.0 0.2672669980397105 0.05942423577544549 0.01022730610598641 0.0102273061059865
0.0 0.3762187603273576 0.021289206403945115 0.010957827970699708 0.010592567038343149
0.0 0.3159507064885091 0.006678769109678839 0.008766262376559818 0.01205361076776974
0.0 0.2834424835087665 0.004767693955855812 0.010957827970699796 0.009535387911711624
0.0 0.1660728362548753 0.012477741263003671 0.01380195834554132 0.017566128803416348
0.0 0.1832207238963054 0.01812399694981597 0.012965476021569122 0.01380195834554172
0.0 0.20204157618567992 0.017078394044850675 0.0129654760215691 0.011710752535611135
0.0 0.2718567552909653 0.016615868777861385 0.006691858591777677 0.011292511373624947
0.0 0.278548613882743 0.015570265872896094 0.009201305563694273 0.009201305563694006
