0.0 0.0028125369223543474 0.8287293779879434 0.005625073844708695 0.007263799450057462
0.0 0.027729964019986043 0.757888629424334 0.004806748246438985 0.0041610656461713805
0.0 0.02762235025327442 0.7628747339486255 0.005739400891270919 0.0050937182910029575
0.0 0.013762486685514119 0.7272642327477975 0.007111111111111512 0.0053089802130898535
0.0 0.09800990503021048 0.8100535784459449 0.008194917283173453 0.007170552622776683
0.0 0.08901825967783986 0.803964299631365 0.006601461144778398 0.008877827056771004
0.0 0.06823475860376113 0.7370591729251894 0.007284370918376482 0.008308735578772897
0.0 0.21900552222146744 0.8383331048561754 0.004904214305023658 0.008706357979704649
0.0 0.25410071049371014 0.841096944621647 0.008378361696485825 0.00863251092246955
0.0 0.19933851893818683 0.8090517094067173 0.007555505760981162 0.004666635911194561
0.0 0.16818094173331205 0.7400580433871802 0.009587433275338952 0.007806909952776308
0.0 0.18607296740310772 0.7451941683561119 0.004483168416835071 0.007396019955261579
0.0 0.190296677242047 0.7453727684560845 0.004529680365296685 0.007062404870623951
0.0 0.29788440653166964 0.7281349326284137 0.0053089802130898535 0.007744292237442707
0.0 0.1316998241825839 0.6471282517888927 0.00880384516463124 0.007043076131705206
0.0 0.1916390913504209 0.5858045103373103 0.007521244598304833 0.009088170556285035
0.0 0.1640914365813373 0.49800406085699456 0.006705063108046971 0.007467002097597941
0.0 0.13968253415908335 0.47002552726890556 0.008886518367298635 0.006791322979886871
0.0 0.08686922015724292 0.4572328194381214 0.008282456546557881 0.007124693803490345
0.0 0.08418855647254767 0.437692901675069 0.009796453979799224 0.006679400440771843
0.0 0.03683707159731675 0.37185846610591966 0.007345361619761803 0.007195456280582846
0.0 0.1436056740524208 0.5255041615289582 0.008344413618320345 0.008124823786259939
0.0 0.2976762641498915 0.6413734965906409 0.00881989736422284 0.006217304699370629
0.0 0.40865631020788695 0.6715990257381825 0.00846305868634616 0.00846305868634616
0.0 0.456265981491682 0.6698389654016752 0.007075621453748937 0.006385316921675965
0.0 0.48555540126024893 0.6663546028858601 0.005671346463600457 0.007884554839640146
0.0 0.38995167832545724 0.830190008382288 0.006679922691298401 0.010019884036947247
0.0 0.5153271629619404 0.7842030430020481 0.0057745830523366235 0.007940051696962413
0.0 0.5680737485535019 0.783645921236958 0.007015535782969096 0.008983308014777692
0.0 0.5743620641638462 0.7883086858732 0.004363321035749124 0.008555531442645047
0.0 0.703870180702187 0.7670294052979386 0.005416549190839959 0.00819802039694686
0.0 0.7815426327292521 0.807932162792573 0.007779578816280974 0.006711793488556594
0.0 0.7559157848638552 0.7917628421155966 0.00732195653297083 0.008542282621798947
0.0 0.7561827311957863 0.8000381784054642 0.0072456861524187845 0.004194870930347605
0.0 0.8996773211567735 0.8099847792998478 0.00891324200913175 0.008864535768645255
0.0 0.9908877778320789 0.7584409799139431 0.008365213796069072 0.006273910347051981
0.0 0.9389377703791446 0.7842967573657302 0.00892241216557963 0.007017627545961957
0.0 0.9479501842055523 0.7682893787893041 0.006716872079705638 0.00751888665638738
0.0 0.8579273250902097 0.782259636633183 0.0067473712061776325 0.008736980664409444
0.0 0.8669859710689316 0.7701478815811551 0.0066608664471239365 0.006920380724285025
0.0 0.8758094564923944 0.764698081760781 0.006487856929016544 0.007785428314820209
0.0 0.8188677311164583 0.7424392485512185 0.008776676930505545 0.007054151551621502
0.0 0.778544769568569 0.7082354812180135 0.007431617688576609 0.008280945424413844
0.0 0.8156811419490986 0.7033006683542468 0.0075903709240854765 0.006805160138835831
0.0 0.8221373195167118 0.697716947214689 0.0044495277830854715 0.006805160138836186
0.0 0.938283921733073 0.723922549075715 0.00744547809064855 0.0070318404189464445
0.0 0.787199945210401 0.643411616478972 0.009974749568912245 0.008250718779223476
0.0 0.8297144850137539 0.6527779214091591 0.009574964405325658 0.007122839374693157
0.0 0.9727669442473669 0.6161680468981372 0.0057063854013307495 0.006643254646325048
0.0 0.960096523187174 0.5682735879232869 0.0062992266342909884 0.00904504337231593
0.0 0.9905960627457044 0.48436360628734276 0.006754100987789257 0.006432477131227898
0.0 0.840942666729622 0.5823743115205471 0.00736708040929841 0.008193295034640257
0.0 0.005184279075475473 0.5501430199243817 0.008578236079798528 0.007693881844767603
0.0 0.18102681744494759 0.44191407594493465 0.006255259302254501 0.006584483476058267
0.0 0.5784058417450844 0.5870340934061623 0.007611650680649262 0.008699029349313391
0.0 0.5048727624121557 0.5669848650375634 0.006507724541538096 0.0074567677038459125
0.0 0.6864980812239946 0.5751873481521088 0.007622352353325113 0.006386295214947779
0.0 0.6928600276995258 0.5598826540507554 0.008168979255665221 0.006874883531995479
0.0 0.7965188534286355 0.5176024856177521 0.006948479465145141 0.008602879337798441
0.0 0.7894085220792239 0.4731803315679379 0.0097888440906722 0.009349601086604053
0.0 0.822348649619071 0.5115737419697218 0.005878548308300679 0.009513966341065582
0.0 0.8282658725872942 0.5087118171354176 0.005955897628146545 0.00827637722352854
0.0 0.8643065060889213 0.4651866488232324 0.005625462019929017 0.009820721831401969
0.0 0.8039981518819385 0.45841675984466923 0.007232734213224035 0.008860099411200296
0.0 0.6628988199296962 0.5111379418978028 0.004308251582524747 0.006015294662393344
0.0 0.6210173329087997 0.4991183877334361 0.0078234365132964 0.008794621735637165
0.0 0.33841959833376906 0.4959758902688133 0.006847012686340292 0.008198396769170913
0.0 0.36558072132056835 0.45688851900640903 0.006452282275796506 0.007851572407897578
0.0 0.24952386605022275 0.43964603695612503 0.005978843420263047 0.007823380220131782
0.0 0.13395771929205474 0.33529966542725037 0.01094734367128467 0.007352693510564024
0.0 0.1746014741930697 0.28951851220648467 0.006715812389218456 0.008394765486522715
0.0 0.21938499702199793 0.2964850214982979 0.004179017651318872 0.005273522274283948
0.0 0.2219720079490056 0.2997187851570569 0.005373022694553242 0.00398001681078064
0.0 0.02270632834794526 0.14145561986008914 0.007208305883545307 0.0074675974620905805
0.0 0.015007639872088774 0.07185413730740624 0.005626210686416755 0.006453594610889369
0.0 0.9884224650810374 0.39191896910539936 0.008183381074809403 0.0074221363236645745
0.0 0.9357189561408902 0.3253311305898016 0.006252790711358358 0.007768618762596091
0.0 0.8516719487686533 0.3822454157748744 0.00702543337881778 0.006818802985323202
0.0 0.8393751104008871 0.40119413498267387 0.006612172591827914 0.005888966214596536
0.0 0.7284814643157265 0.40480311454562196 0.00791005485158891 0.006370044172518874
0.0 0.7488802522548739 0.34440424600446545 0.00612696330242315 0.007505530045468589
0.0 0.7196330284683328 0.2993809684946557 0.009103660223264143 0.008435501674767565
0.0 0.634291999237087 0.4364620877352774 0.007175181663568253 0.0069701764731807
0.0 0.6115144728259093 0.4108667531071351 0.005632290246641247 0.007974924243032078
0.0 0.6524839684096122 0.32015923098111293 0.009857309517867919 0.007419480282266022
0.0 0.6848399068913164 0.29083754313451865 0.005909613863636309 0.007457369875541175
0.0 0.5966022758292603 0.2871499047798537 0.006881870751897878 0.010173200241936086
0.0 0.29007599847220894 0.3007802280957311 0.005997894467696341 0.005655157640970287
0.0 0.2918753668125177 0.3091344382471643 0.005141052400882274 0.004883999780837911
0.0 0.29217526153590256 0.30395054374294156 0.004541262954112568 0.006169262881058302
0.0 0.345368136458265 0.3409195967661052 0.01024524151070807 0.006020399650621755
0.0 0.38148219563034047 0.319829925596526 0.00530786121246436 0.00862527447025414
0.0 0.3467621127060184 0.28811183047078986 0.0071355265593815885 0.008223996712507287
0.0 0.43340277040087366 0.30839762439235746 0.0064701363196455475 0.00845292003050524
0.0 0.4246968961485191 0.29637041984557017 0.007243744521983331 0.008522052378803834
0.0 0.44323236007241745 0.28699616222888624 0.005965436665162827 0.007882898450393583
0.0 0.45031631611229805 0.3052120491885793 0.005645859700957346 0.004047974879931715
0.0 0.4817121674402465 0.2950381857221586 0.007676692385324912 0.0066666012819929675
0.0 0.5179198777908998 0.22418780688576162 0.0042142428263893805 0.005650916517204507
0.0 0.26521773263850434 0.26656350504648907 0.006229812234546728 0.005515979582671448
0.0 0.27161856550369484 0.22858095120559502 0.005119568807442932 0.008959245413025129
0.0 0.24264506630525523 0.18837722200966275 0.006068058110223973 0.006674863921246654
0.0 0.23982205501045756 0.164313932719457 0.005538049115612153 0.006998080246091476
0.0 0.9721344030178795 0.2729994807224722 0.007085590826510213 0.007325780346053179
0.0 0.9646235949174674 0.23599744516766705 0.00624492750811072 0.005164074670168617
0.0 0.9655243056157523 0.24038090389932165 0.007565969865596145 0.004323411351769124
0.0 0.9075229507433292 0.19307960565550902 0.008160184429208784 0.006649039164540227
0.0 0.9511852437801348 0.15958645614395586 0.007955437678540988 0.00731040219109147
0.0 0.7902668258600205 0.16765680033473593 0.005641183552947382 0.008461775329420718
0.0 0.7861502865105734 0.16045285647320195 0.006860898915746816 0.004878861451197381
0.0 0.8792222972095359 0.17141621284859615 0.0051307498379514985 0.008123687243423206
0.0 0.9068548493653523 0.16092938324978653 0.00864356949655587 0.006851609966782135
0.0 0.8939949045046227 0.1476478008526394 0.007167838119094938 0.005586697357530213
0.0 0.9440398251082097 0.12949488672276194 0.006564155890161061 0.008708880091896987
0.0 0.9331862208145771 0.12458801771576003 0.009553771444095815 0.007734005454744164
0.0 0.864813674423527 0.11408959009116285 0.00880371158613542 0.00716873657728172
0.0 0.8885836957060921 0.1157874487542033 0.007294503885654535 0.008552176969388725
0.0 0.9346611371393496 0.09675671743292717 0.006146183899076618 0.007430461131719568
0.0 0.91140654581971 0.08882171881695555 0.008072599748040688 0.007889131571948838
0.0 0.588798927794377 0.16727366252387732 0.006732513777080129 0.0096596936801582
0.0 0.5373421302376965 0.14421850295417987 0.007177621567059589 0.007460948734179951
0.0 0.1618672502708634 0.15328093498525863 0.0072503547848690175 0.006401214134389122
0.0 0.11912011287569299 0.12731058047871607 0.005450361218487387 0.008051669981856335
0.0 0.09199485465049087 0.09612852378602117 0.006453681895813901 0.006311842733268236
0.0 0.09433520083248936 0.0852069082700286 0.005177129432905758 0.008013912683812663
0.0 0.08188447793443032 0.07416197383879215 0.006731418221463059 0.007894117732443107
0.0 0.11591685205911162 0.07934449771672689 0.0041714659815262674 0.005069123218057569
0.0 0.11850421703499521 0.08251269972801278 0.004065859247816661 0.0032738087449956767
0.0 0.37851699742545153 0.15119555741539123 0.007026874625955059 0.006734088183206666
0.0 0.3763923213983613 0.09693368690507231 0.004164362778126929 0.0038867385929187035
0.0 0.37774573930125294 0.09950171061825035 0.0036785204540123575 0.0038867385929183484
0.0 0.37521241861122545 0.10196562526197575 0.003470302315106011 0.003956144639220583
0.0 0.272112460714612 0.08941146631476009 0.006002612931018803 0.007015101859142803
0.0 0.23334952585242022 0.10269438175395199 0.004188736681887661 0.005016742770167326
0.0 0.1254143093796209 0.015095220925824826 0.005253152104597802 0.007879728156897414
0.0 0.15741476095013204 0.022186976267032497 0.007091755341208028 0.008405043367357123
0.0 0.2572329754516023 0.06238781907551942 0.007471740918473557 0.005538493268239719
0.0 0.2155806820786374 0.05858393543229941 0.006526636225266458 0.0058447488584473465
0.0 0.20599315159034504 0.023612426587037307 0.004983246693015531 0.008885789283930735
0.0 0.34425342366454786 0.03766714338745967 0.005994779802411898 0.0064792064531115304
0.0 0.6094091262667216 0.14018500951244484 0.005614180039695072 0.006851202760305597
0.0 0.6162127512300802 0.1356175410055746 0.004757779694656961 0.006089958009160767
0.0 0.77728962936452 0.1377286100283303 0.008781989532104717 0.007365539607571847
0.0 0.7686583863003271 0.11679721365399125 0.006090734675492371 0.008357054554744892
0.0 0.7379922454341876 0.11481418375964517 0.006232379667945054 0.006374024660398448
0.0 0.8002452196174132 0.10249106941620756 0.00892363452455811 0.006090734675492015
0.0 0.980964155287636 0.0411272072577761 0.005871816022145993 0.009089249458938298
0.0 0.9571551478553729 0.03811086341078322 0.005550072678466478 0.005952251858065694
0.0 0.9670694854627498 0.015217197047265962 0.006354431037664909 0.004343535139669541
0.0 0.4398775305273112 0.08792703229801599 0.006688391845622732 0.007481929861204861
0.0 0.4132626268191906 0.04783868836288896 0.007368567287549865 0.0061215789773495285
0.0 0.5840014815522462 0.1065595970990186 0.0076319300212489335 0.008491865798290732
0.0 0.6153303506311929 0.09304247309702784 0.006829000858899548 0.008255956262251018
0.0 0.6026916027729318 0.08356341220333245 0.00580974699936192 0.008052105490343565
0.0 0.6498243920697441 0.07108815247426321 0.006572000852931126 0.007151883281131077
0.0 0.7664405453693799 0.08010484231572068 0.0076979363931087615 0.0072397258935190225
0.0 0.8506331134655749 0.05348175791560657 0.009549045740919837 0.009938802709936922
0.0 0.8805191356753607 0.04291200118294043 0.007369096434622691 0.008256117301752752
0.0 0.9081607458612897 0.028288277867369517 0.007359498540643728 0.006947366622368278
0.0 0.9354535966436824 0.000642530505814598 0.007567080761614164 0.001285061011629196
0.0 0.4328092086457286 0.0034833631996042057 0.008037540247860875 0.005865232072762794
0.0 0.4604497623158242 0.02553409051019333 0.006628911166248486 0.006305549645943742
0.0 0.6003336216641341 0.05803093450083683 0.0066118632116968 0.009067698118899159
0.0 0.588052274337992 0.03155237565552582 0.0051591363899063936 0.008069418456007327
0.0 0.6505559871732413 0.018956296652556937 0.007032686731638193 0.006383515648717619
0.0 0.6872772159970847 0.009093986731216929 0.005745161963354661 0.007899597699612926
0.0 0.8240735419362057 0.0014246034728109258 0.007974287964166393 0.0028492069456218516
