0.0 0.7180593624483036 0.6353815446484952 0.01453234978064124 0.016888947042366452
0.0 0.6273303678718685 0.6393092067513713 0.01767447946294176 0.01846001188351707
0.0 0.34472548300843986 0.5774657241096364 0.01462175743130203 0.011906288194060722
0.0 0.3254007475618348 0.45576016664504876 0.015357659994076655 0.0132246516615659
0.0 0.12017224497741932 0.6329901242999568 0.012839727328547924 0.017452056563074338
0.0 0.12539792312424874 0.43329547402007906 0.013593563383961537 0.01694540093069321
0.0 0.3965762040122181 0.16918335873430088 0.011368934412281817 0.0151123640358378
0.0 0.519391627657148 0.33011200605120516 0.012228656033746432 0.015087302898778177
0.0 0.7217737483324186 0.02710306333559096 0.015332891814488292 0.013773614680811619
0.0 0.9246600894247713 0.18872589525515196 0.013039048596859715 0.017770030831118788
0.0 0.9056042140173695 0.26693692191678375 0.010394351512277212 0.017615690457648724
0.0 0.7315061246333112 0.28117132831358305 0.010136531199720267 0.019516604847222396
0.0 0.7440811555872398 0.24038557879100253 0.013616235939923626 0.015885608596577328
0.0 0.057128768122191434 0.30498835226010107 0.013707402632797993 0.015276952552583368
0.0 0.09088327266768151 0.3195259664648923 0.009859485178564498 0.014437103297183996
0.0 0.6694284614989716 0.4478021801101889 0.014525377599393253 0.013479550412236562
0.0 0.897365129374348 0.4690606406338983 0.013976190535154842 0.012835277022080049
0.0 0.24716429240983687 0.1763862423984211 0.01276891096192223 0.014494439470289677
0.0 0.3421867477501307 0.1300961085790963 0.00995445289343735 0.01548061672983323
0.0 0.20536375331917983 0.13422566848370748 0.01203269699903764 0.0178415852054691
0.0 0.2272972569417659 0.16782960496988258 0.017442217703501583 0.013245593895140928
0.0 0.21378633600912575 0.0015731251556236002 0.015553385515884699 0.0031462503112472005
