0.0 0.001030654805926723 0.9814888958338874 0.002061309611853446 0.008786434076311878
0.0 0.18921503033871367 0.5737823682021904 0.014313136240914303 0.010805014613242746
0.0 0.1625533059683722 0.5805881241598823 0.012629237859634657 0.012629237859634301
0.0 0.3505896916347265 0.46398661740577063 0.012617879793786101 0.015109308288100998
0.0 0.28671330256586386 0.4185108452559548 0.012421689566664895 0.012726516304496904
0.0 0.0703891776724344 0.39244315509648403 0.010510686780485657 0.012203085499376876
0.0 0.06129454163833401 0.6682970390508356 0.012695543489061833 0.012221829179768306
0.0 0.062235737774040345 0.629795743743579 0.013205285518333198 0.011279514713576156
0.0 0.16176644416455233 0.853150141816869 0.01421346792273539 0.011370774338188384
0.0 0.15096420854327341 0.8056771589549314 0.013076390488916446 0.011939313055098122
0.0 0.09514471371581905 0.7684503454558703 0.011979369413771934 0.01178298630862784
0.0 0.10574940139358446 0.7972204703594369 0.010801070782909506 0.011193836993196805
0.0 0.09805964392400064 0.8368257353740697 0.013892161645597412 0.011646963803885057
0.0 0.04542822167541445 0.9665804408458547 0.012753425949939157 0.008150685757480148
0.0 0.04612546438799505 0.9327513117206643 0.010669257394979325 0.012529036206948164
0.0 0.1855767005169721 0.8608834639363199 0.01046366613190699 0.01529305050047931
0.0 0.2940832635362668 0.9755754174203075 0.012110747837568426 0.013735360352364622
0.0 0.32986879655735385 0.8527920199952636 0.010745270513555028 0.011838009887814494
0.0 0.42091384500133344 0.8918010491603068 0.012865537893114265 0.012865537893113909
0.0 0.5256107250868756 0.9102117993841305 0.012110970486103411 0.018772004253461105
0.0 0.6470070456434864 0.8091902088715852 0.012807644719268296 0.011459471590923798
0.0 0.19444391895923657 0.695167540028965 0.011794485081210837 0.00878312718813543
0.0 0.33820946157085674 0.5677297254126468 0.014157848514031457 0.009910493959821843
0.0 0.36778245977089624 0.4571576498864439 0.011677079179730043 0.012066315152388008
0.0 0.3680743867503892 0.4441182448024117 0.012260933138716724 0.01323402307036119
0.0 0.9830439824282475 0.8700185413086144 0.010425226780149899 0.007797730599786589
0.0 0.476507208154645 0.5539404269981756 0.011731431413554816 0.009496873049068277
0.0 0.4924900196412974 0.5178761666409575 0.013492080452159171 0.013492080452159706
0.0 0.30433104155046886 0.8326742364294312 0.009041096806616623 0.010958905220141446
0.0 0.11244683375948625 0.5741063662152993 0.008927450441662188 0.010601347399473937
