0.0 0.7579582294576331 0.10006560832739471 0.015247262801461403 0.015453306893373053
0.0 0.9727039924254255 0.010646236286452648 0.014447648833506577 0.01660649291207683
0.0 0.4385627770876603 0.13475538829424422 0.014769437181358213 0.015833901122356765
0.0 0.9949916119505374 0.2928982163615819 0.010016776098925106 0.009658878530493808
0.0 0.769216010240988 0.18246532185608738 0.013582303727069344 0.012750734111126505
0.0 0.7827983139680572 0.18232672692009685 0.011364784751221357 0.014136683471031475
0.0 0.8182786175816263 0.15682525869784403 0.01136478475122118 0.01469106321499325
0.0 0.8147996286881721 0.07051479295635481 0.01524544295895538 0.013027923983107214
0.0 0.5387894362040286 0.21760534473800702 0.010876602746425944 0.013293625578964807
0.0 0.570437328917587 0.2313521620980728 0.010725538819392177 0.013897881287099878
0.0 0.5053527063284751 0.2999657310627567 0.012570121621262054 0.018416689817198063
0.0 0.4957058688051809 0.32057488395343087 0.010231494342887615 0.016955047768214014
0.0 0.43329375331356595 0.35609278574374076 0.015201077309433052 0.013739435260449184
0.0 0.8890135807839835 0.4149849338771382 0.014931058327574576 0.014931058327574576
0.0 0.6746396653294341 0.556587128843506 0.01453234978064124 0.01629979772693524
0.0 0.6576525267344956 0.5764218224630294 0.011193836993196626 0.01629979772693524
0.0 0.6467532643990148 0.5992022626597102 0.014925115990928717 0.015121499096072456
0.0 0.6058634871690447 0.6754249659028393 0.016579025881055996 0.012387699113373429
0.0 0.4655672430315499 0.4333221818575536 0.015276306750439339 0.019049370465909377
0.0 0.5399877771743704 0.442362760883519 0.011083980445075525 0.01260355840931986
0.0 0.5836174622205672 0.3498905063496274 0.014071266661243698 0.01426141891342283
0.0 0.7505938822795742 0.3141647176157626 0.010264573824963819 0.010731145362462158
0.0 0.4489855634576352 0.5283893856793463 0.01199767083209995 0.013270151071868597
0.0 0.469708813076717 0.5562930595085487 0.017087591791172762 0.012361236614891169
0.0 0.4043827485504633 0.6427265541636238 0.013042731858336288 0.014072421215573528
0.0 0.5853248653381793 0.8166563781801542 0.0166995150894671 0.015115940382707294
0.0 0.5743855282173488 0.7422212098579312 0.016894000620291116 0.016397118249106057
0.0 0.8528219751015887 0.7712464793606051 0.012722612878164341 0.01759510291661002
0.0 0.8837478807231148 0.7401128929854235 0.01854253153519636 0.012181225096114546
0.0 0.9041999775417933 0.6387012536030265 0.014862457147512132 0.014320031704172464
0.0 0.7875519605239589 0.46271447906465485 0.012387242016762733 0.01148085845456066
0.0 0.9996737024098306 0.9342256684837075 0.0006525951803389773 0.0178415852054691
0.0 0.9792971933712596 0.0632502680864258 0.010698276751880797 0.0124238052602486
0.0 0.9500494851544244 0.06437186161686484 0.011215935304391068 0.010180618199370172
