0.0 0.2435569370682254 0.6366781518444683 0.014096542981440674 0.012530260427947226
0.0 0.20857399881016217 0.6570473096678378 0.009498870819079474 0.010229553189777895
0.0 0.25204959986671827 0.6599700391506315 0.010229553189777895 0.011690917931174738
0.0 0.2114967282929558 0.6734876630085522 0.009498870819079474 0.012421600301873248
0.0 0.20418990458597158 0.690293357534616 0.008037506077682633 0.010960235560476405
0.0 0.1935950102108445 0.6946774517588065 0.01022955318977794 0.009498870819079385
0.0 0.18519216294781263 0.7067337108753304 0.013882965043270001 0.010229553189777895
0.0 0.18555750413316183 0.7476519236344421 0.010229553189777895 0.010229553189778074
0.0 0.18446148057711417 0.8203548195189351 0.010960235560476362 0.010960235560476405
0.0 0.15304213863708205 0.8199894783335859 0.013882965043270001 0.014613647413968422
0.0 0.22282230503878134 0.7125791698409177 0.010229553189777895 0.010229553189777895
0.0 0.24876152919857533 0.7096564403581243 0.012421600301873248 0.008768188448381054
0.0 0.22757174044832112 0.7414411234835054 0.008037506077682633 0.01242160030187307
0.0 0.2410893643062419 0.7334036174058228 0.008768188448381054 0.010960235560476228
0.0 0.2513189174960198 0.7443638529662991 0.011690917931174738 0.010960235560476405
0.0 0.2622791530564962 0.7834553597986648 0.010229553189777984 0.010229553189777718
0.0 0.3159843073028302 0.6406069563271233 0.009498870819079474 0.010960235560476405
0.0 0.3050240717423539 0.662527427448076 0.008037506077682633 0.010960235560476228
0.0 0.311965554263989 0.6639887921894727 0.0073068237069843 0.01242160030187307
0.0 0.2695859767634804 0.6738530041939014 0.01315228267257158 0.010229553189777895
0.0 0.3050240717423539 0.709291099172775 0.010960235560476317 0.009498870819079385
0.0 0.3123308954493381 0.7049070049485843 0.009498870819079474 0.009498870819079385
0.0 0.32402181338051284 0.6632581098187743 0.008037506077682721 0.009498870819079385
0.0 0.35424549325940224 0.689057894968683 0.01317533951672587 0.010979449597271618
0.0 0.3556179244590615 0.7030566932052047 0.012626367036862263 0.009332532157680618
0.0 0.3602841905379016 0.6478849589789146 0.00768561471809015 0.01097944959727144
0.0 0.3781257961334679 0.6426697204202109 0.011528422077135137 0.009332532157680795
0.0 0.3718126126150367 0.6566685186567319 0.008783559677817365 0.008783559677817188
0.0 0.36796980525599166 0.663256188415095 0.009881504637544492 0.009881504637544402
0.0 0.39569291548910235 0.6410228029806201 0.010430477117407966 0.012626367036862263
0.0 0.4094172274856918 0.637179995621575 0.009332532157680795 0.0137243119965893
0.0 0.37949822733312677 0.6896068674485465 0.007685614718090062 0.01317533951672587
0.0 0.39130113565019375 0.6739611517724347 0.008234587197953669 0.010430477117408011
0.0 0.43714033771880245 0.6572174911365956 0.009881504637544402 0.010979449597271618
0.0 0.4511391359553235 0.645414582819529 0.009332532157680795 0.012626367036862618
0.0 0.45306053963484627 0.6602368397758455 0.01317533951672587 0.009332532157680973
0.0 0.43110164044030314 0.6849406013697064 0.008783559677817365 0.013724311996589477
0.0 0.4470218423563469 0.6967435096867732 0.008783559677817188 0.012077394556998832
0.0 0.4434535212372336 0.7203493263209071 0.010430477117408011 0.008783559677817188
0.0 0.44043417259798395 0.7354460695171554 0.014273284476453086 0.009332532157680795
0.0 0.46925522779082174 0.7071739868041812 0.010430477117408011 0.012077394556998656
0.0 0.49917422794338684 0.6717652618529806 0.008783559677817365 0.010430477117408011
0.0 0.5469348336915181 0.6338861607423935 0.010979449597271618 0.011528422077135048
0.0 0.5107026500205218 0.6533746837775505 0.009881504637544225 0.010979449597271618
0.0 0.36989120893551414 0.75301318887279 0.011528422077135137 0.010430477117407832
0.0 0.3158174196689517 0.7508172989533357 0.010979449597271618 0.010430477117408011
0.0 0.2957799241539311 0.771129280708288 0.011528422077135137 0.009332532157680795
0.0 0.2913881443150225 0.7936371523826946 0.01043047711740792 0.011528422077135048
0.0 0.319385740788065 0.7914412624632404 0.01043047711740792 0.011528422077135048
0.0 0.33036519038533657 0.8076359506192159 0.010430477117408011 0.009881504637544225
0.0 0.35424549325940224 0.7749720880673331 0.009881504637544402 0.009332532157680973
0.0 0.28754533695597745 0.8158705378171696 0.010430477117408011 0.01097944959727144
0.0 0.30291656639215764 0.8172429690168285 0.010430477117408011 0.010430477117408188
0.0 0.3484812822208346 0.8241051250151232 0.009332532157680883 0.00768561471809015
0.0 0.3644014841368783 0.8331631709328724 0.011528422077135225 0.012626367036862263
0.0 0.36796980525599166 0.8792768592414129 0.014273284476452996 0.011528422077135048
0.0 0.2806831809576827 0.8597883362062557 0.012077394556998656 0.01317533951672587
0.0 0.23429500640921036 0.8556710426072789 0.009332532157680883 0.009332532157680618
0.0 0.18845580434060166 0.8729636757229816 0.012077394556998699 0.00878355967781701
0.0 0.2449999697665502 0.8641801160451644 0.012077394556998744 0.008783559677817365
0.0 0.23484397888907393 0.8661015197246871 0.010430477117408011 0.009332532157680973
0.0 0.23429500640921036 0.8899818225987526 0.009332532157680883 0.012077394556998656
0.0 0.22276658433207527 0.8930011712380022 0.009332532157680883 0.011528422077135048
0.0 0.21315956593446264 0.8951970611574567 0.010979449597271618 0.011528422077135048
0.0 0.13849930867301602 0.8995888409963652 0.009881504637544402 0.010430477117408188
0.0 0.14591043715117433 0.9256650337898853 0.008234587197953669 0.00988150463754458
0.0 0.27519345615904695 0.9328016760281116 0.009881504637544402 0.01097944959727144
0.0 0.3015441351924987 0.8724147032431183 0.012077394556998744 0.00988150463754458
0.0 0.3018186214324305 0.8886093913990936 0.011528422077135137 0.010430477117408188
0.0 0.3114256398300431 0.8957460336373202 0.009881504637544402 0.010430477117408188
0.0 0.31444498846929275 0.9141366117127501 0.011528422077135048 0.008783559677817365
0.0 0.3111511535901113 0.9388403733066111 0.012626367036862263 0.01097944959727144
0.0 0.29632889663379464 0.9569564651421093 0.009332532157680795 0.01097944959727144
0.0 0.28452598831672776 0.9802877955363112 0.009881504637544402 0.010430477117408188
0.0 0.13410752883410737 0.9855030340950153 0.010979449597271573 0.01097944959727144
0.0 0.15990923538769555 0.9882478964943331 0.010979449597271573 0.008783559677817365
0.0 0.3512261446201524 0.980287795536311 0.012626367036862263 0.009332532157680618
0.0 0.43604239275907536 0.9660145110598582 0.01317533951672587 0.010430477117408188
0.0 0.47035317275054905 0.9550350614625867 0.009332532157680795 0.012626367036862263
0.0 0.4678827965911627 0.8960205198772518 0.010979449597271618 0.01097944959727144
0.0 0.5041149802621588 0.8263010149345776 0.012077394556998832 0.01097944959727144
0.0 0.5178392922587484 0.8131256754178515 0.008783559677817188 0.009881504637544225
0.0 0.5216820996177934 0.7818342440656278 0.009881504637544225 0.009881504637544402
0.0 0.5397981914532914 0.7843046202250139 0.008783559677817365 0.010430477117407832
0.0 0.5658743842468115 0.7738741431076059 0.010430477117408011 0.011528422077135048
0.0 0.49478244810447813 0.7299563447185197 0.014273284476453086 0.012626367036862263
0.0 0.5817945861628553 0.6591388948161179 0.010430477117407832 0.011528422077135048
0.0 0.56258054936763 0.7368185007168144 0.011528422077135225 0.012077394556998656
0.0 0.5771283200840147 0.7436806567151091 0.01317533951672587 0.009332532157680795
0.0 0.6075962927164433 0.7675609595891746 0.012626367036862263 0.01317533951672587
0.0 0.6921380546154344 0.8238306387751916 0.011528422077135225 0.012626367036862263
0.0 0.7088817152512734 0.8015972533407167 0.010979449597271795 0.012077394556998744
0.0 0.739349687883702 0.7384654181564051 0.014822256956316693 0.010979449597271618
0.0 0.7291936970062258 0.6882344362488877 0.00988150463754458 0.010430477117408011
0.0 0.7179397611690226 0.6992138858461592 0.011528422077135048 0.00823458719795358
0.0 0.7124500363703867 0.7077229592840447 0.010430477117408011 0.010979449597271618
0.0 0.7006471280533194 0.7568559962318347 0.012077394556999544 0.012626367036862618
0.0 0.6902166509359119 0.7626202072704025 0.008783559677817188 0.010979449597271618
0.0 0.6729240178202092 0.7340736383174965 0.010430477117407832 0.012077394556998832
0.0 0.6789627150987084 0.6385524268212339 0.010430477117408011 0.010979449597271618
0.0 0.6630425131826648 0.6687459132137308 0.0137243119965893 0.014273284476452907
0.0 0.7632299907577679 0.7055270693645903 0.010979449597271618 0.01097944959727144
0.0 0.8046774129874679 0.7376419594366098 0.013724311996589389 0.014822256956316693
0.0 0.796717312029446 0.6503553351383009 0.009881504637544492 0.011528422077135048
0.0 0.7895806697912195 0.7003118308058865 0.013175339516726049 0.009332532157680795
0.0 0.813735458905217 0.6830191976901838 0.012077394556999011 0.012077394556998656
0.0 0.8321260369806469 0.6876854637690242 0.011528422077135048 0.012626367036862263
0.0 0.8395371654588052 0.7099188492034991 0.012077394556999011 0.012077394556998656
0.0 0.8400861379386686 0.7497193539936085 0.01317533951672587 0.012626367036862263
0.0 0.864515413292598 0.7250155923997476 0.010430477117407832 0.008234587197953757
0.0 0.8672602756919158 0.7560325375120397 0.010430477117407832 0.009881504637544402
0.0 0.8708285968110292 0.7749720880673331 0.01317533951672587 0.011528422077135225
0.0 0.9166677988796378 0.7952840698222856 0.009332532157680973 0.017018146875770856
0.0 0.9216085511984101 0.751640757673131 0.010430477117407832 0.010979449597271618
0.0 0.9224320099182053 0.6961945372069096 0.00548972479863572 0.008783559677817188
0.0 0.95537035871002 0.7961075285420809 0.014273284476453086 0.015371229436180123
0.0 0.8642409270526663 0.6649031058546857 0.01097944959727144 0.008783559677817188
0.0 0.8584767160140985 0.6764315279318207 0.011528422077135048 0.01317533951672587
0.0 0.8938854409652992 0.6624327296952998 0.01317533951672587 0.011528422077135048
0.0 0.9221575236782735 0.6772549866516162 0.009332532157680618 0.011528422077135048
0.0 0.9290196796765684 0.6709418031331851 0.01097944959727144 0.008783559677817188
0.0 0.959213166069065 0.6687459132137308 0.010979449597271795 0.012077394556998656
0.0 0.9833679551830625 0.7477979503140859 0.01317533951672587 0.007685614718089972
0.0 0.9921515148608799 0.7955585560622171 0.013175339516725514 0.01097944959727153
0.0 0.9891321662216302 0.8079104368591477 0.011528422077135048 0.013724311996589833
0.0 0.9899556249414256 0.8375549507717809 0.01317533951672587 0.014822256956316693
0.0 0.5048895025622288 0.8586903912465289 0.01317533951672587 0.012077394556998656
0.0 0.5164179246393638 0.8798258317212765 0.012077394556998656 0.009332532157680973
0.0 0.5268484017567716 0.8927266849980704 0.009881504637544225 0.012077394556998656
0.0 0.5556694569496095 0.9061765107547283 0.010430477117408011 0.010430477117408188
0.0 0.5762559249444937 0.8825706941205944 0.012077394556998656 0.009332532157680618
0.0 0.581196677263266 0.8762575106021634 0.014273284476453086 0.00988150463754458
0.0 0.5430430899127473 0.8762575106021633 0.009332532157680795 0.008783559677817365
0.0 0.47497050240966365 0.9286843824291349 0.01262636703686244 0.009332532157680973
0.0 0.522731108157795 0.9360955109072935 0.012626367036862263 0.01097944959727144
0.0 0.529044291676226 0.9726021808182214 0.010979449597271795 0.010430477117408188
0.0 0.504340530082365 0.9849540616151516 0.016469174395907338 0.01427328447645273
0.0 0.746437393702203 0.9935749757673029 0.01317533951672587 0.012850048465393903
0.0 0.6621701180431439 0.9407617769861337 0.012626367036862263 0.012626367036862263
0.0 0.6876973383568002 0.8562200150871426 0.01097944959727144 0.011528422077135048
0.0 0.7093817513114116 0.8575924462868016 0.010430477117407832 0.014273284476453086
0.0 0.6855014484373457 0.8737871344427772 0.009881504637544225 0.010430477117407832
0.0 0.7019706228332532 0.8973929510769111 0.010979449597271618 0.013724311996589833
0.0 0.7025195953131167 0.8811982629209355 0.00988150463754458 0.008783559677817365
0.0 0.7041665127527075 0.89107976755848 0.008783559677817365 0.006587669758362935
0.0 0.710205210031207 0.8811982629209354 0.007685614718089972 0.01097944959727144
0.0 0.7184397972291606 0.9023337033956833 0.009881504637544402 0.011528422077135402
0.0 0.726674384427114 0.9201753089912496 0.014273284476452907 0.012077394556998656
0.0 0.7453394487424758 0.8820217216407309 0.014273284476452907 0.010430477117408188
0.0 0.7920021095308798 0.8062635194195572 0.012077394556998832 0.017018146875771124
0.0 0.8191762472841269 0.8205368038960102 0.011528422077135048 0.012626367036862263
0.0 0.8276853207220114 0.8488088866089845 0.009881504637545646 0.01427328447645273
0.0 0.8172548436046043 0.8680229234042098 0.010979449597271795 0.012077394556998656
0.0 0.8175293298445363 0.8814727491608674 0.010430477117407832 0.013724311996589477
0.0 0.8419586051984655 0.9083724006741827 0.01097944959727144 0.011528422077135048
0.0 0.8680347979919855 0.9168814741120681 0.013724311996589477 0.014273284476453086
0.0 0.785414439772517 0.9253905475499536 0.014273284476452907 0.013724311996589477
0.0 0.5971168791793097 0.8995888409963655 0.014273284476452907 0.010430477117408188
0.0 0.8856019173476201 0.8518282352482339 0.011528422077135048 0.011528422077135402
0.0 0.8858764035875518 0.8658270334847552 0.009881504637544225 0.01097944959727144
0.0 0.8968558531848234 0.8633566573253694 0.01317533951672587 0.010430477117407832
0.0 0.9273238258172519 0.8927266849980706 0.011528422077135048 0.012077394556999011
0.0 0.9358328992551375 0.9179794190717953 0.014273284476453086 0.012077394556998656
0.0 0.975358917805315 0.9522901990632688 0.01317533951672587 0.018116091835498338
0.0 0.9366563579749329 0.9605247862612225 0.01592020191604391 0.012626367036861907
0.0 0.9270493395773203 0.9322527035482484 0.01317533951672587 0.0120773945569983
0.0 0.8996007155841413 0.9393893457864747 0.014273284476453086 0.012077394556998656
0.0 0.9059138991025725 0.9646420798601995 0.014822256956316693 0.01427328447645273
0.0 0.9048159541428452 0.991267245133583 0.014822256956316693 0.014822256956316338
0.0 0.9531255323708402 0.9943984344870984 0.014822256956316693 0.011203131025803259
0.0 0.5763547114794394 0.9668427581272974 0.00948225192491634 0.007985054252561241
0.0 0.4159050275920392 0.9922951185573361 0.011977581378841685 0.01497197672355206
0.0 0.33461670592205833 0.9965318578600936 0.012077394556998832 0.00693628427981281
0.0 0.31617800185476186 0.8227309669898727 0.011079685223913139 0.00964584360670102
