0.0 0.1598338401062926 0.9327789758315209 0.007822795296241258 0.006243192399884734
0.0 0.3142752507582419 0.7967106099904886 0.006666876664619892 0.006795085831247239
0.0 0.29330751240912545 0.6629892886767668 0.005423879747800076 0.009070971302355346
0.0 0.18973213140683148 0.753090974041642 0.0050543259770605255 0.006384411760497599
0.0 0.43321456626451943 0.6866602558143259 0.005470333427598284 0.007545287486342467
0.0 0.4492954602197868 0.6832177183986818 0.004810120772543236 0.008771396702872991
0.0 0.4531152620097478 0.6829819281647337 0.003961275930329933 0.0077339196735009
0.0 0.6258343065059396 0.9915929116797064 0.007393916821836477 0.0050632256497358695
0.0 0.8334829121211424 0.7027113080470138 0.007576137773251901 0.006038950398969156
0.0 0.8639151376670957 0.8096811664894774 0.00760826025069612 0.005926434300542027
0.0 0.8828716495053068 0.9072393539981413 0.006201411439059612 0.005658787938141785
0.0 0.9486633026938229 0.881169839776684 0.005924366733360031 0.006402138244114753
0.0 0.9355643464181356 0.8245675165041643 0.0036786003893165995 0.006786383476842417
