0.0 0.0015059894588683952 0.680065480134701 0.0030119789177367904 0.004213600904105874
0.0 0.06391513766709575 0.009681166489477455 0.00760826025069612 0.005926434300542027
0.0 0.08287164950530687 0.10723935399814125 0.006201411439059612 0.005658787938141785
0.0 0.14866330269382289 0.08116983977668397 0.005924366733360031 0.006402138244114753
0.0 0.13556434641813553 0.024567516504164288 0.0036786003893165995 0.006786383476842417
0.0 0.11404479791538176 0.9095983994771248 0.005607293337928354 0.009345488896547493
0.0 0.1719394216504222 0.8920847379851935 0.005472118959107775 0.0046394052044611556
0.0 0.21810285817043357 0.8653279523265972 0.003925650557620841 0.0058884758364314395
0.0 0.27055609096475147 0.8981757743223138 0.00628679277707569 0.00830754759827812
0.0 0.2852811258429139 0.9723830970562262 0.006366177044084864 0.004297169504756937
0.0 0.7487011137793298 0.98707159481174 0.00968393469590616 0.005827500524970474
0.0 0.7469871430366919 0.9927705475310123 0.008141361027531602 0.005913199062101171
0.0 0.7624985782575673 0.9907137826398461 0.006084596136365761 0.006084596136365405
0.0 0.7682403802454054 0.998292066216691 0.007627169804740319 0.003415867566618047
0.0 0.7263517183398672 0.9707185734012651 0.005572151806677183 0.009286919677796135
0.0 0.6786991205388698 0.9463733419155176 0.00592494301095634 0.008294920215338664
0.0 0.6469974199670615 0.9164574379882243 0.005909917796220299 0.008313952154004767
0.0 0.3645747406166443 0.9465239853277886 0.007562455561720682 0.009113728497458595
0.0 0.4690617156181773 0.8978605666463192 0.005856174364142675 0.002868330300804445
0.0 0.47151174775011456 0.9004301125407903 0.004541522976273882 0.0051390917889413855
0.0 0.4244233253119056 0.8753322224087494 0.006214715651743319 0.004661036738807666
0.0 0.2562095726066259 0.7899260231618065 0.005847539483940167 0.007500104990271694
0.0 0.25452747367450745 0.753411575951116 0.005974659907504431 0.007118743719579612
0.0 0.11592624962497045 0.6068190193088954 0.006509017285561569 0.008437614999802534
0.0 0.7734781523961305 0.9094973448357055 0.006285825582741822 0.0068277070984954944
0.0 0.6437546951379925 0.799984061941409 0.006258322785923198 0.00467575840327612
0.0 0.6873947156544284 0.8025852646220933 0.006269137659266377 0.007448480387247258
0.0 0.7327380160234883 0.7797099163246829 0.006482562038718953 0.0046080862684871
0.0 0.7791319822874068 0.7796548497039769 0.009134823074530373 0.008802647690001919
0.0 0.7507309869102308 0.8009971181599251 0.0051487184601899825 0.008636559997737691
0.0 0.8021509079660024 0.770229384148829 0.004118881990933687 0.007389758866086282
0.0 0.8094531379572324 0.7401590056391761 0.006905184514211982 0.005209174282650863
0.0 0.7931593253754519 0.7309520929535601 0.004361169166870837 0.006178322986400175
0.0 0.3534644225235871 0.6479238497421825 0.0075759827612099425 0.006188830988030603
0.0 0.4475429699950368 0.5613713956383801 0.00537597022485663 0.004031977668642384
0.0 0.3979165555321119 0.536821954181869 0.007696171988213152 0.0054822047039326804
0.0 0.29807898908257935 0.4270601135900131 0.006391814640538484 0.004934032354099926
0.0 0.3945415368098043 0.4415611144946743 0.008179227687993418 0.011100380433705582
0.0 0.38870971806568466 0.37268207737012615 0.0065923090257197 0.006126969565080742
0.0 0.26216088604556803 0.2459343515732483 0.008373134672635275 0.0072313435809125085
0.0 0.4112261187024709 0.007137381687311262 0.007219547501865975 0.009055025680306628
0.0 0.41661018802589656 0.024452059170600116 0.00819846919703444 0.007219547501865975
0.0 0.8240117632854502 0.7128504279728677 0.004143687561351328 0.005801162585892428
0.0 0.7962002447271858 0.6900700470620654 0.00776941417753445 0.006008346963960065
0.0 0.8225126607417685 0.6580082645561071 0.005283201640723689 0.006733492287196085
0.0 0.8157273723600553 0.6337676923221993 0.005386793829757153 0.007355045421398998
0.0 0.8101851902467476 0.6270342000350029 0.007976598555601556 0.005076017262655341
0.0 0.7583901936635062 0.6186507036907327 0.00433183527584049 0.005431983917323535
0.0 0.7621031953285125 0.6202321673628649 0.0033692052145426034 0.0051569467569525075
0.0 0.7603498334311485 0.6237388911575928 0.004125557405562574 0.0033692052145426034
0.0 0.774622122767967 0.6325310497913946 0.005431983917323535 0.004675631726303919
0.0 0.7017569283318821 0.5904037134117563 0.0071375464684017235 0.005055762081784465
0.0 0.6415147619280065 0.6104220509255395 0.006848491516737454 0.008621042262245738
0.0 0.6703314386445272 0.533960789337746 0.008782870796204278 0.00710379255575333
0.0 0.6392312028443836 0.4849188914399692 0.007334812644117861 0.006729185912034552
0.0 0.5575546383791045 0.4331673090255698 0.006087138277723625 0.008706919308642114
0.0 0.459774417066434 0.4203591762786372 0.006182181380780705 0.008590823477188536
0.0 0.44710598256732614 0.38749208844737487 0.007385092654784131 0.005763974754953693
0.0 0.43140876362978736 0.3331568765203118 0.007018587360594708 0.007910780669145013
0.0 0.7533244110506321 0.6462041950284266 0.006974632691103722 0.005618454112277504
0.0 0.8119472926277467 0.5938417724225766 0.005174407507059442 0.005277895657200204
0.0 0.7904217573983816 0.5850452796605763 0.006416265308752856 0.00714068235974139
0.0 0.7583461383979865 0.5793954855053254 0.008239819484123955 0.006760877525435305
0.0 0.7522024049996883 0.5572461632310883 0.008134180772788824 0.009507484020143054
0.0 0.7546320953603916 0.534692298361082 0.008979290463468103 0.00792290335011927
0.0 0.7590161018807905 0.5292519047273336 0.00908492917480359 0.00591576783475567
0.0 0.7300485862177091 0.5123677024289 0.00851428835048651 0.008313952154004411
0.0 0.7287154313053122 0.4799479593237413 0.00851428835048651 0.00601008589446117
0.0 0.800463606901561 0.49648594807407154 0.007455320774596252 0.006423045590421594
0.0 0.8216875102187444 0.4642451698571165 0.006034161071592337 0.007925465288061418
0.0 0.7949194771194306 0.4350872221459502 0.006667716252926681 0.005051300191611574
0.0 0.5447385804369977 0.3887669369154539 0.008583425239882914 0.007935619561401453
0.0 0.5913301056073428 0.3829698881241054 0.008089219330855001 0.008446096654274982
0.0 0.635242275853081 0.3907207364752271 0.005909523044548237 0.005814208156732903
0.0 0.6836038294062989 0.4183904946534939 0.009164420957835873 0.010844564800106227
0.0 0.5654099042699204 0.34262540698505556 0.006795893994560487 0.004122099636045107
0.0 0.5655770164173267 0.34624617017887704 0.005347588717030049 0.004010691537776267
0.0 0.5847930152463514 0.34947246367518703 0.006248529775460554 0.008555679231015745
0.0 0.6126827769053467 0.3364085691859806 0.004507564420845966 0.0067112625821483364
0.0 0.6439403544724589 0.37188218460177824 0.006268731920111392 0.006553674280116795
0.0 0.7838668493241052 0.4566317077264371 0.008246449614813045 0.009083045952548118
0.0 0.7852220966221232 0.39540646093960863 0.009796912979422956 0.008353157382455123
0.0 0.7237506547632883 0.3666335349298988 0.010977992658556701 0.008421473820262548
0.0 0.6952529888893638 0.38001766296567324 0.009023007664567118 0.009624541508871686
0.0 0.6910744823256769 0.33408883693336655 0.007736830512766346 0.008274110409486113
0.0 0.6582599088870709 0.33309429667905077 0.008762648109926375 0.009781560680848145
0.0 0.6420172846988279 0.2814180634603602 0.009407374303401638 0.008176502899218008
0.0 0.6614914287007295 0.2779452477128427 0.009143616145362188 0.009846971233467273
0.0 0.536507172184837 0.24756477463409468 0.008255094477961222 0.006845688103674874
0.0 0.5354501174041228 0.2339237343686836 0.006342328684286969 0.006745016219797506
0.0 0.5513565954510374 0.17667456819619218 0.009231150026594647 0.005664569334501479
0.0 0.4790551907784817 0.1110153034408917 0.007869924663618733 0.005793138988497049
0.0 0.48465589682656135 0.09197944746474551 0.0052466164424124885 0.005137311933195577
0.0 0.7761186301257503 0.3298058017816897 0.008451799724686637 0.007960416019762917
0.0 0.7589594261412792 0.30828821543669616 0.00848005115780417 0.009784674412850691
0.0 0.7069331364403444 0.2513059772915126 0.009293916880301368 0.007490619575168012
0.0 0.592553354807856 0.21113567998550006 0.008286494846554148 0.0072737010319752216
0.0 0.6155713960482843 0.20869576761401465 0.006813340207166618 0.007918206186707267
0.0 0.6347833954316657 0.2181357672008309 0.007812141703103848 0.008360362173496939
0.0 0.7872352347656252 0.2947007816123305 0.007288911432193146 0.008600915489988026
0.0 0.7732405248158141 0.28201807572031434 0.00816358080405628 0.006560020288974044
0.0 0.7884014605947757 0.3159115138800125 0.004664903316603741 0.011370701834221463
0.0 0.8018859467443331 0.2799042914049787 0.007434689660836824 0.006705798517617723
0.0 0.7976564968224087 0.2641810691001947 0.010058697776426938 0.007580467889481213
0.0 0.787670688160304 0.2470521272345408 0.006705798517617723 0.005685350917110909
0.0 0.7831515630723445 0.2525188108086859 0.006414242060330011 0.0075804678894808575
0.0 0.757348816602381 0.22474805825202981 0.009038250175919771 0.00830935903269996
0.0 0.7880351337319139 0.22008315493542643 0.006851576746261756 0.007143133203549113
0.0 0.8074965272558693 0.21855248353466586 0.005831129145754943 0.006122685603042299
0.0 0.7827190964391348 0.18444499566216005 0.007044147186364924 0.007547300556819181
0.0 0.7739768066274861 0.16293518907522522 0.0071699355289784 0.006540993815909957
0.0 0.7636748870303288 0.142406262861493 0.009308337353410679 0.0070441471863645685
0.0 0.7698385158183975 0.12775192094700216 0.006540993815909957 0.0071699355289784
0.0 0.7580773057840207 0.11454414497256842 0.007924665584660318 0.00591205210284187
0.0 0.746127413235724 0.11183969560637497 0.009182549010796848 0.00729572387159152
0.0 0.7336743673169721 0.1031602999660329 0.008176242269887623 0.006792570501137263
0.0 0.7467563549487919 0.0896380531350653 0.007421512214205705 0.007421512214205705
0.0 0.7833607626493653 0.10165083985466908 0.007673088899432657 0.007547300556819181
0.0 0.7396493135911207 0.07548686459102924 0.007547300556818825 0.007547300556819181
0.0 0.7780147580882849 0.05146129115182134 0.009308337353410679 0.006540993815910312
0.0 0.7915370049192525 0.041083752886195236 0.007673088899433011 0.007924665584660318
0.0 0.6272805701756372 0.05297663841017819 0.00790180541407004 0.008947632601226375
0.0 0.6160669786689057 0.03008464331353409 0.008947632601226019 0.0075531963516844765
0.0 0.6928202478332695 0.046431949333795686 0.009159851301115296 0.008802973977695316
0.0 0.7527736151378068 0.03362920385461141 0.0073664446566581885 0.008862753727542482
0.0 0.7387888803599312 0.027586417222196145 0.009092955123063007 0.006906041865617496
0.0 0.7082287193349961 0.010310013083369896 0.00865555225032324 0.006341691747761402
0.0 0.7450589259512232 0.013836157873192789 0.007027280044816564 0.00848415517605936
0.0 0.7372603590722191 0.006980274902639749 0.006513088822024926 0.006941581507684802
0.0 0.731004365861587 0.010322517850784686 0.007027280044816564 0.007798566879003488
