0.0 0.01067117130419813 0.770229384148829 0.020434763365872556 0.007389758866086282
0.0 0.046899289090145097 0.7401590056391761 0.03425827976043154 0.005209174282650863
0.0 0.1191281279278153 0.7128504279728677 0.020557829761743023 0.005801162585892428
0.0 0.0002107331868601673 0.6900700470620654 0.0004214663737203346 0.006008346963960065
0.0 0.11169071995916176 0.6580082645561071 0.026211232946226057 0.006733492287196085
0.0 0.0780272737243057 0.6337676923221993 0.026725178690268043 0.007355045421398998
0.0 0.05053117641797292 0.6270342000350029 0.03957382229135655 0.005076017262655341
0.0 0.059273389781069 0.5938417724225766 0.02567147910479103 0.005277895657200204
0.0 0.010396942111898988 0.49648594807407154 0.020793884223797975 0.006423045590421594
0.0 0.10759694992245294 0.4642451698571165 0.02993692314588446 0.007925465288061418
0.0 0.0138996380148875 0.2799042914049787 0.027799276029775 0.006705798517617723
0.0 0.0066625630030938375 0.2641810691001947 0.013325126006187675 0.007580467889481213
0.0 0.03719207320741342 0.21855248353466586 0.028929632971187315 0.006122685603042299
