0.0 0.14600628717284322 0.530643464451104 0.01042010528864239 0.009807157918721998
0.0 0.13405381345940093 0.46260630638996963 0.014710736878082997 0.012258947398402675
0.0 0.10555176075811482 0.42307120103012147 0.009194210548802317 0.007968315808961712
0.0 0.2639986558824681 0.4917213064611758 0.014710736878082997 0.009194210548801962
0.0 0.30261434018743605 0.5303369907661439 0.009807157918721998 0.01287189476832289
0.0 0.3816845509071328 0.6228920436240832 0.014710736878082997 0.01409778950816296
0.0 0.440833972104425 0.6351509910224857 0.011646000028482461 0.011646000028482461
0.0 0.4635130247914695 0.578759832989834 0.011646000028482461 0.012871894768322711
0.0 0.2351901294962218 0.6026647804167189 0.013484842138242924 0.011646000028482461
0.0 0.5416638144562856 0.5094967801888596 0.011033052658562071 0.014097789508162784
0.0 0.3084373402016773 0.4466696747720464 0.009194210548801606 0.011033052658562248
0.0 0.3075179191467967 0.36330883246290896 0.012258947398402853 0.013484842138242836
0.0 0.21496286628885777 0.3161118849790591 0.009807157918721998 0.011033052658562248
0.0 0.23181891896166143 0.31212772707457825 0.007968315808961535 0.01409778950816296
0.0 0.3439882876570447 0.444217885292366 0.007968315808961535 0.012258947398402675
0.0 0.3182444981203993 0.41724820101588034 0.011646000028482461 0.012258947398402675
0.0 0.20852691890469616 0.4215388326053212 0.014097789508163316 0.012258947398402498
0.0 0.25694976123194735 0.7178988960340282 0.011646000028482461 0.011646000028482461
0.0 0.9382407627946087 0.6587494647644108 0.009807157918721998 0.013484842138242747
0.0 0.8548799204854713 0.5432088855344667 0.007355368439041854 0.007968315808961535
0.0 0.7828586045198562 0.5796792540447143 0.010420105288641679 0.008581263178881925
0.0 0.9305789206706073 0.4546379905810081 0.009194210548801606 0.009807157918721998
0.0 0.9452896575486903 0.4135705167963596 0.006742421069121462 0.012258947398402675
0.0 0.333848952098004 0.7300203175748725 0.014710736878082997 0.008581263178881748
0.0 0.3614315837444099 0.7355368439041537 0.012258947398402853 0.012258947398402498
0.0 0.5045547946207598 0.7456504755078359 0.01532368424800339 0.010420105288642212
0.0 0.5076195314703604 0.822575370432812 0.011646000028482461 0.011033052658562071
0.0 0.9780566378840589 0.9359706338680356 0.006129473699201071 0.008581263178881571
0.0 0.5125231104297218 0.8452544231198565 0.009194210548801606 0.011033052658562425
0.0 0.343043162646806 0.8234947914876921 0.014710736878082997 0.010420105288642035
0.0 0.6424679528527886 0.8320760546665739 0.011646000028482461 0.011646000028482461
0.0 0.8956152166298015 0.9540525812806795 0.012871894768322534 0.011646000028482461
