0.0 0.4300816891754643 0.04545721455058356 0.012258947398402142 0.011646000028482461
0.0 0.55328411052941 0.1116555305019574 0.012258947398402142 0.012871894768322534
0.0 0.6626952160601534 0.03626300400178195 0.012871894768322534 0.012871894768322534
0.0 0.9860249536930205 0.07365279356690949 0.008581263178881925 0.011646000028482461
0.0 0.9823472694734996 0.05618379352418614 0.008581263178881925 0.012258947398402142
0.0 0.43192053128522473 0.2955397414779963 0.013484842138242924 0.012871894768322534
0.0 0.7843652689892977 0.4037249522688988 0.013484842138242924 0.009807157918721998
0.0 0.4496960050129083 0.5128295841146816 0.01593663161792378 0.013484842138242924
0.0 0.5220237946634836 0.5787214263810956 0.01103305265856278 0.011646000028481752
0.0 0.4015796364741785 0.5535905842143698 0.01042010528864239 0.014097789508162605
0.0 0.926262585125808 0.46410026820603106 0.012871894768322534 0.015323684248002678
0.0 0.5765761105863749 0.8143996901153852 0.01593663161792378 0.014710736878082997
0.0 0.6697441108142339 0.971007743129978 0.012258947398402142 0.012871894768322534
0.0 0.15383135962000233 0.8374566400412402 0.02115587066433946 0.015111336188812885
0.0 0.20218763542420676 0.8166785527816209 0.007555668094406798 0.01435576937937313
0.0 0.22787690694519042 0.5983197448532618 0.013600202569931951 0.012844635760492195
0.0 0.13704809490414718 0.1597150991873683 0.00906680171328773 0.010577935332170085
