0.0 0.22257079735507368 0.1359706338680356 0.007661842124001339 0.008581263178881571
0.0 0.42331106100391613 0.02594658096737277 0.007661842124001339 0.011646000028482461
0.0 0.11951902078725185 0.1540525812806795 0.016089868460403167 0.011646000028482461
0.0 0.30800033703769136 0.14853605495139827 0.014557500035602189 0.01409778950816296
0.0 0.12296684974305228 0.3207742658989542 0.010726578973602408 0.011646000028482461
0.0 0.20035145519546838 0.35571226598440175 0.010726578973602408 0.01532368424800339
0.0 0.1854108630536655 0.3584705291490417 0.009960394761201918 0.013484842138242924
0.0 0.08848856018504536 0.2916592658277482 0.012258947398402498 0.008581263178881571
0.0 0.2612631000812815 0.6572823719851044 0.016089868460403167 0.016549578987843462
0.0 0.2915273764710884 0.6183602139951766 0.018388421097604635 0.014710736878082997
0.0 0.4133506662427129 0.6949786352351925 0.018388421097604635 0.009807157918721998
0.0 0.3750414556227053 0.45378384517162207 0.012258947398402498 0.016549578987843462
0.0 0.324090205498095 0.4439766872528999 0.016089868460403167 0.01409778950816296
0.0 0.2325311921162756 0.8736527935669095 0.010726578973602408 0.011646000028482461
0.0 0.22793408684187444 0.8561837935241862 0.010726578973602408 0.012258947398402142
0.0 0.329836587091096 0.7688387933105678 0.015323684248002678 0.01287189476832289
0.0 0.3371153371088975 0.7305295826905593 0.013025131610802987 0.01593663161792307
0.0 0.3987931662071107 0.9533359516565258 0.018388421097603747 0.014097789508162605
