0.0 0.6693972767515757 0.6049545362163696 0.011394691606815143 0.012430572661980398
0.0 0.5290353937767163 0.39933214676611384 0.014502334772310022 0.0113946916068151
0.0 0.5538965391006766 0.3988142062385313 0.012430572661979866 0.008287048441320177
0.0 0.5730603386212293 0.4184959462866667 0.011394691606815143 0.012430572661980221
0.0 0.9460062871728432 0.530643464451104 0.01042010528864239 0.009807157918721998
0.0 0.934053813459401 0.46260630638996963 0.014710736878082997 0.012258947398402675
0.0 0.9055517607581148 0.42307120103012147 0.009194210548802317 0.007968315808961712
0.0 0.32874258170791604 0.6016078435766058 0.00796831580896189 0.007968315808961535
0.0 0.47033342415946533 0.5574756329423565 0.011646000028482461 0.010420105288642212
0.0 0.5129332663689145 0.6429817910462143 0.012258947398402498 0.011033052658562248
0.0 0.22607389724629456 0.8146070546238502 0.011033052658562425 0.011033052658562425
0.0 0.6612665298895853 0.8109293704043296 0.009807157918721998 0.011033052658562425
0.0 0.15956910760996051 0.7450375281379156 0.009194210548801962 0.006742421069121285
