0.0 0.19368198623589983 0.7908341739311628 0.006129473699201427 0.008486963583509421
0.0 0.1809515408606357 0.880418789534874 0.006129473699201427 0.007543967629786152
0.0 0.3697864805937213 0.835154983756157 0.00942995953723269 0.011315951444679229
0.0 0.09843939490984929 0.5234948210506151 0.009901457514094502 0.007543967629786152
0.0 0.04775336239722332 0.6482060359305178 0.006600971676062883 0.010844453467817771
0.0 0.44074692611139754 0.6437268051503324 0.007072469652924696 0.009429959537233046
0.0 0.21466364620624284 0.4466406508221681 0.008486963583509421 0.006600971676062883
0.0 0.26723567062631515 0.4202367641179162 0.00801546560664761 0.007543967629786152
0.0 0.007440285375553302 0.22975158146581495 0.006129473699201427 0.006600971676062883
0.0 0.09749639895612602 0.15124716831835255 0.007072469652924696 0.006129473699201427
0.0 0.32051494201168024 0.06991376730972014 0.007072469652924696 0.005657975722339614
0.0 0.7201094775214102 0.14912542742247528 0.007543967629786152 0.008486963583509777
0.0 0.8782970486389964 0.06472728956424216 0.006129473699201071 0.01037295549095596
0.0 0.8002641334683958 0.6479702869420871 0.005657975722340147 0.012258947398402498
0.0 0.672252432750461 0.7085577769688076 0.008015465606647964 0.007072469652924696
0.0 0.7821114613592227 0.904936684331679 0.007072469652924696 0.008486963583509066
0.0 0.9094159151118646 0.9266255912673145 0.00801546560664761 0.010372955490956315
