0.0 0.10962327962033061 0.8634448623678551 0.008015465606647832 0.005657975722339614
0.0 0.4410863573540613 0.8881985061530913 0.008958461560371056 0.005186477745478158
0.0 0.5639115803265178 0.8747608138125343 0.006600971676062883 0.00942995953723269
0.0 0.5740487868290429 0.8811260365001669 0.0042434817917548886 0.006129473699201071
0.0 0.5254844952122943 0.8094583440171974 0.006129473699201249 0.00801546560664761
0.0 0.3609317012875831 0.8983357126556161 0.007072469652924429 0.007543967629786152
0.0 0.3345278145833314 0.8648593562984402 0.006129473699201249 0.008486963583509777
0.0 0.23433449450023355 0.8462351862124056 0.005657975722339614 0.006129473699201781
0.0 0.19637890736287178 0.9391202876541478 0.002357489884308217 0.005186477745477447
0.0 0.031118866472868035 0.880418789534874 0.007543967629786197 0.007543967629786152
0.0 0.007072469652924554 0.8561366437264997 0.0075439676297861915 0.007072469652924696
0.0 0.0044792307801855506 0.8002412118290785 0.008958461560371101 0.011270108166044856
0.0 0.08982036459214185 0.7693810159839586 0.008015465606647832 0.006129473699201427
0.0 0.10514404884014505 0.7509925948863547 0.007543967629786197 0.006129473699201071
0.0 0.1313121865559659 0.904936684331679 0.006129473699201293 0.005657975722339614
0.0 0.4835211752716086 0.03266542713765084 0.008015465606647964 0.005657975722339614
0.0 0.4795134424682848 0.04091664173272971 0.007543967629786152 0.00707246965292434
0.0 0.5120468028717378 0.12437178363723937 0.006600971676062883 0.006129473699201071
0.0 0.5306709729577723 0.17882979996475826 0.008958461560371056 0.008486963583509421
0.0 0.667405386247647 0.1316800022785946 0.006129473699201249 0.007543967629786152
0.0 0.26875384681113307 0.17081433435811047 0.006600971676062972 0.008486963583509421
0.0 0.3599887053338598 0.24271777582951018 0.007072469652924606 0.009901457514094148
0.0 0.36941866487109254 0.24601826166754162 0.008015465606647875 0.0070724696529250505
0.0 0.4234051832217499 0.308727492590139 0.004714979768616345 0.007072469652924696
0.0 0.44297234926150786 0.3139139703356172 0.00518647774547798 0.008015465606647964
0.0 0.6336932809020401 0.27878737105942514 0.006600971676063061 0.00471497976861599
0.0 0.4208119443490109 0.4834174930173756 0.004243481791754711 0.008486963583509421
0.0 0.40973174189276246 0.4466406508221681 0.007543967629786152 0.006600971676062883
0.0 0.4311848998399669 0.43579619735435016 0.008015465606647787 0.007543967629786152
0.0 0.2994012153071394 0.5428262381019417 0.003771983814893165 0.00565797572233997
0.0 0.2810127942095356 0.5595644162805302 0.00942995953723269 0.00801546560664761
0.0 0.24612194392177447 0.5161866024092594 0.006600971676062883 0.009901457514094502
0.0 0.3451365190627182 0.689462108905911 0.00942995953723269 0.006600971676062883
0.0 0.16903202470489684 0.7073790320266532 0.008958461560371101 0.006600971676062883
0.0 0.6131831189085587 0.7302466839044428 0.007072469652924518 0.006129473699201427
0.0 0.6134188678969896 0.7795182224864838 0.005657975722339614 0.006600971676062528
0.0 0.6070536452093576 0.8370409756636032 0.006129473699201249 0.008486963583509066
0.0 0.6692913781550937 0.7281249430085655 0.004243481791754711 0.008486963583509421
0.0 0.4696119849541904 0.9591589516707671 0.006600971676062883 0.008486963583509066
0.0 0.30623793597163323 0.922146360487129 0.010844453467817594 0.008958461560371233
0.0 0.34772975793545724 0.9169598827416507 0.005186477745478068 0.005186477745478158
0.0 0.09429959537232738 0.9110661580308801 0.006600971676062906 0.006600971676063239
0.0 0.7793861557522859 0.7616012993657414 0.008486963583509421 0.007543967629786152
0.0 0.9936819862358999 0.7908341739311628 0.006129473699201427 0.008486963583509421
0.0 0.9809515408606357 0.880418789534874 0.006129473699201427 0.007543967629786152
0.0 0.7199774106677197 0.5824320681583195 0.011315951444679229 0.01037295549095596
0.0 0.6230845764226532 0.5392900032754797 0.011787449421540863 0.005186477745478158
0.0 0.7343580989619996 0.5187798412819984 0.008958461560371056 0.005657975722339614
0.0 0.8984393949098493 0.5234948210506151 0.009901457514094502 0.007543967629786152
0.0 0.8477533623972233 0.6482060359305178 0.006600971676062883 0.010844453467817771
0.0 0.7444953054645247 0.6588147404099045 0.0056579757223394365 0.006600971676062883
0.0 0.7223349005520278 0.42919522567828744 0.006600971676062883 0.005657975722339614
0.0 0.7053609733850089 0.4690368047230956 0.006600971676063061 0.005186477745478158
0.0 0.8074402853755533 0.22975158146581495 0.006129473699201427 0.006600971676062883
0.0 0.897496398956126 0.15124716831835255 0.007072469652924696 0.006129473699201427
