0.0 0.4835211752716086 0.8326654271376508 0.008015465606647964 0.005657975722339614
0.0 0.4795134424682848 0.8409166417327297 0.007543967629786152 0.00707246965292434
0.0 0.5120468028717378 0.9243717836372394 0.006600971676062883 0.006129473699201071
0.0 0.5306709729577723 0.9788297999647583 0.008958461560371056 0.008486963583509421
0.0 0.667405386247647 0.9316800022785946 0.006129473699201249 0.007543967629786152
0.0 0.26875384681113307 0.9708143343581105 0.006600971676062972 0.008486963583509421
0.0 0.897496398956126 0.9512471683183525 0.007072469652924696 0.006129473699201427
0.0 0.6749493538774335 0.7923523501159809 0.005186477745478158 0.006129473699201427
0.0 0.9536046583221538 0.7727851802022518 0.00707246965292434 0.00754396762978633
0.0 0.8189919858086633 0.5410439284487284 0.007543967629786152 0.007072469652924696
