0.0 0.005723359810307027 0.8103437900935034 0.011446719620614054 0.01087884642135748
0.0 0.08453896901410918 0.8277499443676757 0.012918630125361652 0.01087884642135748
0.0 0.08147929345810212 0.8399886465917025 0.012238702224027342 0.011422788742424927
0.0 0.1185353640808513 0.8636501375581549 0.011558774322693033 0.011966731063493797
0.0 0.43062227079354276 0.8307416271335487 0.011558774322692145 0.012510673384561244
0.0 0.17904894729965104 0.5571386396364091 0.015638341730701555 0.009247019458153715
0.0 0.19291947648688268 0.5101420230961446 0.009722968989088088 0.010770057957143564
0.0 0.3077253026272704 0.64626358894338 0.011966731063493441 0.01136839451031868
0.0 0.07960949172943188 0.4162031842477232 0.013462572446429455 0.01077005795714392
0.0 0.32230975611090296 0.30341674397430013 0.014210493137897906 0.011368394510318324
0.0 0.06614691928300198 0.2866633204854095 0.013462572446430343 0.012565067616667846
0.0 0.14580047292437825 0.13917336012785614 0.014210493137898794 0.009573384850794397
0.0 0.09456790555879824 0.1382758552980942 0.013462572446430343 0.008975048297619637
0.0 0.1674901729769589 0.11164987868182177 0.01121881037202499 0.013163404169842607
0.0 0.3963539045662672 0.06168877649173758 0.012714651754961004 0.012565067616667846
