0.0 0.5310152952623313 0.6280709183480555 0.008703077137085912 0.012510673384560888
0.0 0.564739719168539 0.6359580820035398 0.009790961779221164 0.011966731063493085
0.0 0.608255104853969 0.6713143328729512 0.010878846421357124 0.014142500347764653
0.0 0.43065793702530863 0.8146431344743356 0.010334904100289321 0.011422788742425638
0.0 0.43881707184132673 0.8241621250930233 0.00924701945815407 0.009790961779221874
0.0 0.5834344184070892 0.8632312446546966 0.008760245475030005 0.008760245475030359
0.0 0.6809916975608343 0.7927510878783173 0.01274217523640786 0.009556631427305362
0.0 0.7016977323199967 0.8174390523988571 0.01274217523640786 0.014334947140957866
0.0 0.7291730476735007 0.8289866487068511 0.011945789284132147 0.011945789284131791
0.0 0.8459950607605584 0.8585388778965498 0.01078893859969341 0.01348617324961623
0.0 0.9628752289239028 0.8470756306343759 0.014385251466257642 0.01123847770801376
0.0 0.7807299820571811 0.15776322344402144 0.01136839451031868 0.01077005795714392
0.0 0.9102698458194951 0.07339776944639435 0.010770057957143564 0.009573384850794753
