0.0 0.05847850785793929 0.4216888185672823 0.008761707767954107 0.007251068497617297
0.0 0.12237854899319071 0.4441973436953023 0.007251068497617208 0.012991497724897449
0.0 0.1580405894823917 0.33016869088997225 0.009310659852027836 0.009597141693628597
0.0 0.04883398529113927 0.5116126386796706 0.0065607070291362705 0.011012615370335866
0.0 0.0664347168476842 0.5105918764875168 0.008532033330042621 0.004799268748148932
0.0 0.06616809080612038 0.5154444704439787 0.003946065415144728 0.007038927497285208
0.0 0.08475272955259508 0.41371425130171174 0.008451362229773362 0.009202594427975618
0.0 0.11711684641042668 0.37535523422030165 0.006482192437713507 0.00956123384562746
0.0 0.12401578882385071 0.5420930229462482 0.006897280343311119 0.010469086235382896
0.0 0.1396699269520501 0.4964194361377759 0.005665623139148401 0.00849843470872269
0.0 0.2142848413041277 0.4134308164132336 0.005771406717136163 0.007973654017096089
0.0 0.2598087900338417 0.36051066709327784 0.006945790495987847 0.006618158868818646
0.0 0.23908025767904723 0.46303655556777895 0.006990808294759532 0.008142235543308196
0.0 0.23706525999408715 0.47089093429895 0.0065795842774208245 0.009211417988389137
0.0 0.3658352524070787 0.32013170467593166 0.006470037767964243 0.011399590353079869
0.0 0.3956436406951997 0.35525476684488055 0.008164571469097747 0.012015784426219334
0.0 0.422294034358481 0.35456154851259863 0.006315989249679355 0.011861735907934445
0.0 0.27820345084760156 0.344498422913072 0.011328325166206276 0.013270323766127402
0.0 0.3117029266962402 0.35339924982937704 0.008415327266324723 0.008415327266324723
0.0 0.4130010024632232 0.3200980400719502 0.009250988991558452 0.012097447142807295
0.0 0.45368841637903295 0.37213343009474975 0.007962488069388485 0.006565560337916753
0.0 0.4514533320086783 0.3812833067358891 0.006286174791622479 0.011175421851773226
0.0 0.42246708158064133 0.3932968852265454 0.007543409749946939 0.01089603630547904
0.0 0.4046562530043777 0.38365808387939093 0.009359415800860171 0.007543409749946939
0.0 0.47591532732608616 0.33774851700648356 0.006388479928421909 0.008196540285522502
0.0 0.48405159893303873 0.33871281586360386 0.00940191385692284 0.0065090172855619246
0.0 0.37943645413365584 0.40924733773887934 0.00915079323809822 0.008971365919703978
0.0 0.2696921408649312 0.4172474124518114 0.007214027250768584 0.009618703001024898
0.0 0.3189535196520366 0.4518118548536913 0.006813247959059243 0.008549958223133026
0.0 0.14295969817727455 0.5849410948820026 0.009764015659049363 0.009236231028830666
0.0 0.09267469946726828 0.6208616329667898 0.010408304572621364 0.007855324205752013
0.0 0.10241378933249105 0.6569996782585787 0.004909577628594996 0.00805170731089575
0.0 0.11056368819595871 0.6835461328831017 0.009033622836614751 0.010731599922688772
0.0 0.07036690774589596 0.7249319051862224 0.006919015616492108 0.007610917178141286
0.0 0.07663363538046046 0.7812930852655359 0.009887917113306522 0.013066176185440703
0.0 0.07869277169583952 0.8528986175281889 0.008379675592006142 0.014016911899355833
0.0 0.06787537229524979 0.8810847990649371 0.007465529163787288 0.012493334518990906
0.0 0.06393427060977516 0.9611306796954588 0.005556451170133747 0.008890321872213036
0.0 0.09140362174869975 0.9986914925195016 0.009445966989227329 0.0026170149609965774
0.0 0.1769549827716518 0.5611587838993976 0.008842478546711208 0.011845584468235693
0.0 0.24218911695587947 0.572170172278321 0.009509835418161128 0.007174086368086386
0.0 0.17751692780567335 0.6078786902819274 0.01001035307174849 0.010177192289611092
0.0 0.1724283316608678 0.6816216245771415 0.007841443239536306 0.007174086368086386
0.0 0.20879928115488733 0.661100400780057 0.008842478546711163 0.008508800110986314
0.0 0.17973742408029225 0.7419982786589902 0.008781641555668029 0.009501448240558829
0.0 0.2120318730622218 0.8298976920714691 0.00887289948544705 0.010470021392827178
0.0 0.26340596108295994 0.8067394244144526 0.008695441495738088 0.011357311341372167
0.0 0.2523148367261513 0.8401015264797334 0.008163067526611379 0.009937647423700824
0.0 0.21623256046034345 0.8829422277968313 0.009050357475155923 0.00940527345457376
0.0 0.23451073340036435 0.8953642870764572 0.007985609536902328 0.0062110296398131485
0.0 0.19688963958206904 0.919143657697455 0.0072757775780665 0.010824937372245103
0.0 0.38250716768306037 0.9611566118516139 0.007399102380052369 0.009645258459710959
0.0 0.4518076890819433 0.9363828315612602 0.005681453613254917 0.008720370662204501
0.0 0.43403663068699583 0.9486706265852757 0.007134848723621978 0.009248877975065638
0.0 0.402194065087128 0.9018977293970896 0.006606341410761019 0.009248877975067061
0.0 0.4468529330238722 0.887231651465202 0.005549326785039099 0.005813580441475707
0.0 0.4062899967617999 0.8582298126719581 0.006606341410761019 0.009909512116141527
0.0 0.4395859574720351 0.8524822956445961 0.005549326785039277 0.007927609692913506
0.0 0.43998233795668096 0.8244053446488617 0.00792760969291315 0.005417199956823993
0.0 0.45094886469854395 0.7940822375734689 0.0071348487236218006 0.011891414539369548
0.0 0.4204275673808283 0.7338984673214366 0.006606341410761019 0.00990951211614135
0.0 0.43093165022393826 0.6998097456419098 0.007795482864698044 0.007266975551837085
0.0 0.39162391882991043 0.7093889406875132 0.008456117005774111 0.0071348487236218006
0.0 0.4032510797128498 0.6704115263640236 0.00792760969291315 0.006342087754330627
0.0 0.4147461137675739 0.6463644436288536 0.005020819472178317 0.007399102380052369
0.0 0.40562936262072374 0.6021680195908626 0.00687059506719141 0.008588243833989217
0.0 0.37927006039178746 0.6174286682497204 0.009645258459710959 0.005813580441469668
0.0 0.3743153043337167 0.48622672783200765 0.005813580441469668 0.010041638944356812
0.0 0.3885850017809604 0.4601316792595019 0.006606341410761019 0.009909512116141527
0.0 0.4391895769873894 0.429610381941786 0.006606341410760841 0.00911675114685
0.0 0.3594420281088275 0.5511333594730633 0.006650176283234543 0.009310246796528431
0.0 0.3226811128200838 0.5853817673317214 0.007230591077185444 0.0066501762832343655
0.0 0.2760000154887023 0.9342921454543142 0.008386977214850511 0.008044651614244457
0.0 0.3235832739729561 0.9255628426388574 0.006675349211819804 0.007360000413031998
0.0 0.27625675968915686 0.8587237691205081 0.0068465120121228296 0.008558140015153625
0.0 0.3312855999865943 0.8626605135274789 0.008386977214850422 0.007873488813941166
0.0 0.3002195517315869 0.8285991162671676 0.006504186411516688 0.008900465615759856
0.0 0.3536223454261451 0.7615888799485152 0.006846512012122918 0.006675349211819892
0.0 0.31879071556447014 0.7266716686866886 0.006675349211819804 0.0077023260136382275
0.0 0.2816483878987036 0.7215367846775964 0.0077023260136382275 0.008386977214850332
0.0 0.32238513437083466 0.7060465512501686 0.005990698010607432 0.011296744820002758
0.0 0.2560916318282688 0.730971572816876 0.006513219263863235 0.011579056469090254
0.0 0.3706226666676501 0.6815729793126148 0.00628325140199415 0.007102805932688838
0.0 0.45553931819703497 0.6505219550939277 0.008559068001758697 0.008810805295927971
0.0 0.4862305836881432 0.5739610307061693 0.007803856119250696 0.009062542590097245
0.0 0.4842166853347882 0.49478965168990163 0.007300381530911793 0.008810805295927971
0.0 0.457029057564496 0.4329881459713209 0.008810805295927971 0.009062542590097422
0.0 0.46533638827208534 0.4342468324421677 0.0073003815309119705 0.0070486442367425186
0.0 0.5045501150168158 0.4255271773590362 0.006498305491227896 0.008237893839010368
0.0 0.4602464207013471 0.7852169564115005 0.008187016048606211 0.008698704551644098
0.0 0.4825132893383136 0.9983221293023892 0.01021192146747758 0.0033557413952214786
0.0 0.5068647943761447 0.9849594638487229 0.008640856626327142 0.007266174890320443
0.0 0.4647406183227997 0.9632591307303329 0.00883723973147088 0.006677025574889228
0.0 0.519138738447632 0.9339980480639068 0.009230005941758535 0.006284259364601396
0.0 0.48388797107432024 0.9523598683948524 0.008640856626327142 0.010408304572620963
0.0 0.4565907194593322 0.8757704573887708 0.008248090416039489 0.00648064246974549
0.0 0.4612057224302116 0.8810728012276534 0.00805170731089575 0.008444473521183226
0.0 0.4955727658303763 0.8638892795275709 0.009230005941758535 0.009033622836614796
0.0 0.518156822921913 0.8790107786236435 0.007658941100608096 0.010604687677765411
0.0 0.551738333901503 0.8580959779258294 0.006087876259458014 0.010015538362334552
0.0 0.48663733454633346 0.807821903009018 0.006677025574889406 0.008444473521183226
0.0 0.49007403888634976 0.814793503241621 0.006087876259457658 0.007462557995464181
0.0 0.49508180806751667 0.8147935032416213 0.00510596073373879 0.00589149315431392
0.0 0.5006787265641152 0.8186229737919264 0.0053023438388828835 0.006873408680030835
0.0 0.5266012964430964 0.5341620459911327 0.006873408680032967 0.008248090416039489
0.0 0.5493817366397771 0.5674489823130066 0.008444473521183405 0.010015538362333843
0.0 0.5492835450872052 0.5160948003179032 0.004320428313163482 0.007855324205752013
0.0 0.5527202494272216 0.5178622482641975 0.0033385127874444366 0.007855324205752013
0.0 0.4527612489090281 0.4668026409268098 0.0056951100491701824 0.008248090416039666
0.0 0.559293314974984 0.5991903551129747 0.007156568120459461 0.011225989208563903
0.0 0.6329157350718606 0.9998543278934708 0.00884333927151566 0.0002913442130584087
0.0 0.6502939250356532 0.999545839314232 0.0061697715847785165 0.0009083213715360472
0.0 0.618108283268392 0.9634098329631614 0.0084320211658639 0.005964112531952637
0.0 0.626128986328604 0.9628956853310966 0.004730158214996827 0.005347135373474643
0.0 0.6236610776946925 0.9601192881179461 0.007198066848908269 0.0055527944263005224
0.0 0.6131724660005692 0.9336920998298119 0.008432021165864079 0.007815044007386262
0.0 0.5942518331405817 0.8861848586270173 0.008020703060212141 0.009460316429993653
0.0 0.6197535556909994 0.8732283382989825 0.006786748743256332 0.009871634535645412
0.0 0.6366175980227273 0.8571869321785585 0.008843339271516015 0.010694270746949286
0.0 0.6312704626492527 0.8408370374788954 0.006375430637604573 0.007198066848907914
0.0 0.6230441005362147 0.8386776174242229 0.009254657377167774 0.007403725901734504
0.0 0.6172856470570882 0.8198598140906486 0.006786748743256332 0.010899929799775521
0.0 0.5961027646160153 0.785720411321541 0.00884333927151566 0.006375430637604573
0.0 0.5983650141971009 0.7426348397545045 0.005964112531952459 0.00863768021868978
0.0 0.6165658403721973 0.777494049208503 0.007815044007386085 0.0076093849545602055
0.0 0.6367204275491405 0.777494049208503 0.006581089690430452 0.009254657377167774
0.0 0.6344581779680548 0.7358480910112479 0.006992407796082211 0.008226362113037844
0.0 0.6327100760190345 0.7289585127415787 0.00760938495455985 0.007198066848908091
0.0 0.6318874398077305 0.6968757005007308 0.008432021165864079 0.008020703060211964
0.0 0.6414505857641373 0.6523505155639124 0.009048998324341717 0.009048998324341894
0.0 0.639393995235878 0.476306366344899 0.0069924077960820345 0.009048998324341894
0.0 0.6379543818660961 0.4503933256888299 0.008226362113037844 0.0061697715847785165
0.0 0.6121441707364393 0.4293132727741701 0.0084320211658639 0.0076093849545602055
0.0 0.5799585289691782 0.4281821479836275 0.006992407796082389 0.0065810896904302755
0.0 0.5926065607179741 0.38869560984104495 0.006786748743256332 0.006581089690430364
0.0 0.6641759111014046 0.44432638363046434 0.008020703060212141 0.009665975482819533
0.0 0.6602683890977116 0.37841265719974754 0.0084320211658639 0.007403725901734148
0.0 0.6547155946714112 0.33316766557803856 0.006375430637604751 0.009048998324341806
0.0 0.6487514821394584 0.34859209453998485 0.006375430637604396 0.008226362113038021
0.0 0.6094706030497021 0.3430393001136841 0.007198066848908091 0.006169771584778427
0.0 0.6009357523574252 0.33954309621564305 0.0061697715847786935 0.00863768021868987
0.0 0.6034128786158326 0.3477440111451332 0.006304282038825093 0.009934020182391024
0.0 0.6107174867705235 0.9271637309307657 0.00572076410068405 0.004916281649024157
0.0 0.6133097080036483 0.9234988664287656 0.006257085735123269 0.0033073167457082775
0.0 0.6414665938117031 0.9245715096976438 0.004648120831805968 0.00849175921195311
0.0 0.6802464573179574 0.9992505180689033 0.007950357949766484 0.001498963862193392
0.0 0.6898468895591849 0.9933258031327703 0.00675030391961311 0.007950357949766484
0.0 0.6872967747451088 0.986125478951849 0.009450425487458248 0.007350330934690064
0.0 0.6735643779722896 0.9536397208145134 0.008761707767954086 0.006948940643549761
0.0 0.7086867410076229 0.9536397208145134 0.007402132424650887 0.008157452059819192
0.0 0.6778696998927498 0.9434429057397391 0.0067978767165161715 0.008006388132785957
0.0 0.670874899956623 0.9125016512470122 0.008157452059819192 0.0064957488624489915
0.0 0.6812983109219479 0.8622728955083101 0.006948940643549939 0.008157452059819548
0.0 0.7088674776055968 0.8580431055513668 0.007704260278718245 0.009970219184223694
0.0 0.6853770369518575 0.8321356420650886 0.008459579913886729 0.0071000045705833514
0.0 0.6599982972101974 0.8439941603372336 0.00815745205981937 0.007855324205752013
0.0 0.667098301780781 0.8130260552953269 0.006646812789482403 0.01178298630862784
0.0 0.7170249296654159 0.7652143223891633 0.006797876716515994 0.010423410965324464
0.0 0.7087919456420798 0.7200462082060898 0.007553196351684654 0.006797876716515994
0.0 0.7258621693968869 0.6954983200631151 0.007251068497617297 0.009365963476088802
0.0 0.7202728040966403 0.6827334182287681 0.009970219184223517 0.008610643840920317
0.0 0.730667977038007 0.6350893346586646 0.008121760209384377 0.008422566143065247
0.0 0.6860039287340619 0.5911689086278971 0.007807241364672102 0.007118367126612668
0.0 0.687783520515715 0.5713637742836919 0.006544305261563466 0.007922053737681978
0.0 0.6967962917969904 0.563499126732514 0.006199868142532772 0.007347991872632598
0.0 0.695992605185922 0.5233147961790551 0.007807241364672102 0.006429492888553589
0.0 0.6813540276271615 0.5199278311752635 0.0070035547536029695 0.00447768254738552
0.0 0.686807615345131 0.5231425776195404 0.006659117634573164 0.007692428991662226
0.0 0.7209642963155718 0.5191241445641943 0.00838130322972166 0.007233179499622722
0.0 0.667953576864767 0.3414278762528825 0.00472481443639996 0.0073920483924323046
0.0 0.6897105852775444 0.35609766301106005 0.004496194383025909 0.004724814436400049
0.0 0.6640017397809785 0.3442911774041941 0.003033457249070537 0.007672862453531604
0.0 0.8187420132803392 0.9556778119927236 0.010670321977588415 0.008755135981611062
0.0 0.8403562552349413 0.9668953299691625 0.008481537982185827 0.01039672397816318
0.0 0.8277707472613758 0.9354315600352481 0.007387145984484178 0.012038311974714944
0.0 0.7856366553498729 0.8876887091355258 0.007934341983334824 0.009028733981036296
0.0 0.863064889187245 0.9418611130217436 0.006839949985633353 0.009575929979887121
0.0 0.8668952611791998 0.9339267710384085 0.008481537982185473 0.008481537982185473
0.0 0.8645696781840844 0.9199732730677163 0.006566351986208118 0.010123125978737591
0.0 0.8135436512912578 0.8723672211677066 0.007387145984484533 0.009028733981036296
0.0 0.9177844890723137 0.8819431511475934 0.009028733981036296 0.007934341983335003
0.0 0.8256740728211509 0.8121151848512742 0.009023007664567118 0.00730433953798304
0.0 0.8414643362341433 0.814800603799062 0.00880817414874393 0.008808174148744286
0.0 0.8063776016417308 0.7611551465609836 0.005800504927221795 0.00730433953798304
0.0 0.8372062111623352 0.7033649308045894 0.00730433953798304 0.009452674696213314
0.0 0.8651345682193288 0.6936974225925533 0.007734006569629059 0.006445005474690646
0.0 0.8552522264914695 0.667702567177967 0.0060153384430446264 0.006874672506336843
0.0 0.8406435474155037 0.6643726476827101 0.007304339537982684 0.009667508212036147
0.0 0.7855387506068972 0.6486898010276291 0.008808174148744108 0.007089506022159853
0.0 0.7854313338489857 0.6350478727728668 0.00859334063292092 0.006874672506336843
0.0 0.8179786114961741 0.619794693149432 0.007089506022159853 0.010312008759505175
0.0 0.8214159477493427 0.6306437856984949 0.007089506022159853 0.00880817414874393
0.0 0.8174415277066165 0.6431041296162305 0.0060153384430446264 0.009237841180390127
0.0 0.7701781542255508 0.5650121466145601 0.007304339537982684 0.0060153384430446264
0.0 0.807881436252492 0.5866029149547745 0.007089506022159853 0.007519173053805872
0.0 0.8219530315389001 0.5813394938171103 0.006445005474690646 0.012890010949381647
0.0 0.8486998042588672 0.5779021575639418 0.008808174148744286 0.006015338443044804
0.0 0.8679274039250279 0.5960555896509876 0.00730433953798304 0.009237841180390127
0.0 0.7533103480769182 0.6310610576907061 0.008675521992336854 0.013013282988505459
0.0 0.7426005838718448 0.5543899539825343 0.010362429046402433 0.009398482158364984
0.0 0.7870626340825719 0.5218567465112706 0.006265654772243323 0.01036242904640261
0.0 0.8204392950808685 0.5237846402873454 0.009880455602383976 0.008434535270327715
0.0 0.7933282888548152 0.4969146207833018 0.009639468880374657 0.006747628216262136
0.0 0.8047751581502599 0.5019753419454983 0.009880455602383886 0.006265654772243501
0.0 0.7515170925861911 0.47618976269049673 0.007952561826309079 0.011567362656449375
0.0 0.7528425195572426 0.4671527606151458 0.007711575104299584 0.010844402490421068
0.0 0.7836888199744408 0.45088615687951394 0.008675521992337032 0.013013282988505459
0.0 0.7715189905129682 0.4275104448446059 0.0074705883822902665 0.010603415768411928
0.0 0.7973045697679698 0.4329326460898166 0.007952561826308813 0.008434535270327536
0.0 0.7452775593047171 0.354970217047087 0.007994824708267779 0.01215213355656708
0.0 0.7856590295360163 0.3391697063837823 0.008151300567373631 0.009315772076998297
0.0 0.8034899995271461 0.32832556545040137 0.005385680732014819 0.007423505873858094
0.0 0.799123231366053 0.3289805806745653 0.003347855590171367 0.0055312396707177134
0.0 0.8136063457670113 0.32803444757299527 0.006986829057748878 0.010625802525326212
0.0 0.8169542013571827 0.3578740300071305 0.005822357548124301 0.006841270119045628
0.0 0.8208842927021663 0.3562001022120449 0.004075650283686727 0.00524012179331157
0.0 0.8882343868389408 0.3371359527587846 0.006666876664619892 0.010238417734951977
0.0 0.9324024447420477 0.32939761377306503 0.008809801306819054 0.010000314996929837
0.0 0.8671622945239816 0.36177958614407596 0.006904979402641942 0.010476520472974116
0.0 0.9156162017114868 0.3680893087016627 0.008571698568797003 0.010714623210996255
0.0 0.9114494037960984 0.3898757092306885 0.007857390354730497 0.013333753329239872
0.0 0.9347834721222679 0.3961854317882752 0.007381184878686398 0.00928600678286351
0.0 0.8863374422874142 0.41346540457544523 0.00928600678286351 0.00738118487868622
0.0 0.8463361822996947 0.42858492843985097 0.006904979402641942 0.005238260236487058
0.0 0.853717367178381 0.4289420825468843 0.0064287739265978415 0.008809801306819232
0.0 0.8681225828287203 0.4328707777242496 0.008571698568797003 0.007619287616708626
0.0 0.9767905024881725 0.9719663406387997 0.009090815807512698 0.010795343771421172
0.0 0.9669425044729077 0.8265643988090006 0.010104775197353177 0.006455828598308955
0.0 0.9413690939063196 0.7301195635307202 0.007889019310414724 0.007100117379373039
0.0 0.9010036117680322 0.7057950873236083 0.0060482481379846575 0.007889019310414368
0.0 0.9052110887335865 0.7060580546339554 0.003944509655207184 0.006837150069025988
0.0 0.9151906360053305 0.6465942271424506 0.005738523324686895 0.007345309855599247
0.0 0.9198962251315738 0.6467089976089443 0.005049900525724382 0.007115768922611743
0.0 0.952709642364505 0.5937076231720978 0.00849301452053659 0.009870260118461437
0.0 0.9564319911158284 0.5188419318016682 0.00998807095579437 0.009131950588154681
0.0 0.9762625925649177 0.49469488576769544 0.007990456764635213 0.011129564779313839
0.0 0.9809712545869326 0.4527449877533596 0.007705083308755789 0.009988070955794192
