0.0 0.16579298307988014 0.35940762331674725 0.006716523821078235 0.007313548160729688
0.0 0.20738297082175036 0.3056069298317887 0.0082227012530252 0.010402212428525903
0.0 0.1799293725952908 0.5189820064922144 0.008601370734658253 0.0071054801721089685
0.0 0.09061467523447704 0.44563709817352304 0.007328525435020628 0.008274141620184495
0.0 0.22733963833975207 0.5304429611265816 0.00678668255354955 0.008043475619021656
0.0 0.26780837504795507 0.5211426924420879 0.00678668255354955 0.009048910071399342
0.0 0.2972144410903338 0.5871244188487701 0.0057773124142707745 0.006419236015856278
0.0 0.3600692870534944 0.506733223944213 0.005040226926644476 0.005880264747751873
0.0 0.42214694727602603 0.4929351024478429 0.006272717602093181 0.005774882871768305
0.0 0.4292659839196714 0.4931840198130054 0.0069696862245478995 0.005077914249313409
0.0 0.44011994181328273 0.5107988912751473 0.006701276156308644 0.006443534765681313
0.0 0.47147743453818186 0.45923348562659144 0.007635682532087707 0.006227158569858027
0.0 0.4476437264404515 0.46008601328794113 0.00963726921525634 0.005115165968097557
0.0 0.4666284851037673 0.41654816627310043 0.006129888673624251 0.008262023864450008
0.0 0.550178470769428 0.4023953563290563 0.00885006169599727 0.00732418898979077
0.0 0.5711857215172287 0.5082143967333206 0.008087912541793507 0.007523639573761365
0.0 0.5577087038004401 0.5415638188937597 0.006566490160531302 0.012465201660669578
0.0 0.5349344460992914 0.6219103270114056 0.008187167638412518 0.007217634628600677
0.0 0.389463440149625 0.5771524248813555 0.004879830625437176 0.008404152743808346
0.0 0.369660092911661 0.6090184235110452 0.007836103271376871 0.006529538261202106
0.0 0.423257531331313 0.6077422391429755 0.004744279774730487 0.006641991684622717
0.0 0.22414447851452257 0.6340799293034918 0.00990970067550041 0.008238184898910105
0.0 0.7418969005912449 0.24080698393801372 0.004952727840934123 0.007429091761401186
0.0 0.7729967535564463 0.2727258845500779 0.005710928780321645 0.005936360179544842
0.0 0.7950719032209064 0.29630295754367675 0.007164784890812648 0.005647536325699409
0.0 0.8637907087431003 0.220662278062525 0.006034259340033543 0.008850247032049108
0.0 0.9737799937400016 0.378413459006557 0.007150113863328755 0.006090837735428334
0.0 0.9755050407857757 0.408060173777533 0.005296380639502729 0.005774109711123287
0.0 0.898308431521748 0.39393931341434496 0.006308176425977053 0.007377358871058082
0.0 0.7605317341136895 0.44970852098194064 0.00714068235974139 0.006209289008470798
0.0 0.8187203317659122 0.40974725533897594 0.006161514016998382 0.005893622103216245
0.0 0.8820736264688429 0.40999887993024775 0.007315985130111713 0.0059479553903345915
0.0 0.8263246807019226 0.4599664643522642 0.006842767648517522 0.010477987961792579
0.0 0.8500344064658909 0.5032211177253426 0.00833846766293469 0.005698952719272121
0.0 0.9642113461062325 0.461104363485252 0.005842433456154339 0.006604489993913276
0.0 0.968402657063908 0.4811718523129119 0.005588414610234338 0.007112527685752923
0.0 0.9220967063928069 0.47713818444412326 0.00494468248266351 0.004266000573278461
0.0 0.9142814865003335 0.4946621573833195 0.005817273509016019 0.010665001433195976
0.0 0.9540429009473698 0.5267116456667391 0.005130276841857295 0.0038744645249940033
0.0 0.8753253442560958 0.5701864728750962 0.0054635222943634435 0.006137107234764194
0.0 0.901918215613383 0.5936654275092939 0.006483271375464739 0.007613382899628362
0.0 0.6283556830846879 0.7089793995169528 0.007421525822792674 0.008949487021602743
0.0 0.6513296711096561 0.7017215838226041 0.005347864195836038 0.007094105565904662
0.0 0.36667594893681865 0.687318940572259 0.004806561365738915 0.00865181045833019
0.0 0.5730373622572106 0.8288370623076228 0.009114827393397463 0.011963210953834036
0.0 0.6648026518001477 0.8383454845684979 0.00831342512733695 0.0073435255291474984
0.0 0.7452234764235742 0.7564867245843276 0.006319462623486771 0.009222999504548213
0.0 0.7485971176789408 0.6894530549105732 0.006316105365196912 0.005789763251430635
0.0 0.8569447597919883 0.8116003403595846 0.01120803828013841 0.01310030448327879
0.0 0.8320271836068214 0.8410613033070871 0.007245470199822535 0.009327535168159073
0.0 0.28072600123473335 0.8839517553176801 0.0073778697885408025 0.00908045512435791
0.0 0.39593041184616873 0.9194197399304258 0.005671742411571934 0.0069214483666641515
0.0 0.39033699840491154 0.9847893859401463 0.005613816494826373 0.009356360824710207
0.0 0.695083388683428 0.9021855579515865 0.009512073994388536 0.00788500870587434
0.0 0.7429702959759932 0.8836364782382417 0.0057491893476063535 0.008432144376489249
0.0 0.8750944974477617 0.9209410651798065 0.0074196625422541015 0.008408950881221244
0.0 0.9876174074413052 0.9011798702929518 0.008286494846554148 0.008418026510785381
0.0 0.9808996549478822 0.8413996993794545 0.008109770272089279 0.00868903957723859
0.0 0.9715429417624033 0.7881640819119087 0.008129214169766285 0.01032629908051419
0.0 0.1487912202520106 0.7689449651072418 0.008586963895425903 0.008178060852786473
