0.0 0.05694475979198828 0.011600340359584571 0.01120803828013841 0.01310030448327879
0.0 0.03202718360682137 0.041061303307087016 0.007245470199822535 0.009327535168159073
0.0 0.00308885142060058 0.8767454517640825 0.00617770284120116 0.007592749214821737
0.0 0.0069005340386857125 0.9149603143299228 0.007403716976799757 0.009778494120301674
0.0 0.03810554280287999 0.8191077580908818 0.0109688994997434 0.009281376499782824
0.0 0.04831309211231485 0.7240887847697908 0.003943903953691574 0.00641686878969665
0.0 0.011994990940269368 0.5998474288675674 0.006990808294759532 0.006826318687824085
0.0 0.1940770201297129 0.8998241091101082 0.006137609128559163 0.008799704654199303
0.0 0.12837448204686605 0.9562504399016749 0.0073833905213454894 0.01011797960332501
0.0 0.3020056930650057 0.740703398923349 0.00857078296995013 0.009579110378179222
0.0 0.24943648476901412 0.6962619733052502 0.008246449614813401 0.008126935852279615
0.0 0.40077435586375787 0.5908851016343142 0.009419623386086684 0.007271288227856232
0.0 0.38959927973235225 0.544114154574298 0.007106031677223257 0.010741675791151196
0.0 0.45041369036533185 0.5082534830869158 0.009089110284820378 0.007436544778489207
0.0 0.6691743657552902 0.6699971019991275 0.010681686676214141 0.00959999688621771
0.0 0.6391206599782964 0.5362925243167668 0.007977462201223418 0.0067605611874775205
0.0 0.7745740695049745 0.6147957064032525 0.006721189591078059 0.007613382899628362
0.0 0.7934367477227238 0.5529871764631255 0.00999256505576227 0.006185873605948089
0.0 0.8110373201607561 0.3996118439774959 0.011814466018143576 0.007227673328746675
0.0 0.7937326022871225 0.38849234654865494 0.009451572814515075 0.010007547685956908
0.0 0.45220452947420264 0.46781242826630526 0.007870273818236129 0.010668593398053972
0.0 0.6858367439713605 0.4752636343230156 0.006771363441093215 0.008802772473420362
0.0 0.6186268558244727 0.44440249761904693 0.00736197597159034 0.009202469964487748
0.0 0.6477530247464698 0.4148282849786572 0.00838447263431128 0.005112483313603988
0.0 0.6659909003064625 0.27072659961801 0.007835403182515322 0.007114906338146198
0.0 0.4813734360261416 0.2845886213277035 0.008868784381371952 0.006703150985920914
0.0 0.49721440387536975 0.26843070445590006 0.004537517590469875 0.006703150985920914
0.0 0.6186873735772233 0.22754242246703385 0.008019699928861002 0.006673478455643788
0.0 0.5885459943187559 0.19051334954975233 0.008149180455385263 0.007287884960100399
0.0 0.5163881702847751 0.19051437937245996 0.009157797616236252 0.009580465198524023
0.0 0.39342436910782846 0.1947047598818335 0.008509880293962269 0.008509880293962269
0.0 0.10786980666074016 0.22133434441299188 0.006166960410019229 0.00696269723711822
0.0 0.07509449744776173 0.12094106517980645 0.0074196625422541015 0.008408950881221244
0.0 0.23194357828715811 0.10900600431469734 0.007234241532706065 0.010127938145788207
0.0 0.18761740744130523 0.10117987029295179 0.008286494846554148 0.008418026510785381
0.0 0.1808996549478822 0.041399699379454445 0.008109770272089279 0.00868903957723859
0.0 0.23960921375203165 0.042572291998206245 0.005791696319747785 0.011213709895681845
0.0 0.4442358800680788 0.1231624928904326 0.008574626509665251 0.007597770325019582
0.0 0.43430450885751737 0.12880655084616138 0.006729453716446088 0.0075977703250199365
0.0 0.33920380824107194 0.0988719162043207 0.006689718009658207 0.00949939957371484
0.0 0.3546453284670374 0.042971366397053144 0.006957306730044621 0.00949939957371484
0.0 0.7881391692486173 0.17859206643853937 0.00872456578114864 0.008009437438431988
0.0 0.7457499127830605 0.09104991502553475 0.00872456578114864 0.008009437438431632
0.0 0.7687770454185516 0.09720001877290194 0.00786641176988816 0.007437334764257742
0.0 0.7734253796462134 0.08475678560962407 0.005721026741737134 0.007723386101345042
0.0 0.7074962196805068 0.008189829479168154 0.005794980981227838 0.008440515777006396
0.0 0.6907888686091228 0.7574923147473782 0.0062500275409757226 0.006127477981349117
