0.0 0.050464475764177764 0.9173384669975562 0.00796831580896189 0.00551652632928068
0.0 0.055981002248800496 0.4976095846389921 0.009194210548801962 0.009807157918721998
0.0 0.32778689157789226 0.09040579476562964 0.009067268785800664 0.007253815028640531
0.0 0.4144699811701468 0.07009511268543597 0.00834188728293661 0.007253815028640531
0.0 0.3974235158528415 0.25778757655151097 0.0061657427743444515 0.003989598265752292
0.0 0.39615409822282943 0.22133715603259177 0.007253815028640531 0.006528433525776478
0.0 0.43024702885744015 0.23366864158128103 0.007253815028640887 0.005803052022912425
0.0 0.354081971056714 0.23929034822847725 0.006528433525776478 0.005440361271480398
0.0 0.3384862687451369 0.1698350693292438 0.00942995953723269 0.007253815028640531
0.0 0.36478134822395897 0.16602681643920753 0.00689112427720886 0.00834188728293661
0.0 0.36333058521823086 0.14462806210471796 0.005440361271480754 0.006891124277208505
0.0 0.417371507181603 0.18960171528228945 0.00471497976861599 0.007616505780072913
0.0 0.42498801296167577 0.16385067193061537 0.005440361271480754 0.006891124277208505
0.0 0.42807088434884777 0.15242591326050653 0.006528433525776478 0.007979196531504584
0.0 0.44711214879902916 0.1890576791551414 0.008341887282936966 0.005803052022912425
0.0 0.4792102803007639 0.15170053175764248 0.005803052022912425 0.007979196531504584
0.0 0.4875521675837005 0.16058645516772713 0.007253815028640531 0.006891124277208505
0.0 0.5145726285347474 0.18398000416512622 0.009067268785800308 0.005803052022912425
0.0 0.5722404580430792 0.17309928609213224 0.0061657427743444515 0.007253815028640531
0.0 0.638431520179424 0.14499075285614998 0.007253815028640531 0.007616505780072558
0.0 0.4835625693179484 0.24092245660992156 0.005803052022912425 0.006528433525776478
0.0 0.5203756805882993 0.24581878175425392 0.00689112427720886 0.0061657427743444515
0.0 0.5205570259640149 0.25960103030867093 0.006528433525776834 0.004714979768616345
0.0 0.5599089724943903 0.24327994649422954 0.006891124277208505 0.009067268785800308
0.0 0.5608156993729704 0.2603264118115348 0.00942995953723269 0.008341887282936966
0.0 0.6063365348827101 0.2653864503013395 0.0068974166872486364 0.00467971570812864
0.0 0.6172141112206507 0.2552487412914866 0.008341887282936966 0.0061657427743444515
0.0 0.7408916574589725 0.2481762716385619 0.007616505780072558 0.006528433525776478
0.0 0.7281974811588514 0.23076711556982463 0.008341887282936966 0.007253815028640531
0.0 0.7307363164188759 0.20465338146671871 0.0061657427743444515 0.008704578034368637
0.0 0.7100629435872499 0.1188770187530439 0.005440361271480398 0.009067268785800664
0.0 0.708612180581522 0.07825565459265675 0.00689112427720886 0.005440361271480398
0.0 0.6984568395414252 0.07444740170262047 0.004714979768616345 0.005077670520048372
0.0 0.7158659956101625 0.0031307702166994745 0.006165742774344807 0.006261540433398949
0.0 0.7211250115059269 0.0011359710838233284 0.005077670520048372 0.002271942167646657
0.0 0.7303736256674439 0.018955716733520235 0.0061657427743444515 0.006528433525776478
0.0 0.3116471531391669 0.4984328901266615 0.008704578034368637 0.005077670520048372
0.0 0.34392663001661694 0.47775950984509147 0.00942995953723269 0.006528433525776478
0.0 0.3646000028482428 0.502966524519562 0.007253815028640531 0.0061657427743444515
0.0 0.39216449995707714 0.47540202741072796 0.007253815028640531 0.0061657427743444515
0.0 0.3916204638299291 0.45726748983912646 0.007616505780072558 0.009792650288664717
0.0 0.3248853655664359 0.30566275574053847 0.006891124277208505 0.00834188728293661
0.0 0.38019570515982026 0.30058508522049027 0.007979196531504584 0.005440361271480398
0.0 0.3995996603614337 0.2953260693247257 0.01051803179152877 0.007253815028640531
0.0 0.4297029927302919 0.28716552741750495 0.006891124277208505 0.007616505780072558
0.0 0.4327858641174641 0.3586156054496145 0.0065284335257761224 0.006891124277208505
0.0 0.39633544362918444 0.3607917395282847 0.009067268785800664 0.00906726878580102
0.0 0.5125778294325107 0.43459931787462464 0.008704578034368637 0.006528433525776478
0.0 0.552292466714318 0.3832785765469929 0.00689112427720886 0.00834188728293661
0.0 0.5345206198941481 0.3005850852204901 0.007616505780072913 0.007616505780072558
0.0 0.6230171632435633 0.3158180967806354 0.0061657427743444515 0.00834188728293661
0.0 0.6219290909892671 0.28662149129035724 0.008341887282936966 0.010880722542960797
0.0 0.6266440707578834 0.38781221093989304 0.008341887282936966 0.010155341040096744
0.0 0.5852973250946322 0.42099841469592364 0.00834188728293661 0.009067268785800664
0.0 0.4915417658494528 0.49788885399951344 0.007979196531504584 0.006891124277208149
0.0 0.6367994117979802 0.4605317066020147 0.0061657427743444515 0.009792650288664717
0.0 0.6277321430121796 0.4150140172972952 0.006891124277208505 0.007253815028640531
0.0 0.646773407462361 0.41265652741298686 0.006528433525776478 0.00834188728293661
0.0 0.6569287485024582 0.38019570515982026 0.005803052022912425 0.007253815028640531
0.0 0.6766953944555034 0.478303553422184 0.006891124277208505 0.005440361271480398
0.0 0.6973687672871292 0.45364058232480603 0.005440361271480043 0.00834188728293661
0.0 0.7180421401187547 0.4420344782789812 0.009792650288664717 0.006891124277208149
0.0 0.7372647499446524 0.4202730331930596 0.004714979768616345 0.00689112427720886
0.0 0.7356326415632081 0.9877027138084677 0.0065284335257761224 0.007253815028640531
0.0 0.5916444132446925 0.9918736574499363 0.005803052022912425 0.00471497976861599
0.0 0.5249093149811996 0.9916923120742197 0.005077670520048372 0.007979196531504584
0.0 0.40576540313577797 0.9991103727999983 0.0061657427743444515 0.0017792544000034382
0.0 0.38980701007276863 0.9693868308611503 0.007616505780072558 0.00689112427720886
0.0 0.33068841758934814 0.8440771762413842 0.009067268785800664 0.005803052022912425
0.0 0.37892628752980817 0.863299786067282 0.006165742774344807 0.006528433525776478
0.0 0.38146512278983236 0.8435331401142363 0.010518031791529126 0.009792650288665073
0.0 0.4224491777016516 0.8982994435804728 0.010518031791529126 0.00471497976861599
0.0 0.3816464681655482 0.7802436039893473 0.006528433525776478 0.005803052022912425
0.0 0.40703482076579006 0.7835078207522356 0.005803052022912425 0.006528433525776478
0.0 0.5020597976409815 0.7927564349137525 0.008704578034368637 0.00689112427720886
0.0 0.5691575866559072 0.8208649681497345 0.008704578034368993 0.007979196531504584
0.0 0.5988982282733334 0.7967460331795045 0.008704578034368993 0.005440361271480398
0.0 0.6304523236479197 0.7771607326021751 0.006528433525776478 0.007616505780072558
0.0 0.6576541300053218 0.8368233612127437 0.00942995953723269 0.005803052022913135
0.0 0.6991822210442891 0.8063573380924535 0.0061657427743444515 0.005803052022912425
0.0 0.7080681444543737 0.7942071979194807 0.007253815028640531 0.006891124277208505
0.0 0.7412543482104044 0.7800622586136315 0.007616505780072558 0.0061657427743444515
0.0 0.7468760548576009 0.8156059522539699 0.010155341040096744 0.00906726878580102
0.0 0.7432491473432806 0.8953979175690161 0.004352289017184319 0.007616505780072913
0.0 0.6647265996582465 0.9331177557179476 0.006891124277208505 0.00906726878580102
0.0 0.6456853352080649 0.9367446632322676 0.006528433525776478 0.00906726878580102
0.0 0.63770613867656 0.9313043019607872 0.007979196531504584 0.009792650288664361
0.0 0.6193902557292429 0.9222370331749868 0.01051803179152877 0.008341887282936255
0.0 0.5901936502389644 0.9623143612082256 0.0050776705200487274 0.006528433525776478
0.0 0.593095176250421 0.8861493034074996 0.007979196531504584 0.00942995953723269
0.0 0.5230958612240393 0.8672893843330343 0.007253815028640531 0.006528433525776478
0.0 0.5490282499514294 0.8555019349114936 0.005440361271480754 0.009792650288665073
0.0 0.5738725664245233 0.8386368149699038 0.008704578034368993 0.006528433525776478
0.0 0.7650105924292021 0.759026195030574 0.005077670520048016 0.013419557802984983
0.0 0.6493122427223851 0.745243946476157 0.006528433525776478 0.008341887282936966
0.0 0.6012557181576413 0.7140525418530024 0.009792650288664717 0.007616505780072558
0.0 0.6489495519709532 0.6879388077498965 0.0029015260114562125 0.005440361271480398
0.0 0.7015397109285972 0.7151406141072985 0.007979196531504584 0.00834188728293661
0.0 0.6754259768254913 0.6378874840522764 0.010880722542960797 0.0061657427743444515
0.0 0.4008690779914456 0.7057106545700658 0.007253815028640531 0.005440361271480398
0.0 0.41519536267301105 0.6406076646880164 0.006891124277208505 0.005077670520048372
0.0 0.4726818467749876 0.6944672412756729 0.0065284335257761224 0.0061657427743444515
0.0 0.5265414233626435 0.6788715389640956 0.006891124277208505 0.00906726878580102
0.0 0.5002463438838216 0.6329911589079439 0.005803052022912425 0.007979196531504584
0.0 0.3662321112296869 0.5608156993729704 0.004714979768616345 0.007253815028640531
0.0 0.38962566469705295 0.5718777672916472 0.007253815028640531 0.007616505780072558
0.0 0.48990965746800885 0.5731471849216593 0.007616505780072558 0.006528433525776478
0.0 0.5862040519732119 0.530531021628396 0.006528433525776834 0.00834188728293661
0.0 0.6025251357876537 0.5622664623786984 0.0101553410400971 0.01160610404582485
0.0 0.5809450360774481 0.5903749956146808 0.0061657427743444515 0.006891124277208505
0.0 0.5918257586204085 0.6114110591977383 0.008341887282936966 0.009792650288664717
0.0 0.5466707600671213 0.6199342918563909 0.0036269075143202656 0.0058030520229127806
0.0 0.5441319248070972 0.6364367210465485 0.007979196531504584 0.003989598265752292
0.0 0.7553992875162537 0.605970697926258 0.005440361271480754 0.007616505780072558
0.0 0.4213611054473553 0.5143912831896704 0.006891124277208149 0.008704578034368637
0.0 0.5044172875252899 0.5076815042881782 0.009792650288664361 0.007616505780072558
0.0 0.6030691719148015 0.5129405201839422 0.007616505780072558 0.007253815028640531
0.0 0.7242078830769346 0.518743572206855 0.00689112427720886 0.006528433525776478
0.0 0.7512283438747852 0.5096763034210545 0.007253815028640531 0.0050776705200487274
0.0 0.10164920806002264 0.8817970143903153 0.007979196531504584 0.007253815028640531
0.0 0.2655854277072992 0.8540511719057655 0.00942995953723269 0.00689112427720886
0.0 0.3034866112319463 0.694648586651389 0.006165742774344807 0.005077670520048372
0.0 0.1380996285789413 0.6290015606421916 0.006891124277208505 0.005077670520048372
0.0 0.08550946962129728 0.6155820028392067 0.006891124277208505 0.0036269075143202656
0.0 0.16366932655489955 0.6175768019720828 0.006528433525776478 0.006891124277208149
0.0 0.1944980404266218 0.6326284681565116 0.006528433525776834 0.007979196531504584
0.0 0.25162183377716635 0.5406863626684926 0.005440361271480398 0.00834188728293661
0.0 0.014240736964903888 0.4025011863728901 0.008704578034368637 0.00689112427720886
0.0 0.04416272395804608 0.2895230173018131 0.00834188728293661 0.005803052022912425
0.0 0.18869498840370938 0.3845479941770044 0.007253815028640531 0.004352289017184319
0.0 0.21589679476111137 0.3325018713465086 0.005077670520048372 0.006891124277208149
0.0 0.21934235689971562 0.3181755866649437 0.00834188728293661 0.005803052022912425
0.0 0.23892765747704506 0.29188050718612163 0.009067268785800664 0.007616505780072558
0.0 0.028385676270752745 0.18379866325937683 0.007979196531504584 0.004714979768616345
0.0 0.061571880026783356 0.23910900285276107 0.009792650288664717 0.005803052022912425
0.0 0.019681098236384108 0.035639491299393276 0.005077670520048372 0.004352289017184319
0.0 0.037815635807985616 0.055768828003871104 0.008704578034368637 0.0061657427743444515
0.0 0.0662868597953997 0.023307999790748823 0.009792650288664717 0.004352289017184319
0.0 0.18960171528228945 0.09512077453424599 0.009067268785800664 0.007253815028640531
0.0 0.2057414537210148 0.11506876586300763 0.005803052022912425 0.007253815028640531
0.0 0.27084444360306376 0.1807157918722048 0.00689112427720886 0.006528433525776478
0.0 0.22714020805550436 0.2128139233739393 0.006528433525776478 0.00834188728293661
0.0 0.19377265892375775 0.21752890314255566 0.006528433525776478 0.0061657427743444515
0.0 0.19359131354804174 0.18633749106945635 0.01051803179152877 0.006891124277208149
