0.0 0.27735868488885795 0.5154477837606791 0.010420105288642212 0.006129473699201071
0.0 0.22372579002084675 0.46028252046786805 0.004903578959360999 0.007355368439041854
0.0 0.2341458953094889 0.4679443625918694 0.0049035789593610875 0.00551652632928068
0.0 0.27919752699861833 0.45783073098818755 0.01532368424800321 0.007355368439041143
0.0 0.3435570008402318 0.45354009939874695 0.009194210548801962 0.006129473699201071
0.0 0.39718989570824303 0.4422005730552243 0.011033052658562336 0.00551652632928139
0.0 0.42691784314936915 0.3925518360916939 0.009194210548801962 0.009194210548801606
0.0 0.11646000028482432 0.2393149936116618 0.008581263178881793 0.009194210548801606
0.0 0.15384978984995215 0.28375367793087103 0.008581263178881793 0.007355368439041854
0.0 0.1976755267992413 0.2638328884084668 0.011646000028482439 0.009194210548801606
0.0 0.2375171058440496 0.21234530933517598 0.012871894768322711 0.011646000028483173
0.0 0.6199962646742094 0.33585420437408225 0.007968315808961535 0.007355368439041854
0.0 0.6834363174609429 0.3983748361059348 0.008581263178881748 0.008581263178881925
0.0 0.7579094229062384 0.28160836213615037 0.012871894768322534 0.007968315808961535
0.0 0.8213494756929716 0.4538465730837071 0.007355368439041499 0.006742421069120752
0.0 0.5344901065703518 0.13664630915004033 0.006129473699201249 0.006129473699201071
0.0 0.645740054210855 0.12653267754635814 0.009194210548801962 0.006742421069121462
0.0 0.8504644757641777 0.11733846699755617 0.00796831580896189 0.00551652632928068
0.0 0.10450752657138185 0.2184747830343774 0.010420105288642168 0.00551652632928139
0.0 0.18235184255123812 0.01726163553425799 0.012871894768322711 0.00551652632928139
0.0 0.339572842935751 0.012971003944817028 0.008581263178881748 0.01042010528864239
0.0 0.30831252706982437 0.08284700411571144 0.006129473699201249 0.010420105288641679
0.0 0.5161016854727479 0.0920412146645134 0.011033052658562425 0.00551652632928139
0.0 0.57494463298508 0.04760253034530422 0.006129473699201427 0.009807157918721998
0.0 0.9584103106591352 0.4657051747811174 0.0061657427743444515 0.007616505780072913
0.0 0.9246800707759564 0.35562853172149717 0.005440361271480398 0.007979196531504584
0.0 0.9856121170165372 0.2085574320158095 0.00689112427720886 0.006165742774344096
0.0 0.9016492080600227 0.08179701439031532 0.007979196531504584 0.007253815028640531
