0.0 0.7493478470311402 0.16113049129487572 0.011842963312065535 0.014063518933078712
0.0 0.4717783944045877 0.5319632800039497 0.011842963312066246 0.008142037277045234
0.0 0.5750342307816656 0.5197502240883815 0.014063518933078 0.010362592898058054
0.0 0.6027911760443203 0.5138287424323484 0.007401852070041315 0.01480370414008263
0.0 0.6016808982338144 0.5452866137300243 0.008142037277045234 0.011102778105061972
0.0 0.5457969151050015 0.575264114613692 0.008882222484049861 0.005921481656033123
0.0 0.7541590508766667 0.5656417069226383 0.008142037277045943 0.00740185207004167
0.0 0.19531921958854143 0.7569795829332083 0.006661666863037397 0.011102778105061972
0.0 0.13943523645972852 0.7466169900351506 0.011842963312065535 0.008142037277045234
0.0 0.04839245599821958 0.8883624571764432 0.008882222484049861 0.008882222484049152
0.0 0.09613440184998687 0.9875472749149978 0.008142037277045234 0.011842963312066246
0.0 0.6483125662750755 0.5885874483397664 0.011102778105062328 0.010362592898057698
0.0 0.769702940223754 0.9094577355760614 0.006661666863037397 0.008142037277045234
