0.0 0.06490641438433756 0.8983430281514352 0.011102778105062328 0.00962240769105378
0.0 0.07785965550691003 0.7763646070867907 0.010362592898057698 0.011102778105062328
0.0 0.19813975164508263 0.8548242390292298 0.00962240769105378 0.00962240769105378
0.0 0.12153058272015435 0.7215909017684847 0.010362592898057698 0.006661666863036686
0.0 0.0930334522504948 0.35593940950844 0.00814203727704559 0.012583148519070164
0.0 0.24514151228984565 0.40960283701624006 0.008882222484049507 0.011842963312066246
0.0 0.23292845637427745 0.20420144207259092 0.00962240769105378 0.014063518933078712
0.0 0.20332104809411183 0.22603690567921292 0.012583148519070164 0.005921481656032767
0.0 0.011983172083541405 0.0798503272958957 0.008882222484049507 0.00962240769105378
0.0 0.10672687858007138 0.07429893824336417 0.01628407455409118 0.008882222484049861
0.0 0.17778465845246885 0.11278856900758001 0.010362592898058054 0.010362592898057698
0.0 0.8483924559982196 0.08836245717644324 0.008882222484049861 0.008882222484049152
0.0 0.8961344018499868 0.18754727491499779 0.008142037277045234 0.011842963312066246
0.0 0.7736337500908016 0.352238483473419 0.008882222484049861 0.00962240769105378
0.0 0.7621608793822375 0.3248516308142658 0.011102778105061972 0.006661666863037397
0.0 0.7458768048281463 0.5250717293088855 0.00962240769105378 0.010362592898057698
0.0 0.7477272678456565 0.4984250618567366 0.011842963312066246 0.008882222484049861
0.0 0.7976897693184359 0.5813258050412007 0.009622407691053603 0.01036259289805841
0.0 0.7503179160701711 0.4654868201450526 0.00814203727704559 0.008142037277045943
0.0 0.7825159725748513 0.4432812639349283 0.007401852070041315 0.008142037277045234
0.0 0.7666019906242623 0.45068311600496963 0.00814203727704559 0.005181296449028849
0.0 0.8495027338087258 0.41922524470729383 0.00962240769105378 0.010362592898057698
0.0 0.7802954169538389 0.23713968378427525 0.010362592898058054 0.008882222484049152
0.0 0.8047215287849753 0.2634162586329225 0.013323333726074615 0.011102778105062328
0.0 0.7995402323359463 0.6653368260361703 0.014803704140082807 0.012583148519070875
0.0 0.43907003652493015 0.7434263653751068 0.011842963312066246 0.01036259289805841
0.0 0.34839734866692285 0.6616359000011499 0.011102778105061972 0.00962240769105378
0.0 0.2777096613980275 0.5887276571112416 0.010362592898058054 0.011842963312065535
0.0 0.3620907749964998 0.6053818242688347 0.008882222484049507 0.005181296449028849
0.0 0.37985521996459876 0.6398004363945275 0.008882222484049861 0.007401852070041315
0.0 0.3905879054661591 0.5269221923263959 0.011102778105061972 0.012583148519070164
0.0 0.5104979090008296 0.5720734899536482 0.011102778105062328 0.011102778105062328
0.0 0.5008755012472467 0.5435763442800212 0.01258314851907052 0.008882222484049861
0.0 0.5197502240883815 0.5606006192450845 0.011842963312066601 0.010362592898056988
0.0 0.6470620796930937 0.555419322796055 0.013323333726074438 0.010362592898057698
0.0 0.5112380942078338 0.44883265298745945 0.00962240769105378 0.013323333726074794
0.0 0.5475071693510367 0.38517672518510293 0.006661666863037041 0.010362592898057698
0.0 0.5623108734911195 0.39516922547965905 0.011102778105061972 0.008142037277045234
0.0 0.49199327882572613 0.15719968142782825 0.008142037277045234 0.008882222484049152
0.0 0.48459142675568445 0.12870255095816852 0.00814203727704559 0.011102778105061616
0.0 0.29547410636612703 0.17237347817141285 0.011842963312066246 0.012583148519070164
0.0 0.7140488409269683 0.038770048307165794 0.00814203727704559 0.010362592898057698
0.0 0.6840713400433005 0.06319616013830257 0.008882222484049861 0.011842963312066246
0.0 0.27622929098401927 0.11130819859357147 0.00740185207004167 0.007401852070041315
0.0 0.23959012323731432 0.0939138462289744 0.006661666863037397 0.014063518933078712
0.0 0.4139037394867893 0.04321115954919073 0.01184296331206589 0.013323333726074794
