0.0 0.23292845637427745 0.9985848413030258 0.00962240769105378 0.002830317393948434
0.0 0.011983172083541405 0.8798503272958957 0.008882222484049507 0.00962240769105378
0.0 0.10672687858007138 0.8742989382433641 0.01628407455409118 0.008882222484049861
0.0 0.17778465845246885 0.91278856900758 0.010362592898058054 0.010362592898057698
0.0 0.15261836141432816 0.6152341157919154 0.008882222484049507 0.011842963312066246
0.0 0.11893993449563975 0.5171595758638668 0.006661666863037397 0.01258314851907052
0.0 0.1348539164462288 0.27030780932798637 0.008882222484049507 0.010362592898058054
0.0 0.013463542497549774 0.30361614364317263 0.008882222484049861 0.011842963312066246
0.0 0.1677921581579131 0.17852484365947294 0.01258314851907052 0.013323333726074438
0.0 0.18444632531550606 0.24810225311786205 0.007401852070041315 0.013323333726074438
0.0 0.15409873182833636 0.18037530667698345 0.007401852070041315 0.011102778105062328
0.0 0.246991975307356 0.4394401291284321 0.00962240769105378 0.01258314851907052
0.0 0.9953192195885414 0.7569795829332083 0.006661666863037397 0.011102778105061972
0.0 0.9394352364597285 0.7466169900351506 0.011842963312065535 0.008142037277045234
0.0 0.8483924559982196 0.8883624571764432 0.008882222484049861 0.008882222484049152
0.0 0.8961344018499868 0.9875472749149978 0.008142037277045234 0.011842963312066246
0.0 0.49199327882572613 0.9571996814278283 0.008142037277045234 0.008882222484049152
0.0 0.48459142675568445 0.9287025509581686 0.00814203727704559 0.011102778105061616
0.0 0.29547410636612703 0.9723734781714128 0.011842963312066246 0.012583148519070164
0.0 0.7140488409269683 0.8387700483071658 0.00814203727704559 0.010362592898057698
0.0 0.6840713400433005 0.8631961601383026 0.008882222484049861 0.011842963312066246
0.0 0.27622929098401927 0.9113081985935715 0.00740185207004167 0.007401852070041315
0.0 0.23959012323731432 0.8939138462289744 0.006661666863037397 0.014063518933078712
0.0 0.4139037394867893 0.8432111595491907 0.01184296331206589 0.013323333726074794
0.0 0.4745989264611289 0.6448415240720811 0.010362592898058054 0.010362592898058054
0.0 0.4194551285393205 0.6544639317631349 0.00962240769105378 0.008882222484049507
