0.0 0.13710006478213474 0.9967804238425148 0.006004382399217567 0.006439152314970542
0.0 0.3942877775486212 0.9981147310423406 0.00667153599913064 0.0037705379153187835
0.0 0.4523814602487433 0.7088619513149241 0.00769792615284306 0.007697926152843237
0.0 0.49574644424309244 0.7160466823909111 0.006158340922274341 0.00872431630655548
0.0 0.49010129839767436 0.7709585556145248 0.010263901537124021 0.00667153599913064
0.0 0.4195369753299463 0.7804526645363644 0.00769792615284306 0.006158340922274163
0.0 0.4444269365574722 0.8189422953005803 0.006158340922274341 0.009237511383411601
0.0 0.3972129894867014 0.9446750891303498 0.005131950768562011 0.008211121229699359
0.0 0.3723230282591755 0.9564785758980424 0.00667153599913064 0.009237511383411601
0.0 0.2265756264320138 0.8977177395980072 0.00667153599913064 0.0056451458454183975
0.0 0.29354758396174835 0.8907896060604479 0.00821112122969927 0.009237511383411601
0.0 0.25223538027482395 0.7891769808429199 0.00769792615284306 0.006158340922274163
0.0 0.24453745412198097 0.7455553993101427 0.00769792615284306 0.009237511383411955
0.0 0.0892959433729794 0.7170730725446235 0.005131950768562032 0.00667153599913064
0.0 0.06620216491445025 0.7696755679223843 0.005131950768562032 0.008211121229699359
0.0 0.06851154276030316 0.82433084360757 0.00667153599913064 0.007697926152842882
0.0 0.07005112799087176 0.8330551599141259 0.008724316306555457 0.0046187556917061555
0.0 0.10032963752538779 0.8474246220660995 0.00667153599913064 0.007697926152843593
0.0 0.12496300121448552 0.8997705199054316 0.006671535999130685 0.005645145845417687
0.0 0.1298383544446195 0.8528131703730892 0.008211121229699225 0.0061583409222748745
0.0 0.06748515260659076 0.9436486989766376 0.00769792615284306 0.006158340922274163
0.0 0.0910921261419761 0.9523730152831927 0.008724316306555457 0.008211121229699359
0.0 0.17653910643853396 0.6926278810362678 0.007184731075986805 0.00667153599913064
0.0 0.21631172489488976 0.650802482272487 0.004618755691705801 0.0071847310759871165
0.0 0.33793895810980995 0.6567042256563334 0.00872431630655548 0.006671535999130285
0.0 0.391054648564427 0.6387423979663662 0.00615834092227443 0.007697926152843237
0.0 0.4867655303981088 0.6431045561196443 0.004618755691705801 0.0071847310759871165
0.0 0.49497665162780813 0.6502892871956311 0.00769792615284306 0.007184731075986761
0.0 0.44647971686489685 0.5725402330519161 0.010263901537124021 0.00872431630655548
0.0 0.5149912596252001 0.5556047955156614 0.004618755691705801 0.008724316306555836
0.0 0.3502556399543588 0.47451997337238117 0.008724316306555392 0.00667153599913064
0.0 0.4133786344076718 0.45142619491385216 0.0056451458454182205 0.009750706460268077
0.0 0.44622311932646885 0.4758029610645217 0.004618755691705801 0.006158340922274519
0.0 0.4513550700950309 0.4701578152191036 0.0056451458454182205 0.008211121229699359
0.0 0.47906760424526584 0.46143349891254815 0.0035923655379933805 0.006158340922274163
0.0 0.4816335796295469 0.4496300121448552 0.004618755691705801 0.008211121229699003
0.0 0.4875353230133932 0.43166818445488814 0.006158340922274519 0.008211121229699003
0.0 0.49241067624352713 0.44013590322301577 0.00769792615284306 0.00667153599913064
0.0 0.506780138395501 0.4539921702981333 0.007697926152842882 0.008724316306555836
0.0 0.5106291014719224 0.4491168170679991 0.006158340922274519 0.007184731075986761
0.0 0.10443519814023738 0.6741528582694443 0.00667153599913064 0.0056451458454183975
0.0 0.1195744529074954 0.6877525278061334 0.008211121229699225 0.008211121229699359
0.0 0.1200876479843516 0.6777452238074376 0.009237511383411645 0.007697926152843237
0.0 0.13727968305903443 0.6495194945803464 0.006671535999130595 0.008724316306555836
0.0 0.09648067444896624 0.622576753045396 0.009237511383411657 0.008211121229699359
0.0 0.10879735629351513 0.6069243032012815 0.00615834092227443 0.007697926152843593
0.0 0.15472831567214534 0.5943510238183045 0.004618755691705845 0.0071847310759871165
0.0 0.11880466029221108 0.41114038138064013 0.008724316306555435 0.005131950768561921
0.0 0.1626828393634165 0.44680743922214605 0.007184731075986805 0.00667153599913064
0.0 0.22349645597087658 0.44141889091515624 0.0056451458454182205 0.008211121229699359
0.0 0.2365829304307098 0.49761375183091017 0.011290291690836441 0.008724316306555124
0.0 0.1039220030633812 0.42345706322518895 0.00769792615284306 0.008211121229699359
0.0 0.10674457598609033 0.4334643672238849 0.00718473107598685 0.0056451458454183975
0.0 0.09365810152625711 0.4491168170679991 0.0056451458454182205 0.007184731075986761
0.0 0.07903204183585533 0.4809349118330838 0.00718473107598685 0.007184731075986761
0.0 0.12162723321492022 0.4999231296767633 0.009237511383411645 0.006158340922274519
0.0 0.10469179567866552 0.5166019696745898 0.011290291690836484 0.0056451458454183975
0.0 0.1544717181337172 0.48940263060121103 0.00718473107598685 0.009750706460267721
0.0 0.14266823136602455 0.5183981524435867 0.00718473107598685 0.006158340922274519
0.0 0.13753628059746253 0.529688444134423 0.005131950768562055 0.009237511383411955
0.0 0.10238241783281259 0.5586839659767986 0.007697926152843026 0.007697926152843237
0.0 0.12034424552277971 0.5681780748986384 0.00769792615284306 0.0071847310759871165
0.0 0.12752897659876655 0.5756194035130534 0.00769792615284306 0.00667153599913064
0.0 0.14882657228829899 0.388303200460539 0.00615834092227443 0.00872431630655548
0.0 0.09622407691053816 0.3852240299994019 0.005645145845418265 0.009750706460267721
0.0 0.10417860060180928 0.29490169647271003 0.00615834092227443 0.007697926152843237
0.0 0.10212582029438447 0.33082535185264417 0.00821112122969927 0.00667153599913064
0.0 0.14292482890445266 0.3641830318482976 0.00872431630655548 0.007697926152842882
0.0 0.14395121905816505 0.3569983007723108 0.00769792615284306 0.007697926152842882
0.0 0.16293943690184456 0.34185904600505274 0.005645145845418265 0.0071847310759871165
0.0 0.15498491321057345 0.33724029031334696 0.010263901537124065 0.006158340922274519
0.0 0.1395890609048873 0.12913968664815645 0.009237511383411645 0.007697926152842882
0.0 0.13214773229047236 0.13863379556999628 0.008724316306555435 0.006158340922274519
0.0 0.12393661106077311 0.17122168295036494 0.00667153599913064 0.007697926152842882
0.0 0.1475435845961585 0.19713803433160315 0.006671535999130685 0.008211121229699359
0.0 0.15960366890227926 0.2438387863255178 0.00615834092227443 0.007184731075986761
0.0 0.2242662485861609 0.28104542939759264 0.007184731075986761 0.007697926152842882
0.0 0.27969131688663085 0.28361140478187374 0.00821112122969927 0.01077709661398032
0.0 0.2555711482743893 0.3267197912377947 0.00615834092227443 0.00872431630655548
0.0 0.18705960551408615 0.3280027789299352 0.010777096613980275 0.006158340922274519
0.0 0.19886309228177884 0.2179224349442798 0.006671535999130595 0.00872431630655548
0.0 0.26378226950408856 0.23280509217310943 0.00615834092227443 0.00667153599913064
0.0 0.26763123258051 0.19123629094775704 0.0056451458454182205 0.008724316306555836
0.0 0.27301978088750023 0.17968940171849218 0.00718473107598685 0.006158340922274519
0.0 0.3048378756525849 0.1468449167996953 0.00718473107598685 0.008211121229699359
0.0 0.3394785433403785 0.17276126818093368 0.00769792615284306 0.008724316306555836
0.0 0.34255771380151573 0.2174092398674233 0.007697926152843149 0.00872431630655548
0.0 0.3990091722556982 0.22921272663511605 0.008724316306555523 0.00667153599913064
0.0 0.48317316486011547 0.38625042015311417 0.00872431630655548 0.008724316306555836
0.0 0.47419225101513207 0.3318517420063564 0.007184731075986939 0.00872431630655548
0.0 0.4462231193264688 0.32748958385307886 0.0056451458454182205 0.010263901537123843
0.0 0.42826129163650173 0.27334750324474955 0.00872431630655548 0.007697926152843237
0.0 0.4931804688588114 0.2928489161652852 0.008211121229699359 0.00667153599913064
0.0 0.4885617131671056 0.3159426946238145 0.007184731075986761 0.007697926152842882
0.0 0.4954898467046644 0.27770966139802733 0.00769792615284306 0.008211121229699003
0.0 0.5072933334723572 0.28078883185916437 0.008724316306555301 0.009237511383411246
0.0 0.4960030417815206 0.12811329649444403 0.00769792615284306 0.008724316306555836
0.0 0.4672641174775731 0.13144906449400917 0.00667153599913064 0.010263901537124198
0.0 0.464184947016436 0.1853345475639106 0.0056451458454182205 0.007184731075986761
0.0 0.497029431935233 0.201243594946453 0.008724316306555301 0.007184731075986761
0.0 0.4972860294736611 0.2145866669447143 0.008211121229699359 0.008211121229699359
0.0 0.5178138325479092 0.22667526100083588 0.007184731075986939 0.008781335806557067
0.0 0.24068849104555942 0.1170796023420353 0.00923751138341169 0.008211121229699359
0.0 0.2653218547346572 0.07833337403939211 0.00821112122969927 0.0056451458454183975
0.0 0.24761662458311812 0.044205901428454555 0.00667153599913064 0.010263901537123843
0.0 0.5052405531649322 0.020598927893069253 0.00769792615284306 0.011290291690836441
0.0 0.5042141630112199 0.08295212973109808 0.00769792615284306 0.010777096613979964
0.0 0.37565879625874093 0.06473370450270277 0.00718473107598685 0.008211121229699359
0.0 0.43493282763563246 0.07063544788654905 0.00769792615284306 0.00667153599913064
0.0 0.4431439488653316 0.06909586265598051 0.0056451458454182205 0.00667153599913064
0.0 0.12650258644505413 0.10476292049748662 0.0097507064602679 0.008211121229699359
0.0 0.1075143686013746 0.08089934942367308 0.009750706460267855 0.00667153599913064
0.0 0.11726507506164248 0.06447710696427453 0.01282987692140507 0.009750706460268077
0.0 0.15960366890227926 0.07807677650096387 0.009237511383411645 0.008211121229699359
0.0 0.16832798520883469 0.0921896411145097 0.00923751138341169 0.007697926152842882
0.0 0.19270475135950438 0.062424326656849695 0.00872431630655548 0.0056451458454183975
0.0 0.1937311415132168 0.03984374327517681 0.0097507064602679 0.0056451458454183975
0.0 0.17115055813154384 0.023934695892634573 0.005645145845418265 0.00667153599913064
0.0 0.1988630922817788 0.008282246048520393 0.006671535999130662 0.006158340922274163
0.0 0.29303438888489214 0.016236769739791334 0.00718473107598685 0.0056451458454183975
0.0 0.295343766730745 0.026757268815343592 0.0056451458454182205 0.008211121229699359
0.0 0.2991927298071666 0.05985835127256891 0.00615834092227443 0.0056451458454183975
0.0 0.2953437667307451 0.06678648481012743 0.00769792615284306 0.006158340922274519
0.0 0.146260596904018 0.001831745178407207 0.00718473107598685 0.003663490356814414
0.0 0.6337841848455246 0.9672828231269431 0.007500404554384765 0.009375505692980823
0.0 0.5797187686826665 0.9107172721126237 0.009375505692981002 0.010000539405846354
0.0 0.5565925213066465 0.8538392042418718 0.009375505692981179 0.007500404554384943
0.0 0.5519047684601559 0.7669595181535798 0.010000539405846531 0.01000053940584671
0.0 0.5712808135589835 0.7541463270398389 0.012500674257308119 0.009375505692980823
0.0 0.8694218945957835 0.8785280359000549 0.007500404554384943 0.010625573118712595
0.0 0.8828601194223898 0.8919662607266613 0.008125438267250474 0.008750471980116003
0.0 0.9178379675846655 0.9971958282489677 0.007211927456139478 0.005608343502064628
0.0 0.7704742498975518 0.9253975505008694 0.011539083929823057 0.010096698438594842
0.0 0.6594105670730059 0.8770776365447357 0.008654312947367338 0.00769272261988192
0.0 0.7137404205759224 0.8460663484833368 0.00769272261988192 0.008173517783624362
0.0 0.9175975700027941 0.8083239281295409 0.0096159032748524 0.0096159032748524
0.0 0.9700042428507398 0.7977464345272031 0.00576954196491144 0.009615903274852755
0.0 0.9786585557981071 0.7963040490359752 0.00865431294736716 0.008654312947366983
0.0 0.5695018714531358 0.6589729243769866 0.010096698438595019 0.006250337128654237
0.0 0.6680648800203733 0.6688292252337102 0.00913510811110978 0.00673113229239668
0.0 0.6839311204238798 0.7058504528418921 0.00913510811110978 0.01153908392982288
0.0 0.6639781211285611 0.7503240054880849 0.007692722619882098 0.007211927456139478
0.0 0.6899410599706626 0.7712385951108885 0.01057749360233764 0.00769272261988192
0.0 0.837064380075905 0.7657094507278487 0.00769272261988192 0.008173517783624362
0.0 0.8817783303039688 0.76594984830972 0.00673113229239668 0.006731132292397035
0.0 0.9529360145378769 0.7777293298214142 0.00769272261988192 0.006250337128653883
0.0 0.9534168097016197 0.7577763305260955 0.007692722619882275 0.00769272261988192
0.0 0.9413969306080541 0.7356597529939345 0.00769272261988192 0.00673113229239668
0.0 0.9712062307600965 0.7491220175787282 0.0096159032748524 0.00865431294736716
0.0 0.7925908274297125 0.6628192856869275 0.00913510811110978 0.005288746801168998
0.0 0.8288908622922804 0.6959941519851685 0.00865431294736716 0.008173517783624362
0.0 0.8370643800759048 0.6796471164179193 0.0096159032748524 0.007211927456139122
0.0 0.8555749938799961 0.7041676697687931 0.005288746801168642 0.008173517783624717
0.0 0.8805763423946121 0.6782047309266913 0.006250337128653883 0.005288746801168998
0.0 0.9043757029998719 0.671713996216166 0.007692722619882275 0.00673113229239668
0.0 0.997863392055485 0.6745987671986218 0.004273215889029913 0.0096159032748524
0.0 0.9918804228010293 0.6236344798419038 0.00673113229239668 0.00865431294736716
0.0 0.8733644149384728 0.6459914549559358 0.008173517783624362 0.012981469421050561
0.0 0.8413915365495885 0.6159417572220217 0.00769272261988192 0.006731132292397035
0.0 0.8168709831987149 0.6229132870962898 0.00769272261988192 0.007211927456139122
0.0 0.5257495115525572 0.38131371731562247 0.008173517783624362 0.00865431294736716
0.0 0.5447409205203908 0.3979011504647431 0.011539083929823057 0.007211927456139478
0.0 0.5269514994619138 0.49117541223081157 0.0096159032748524 0.006250337128654237
0.0 0.5334422341724391 0.44309589585654924 0.00817351778362454 0.006250337128653883
0.0 0.5392117761373506 0.43828794421912287 0.00817351778362454 0.009135108111109957
0.0 0.6250337128654085 0.6056046612015555 0.00865431294736716 0.007211927456139478
0.0 0.6276780862659931 0.5637754819559475 0.0062503371286540595 0.009135108111109602
0.0 0.5829641360379292 0.5830072885056525 0.010096698438595198 0.005288746801168998
0.0 0.6865754938244643 0.516176760745428 0.0096159032748524 0.006250337128654237
0.0 0.7579735756402437 0.5303602180758353 0.0072119274561393 0.00769272261988192
0.0 0.708932468938496 0.5712278069939579 0.009135108111109957 0.00673113229239668
0.0 0.7103748544297239 0.5803629151050677 0.00817351778362454 0.00576954196491144
0.0 0.8736048125203443 0.5786801320319688 0.0096159032748524 0.007211927456139122
0.0 0.9313002321694585 0.5693046263389879 0.005769541964911085 0.00769272261988192
0.0 0.9577439661753031 0.5738721803945422 0.00576954196491144 0.006250337128654237
0.0 0.6697857838051382 0.334645540176985 0.007348888860212987 0.006916601280200751
0.0 0.6890225811156957 0.3886814876785511 0.009510326760275589 0.009510326760275589
0.0 0.668705064855107 0.3964626641187765 0.006052026120175391 0.007781176440225579
0.0 0.6544395747146935 0.42953266398973466 0.007781176440225401 0.004755163380137617
0.0 0.6723795092852136 0.44595959203021085 0.009078039180262999 0.0056197385401628
0.0 0.7184181365565476 0.4422851476001043 0.008645751600250407 0.006916601280200751
0.0 0.7443553913572993 0.4457434482402043 0.007781176440225401 0.006916601280200751
0.0 0.7063140843161968 0.39732723927880154 0.005187450960150386 0.007781176440225579
0.0 0.7080432346362469 0.3837101805084068 0.007781176440225401 0.013400914980388378
0.0 0.7430585286172616 0.45827978806056785 0.006916601280200396 0.008645751600250762
0.0 0.7847742800884705 0.45114704299036107 0.008213464020237992 0.0038905882201127895
0.0 0.7834774173484329 0.44055599728005423 0.00734888886021281 0.007781176440225579
0.0 0.804011077399028 0.38025187986830655 0.007781176440225579 0.007348888860213165
0.0 0.7854227114584893 0.37290299100809354 0.006916601280200396 0.008213464020237992
0.0 0.7906101624186397 0.523122925062447 0.009510326760275589 0.006052026120175214
0.0 0.7940684630587398 0.5170708989422714 0.008645751600250762 0.0060520261201755686
0.0 0.8316774825198296 0.4868107683413946 0.007781176440225579 0.008645751600250762
0.0 0.8714479398809827 0.5657032516936809 0.009510326760275589 0.008213464020237992
0.0 0.8742578091510638 0.5436565851130417 0.008213464020237992 0.007348888860213165
0.0 0.8848488548613707 0.5116673041921149 0.008645751600250762 0.0064843137001879825
0.0 0.8846327110713641 0.5043184153319018 0.00734888886021281 0.0056197385401628
0.0 0.9088408155520661 0.5131803107221588 0.0064843137001879825 0.006916601280200041
0.0 0.9177027109423228 0.49026906898149464 0.004322875800125203 0.008645751600250762
0.0 0.917918854732329 0.4747067161010438 0.00734888886021281 0.005187450960150386
0.0 0.9332650638227739 0.46735782724083086 0.006916601280200396 0.0112394770803256
0.0 0.9624444754736192 0.46714168345082446 0.005619738540163155 0.00907803918026282
0.0 0.9628767630536318 0.506695997021971 0.008213464020237992 0.006916601280200396
0.0 0.976061534244014 0.5287426636026098 0.009510326760275589 0.006916601280200396
0.0 0.9918400309144714 0.5378207027828725 0.00734888886021281 0.006916601280200396
0.0 0.999486387992339 0.44163671623008527 0.0010272240153222257 0.0064843137001879825
0.0 0.8731770902010323 0.4837847552813068 0.006052026120175214 0.007781176440225579
0.0 0.8842004234913519 0.4701676965109122 0.00734888886021281 0.007348888860213165
0.0 0.8619376131207067 0.45957665080060545 0.0060520261201755686 0.005187450960150386
0.0 0.8883071555014709 0.44271743518011686 0.005187450960150386 0.006916601280200751
0.0 0.8615053255406939 0.4256420757696219 0.005187450960150386 0.0056197385401628
0.0 0.9060309462819844 0.44617573582021686 0.008645751600250407 0.005187450960150386
0.0 0.9308874821327049 0.4312618143097847 0.0056197385401628 0.0064843137001879825
0.0 0.9278614690726172 0.4394752783300227 0.0056197385401628 0.0064843137001879825
0.0 0.9570408807234628 0.4211030561794905 0.007781176440225579 0.009510326760275589
0.0 0.9825458479442017 0.44401429792015445 0.007781176440225579 0.0112394770803256
0.0 0.8842442449156251 0.39786888421471395 0.007348888860213165 0.007781176440225579
0.0 0.8732209116253056 0.385764831974363 0.008645751600250407 0.010374901920300772
0.0 0.8626298659149987 0.37668679279409983 0.005619738540163155 0.006916601280200396
0.0 0.8691141796151864 0.3714993418339496 0.0064843137001879825 0.0060520261201755686
0.0 0.855497120844792 0.3587468582235802 0.0060520261201755686 0.008213464020237638
0.0 0.8609007155949486 0.342319930183104 0.0056197385401628 0.0064843137001879825
0.0 0.8838119573356125 0.3442652242931604 0.0064843137001879825 0.0060520261201755686
0.0 0.8775437874254308 0.3194086884424401 0.007781176440225579 0.0038905882201127895
0.0 0.838421761434297 0.3392939171230161 0.0064843137001879825 0.008213464020237992
0.0 0.8185365327537208 0.31746339433238385 0.007348888860213165 0.005187450960150386
0.0 0.853119539154723 0.3248122831925967 0.008213464020237992 0.005187450960150386
0.0 0.6735040496595178 0.3183279694924085 0.006052026120175391 0.006916601280200396
0.0 0.6866888208498999 0.2770445056012125 0.008213464020237992 0.00734888886021281
0.0 0.6918762718100504 0.234896466549991 0.006484313700187805 0.0060520261201755686
0.0 0.7351050298113031 0.2314381659098908 0.006484313700187805 0.007781176440225579
0.0 0.7593131342920045 0.24548751226029797 0.007348888860212987 0.007348888860213165
0.0 0.7869795394128063 0.2781252245512437 0.006484313700187805 0.006916601280200396
0.0 0.7683911734722677 0.3133566623222645 0.0064843137001879825 0.00734888886021281
0.0 0.9099653559263704 0.41472809983520237 0.005187450960150386 0.004322875800125203
0.0 0.9099653559263705 0.4050016292849204 0.004322875800125203 0.0064843137001879825
0.0 0.9049940487562266 0.4099729364550647 0.0038905882201127895 0.004322875800125558
0.0 0.9486550943374917 0.4013271848548138 0.0056197385401628 0.006916601280200396
0.0 0.9767537870383061 0.41602496257523996 0.008213464020237992 0.0060520261201755686
0.0 0.9389286237872095 0.3695540477238932 0.007781176440225579 0.004755163380137617
0.0 0.938280192417191 0.36328587781371147 0.0038905882201127895 0.005187450960150386
0.0 0.911262218666408 0.36717646603382426 0.0034583006401000204 0.005187450960150386
0.0 0.9173142447865837 0.3533432634734236 0.005187450960150386 0.007781176440225579
0.0 0.9735116301882121 0.33734862301295987 0.0060520261201755686 0.0034583006401003756
0.0 0.9938291464488008 0.3051431983020265 0.0060520261201755686 0.0056197385401628
0.0 0.9361187545171283 0.28417725067141897 0.008213464020237992 0.008645751600250762
0.0 0.9441160747473599 0.2869871199415007 0.007781176440225579 0.009078039180263175
0.0 0.9493035257075103 0.2952005839617387 0.006052026120175214 0.0064843137001879825
0.0 0.9402254865272474 0.3064400610420643 0.0060520261201755686 0.004755163380137972
0.0 0.9971307170144067 0.2876355513115193 0.00573856597118656 0.0060520261201755686
0.0 0.9752407805082621 0.27185705464106197 0.004322875800124848 0.007348888860213165
0.0 0.9655143099579803 0.25672698934062377 0.0056197385401628 0.007348888860213165
0.0 0.9579492773077609 0.26407587820083656 0.004322875800125558 0.00734888886021281
0.0 0.8436092123944474 0.28569025720146274 0.008213464020237992 0.0064843137001879825
0.0 0.874301630575337 0.2642920219908428 0.0064843137001879825 0.006916601280200396
0.0 0.8688980358251802 0.29109385195161935 0.005187450960150386 0.005187450960150386
0.0 0.8838119573356126 0.29130999574162575 0.004755163380137972 0.007348888860213165
0.0 0.8373410424842659 0.27401849254112476 0.00518745096015003 0.0038905882201127895
0.0 0.8347473170041905 0.26515659715086815 0.006916601280200751 0.004322875800125203
0.0 0.6903632652800066 0.15232953876759794 0.007781176440225579 0.005187450960150386
0.0 0.6875533960099249 0.14152234926728494 0.008213464020237992 0.006916601280200396
0.0 0.6562125464590169 0.14454836232737237 0.012104052240350605 0.006052026120175214
0.0 0.6838789515798186 0.0922415651458568 0.008645751600250407 0.005187450960150386
0.0 0.7016027423603323 0.07386934299532441 0.008645751600250407 0.00734888886021281
0.0 0.7080870560605201 0.04771594440456646 0.010374901920300595 0.005187450960150386
0.0 0.724664072646104 0.05528097705478548 0.008645751600250584 0.008213464020237992
0.0 0.6823659450497748 0.05160653262467925 0.0056197385401628 0.0060520261201755686
0.0 0.7238655527309775 0.13417346040707176 0.005619738540162978 0.005187450960150386
0.0 0.7513158140617728 0.09569986578595699 0.008645751600250407 0.006916601280200396
0.0 0.7614745721920674 0.12725685912687154 0.009078039180263175 0.005187450960150386
0.0 0.7871956832028126 0.12120483300669616 0.006052026120175391 0.005187450960150386
0.0 0.8241562712938837 0.12142097679670236 0.004755163380137617 0.004755163380137972
0.0 0.8181042451737083 0.11558509446653335 0.006484313700187627 0.004322875800125558
0.0 0.8237239837138711 0.10477790496622016 0.004755163380137617 0.00518745096015003
0.0 0.8332343104741469 0.11688195720657077 0.0056197385401628 0.005187450960150386
0.0 0.8442576437644661 0.11580123825653957 0.004322875800125558 0.007348888860213165
0.0 0.8248047026639025 0.22365698946966503 0.006916601280200396 0.004322875800125203
0.0 0.8356118921642157 0.19188385233874428 0.006916601280200396 0.003026013060087607
0.0 0.8360441797442283 0.17524078050826192 0.007781176440225579 0.008645751600250762
0.0 0.859603852854911 0.230789734539872 0.00907803918026282 0.0056197385401628
0.0 0.898077447476026 0.23208659727990924 0.007348888860213165 0.0064843137001879825
0.0 0.8935384278858944 0.251539538380473 0.004322875800125203 0.0064843137001879825
0.0 0.8846765324956376 0.2487296691103916 0.0038905882201127895 0.004322875800125203
0.0 0.9151528068865208 0.26321130304081136 0.008645751600250407 0.005619738540163155
0.0 0.9270407153368655 0.26018528998072377 0.0038905882201127895 0.0056197385401628
0.0 0.9255277088068216 0.2506749632204482 0.007781176440225579 0.007348888860213165
0.0 0.949087381917504 0.22754757768977782 0.007348888860213165 0.006916601280200396
0.0 0.9454129374873977 0.25024267564043556 0.0060520261201755686 0.004755163380137972
0.0 0.921853264376715 0.22430542083968383 0.006484313700188338 0.0056197385401628
0.0 0.9268245715468589 0.21457895028940205 0.009510326760275589 0.006916601280200396
0.0 0.9073716304462953 0.20982378690926407 0.006052026120175214 0.006916601280200396
0.0 0.9114783624564143 0.19815202224892586 0.00734888886021281 0.0060520261201755686
0.0 0.9108299310863955 0.17783450598833728 0.005187450960150386 0.006052026120175214
0.0 0.911262218666408 0.16681117269801787 0.006916601280200751 0.0064843137001879825
0.0 0.9268245715468589 0.1527618263476107 0.0060520261201755686 0.0060520261201755686
0.0 0.9462775126474229 0.1830219569484875 0.005187450960150386 0.007781176440225223
0.0 0.9808605190484251 0.19988117256897606 0.006052026120175214 0.012104052240350782
0.0 0.9975630045944192 0.24202921162019758 0.004873990811161732 0.0064843137001879825
0.0 0.8291275784640278 0.08554110765566261 0.008645751600250407 0.010807189500313185
0.0 0.8902962710358004 0.11817881994660837 0.004755163380137617 0.004322875800125558
0.0 0.8833796697556 0.10434561738620758 0.005619738540163155 0.006052026120175214
0.0 0.8928899965158758 0.07516620573536201 0.010807189500313185 0.008213464020237638
0.0 0.8790567939554746 0.07819221879544962 0.0056197385401628 0.008213464020237992
0.0 0.8710594737252431 0.07624692468539322 0.0060520261201755686 0.006916601280200396
0.0 0.9231501271167524 0.12315012711675237 0.004755163380137617 0.004755163380137617
0.0 0.9272568591268715 0.10326489843617637 0.006916601280200751 0.003026013060087607
0.0 0.9354703231471098 0.08727025797571261 0.006916601280200396 0.008213464020237992
0.0 0.9611914341578549 0.12055640163667718 0.0056197385401628 0.0064843137001879825
0.0 0.9776183621983309 0.10866849318633279 0.008213464020237992 0.005187450960150386
0.0 0.9956177104843629 0.13006672839695277 0.008764579031274344 0.009942614340288003
0.0 0.9797798000983937 0.1538425452976419 0.004755163380137972 0.007348888860213165
0.0 0.9862641137985818 0.1657304537479865 0.008213464020237992 0.007781176440225579
0.0 0.6097899987931795 0.23904955206566053 0.00333576799956532 0.008672996798869903
0.0 0.5393223932591669 0.2067268143204693 0.007895308874710594 0.007105777987239747
0.0 0.6001162715944403 0.21087185147969248 0.008684839762181795 0.008290074318446371
0.0 0.557284220949134 0.14751199776013807 0.008290074318446371 0.010263901537124198
0.0 0.5320192325500593 0.09244221835903019 0.006711012543504325 0.005921481656032767
0.0 0.5770224931359109 0.10527209528043517 0.006711012543504147 0.005526716212297345
0.0 0.6034717778661922 0.13349782450752645 0.008290074318446371 0.005921481656033123
0.0 0.6016953333693823 0.11810197220184016 0.006316247099768723 0.006711012543503969
0.0 0.6068272841379445 0.11257525598954263 0.006316247099768546 0.006711012543504325
0.0 0.6170911856750685 0.08711288486860039 0.007895308874710771 0.005526716212297345
0.0 0.6861023412123706 0.032757703560123905 0.007105777987239747 0.005921481656033123
0.0 0.7482778986007181 0.03571844438814029 0.005131950768561921 0.006316247099768546
0.0 0.7924916282990988 0.037297506163082694 0.008290074318446371 0.007105777987239747
0.0 0.7711742943373795 0.03236293811638831 0.00434241988109072 0.0035528889936198736
0.0 0.8309812590633141 0.005124122498635942 0.0031581235498844506 0.004342419881091075
0.0 0.842034691487909 0.006111036107974854 0.007105777987239747 0.006316247099768901
0.0 0.847364024978339 0.02032259208245435 0.005131950768561921 0.00789530887471095
0.0 0.8552593338530498 0.010453455989065752 0.004342419881091075 0.007105777987239747
0.0 0.8858536557425543 0.0004895426697063776 0.003947654437355652 0.0009790853394127553
0.0 0.8977320952573267 0.053837373433670344 0.006279662170447509 0.006825719750486315
0.0 0.8919984906669182 0.02066437544630677 0.006825719750486315 0.006006633380427928
0.0 0.908516732463095 0.024623292901588913 0.009282978860661473 0.00737177733052512
0.0 0.9344544675149432 0.03062992628201684 0.004914518220349962 0.004641489430330381
0.0 0.9498805941510421 0.05888840604903027 0.00737177733052512 0.006552690960466734
0.0 0.966944893527258 0.06202823713425385 0.004914518220349962 0.006279662170447153
0.0 0.9765009011779389 0.07390498950010009 0.006552690960466734 0.007098748540505895
0.0 0.9801867898432015 0.08496265549588795 0.005733604590408703 0.004641489430330737
0.0 0.9710403253775498 0.08619128505097554 0.005460575800389123 0.0032763454802335447
0.0 0.9922000566040573 0.03226809902213361 0.008463892490603087 0.007371777330525475
0.0 0.9476829301575206 0.0197689420334072 0.0038224030602723503 0.004095431850291931
