0.0 0.2148234591720068 0.4764339740481692 0.012008764798435134 0.010674457598609166
0.0 0.046033598394001445 0.45541863565090707 0.008005843198956775 0.007338689599043135
0.0 0.057708786392480074 0.4434098708524722 0.007338689599043713 0.006004382399217434
0.0 0.04803505919374064 0.39704269565851397 0.013343071998261291 0.00667153599913064
0.0 0.06337959199174113 0.38069743246064397 0.008005843198956785 0.01000730399869596
0.0 0.11808618718461243 0.42639745405468865 0.009340150398782887 0.009340150398783465
0.0 0.09340150398782902 0.3570134796637305 0.00667153599913064 0.008005843198957053
0.0 0.10474311518635111 0.33366310366677254 0.005337228799304494 0.008005843198957053
0.0 0.08205989278930692 0.26361197567590117 0.010674457598609032 0.00667153599913064
0.0 0.09473581118765514 0.28729592847281504 0.010674457598609 0.011341611198522372
0.0 0.08672996798869838 0.20556961248346467 0.00667153599913064 0.00667153599913064
0.0 0.09540296478756823 0.20957253408294285 0.00667153599913064 0.00667153599913064
0.0 0.10541026878626421 0.23892729247911754 0.006671535999130685 0.008005843198956341
0.0 0.13710006478213474 0.19723019248455137 0.006004382399217567 0.0073386895990438464
0.0 0.19480885117461483 0.20556961248346467 0.006671535999130685 0.00667153599913064
0.0 0.20114681037378893 0.21490976288224745 0.00733868959904369 0.00667153599913064
0.0 0.32223518875801016 0.4514157140514289 0.005337228799304494 0.006004382399217434
0.0 0.2675285935651389 0.4340697204536891 0.00667153599913064 0.006004382399217434
0.0 0.30255415756057474 0.4010456172579925 0.007338689599043757 0.008005843198956341
0.0 0.28687604796261773 0.3236557996680773 0.006671535999130729 0.008005843198956341
0.0 0.2695300543648781 0.22891998848042192 0.008005843198956785 0.00667153599913064
0.0 0.32356949595783624 0.2576075932766841 0.008005843198956697 0.008005843198957053
0.0 0.4539980247408404 0.30530907567046767 0.007338689599043669 0.0073386895990438464
0.0 0.4429899903422748 0.3393339092660341 0.008005843198956697 0.006004382399217434
0.0 0.4019600439476213 0.4093850372569058 0.008672996798869858 0.008672996798870259
0.0 0.3732724391513596 0.44207556365264616 0.006004382399217523 0.0073386895990438464
0.0 0.47768197753775415 0.4347368740536023 0.005337228799304405 0.006004382399217434
0.0 0.46700751993914524 0.40471496205751445 0.00667153599913064 0.0073386895990438464
0.0 0.4733454791383192 0.37435947326146957 0.0073386895990438464 0.008005843198956341
0.0 0.3942877775486212 0.20023238368415974 0.00667153599913064 0.008005843198957053
0.0 0.47301190233836277 0.20890538048303 0.008005843198956874 0.008005843198957053
0.0 0.5697491743257571 0.25093605727755275 0.0066715359991304625 0.0053372287993049385
0.0 0.5820915159241487 0.20390172848368165 0.006004382399217611 0.006004382399217434
0.0 0.6384659951168026 0.30764411327016356 0.005337228799304405 0.010674457598608456
0.0 0.5857608607236706 0.36335143886290455 0.00667153599913064 0.008672996798870259
0.0 0.6334623431174546 0.42639745405468865 0.004670075199391377 0.009340150398783465
0.0 0.4444269365574722 0.01894229530058027 0.006158340922274341 0.009237511383411601
0.0 0.3972129894867014 0.14467508913034982 0.005131950768562011 0.008211121229699359
0.0 0.3723230282591755 0.1564785758980424 0.00667153599913064 0.009237511383411601
0.0 0.2265756264320138 0.09771773959800711 0.00667153599913064 0.0056451458454183975
0.0 0.29354758396174835 0.09078960606044788 0.00821112122969927 0.009237511383411601
0.0 0.06851154276030316 0.024330843607570075 0.00667153599913064 0.007697926152842882
0.0 0.07005112799087176 0.03305515991412591 0.008724316306555457 0.0046187556917061555
0.0 0.10032963752538779 0.04742462206609943 0.00667153599913064 0.007697926152843593
0.0 0.12496300121448552 0.09977051990543159 0.006671535999130685 0.005645145845417687
0.0 0.1298383544446195 0.05281317037308923 0.008211121229699225 0.0061583409222748745
0.0 0.06748515260659076 0.1436486989766376 0.00769792615284306 0.006158340922274163
0.0 0.0910921261419761 0.15237301528319272 0.008724316306555457 0.008211121229699359
0.0 0.7398058429340881 0.38504831594941286 0.010797196530109332 0.008997663775090814
0.0 0.7497032730866884 0.372151664538449 0.007797975271745727 0.005998442516727209
0.0 0.7212568129977467 0.31461275824337986 0.008397819523418271 0.007198131020072651
0.0 0.7603851149530146 0.29409500812508077 0.009689791757790367 0.006459861171860126
0.0 0.7989135726566096 0.24518463068099622 0.011996885033454686 0.01015121041292275
0.0 0.8445940195147645 0.31185962634769665 0.0064598611718604815 0.009689791757789834
0.0 0.8593594164790165 0.2712547846960035 0.0073826984821263155 0.010612629068056378
0.0 0.8738941041157021 0.41452527711476106 0.006921279826993043 0.009228373102656917
0.0 0.9248808655078846 0.39999058947807564 0.008305535792391438 0.005998442516727209
0.0 0.9712534403487387 0.4389804658368039 0.006921279826993043 0.008305535792391794
0.0 0.902271351406374 0.37230547017010307 0.009228373102657627 0.006921279826993043
0.0 0.9534888221261228 0.27448471528193397 0.00738269848212596 0.009689791757789834
0.0 0.9354934945759407 0.3543101426199211 0.01107404772318894 0.005998442516727209
0.0 0.6337841848455246 0.16728282312694312 0.007500404554384765 0.009375505692980823
0.0 0.5797187686826665 0.11071727211262364 0.009375505692981002 0.010000539405846354
0.0 0.5565925213066465 0.05383920424187174 0.009375505692981179 0.007500404554384943
0.0 0.8694218945957835 0.07852803590005486 0.007500404554384943 0.010625573118712595
0.0 0.8828601194223898 0.09196626072666128 0.008125438267250474 0.008750471980116003
0.0 0.9178379675846655 0.19895921055349036 0.007211927456139478 0.009135108111109957
0.0 0.7704742498975518 0.12539755050086931 0.011539083929823057 0.010096698438594842
0.0 0.6594105670730059 0.07707763654473573 0.008654312947367338 0.00769272261988192
0.0 0.7137404205759224 0.046066348483336836 0.00769272261988192 0.008173517783624362
0.0 0.9175975700027941 0.008323928129540904 0.0096159032748524 0.0096159032748524
0.0 0.9700042428507398 0.0012771930823147315 0.00576954196491144 0.002554386164629463
0.0 0.9786585557981071 0.00031560275482931386 0.00865431294736716 0.0006312055096586277
