0.0 0.1406334708287375 0.9829216834334307 0.02747050598000269 0.011074047723189295
0.0 0.2951550669662584 0.9833831020885633 0.0297597148116734 0.009228373102657627
0.0 0.06852339263122649 0.9111710825602686 0.05265180312834172 0.010612629068056378
0.0 0.13147663550207053 0.7785132192095666 0.02747050598000269 0.00738269848212596
0.0 0.29973348462959276 0.7785132192095668 0.03891655013834214 0.005537023861594293
0.0 0.2859982316395914 0.8278850153087844 0.048073385465007355 0.008305535792391794
0.0 0.38328960698543796 0.8324992018601133 0.02747050598000269 0.009228373102657627
0.0 0.5091960927271207 0.844265377566002 0.059519429623339754 0.00876695444752471
0.0 0.5973306327463003 0.8373440977390085 0.048073385465007355 0.007844117137258877
0.0 0.6316687652213046 0.8867158938382265 0.034338132475004245 0.008766954447524001
0.0 0.406181695302108 0.8094282691034695 0.050362594296674536 0.011074047723188585
0.0 0.17840541655124253 0.7000720478369781 0.034338132475004245 0.0064598611718604815
0.0 0.36039751866876785 0.7319099350411463 0.03204892364333706 0.0073826984821263155
0.0 0.3661205407479358 0.6947657333029502 0.04807338546500383 0.007844117137258877
0.0 0.4828701911629499 0.7039941064056073 0.034338132475004245 0.005998442516727209
0.0 0.12460900900706899 0.6181702365508928 0.03204892364333706 0.007844117137258877
0.0 0.16695937239290837 0.5999441996731442 0.03891655013833861 0.0073826984821263155
0.0 0.27111837423375645 0.6345505988081095 0.04578417663334017 0.008305535792391438
0.0 0.35581910100543523 0.6486238677896623 0.041205758970002275 0.007844117137258877
0.0 0.4290737836187781 0.6435482625832007 0.03662734130667143 0.007844117137258877
0.0 0.44853205868794743 0.6530073450134246 0.029759714811669877 0.0055370238615946475
0.0 0.33521622152043057 0.5508031129014925 0.03662734130667143 0.010612629068056023
0.0 0.43708601452961326 0.5339613319891428 0.03891655013833861 0.00738269848212596
0.0 0.421061552707943 0.43637128642853984 0.04349496780167298 0.00876695444752471
0.0 0.4988946529846202 0.44836817146199426 0.043494967801669455 0.006921279826993043
0.0 0.3855788158171051 0.4829745705969602 0.04578417663334017 0.00876695444752471
0.0 0.14406728407623828 0.4638256964089459 0.034338132475004245 0.008305535792391438
0.0 0.2676845609862557 0.3666970695034756 0.034338132475004245 0.006921279826993043
0.0 0.26997376981792287 0.3311678330582442 0.03891655013833861 0.00968979175779019
0.0 0.3478068700946001 0.3256308091966497 0.03433813247500777 0.005998442516727565
0.0 0.38100039815377074 0.31847882004209005 0.03204892364333706 0.006459861171860126
0.0 0.1223198001754018 0.18997372458758424 0.050362594296674536 0.006921279826993043
0.0 0.05249893080955972 0.19643358575944436 0.03891655013833861 0.005075605206461375
0.0 0.1635255591454076 0.2453439632035293 0.03204892364333706 0.006921279826993043
0.0 0.2882874404712586 0.294254340647614 0.034338132475004245 0.006921279826993043
0.0 0.3935910467279385 0.2767204317525648 0.0526518031283382 0.005998442516727209
0.0 0.16924858122457556 0.07854111937299493 0.05265180312834172 0.010151210412923462
0.0 0.04334209548289098 0.10853333195663187 0.03891655013833861 0.00738269848212596
0.0 0.12003059134373462 0.14475469638456245 0.05494101196000538 0.007844117137258877
0.0 0.14864570173957267 0.17336265300280065 0.034338132475004245 0.009689791757790545
0.0 0.08225864562123136 0.05593160527148413 0.025181297148335505 0.008305535792391438
0.0 0.10629533835373503 0.029400032601343717 0.03204892364333706 0.006921279826993043
0.0 0.14406728407623828 0.02201733411921758 0.034338132475004245 0.006921279826993043
0.0 0.019954141117695102 0.005175553206867712 0.039908282235390204 0.008305535792391794
