0.0 0.35143742517812643 0.9976757079633227 0.006459861171860126 0.004648584073354556
0.0 0.544112542402066 0.7882030109673573 0.006459861171860126 0.005537023861594293
0.0 0.5478038916431294 0.8237322474125885 0.006459861171860126 0.00738269848212596
0.0 0.6703105445809078 0.8218865727920569 0.007844117137258877 0.008305535792391794
0.0 0.7039941064056074 0.8701048222534429 0.005998442516727209 0.007844117137258877
0.0 0.7178366660595936 0.9374719459028423 0.006921279826993398 0.007844117137258877
0.0 0.7429839827643354 0.938164073885542 0.008305535792391794 0.005537023861595003
0.0 0.7798974751749658 0.9658491931935143 0.006459861171860126 0.008305535792391794
0.0 0.7918943602084203 0.9510837962292623 0.00830553579239215 0.011074047723188585
0.0 0.8283464339639174 0.9829216834334307 0.005537023861594293 0.011074047723189295
0.0 0.8594921931853865 0.9833831020885633 0.00599844251672792 0.009228373102657627
0.0 0.7616714382972172 0.7789746378646996 0.005998442516727565 0.009228373102657273
0.0 0.7360627029373423 0.8583386465475545 0.008305535792391794 0.009228373102657627
0.0 0.7875108829846582 0.8795639046836665 0.006921279826993043 0.011074047723188585
0.0 0.8138117463272316 0.9111710825602686 0.010612629068056378 0.010612629068056378
0.0 0.8265007593433861 0.7785132192095666 0.005537023861594293 0.00738269848212596
0.0 0.8604150304956523 0.7785132192095668 0.007844117137259587 0.005537023861594293
0.0 0.8576465185648552 0.8278850153087844 0.009689791757790545 0.008305535792391794
0.0 0.8772568114080024 0.8324992018601133 0.005537023861594293 0.009228373102657627
0.0 0.9026348374403103 0.844265377566002 0.011996885033454419 0.00876695444752471
0.0 0.9203994556629261 0.8373440977390085 0.009689791757790545 0.007844117137258877
0.0 0.9273207354899192 0.8867158938382265 0.006921279826993043 0.008766954447524001
0.0 0.8818709979593311 0.8094282691034695 0.010151210412923462 0.011074047723188585
0.0 0.5743354643132698 0.5487267289533948 0.010612629068056023 0.006459861171860126
0.0 0.6052505142071724 0.5916386638807524 0.010612629068056023 0.008305535792391794
0.0 0.6331663428427113 0.6576215315647532 0.0073826984821263155 0.00738269848212596
0.0 0.6156324339476621 0.6820767202867961 0.008305535792391794 0.005537023861595003
0.0 0.6767704057527679 0.6894594187689217 0.007844117137259233 0.007382698482125605
0.0 0.6823074296143623 0.7097618395947685 0.008766954447524355 0.0073826984821263155
0.0 0.7293721324379157 0.7323713536962793 0.008766954447525066 0.008305535792391794
0.0 0.668003451305243 0.5032769914228066 0.007844117137258877 0.00876695444752471
0.0 0.6590057875301522 0.5005084794920094 0.00738269848212596 0.006921279826993043
0.0 0.6322435055324455 0.4984320955439113 0.0064598611718604815 0.006459861171860126
0.0 0.6091725727758017 0.514120329818429 0.0046141865513288135 0.009228373102657273
0.0 0.6608514621506838 0.5637228352452132 0.009228373102657273 0.007844117137258877
0.0 0.6677727419776769 0.5508031129014928 0.0073826984821263155 0.007844117137258877
0.0 0.6825381389419286 0.5542637528149891 0.010151210412923462 0.008305535792391794
0.0 0.7012255944748104 0.594637885139116 0.007844117137258877 0.010612629068056023
0.0 0.7005334664921108 0.608941863448235 0.0064598611718604815 0.00876695444752471
0.0 0.7095311302672025 0.636396273428641 0.006921279826993043 0.009228373102657627
0.0 0.8359598417736098 0.7000720478369781 0.006921279826993043 0.0064598611718604815
0.0 0.8726426248566735 0.7319099350411463 0.006459861171860126 0.0073826984821263155
0.0 0.8737961714945058 0.6947657333029502 0.009689791757789834 0.007844117137258877
0.0 0.8973285229062821 0.7039941064056073 0.006921279826993043 0.005998442516727209
0.0 0.8251165033779874 0.6181702365508928 0.006459861171860126 0.007844117137258877
0.0 0.8336527484979456 0.5999441996731442 0.007844117137258877 0.0073826984821263155
0.0 0.8546472973064916 0.6345505988081095 0.009228373102657627 0.008305535792391438
0.0 0.871719787546408 0.6486238677896623 0.008305535792391083 0.007844117137258877
0.0 0.8864851845106599 0.6435482625832007 0.00738269848212596 0.007844117137258877
0.0 0.8904072430792894 0.6530073450134246 0.005998442516727209 0.0055370238615946475
0.0 0.8675670196502118 0.5508031129014925 0.00738269848212596 0.010612629068056023
0.0 0.8881001498036252 0.5339613319891428 0.007844117137258877 0.00738269848212596
0.0 0.5482653102982621 0.3117882495426635 0.0064598611718604815 0.005998442516727209
0.0 0.5593393580214512 0.31409534281832785 0.010151210412923817 0.005998442516727565
0.0 0.541344030471269 0.39576644477684686 0.00738269848212596 0.005998442516727209
0.0 0.5741047549857032 0.41330035367189594 0.00830553579239215 0.005998442516727565
0.0 0.6151710152925292 0.3992270846903434 0.011074047723189295 0.0064598611718604815
0.0 0.6103261194136336 0.3526238005219229 0.00968979175779019 0.006459861171860126
0.0 0.6444710998934664 0.37061912807210506 0.008766954447524355 0.005537023861594293
0.0 0.702148431785076 0.4709776855635054 0.006921279826993398 0.007844117137258877
0.0 0.7182980847147267 0.47443832547700193 0.008766954447524355 0.008305535792391794
0.0 0.7217587246282233 0.42991142525667936 0.010151210412923817 0.007844117137258877
0.0 0.787049464329525 0.39299793284604956 0.005075605206461375 0.00968979175779019
0.0 0.8848702192176947 0.43637128642853984 0.00876695444752471 0.00876695444752471
0.0 0.9005584534922125 0.44836817146199426 0.008766954447524001 0.006921279826993043
0.0 0.8777182300631352 0.4829745705969602 0.009228373102657627 0.00876695444752471
0.0 0.8290385619466167 0.4638256964089459 0.006921279826993043 0.008305535792391438
0.0 0.6407797506524039 0.3447796833846642 0.007844117137258877 0.00738269848212596
0.0 0.6603900434955507 0.35931437102134944 0.008305535792391794 0.007844117137258877
0.0 0.6779239523906 0.36046791765918174 0.008305535792391438 0.0055370238615946475
0.0 0.5572629740733535 0.22827147296361278 0.006921279826993043 0.006921279826993043
0.0 0.6027127116039415 0.2564180109267188 0.008305535792391794 0.005075605206461731
0.0 0.6149403059649627 0.2725676638563689 0.00968979175779019 0.007844117137258877
0.0 0.609864700758501 0.17174768770983562 0.013381140998852814 0.0064598611718604815
0.0 0.5900236985877874 0.190435143242717 0.008766954447524355 0.005998442516727209
0.0 0.6442403905659002 0.17474690896819922 0.00738269848212596 0.006921279826993398
0.0 0.6712333818911734 0.18236031677789183 0.009689791757790545 0.006459861171860126
0.0 0.6525459263582919 0.23334707817007433 0.0064598611718604815 0.005075605206461731
0.0 0.6721562192014391 0.2363462994284383 0.00968979175779019 0.0055370238615946475
0.0 0.7035326877504747 0.24211403261759923 0.006921279826993043 0.007844117137259233
0.0 0.7104539675774678 0.28641022351035517 0.007844117137258877 0.00876695444752471
0.0 0.6742326031495376 0.2961000152681459 0.009228373102657627 0.007844117137258877
0.0 0.8539551693237921 0.3666970695034756 0.006921279826993043 0.006921279826993043
0.0 0.8544165879789251 0.3311678330582442 0.007844117137258877 0.00968979175779019
0.0 0.8701048222534429 0.3256308091966497 0.006921279826993754 0.005998442516727565
0.0 0.8767953927528694 0.31847882004209005 0.006459861171860126 0.006459861171860126
0.0 0.7658242061934132 0.18351386341572393 0.006921279826993043 0.006921279826993043
0.0 0.8246550847228544 0.18997372458758424 0.010151210412923462 0.006921279826993043
0.0 0.8105818157413018 0.19643358575944436 0.007844117137258877 0.005075605206461375
0.0 0.8329606205152462 0.2453439632035293 0.006459861171860126 0.006921279826993043
0.0 0.858107937219988 0.294254340647614 0.006921279826993043 0.006921279826993043
0.0 0.8793331953561001 0.2767204317525648 0.010612629068055667 0.005998442516727209
0.0 0.5865630586742906 0.10553411069826808 0.010151210412923462 0.007844117137258877
0.0 0.6054812235347384 0.1011506334745059 0.011074047723189295 0.00738269848212596
0.0 0.6084804447931026 0.13160426471327558 0.010612629068056023 0.008305535792391794
0.0 0.6437789719107674 0.10622623868096745 0.008305535792391794 0.008305535792391794
0.0 0.6689262886155094 0.09745928423344274 0.008766954447524355 0.00738269848212596
0.0 0.6862294881829918 0.15582874410775158 0.009228373102657273 0.005998442516727209
0.0 0.6887672907862225 0.13275781135110787 0.007844117137258877 0.005075605206461375
0.0 0.7157602821114958 0.15790512805584953 0.008305535792391794 0.009228373102657627
0.0 0.7049169437158731 0.12076092631765292 0.006921279826993043 0.006921279826993043
0.0 0.705839781026139 0.10645694800853392 0.007844117137258877 0.011535466378321858
0.0 0.7792053471922664 0.10622623868096745 0.005075605206461375 0.008305535792391794
0.0 0.7722840673652733 0.0757726074421976 0.007844117137258877 0.010151210412923106
0.0 0.8341141671530785 0.07854111937299493 0.010612629068056378 0.010151210412923462
0.0 0.8087361411207702 0.10853333195663187 0.007844117137258877 0.00738269848212596
0.0 0.8241936660677215 0.14475469638456245 0.011074047723188585 0.007844117137258877
0.0 0.8299613992568826 0.17336265300280065 0.006921279826993043 0.009689791757790545
0.0 0.5445739610571991 0.08453956188972214 0.0073826984821263155 0.005537023861594293
0.0 0.5459582170225976 0.019248822188420434 0.006459861171860126 0.007844117137258877
0.0 0.593484338501284 0.002818485931000403 0.006459861171859771 0.005636971862000806
0.0 0.5604929046592831 0.0035605879139026797 0.008766954447524355 0.006921279826993043
0.0 0.6800003363386982 0.03932053368670037 0.007844117137258877 0.0064598611718604815
0.0 0.7321406443687127 0.03632131242833676 0.008766954447524355 0.004152767896195897
0.0 0.655314438289089 0.01648031025762311 0.008305535792391794 0.00876695444752471
0.0 0.8165802582580295 0.05593160527148413 0.005075605206461375 0.008305535792391438
0.0 0.8214251541369247 0.029400032601343717 0.006459861171860126 0.006921279826993043
0.0 0.8290385619466167 0.02201733411921758 0.006921279826993043 0.006921279826993043
0.0 0.8027376986040426 0.005175553206867712 0.010612629068056378 0.008305535792391794
0.0 0.0694218945957834 0.8785280359000549 0.007500404554384943 0.010625573118712595
0.0 0.08286011942238983 0.8919662607266613 0.008125438267250474 0.008750471980116003
0.0 0.11783796758466547 0.9971958282489677 0.007211927456139478 0.005608343502064628
0.0 0.11759757000279407 0.8083239281295409 0.0096159032748524 0.0096159032748524
0.0 0.17000424285073984 0.7977464345272031 0.00576954196491144 0.009615903274852755
0.0 0.17865855579810716 0.7963040490359752 0.00865431294736716 0.008654312947366983
0.0 0.2060638801314365 0.8366908427903553 0.007692722619882275 0.012500674257307765
0.0 0.23659437302909278 0.9114544907523332 0.005288746801168998 0.009135108111109957
0.0 0.24428709564897505 0.9297247069745527 0.006250337128653883 0.012019879093565323
0.0 0.03706438007590496 0.7657094507278487 0.00769272261988192 0.008173517783624362
0.0 0.08177833030396879 0.76594984830972 0.00673113229239668 0.006731132292397035
0.0 0.15293601453787692 0.7777293298214142 0.00769272261988192 0.006250337128653883
0.0 0.1534168097016197 0.7577763305260955 0.007692722619882275 0.00769272261988192
0.0 0.14139693060805403 0.7356597529939345 0.00769272261988192 0.00673113229239668
0.0 0.17120623076009647 0.7491220175787282 0.0096159032748524 0.00865431294736716
0.0 0.02889086229228042 0.6959941519851685 0.00865431294736716 0.008173517783624362
0.0 0.037064380075904776 0.6796471164179193 0.0096159032748524 0.007211927456139122
0.0 0.05557499387999609 0.7041676697687931 0.005288746801168642 0.008173517783624717
0.0 0.08057634239461216 0.6782047309266913 0.006250337128653883 0.005288746801168998
0.0 0.10437570299987194 0.671713996216166 0.007692722619882275 0.00673113229239668
0.0 0.19885195267529704 0.6745987671986218 0.006250337128653883 0.0096159032748524
0.0 0.1918804228010293 0.6236344798419038 0.00673113229239668 0.00865431294736716
0.0 0.07336441493847286 0.6459914549559358 0.008173517783624362 0.012981469421050561
0.0 0.041391536549588534 0.6159417572220217 0.00769272261988192 0.006731132292397035
0.0 0.01687098319871492 0.6229132870962898 0.00769272261988192 0.007211927456139122
0.0 0.07360481252034426 0.5786801320319688 0.0096159032748524 0.007211927456139122
0.0 0.13130023216945846 0.5693046263389879 0.005769541964911085 0.00769272261988192
0.0 0.15774396617530312 0.5738721803945422 0.00576954196491144 0.006250337128654237
0.0 0.31073176983660655 0.9888208370850166 0.007294346791927353 0.010941520187891029
0.0 0.285657452739356 0.944142962984461 0.010941520187891029 0.006382553442936256
0.0 0.3271440501184431 0.9236276126321649 0.010029726838900289 0.00820614014091845
0.0 0.3323868618751412 0.933885287808313 0.00957383016440474 0.0050148634194499666
0.0 0.4887594212270859 0.9879090437360262 0.00957383016440474 0.006382553442936256
0.0 0.45667918324675283 0.8127344860277116 0.006838450117431805 0.00683845011743216
0.0 0.5157178025939155 0.8006532241535819 0.006382553442936612 0.007294346791927353
0.0 0.5086514041392356 0.7220110478031139 0.00683845011743216 0.00683845011743216
0.0 0.26771001166838176 0.7593945751117419 0.00820614014091845 0.011397416862386933
0.0 0.28435024028746625 0.8159257627491797 0.007750243466422902 0.010485623513395126
0.0 0.27910742853076853 0.6818921404475129 0.006382553442936612 0.007750243466422902
0.0 0.30440969396526685 0.6381260596959482 0.007750243466422902 0.007750243466423256
0.0 0.31421147246691933 0.6654798601656762 0.010029726838900289 0.010485623513395836
0.0 0.2711292367270978 0.6410893880801687 0.007750243466422902 0.005470760093945514
0.0 0.24856235133957227 0.636530421335214 0.006382553442936612 0.005470760093945514
0.0 0.25494490478250886 0.631515557915764 0.006382553442936256 0.00820614014091845
0.0 0.4051628590287647 0.773983268695597 0.005014863419450321 0.0059266567684407075
0.0 0.35159499977554776 0.7500486932845852 0.006382553442936612 0.005470760093945514
0.0 0.3174027491883876 0.5811389753840149 0.006382553442936612 0.008662036815413643
0.0 0.25038593803755377 0.556292606624012 0.00820614014091845 0.006382553442936612
0.0 0.36846317673187984 0.5442113447498823 0.00820614014091845 0.00683845011743216
0.0 0.43456819453372264 0.5850140971172264 0.00820614014091845 0.006382553442936612
0.0 0.4104056707854628 0.6043897057832837 0.006382553442936612 0.005014863419450321
0.0 0.4591866149564776 0.638354008033196 0.007294346791927353 0.006382553442936612
0.0 0.4833491387047374 0.6173827610064044 0.00820614014091845 0.007294346791927353
0.0 0.4988496256375832 0.6196622443788818 0.00820614014091845 0.006382553442936612
0.0 0.4910993821711601 0.5973233073286037 0.00820614014091845 0.007294346791927353
0.0 0.4926950205318944 0.5809110270467672 0.009573830164405096 0.005470760093945514
0.0 0.5072837141157492 0.575896163627317 0.008662036815413998 0.006382553442936612
0.0 0.5325859795502476 0.5863817871407127 0.009117933489909547 0.0072943467919277085
0.0 0.5113867841862085 0.528027012805293 0.005926656768441063 0.009117933489909191
0.0 0.004011077399028018 0.38025187986830655 0.007781176440225579 0.007348888860213165
0.0 0.0316774825198296 0.4868107683413946 0.007781176440225579 0.008645751600250762
0.0 0.07144793988098268 0.5657032516936809 0.009510326760275589 0.008213464020237992
0.0 0.07425780915106373 0.5436565851130417 0.008213464020237992 0.007348888860213165
0.0 0.0848488548613707 0.5116673041921149 0.008645751600250762 0.0064843137001879825
0.0 0.08463271107136414 0.5043184153319018 0.00734888886021281 0.0056197385401628
0.0 0.10884081555206607 0.5131803107221588 0.0064843137001879825 0.006916601280200041
0.0 0.11770271094232285 0.49026906898149464 0.004322875800125203 0.008645751600250762
0.0 0.11791885473232906 0.4747067161010438 0.00734888886021281 0.005187450960150386
0.0 0.13326506382277384 0.46735782724083086 0.006916601280200396 0.0112394770803256
0.0 0.16244447547361923 0.46714168345082446 0.005619738540163155 0.00907803918026282
0.0 0.1628767630536318 0.506695997021971 0.008213464020237992 0.006916601280200396
0.0 0.176061534244014 0.5287426636026098 0.009510326760275589 0.006916601280200396
0.0 0.19184003091447135 0.5378207027828725 0.00734888886021281 0.006916601280200396
0.0 0.2512795731661937 0.4967533826816826 0.004322875800125203 0.005187450960150386
0.0 0.2590607496064191 0.46476410176075567 0.005187450960150386 0.006916601280200396
0.0 0.20675395242490335 0.4524439057303985 0.005187450960150386 0.007348888860213165
0.0 0.20286336420479056 0.44163671623008527 0.007781176440225579 0.0064843137001879825
0.0 0.20480865831484713 0.4355846901099099 0.007348888860213165 0.0064843137001879825
0.0 0.2437145405159745 0.3878169125185259 0.0064843137001879825 0.007781176440225579
0.0 0.2547378738062941 0.37614514785818753 0.0060520261201755686 0.006916601280200041
0.0 0.07317709020103233 0.4837847552813068 0.006052026120175214 0.007781176440225579
0.0 0.0842004234913519 0.4701676965109122 0.00734888886021281 0.007348888860213165
0.0 0.06193761312070674 0.45957665080060545 0.0060520261201755686 0.005187450960150386
0.0 0.0883071555014709 0.44271743518011686 0.005187450960150386 0.006916601280200751
0.0 0.06150532554069397 0.4256420757696219 0.005187450960150386 0.0056197385401628
0.0 0.10603094628198448 0.44617573582021686 0.008645751600250407 0.005187450960150386
0.0 0.13088748213270485 0.4312618143097847 0.0056197385401628 0.0064843137001879825
0.0 0.12786146907261725 0.4394752783300227 0.0056197385401628 0.0064843137001879825
0.0 0.1570408807234628 0.4211030561794905 0.007781176440225579 0.009510326760275589
0.0 0.18254584794420178 0.44401429792015445 0.007781176440225579 0.0112394770803256
0.0 0.08424424491562518 0.39786888421471395 0.007348888860213165 0.007781176440225579
0.0 0.07322091162530561 0.385764831974363 0.008645751600250407 0.010374901920300772
0.0 0.06262986591499864 0.37668679279409983 0.005619738540163155 0.006916601280200396
0.0 0.06911417961518644 0.3714993418339496 0.0064843137001879825 0.0060520261201755686
0.0 0.05549712084479204 0.3587468582235802 0.0060520261201755686 0.008213464020237638
0.0 0.060900715594948626 0.342319930183104 0.0056197385401628 0.0064843137001879825
0.0 0.08381195733561242 0.3442652242931604 0.0064843137001879825 0.0060520261201755686
0.0 0.07754378742543082 0.3194086884424401 0.007781176440225579 0.0038905882201127895
0.0 0.038421761434297076 0.3392939171230161 0.0064843137001879825 0.008213464020237992
0.0 0.018536532753720893 0.31746339433238385 0.007348888860213165 0.005187450960150386
0.0 0.05311953915472305 0.3248122831925967 0.008213464020237992 0.005187450960150386
0.0 0.10996535592637038 0.41472809983520237 0.005187450960150386 0.004322875800125203
0.0 0.10996535592637055 0.4050016292849204 0.004322875800125203 0.0064843137001879825
0.0 0.10499404875622656 0.4099729364550647 0.0038905882201127895 0.004322875800125558
0.0 0.14865509433749172 0.4013271848548138 0.0056197385401628 0.006916601280200396
0.0 0.17675378703830608 0.41602496257523996 0.008213464020237992 0.0060520261201755686
0.0 0.13892862378720955 0.3695540477238932 0.007781176440225579 0.004755163380137617
0.0 0.13828019241719094 0.36328587781371147 0.0038905882201127895 0.005187450960150386
0.0 0.11126221866640798 0.36717646603382426 0.0034583006401000204 0.005187450960150386
0.0 0.11731424478658373 0.3533432634734236 0.005187450960150386 0.007781176440225579
0.0 0.17351163018821208 0.33734862301295987 0.0060520261201755686 0.0034583006401003756
0.0 0.20701391763918284 0.3185441132824149 0.004755163380137972 0.0064843137001879825
0.0 0.19382914644880084 0.3051431983020265 0.0060520261201755686 0.0056197385401628
0.0 0.13611875451712835 0.28417725067141897 0.008213464020237992 0.008645751600250762
0.0 0.14411607474735993 0.2869871199415007 0.007781176440225579 0.009078039180263175
0.0 0.14930352570751032 0.2952005839617387 0.006052026120175214 0.0064843137001879825
0.0 0.14022548652724734 0.3064400610420643 0.0060520261201755686 0.004755163380137972
0.0 0.20787849279920784 0.26277901546079896 0.0056197385401628 0.007348888860213165
0.0 0.22538613978971522 0.26991176053100574 0.008645751600250762 0.0060520261201755686
0.0 0.24267764299021657 0.2923907146916571 0.006916601280200751 0.006916601280200396
0.0 0.19771973466891363 0.2876355513115193 0.006916601280200396 0.0060520261201755686
0.0 0.17524078050826208 0.27185705464106197 0.004322875800124848 0.007348888860213165
0.0 0.16551430995798028 0.25672698934062377 0.0056197385401628 0.007348888860213165
0.0 0.15794927730776093 0.26407587820083656 0.004322875800125558 0.00734888886021281
0.0 0.04360921239444746 0.28569025720146274 0.008213464020237992 0.0064843137001879825
0.0 0.07430163057533701 0.2642920219908428 0.0064843137001879825 0.006916601280200396
0.0 0.06889803582518024 0.29109385195161935 0.005187450960150386 0.005187450960150386
0.0 0.0838119573356126 0.29130999574162575 0.004755163380137972 0.007348888860213165
0.0 0.03734104248426586 0.27401849254112476 0.00518745096015003 0.0038905882201127895
0.0 0.034747317004190495 0.26515659715086815 0.006916601280200751 0.004322875800125203
0.0 0.02415627129388369 0.12142097679670236 0.004755163380137617 0.004755163380137972
0.0 0.0181042451737083 0.11558509446653335 0.006484313700187627 0.004322875800125558
0.0 0.023723983713871098 0.10477790496622016 0.004755163380137617 0.00518745096015003
0.0 0.033234310474146864 0.11688195720657077 0.0056197385401628 0.005187450960150386
0.0 0.04425764376446608 0.11580123825653957 0.004322875800125558 0.007348888860213165
0.0 0.02480470266390249 0.22365698946966503 0.006916601280200396 0.004322875800125203
0.0 0.035611892164215675 0.19188385233874428 0.006916601280200396 0.003026013060087607
0.0 0.036044179744228265 0.17524078050826192 0.007781176440225579 0.008645751600250762
0.0 0.05960385285491103 0.230789734539872 0.00907803918026282 0.0056197385401628
0.0 0.09807744747602598 0.23208659727990924 0.007348888860213165 0.0064843137001879825
0.0 0.09353842788589439 0.251539538380473 0.004322875800125203 0.0064843137001879825
0.0 0.0846765324956376 0.2487296691103916 0.0038905882201127895 0.004322875800125203
0.0 0.11515280688652077 0.26321130304081136 0.008645751600250407 0.005619738540163155
0.0 0.1270407153368655 0.26018528998072377 0.0038905882201127895 0.0056197385401628
0.0 0.12552770880682154 0.2506749632204482 0.007781176440225579 0.007348888860213165
0.0 0.14908738191750395 0.22754757768977782 0.007348888860213165 0.006916601280200396
0.0 0.14541293748739773 0.25024267564043556 0.0060520261201755686 0.004755163380137972
0.0 0.12185326437671495 0.22430542083968383 0.006484313700188338 0.0056197385401628
0.0 0.12682457154685894 0.21457895028940205 0.009510326760275589 0.006916601280200396
0.0 0.10737163044629536 0.20982378690926407 0.006052026120175214 0.006916601280200396
0.0 0.11147836245641436 0.19815202224892586 0.00734888886021281 0.0060520261201755686
0.0 0.11082993108639556 0.17783450598833728 0.005187450960150386 0.006052026120175214
0.0 0.11126221866640798 0.16681117269801787 0.006916601280200751 0.0064843137001879825
0.0 0.12682457154685894 0.1527618263476107 0.0060520261201755686 0.0060520261201755686
0.0 0.1462775126474229 0.1830219569484875 0.005187450960150386 0.007781176440225223
0.0 0.18086051904842507 0.19988117256897606 0.006052026120175214 0.012104052240350782
0.0 0.19901659740895106 0.24202921162019758 0.007781176440225579 0.0064843137001879825
0.0 0.216956531979471 0.22754757768977782 0.009942614340288003 0.007781176440225579
0.0 0.24397450573025398 0.22884444042981542 0.007781176440225579 0.0060520261201755686
0.0 0.24462293710027277 0.20463633594911404 0.0064843137001879825 0.006052026120175214
0.0 0.2472166625803478 0.19685515950888827 0.00907803918026282 0.005187450960150386
0.0 0.02912757846402787 0.08554110765566261 0.008645751600250407 0.010807189500313185
0.0 0.0902962710358004 0.11817881994660837 0.004755163380137617 0.004322875800125558
0.0 0.0833796697556 0.10434561738620758 0.005619738540163155 0.006052026120175214
0.0 0.09288999651587578 0.07516620573536201 0.010807189500313185 0.008213464020237638
0.0 0.07905679395547463 0.07819221879544962 0.0056197385401628 0.008213464020237992
0.0 0.07105947372524302 0.07624692468539322 0.0060520261201755686 0.006916601280200396
0.0 0.12315012711675237 0.12315012711675237 0.004755163380137617 0.004755163380137617
0.0 0.12725685912687154 0.10326489843617637 0.006916601280200751 0.003026013060087607
0.0 0.13547032314710972 0.08727025797571261 0.006916601280200396 0.008213464020237992
0.0 0.16119143415785492 0.12055640163667718 0.0056197385401628 0.0064843137001879825
0.0 0.17761836219833088 0.10866849318633279 0.008213464020237992 0.005187450960150386
0.0 0.19577444055885707 0.13006672839695277 0.00907803918026282 0.009942614340288003
0.0 0.17977980009839367 0.1538425452976419 0.004755163380137972 0.007348888860213165
0.0 0.18626411379858182 0.1657304537479865 0.008213464020237992 0.007781176440225579
0.0 0.21846953850951464 0.13525417935710315 0.006916601280200751 0.0064843137001879825
0.0 0.22689914631975902 0.12941829702693414 0.00734888886021281 0.007781176440225579
0.0 0.23965162993012878 0.12509542122680878 0.008645751600250407 0.006916601280200396
0.0 0.2519718259604858 0.14217078063730373 0.007348888860213165 0.0064843137001879825
0.0 0.2383547671900912 0.14173849305729114 0.006052026120175214 0.0064843137001879825
0.0 0.24051620509015362 0.1741600615582307 0.006052026120175214 0.0064843137001879825
0.0 0.26471812702654757 0.5084043355028836 0.007788121044660201 0.005738615506591316
0.0 0.272096346963594 0.49405779673640476 0.005328714398977752 0.004099011076136705
0.0 0.3065280400031437 0.48831918122981327 0.009427725475114812 0.005738615506591671
0.0 0.3016092267117793 0.47602214800140247 0.0077881210446598455 0.009837626582728376
0.0 0.31800527101632686 0.34526369467263684 0.009427725475114812 0.004918813291364188
0.0 0.34054983193507943 0.34464884301121634 0.007788121044660201 0.0077881210446598455
0.0 0.36452904673048003 0.35530627180917235 0.009017824367500893 0.0069683188294323625
0.0 0.39301717370963124 0.36350429396144596 0.006148516614205235 0.006148516614205235
0.0 0.3997805419852568 0.3924023220482106 0.005738615506591671 0.007378219937046637
0.0 0.3975260858933817 0.4006003442004845 0.006968318829432718 0.007378219937046282
0.0 0.3813349921426413 0.391992420940597 0.004918813291364188 0.004918813291364188
0.0 0.3860488548801985 0.3852290526649712 0.005328714398977752 0.004508912183750624
0.0 0.39875578921622273 0.4104379707832127 0.006148516614205235 0.007378219937046282
0.0 0.39773103644718866 0.43216272948673795 0.009017824367501249 0.006558417721818444
0.0 0.33440131532087436 0.4534775870826497 0.0077881210446598455 0.005738615506591671
0.0 0.3518221123944558 0.4325726305943517 0.008198022152273766 0.00409901107613706
0.0 0.3610448873157635 0.4120775752136673 0.006968318829432718 0.007378219937046282
0.0 0.3630943928538322 0.3989607397700297 0.006968318829432718 0.007378219937046282
0.0 0.3493627057487737 0.39137756927917644 0.006558417721819154 0.0053287143989781075
0.0 0.3403448813812723 0.3743666733132086 0.005738615506591671 0.004918813291364188
0.0 0.33030230424473733 0.4124874763212816 0.004508912183750624 0.004918813291364188
0.0 0.31411121049399676 0.4190458940431004 0.004918813291364188 0.006558417721819154
0.0 0.3093973477564395 0.4389260977623639 0.006968318829432718 0.006968318829432718
0.0 0.44958352656031997 0.5241855281460104 0.006148516614205235 0.003689109968523141
0.0 0.4489686748988994 0.5155776048861231 0.00409901107613706 0.006968318829432718
0.0 0.42949837228724946 0.5112736432561794 0.006148516614205235 0.003279208860909577
0.0 0.43790134499332967 0.5065597805186222 0.006558417721818799 0.005328714398977752
0.0 0.3833844976807095 0.5118884949175999 0.009017824367501249 0.004508912183750624
0.0 0.3973211353395749 0.5051251266419741 0.007378219937045927 0.004918813291364188
0.0 0.4077736135837238 0.46823402695674243 0.006968318829432718 0.006558417721818799
0.0 0.4288835206258286 0.4444597627151488 0.007378219937046637 0.008198022152273766
0.0 0.46597957086486697 0.4235548062268508 0.006148516614205235 0.006558417721819154
0.0 0.49364789562879086 0.416996388505032 0.006558417721819154 0.007378219937046282
0.0 0.48667957679935814 0.454502339851684 0.00409901107613706 0.005328714398977752
0.0 0.48544987347651725 0.4627003620039577 0.006558417721818799 0.0053287143989781075
0.0 0.4887290823374267 0.3928122231558245 0.005738615506591316 0.006558417721819154
0.0 0.5053300771957812 0.3774409316203112 0.006148516614205235 0.0077881210446598455
0.0 0.47848155464708453 0.36616865116093483 0.006558417721819154 0.005738615506591316
0.0 0.45409243874407024 0.3831795471269029 0.006968318829432718 0.0053287143989781075
0.0 0.44773897157605835 0.3872785582030396 0.004918813291364543 0.006968318829432718
0.0 0.4454845154841829 0.3546914201477517 0.004508912183750624 0.006558417721818799
0.0 0.4512231309907742 0.35223201350206956 0.006148516614205235 0.007378219937046282
0.0 0.28623793517626606 0.36616865116093483 0.006558417721819154 0.004918813291364188
0.0 0.26687604485008054 0.330895118247679 0.0066074570227229405 0.006218783080210244
0.0 0.26182328359741 0.29669181130652406 0.007384804907749043 0.008550826735288553
0.0 0.31643197252050365 0.3050483010705564 0.006996130965236347 0.005052761252670734
0.0 0.3249827992557922 0.2947484415939584 0.009328174620315011 0.006218783080210244
0.0 0.34616552912275755 0.3048539640992997 0.007384804907749398 0.004664087310157328
0.0 0.32206774468694394 0.3279800636788307 0.0066074570227229405 0.004275413367644277
0.0 0.30496609121636664 0.3262310309375215 0.008939500677801604 0.0062187830802098885
0.0 0.3854215973165827 0.3046596271280432 0.0066074570227229405 0.0081621527927755
0.0 0.40971371872365303 0.3112670841507663 0.0069961309652359915 0.005830109137697192
0.0 0.46509975553177296 0.31515382357589755 0.005052761252670734 0.007384804907749398
0.0 0.4734562452958054 0.28580894091615666 0.0054414351951837855 0.010105522505341113
0.0 0.2730948279302904 0.24694154666484422 0.007384804907749398 0.006996130965236347
0.0 0.2822286655793489 0.22109472948772185 0.0038867394251312247 0.0066074570227229405
0.0 0.31993003800312164 0.23178326290683254 0.0054414351951837855 0.006218783080210244
0.0 0.3278978538246406 0.2343096435331679 0.0066074570227229405 0.0066074570227229405
0.0 0.3218734077156874 0.26190549345159975 0.004664087310157683 0.0066074570227229405
0.0 0.29019648140086785 0.2652092219629612 0.005052761252670734 0.0062187830802098885
0.0 0.36987463961605815 0.25510369945762007 0.0081621527927755 0.004664087310157328
0.0 0.38697629308663545 0.25568671037138985 0.00893950067780196 0.005830109137696837
0.0 0.40971371872365303 0.26365452619290863 0.008550826735288553 0.0069961309652359915
0.0 0.40621565324103487 0.2448038399810221 0.005441435195183431 0.007384804907749398
0.0 0.38950267371297065 0.23469831747568098 0.0069961309652359915 0.005052761252670734
0.0 0.39513844587941094 0.21817967491887327 0.00893950067780196 0.006996130965236347
0.0 0.47131853861198325 0.22983989319426695 0.011271544332880624 0.006996130965236347
0.0 0.5047444976681117 0.25724140614144203 0.005830109137696837 0.005052761252670379
0.0 0.4938616272777443 0.22711917559667522 0.007384804907749398 0.006996130965236347
0.0 0.5373931088392137 0.2238154470853136 0.007384804907749398 0.0066074570227229405
0.0 0.375704748753755 0.19796862990819086 0.0081621527927755 0.008550826735288907
0.0 0.39766482650574647 0.17056711696101576 0.008550826735288553 0.006607457022723295
0.0 0.39766482650574647 0.16259930113949697 0.010105522505341113 0.0069961309652359915
0.0 0.4423623298947552 0.21507028337876832 0.0054414351951837855 0.0062187830802098885
0.0 0.45654892879648423 0.20613078270096655 0.0066074570227229405 0.007773478850262449
0.0 0.47423359318083164 0.17425951941489046 0.004664087310157328 0.007773478850262449
0.0 0.46529409250302967 0.16668037753588472 0.007773478850262449 0.007384804907749043
0.0 0.5241781947937676 0.19349887956929007 0.005052761252670734 0.0066074570227229405
0.0 0.5323403475865434 0.16920675816222008 0.005830109137696837 0.007773478850262449
0.0 0.32051304891689136 0.20632511967222325 0.005830109137697192 0.0066074570227229405
0.0 0.32556581016956193 0.19136117288546792 0.0081621527927755 0.0062187830802098885
0.0 0.3537446710017633 0.17872926975379144 0.0054414351951837855 0.005052761252670734
0.0 0.26454400119500165 0.21915135977515607 0.004275413367644277 0.008162152792775856
0.0 0.25249510897709515 0.21973437068892582 0.005830109137696482 0.0054414351951837855
0.0 0.27911927403924375 0.20166103236206573 0.007773478850262449 0.005052761252670734
0.0 0.29466623173976886 0.19408189048305982 0.0038867394251312247 0.0054414351951837855
0.0 0.29486056871102556 0.18417070494897522 0.004275413367644631 0.00893950067780196
0.0 0.27367783884406016 0.1865027486040539 0.007773478850262449 0.004275413367644277
0.0 0.2810626437518094 0.1828103461501792 0.006996130965236347 0.004664087310157328
0.0 0.2997189929924392 0.169984106047246 0.007773478850262449 0.0054414351951837855
0.0 0.3152659506929643 0.18067263946635706 0.0054414351951837855 0.007384804907749398
0.0 0.2894191335158416 0.16784639936342388 0.007384804907749398 0.0034980654826181736
0.0 0.3094358415552675 0.15521449623174757 0.0069961309652359915 0.006218783080210244
0.0 0.318958353146839 0.15579750714551716 0.007384804907749398 0.004275413367644277
0.0 0.3278978538246406 0.14938438709405072 0.0066074570227229405 0.004664087310157328
0.0 0.253695058153076 0.06946360940185574 0.007773478850262449 0.0062187830802098885
0.0 0.23562171982621577 0.09395006778018242 0.004275413367644277 0.0069961309652359915
0.0 0.2443668835327612 0.09239537201012986 0.007773478850262095 0.005441435195184141
0.0 0.25194602541176697 0.08481623013112412 0.004275413367644277 0.005830109137697192
0.0 0.25291771026804993 0.12873638563510692 0.0062187830802098885 0.005830109137696837
0.0 0.31277349741507054 0.12893072260636346 0.004664087310157328 0.0054414351951837855
0.0 0.30849808404742624 0.12271193952615356 0.0054414351951837855 0.0038867394251312247
0.0 0.31355084530009697 0.1166874934172002 0.0038867394251312247 0.005052761252670379
0.0 0.3205469762653335 0.10483293817054999 0.004664087310157328 0.0038867394251312247
0.0 0.3699085669644999 0.12970807049138972 0.0038867394251315803 0.0054414351951837855
0.0 0.38506685072251157 0.09880849206159663 0.0062187830802098885 0.008162152792775856
0.0 0.39556104717036594 0.1137724388483516 0.0054414351951837855 0.004664087310157328
0.0 0.3980874277967013 0.12232326558364033 0.004275413367644631 0.0054414351951837855
0.0 0.42976435411152086 0.12970807049138972 0.0054414351951837855 0.0038867394251312247
0.0 0.4950615764537254 0.11863086312976563 0.006996130965236347 0.005052761252670734
0.0 0.5115802190105333 0.12873638563510692 0.0081621527927755 0.005830109137696837
0.0 0.5331516228200114 0.12504398318123222 0.006218783080210244 0.004664087310157683
0.0 0.5397590798427345 0.11960254798604844 0.004664087310157328 0.0069961309652359915
0.0 0.03098125906331415 0.005124122498635942 0.0031581235498844506 0.004342419881091075
0.0 0.04203469148790902 0.006111036107974854 0.007105777987239747 0.006316247099768901
0.0 0.047364024978339005 0.02032259208245435 0.005131950768561921 0.00789530887471095
0.0 0.05525933385304978 0.010453455989065752 0.004342419881091075 0.007105777987239747
0.0 0.0858536557425543 0.0004895426697063776 0.003947654437355652 0.0009790853394127553
0.0 0.3029132309569455 0.04482742336302845 0.006006633380427928 0.007371777330525475
0.0 0.32598416371358924 0.0508340567434562 0.006279662170447509 0.005187547010369542
0.0 0.3112406090525388 0.08400705473081978 0.007917834910563925 0.005460575800389123
0.0 0.3042783749070429 0.09902363818188978 0.008190863700583506 0.006006633380427928
0.0 0.2768389815100877 0.10161741168707436 0.004095431850291931 0.00791783491056428
0.0 0.28366470126057414 0.10284604124216212 0.006279662170447509 0.0043684606403115115
0.0 0.21281373025052605 0.09315351919647145 0.004914518220350317 0.008463892490603087
0.0 0.0977320952573267 0.053837373433670344 0.006279662170447509 0.006825719750486315
0.0 0.09199849066691819 0.02066437544630677 0.006825719750486315 0.006006633380427928
0.0 0.10851673246309498 0.024623292901588913 0.009282978860661473 0.00737177733052512
0.0 0.13445446751494322 0.03062992628201684 0.004914518220349962 0.004641489430330381
0.0 0.14988059415104207 0.05888840604903027 0.00737177733052512 0.006552690960466734
0.0 0.16694489352725803 0.06202823713425385 0.004914518220349962 0.006279662170447153
0.0 0.1765009011779389 0.07390498950010009 0.006552690960466734 0.007098748540505895
0.0 0.18018678984320147 0.08496265549588795 0.005733604590408703 0.004641489430330737
0.0 0.1710403253775498 0.08619128505097554 0.005460575800389123 0.0032763454802335447
0.0 0.1922000566040573 0.03226809902213361 0.008463892490603087 0.007371777330525475
0.0 0.20557846731501056 0.050151484768407605 0.006279662170447153 0.006552690960466734
0.0 0.24189129638759788 0.06817138490969157 0.005733604590408348 0.004914518220349962
0.0 0.25935170527547663 0.028642377709039303 0.005460575800389123 0.006552690960466734
0.0 0.27013634248124524 0.028642377709039303 0.009009950070641893 0.004914518220350317
0.0 0.27996537892194534 0.005707959347405378 0.0051875470103698975 0.008736921280622312
0.0 0.2968931639031515 0.002444436488673407 0.005187547010369542 0.004888872977346814
0.0 0.2605803348305642 0.0020348933036443027 0.006279662170447509 0.004069786607288605
0.0 0.1476829301575206 0.0197689420334072 0.0038224030602723503 0.004095431850291931
0.0 0.45963489998819507 0.13783408606061318 0.0062873213720187945 0.007396848672963685
0.0 0.4568610817358339 0.07311166017218333 0.00443810920377814 0.006657163805666855
0.0 0.4490943906292223 0.06904339340205343 0.005917478938370735 0.006657163805666855
0.0 0.44447136020862 0.0631259144636827 0.009246060841203985 0.006657163805666855
0.0 0.46222379702373234 0.026141671098865515 0.00850637597390822 0.00887621840755628
0.0 0.4986532767380771 0.015786082956716817 0.008136533540259805 0.008136533540259805
0.0 0.5071596527119852 0.016155925390364877 0.00739684867296333 0.007396848672963685
0.0 0.5324938594168845 0.002715247407283972 0.008506375973907864 0.005430494814567944
0.0 0.4799762338388442 0.07570055720772047 0.005547636504722675 0.008136533540259805
0.0 0.4773873368033074 0.06497512663192354 0.005547636504722675 0.012574642744037589
0.0 0.512152525566235 0.0751457935572482 0.007766691106611745 0.0070270062393152696
0.0 0.5337883079346533 0.08550138169939707 0.00665716380566721 0.005547636504722675
0.0 0.5071596527119848 0.05609890822436725 0.00591747893837109 0.006657163805666855
0.0 0.4047132985914418 0.08050850884514667 0.005917478938370735 0.007396848672963685
0.0 0.39306326193152435 0.07570055720772047 0.005547636504722319 0.008136533540259805
0.0 0.372721928080875 0.07810453302643357 0.00850637597390822 0.0048079516374262
0.0 0.34424406068996555 0.04204489574573707 0.00776669110661139 0.00813653354025945
0.0 0.38881007394457023 0.05073619293646896 0.00739684867296333 0.0062873213720187945
0.0 0.39028944367916285 0.058133041609432466 0.005917478938370735 0.0040682667701300804
0.0 0.34984012621216304 0.003112844667002612 0.007396848672963685 0.0048079516374262
