0.0 0.005739673789731725 0.7787592543230548 0.00929060052929298 0.0074324804234347395
0.0 0.01874651453074172 0.786489033963427 0.0040878642328889825 0.006837881989559591
0.0 0.03026685918706562 0.7879755300481138 0.006317608359919014 0.005054086687935211
0.0 0.0044389897156302816 0.7441238955498495 0.005202736296403998 0.005351385904872785
0.0 0.027851303049449605 0.7601780532644684 0.002229744127030031 0.004756787470998702
0.0 0.033797287388197095 0.7566104626612198 0.002229744127030031 0.0041621890371235535
0.0 0.0445743840021775 0.7695429785979957 0.0037162402117179028 0.006837881989559947
0.0 0.05293592447854145 0.7765295101960247 0.009290600529293869 0.005945984338747934
0.0 0.057767036753773926 0.7674618840794342 0.006317608359919014 0.004459488254060773
0.0 0.0702164414630273 0.7582456083543752 0.00445948825406095 0.004459488254061128
0.0 0.051077804372682944 0.7450157932006615 0.007060856402262949 0.007135181206497166
0.0 0.0832232822040373 0.7280697378352305 0.007432480423434917 0.002972992169373967
0.0 0.09753080701915007 0.7145426234645795 0.007060856402262949 0.005054086687935566
0.0 0.10867952765430111 0.710826383252862 0.00483111227523203 0.0041621890371235535
0.0 0.10644978352727108 0.6839208041200289 0.007060856402263838 0.006837881989559947
0.0 0.08062191405583574 0.6781234693897493 0.005945984338747934 0.00535138590487314
0.0 0.08340909421462372 0.7050290485225832 0.0040878642328889825 0.005648685121810359
0.0 0.08935507855337166 0.6977452177076169 0.007060856402262949 0.004162189037123199
0.0 0.07783473389704776 0.7151372218984541 0.00483111227523203 0.008027078857309179
0.0 0.06166908897607737 0.7148399226815169 0.0037162402117170146 0.003270291386311541
0.0 0.03788515162108652 0.7112723320782681 0.0066892323810909815 0.0038648898201859793
0.0 0.041973015853975504 0.7053263477395205 0.0089189765081219 0.005054086687935566
0.0 0.05442242056322888 0.7056236469564577 0.006317608359919014 0.005054086687935211
0.0 0.0009188107837141413 0.6813937607760607 0.0018376215674282825 0.0035675906032487602
0.0 0.001847870836643617 0.6721774850510018 0.003695741673287234 0.0041621890371235535
0.0 0.02432087484831813 0.672474784267939 0.007060856402262949 0.005945984338747578
0.0 0.04829062421389496 0.6770829221304686 0.008175728465777965 0.0038648898201859793
0.0 0.05497985659498639 0.6818397096014669 0.005202736296403998 0.0038648898201859793
0.0 0.05553729262674434 0.695366823972118 0.00929060052929298 0.0041621890371235535
0.0 0.06928738141009783 0.7036912020463648 0.007060856402262949 0.005351385904872785
0.0 0.07300362162181484 0.6978938673160856 0.006317608359919014 0.004459488254060418
0.0 0.06464208114545178 0.6860018986385903 0.0037162402117170146 0.005054086687935211
0.0 0.05962515685963288 0.7384752104280391 0.007060856402262949 0.004756787470998347
0.0 0.059067720827874926 0.7502185294970657 0.0066892323810909815 0.006837881989559947
0.0 0.004951835194637155 0.6533472219984153 0.009662224550464948 0.005054086687935921
0.0 0.018144487946234023 0.6474012376596672 0.013006840741009995 0.005648685121810359
0.0 0.030222268634314986 0.6454687927495744 0.005202736296403998 0.0023783937354991736
0.0 0.03208038874017349 0.6399687572362331 0.0089189765081219 0.005648685121810359
0.0 0.01275593963924404 0.6248064971724261 0.0022297441270309193 0.001486496084687161
0.0 0.0022901055867323716 0.6135091269288058 0.004580211173464743 0.006243283555685153
0.0 0.03542500493071943 0.5168868814241547 0.008175728465777965 0.006837881989559591
0.0 0.07128672297379124 0.5241707122391208 0.012263592698666947 0.0071351812064975205
0.0 0.07797595535488311 0.5489951968533925 0.006317608359919902 0.005054086687935921
0.0 0.09915852456167151 0.5452789566416752 0.005574360317575966 0.004756787470998347
0.0 0.09023954805355006 0.5631169096579184 0.006317608359919014 0.0041621890371235535
0.0 0.10101664466753046 0.5705493900813533 0.005574360317575966 0.007135181206497166
0.0 0.061810310433912274 0.5695088428220723 0.008918976508121013 0.006837881989559591
0.0 0.0402561172059519 0.5812521618910991 0.005202736296403998 0.0071351812064975205
0.0 0.03468175688837638 0.555238480409078 0.007432480423434917 0.005648685121810359
0.0 0.07407390313257967 0.6598878047710379 0.004459488254060062 0.003270291386311541
0.0 0.08001988747132716 0.6484417849189483 0.007432480423434917 0.006540582772622728
0.0 0.10101664466753046 0.6454687927495744 0.004087864232889871 0.005945984338747934
0.0 0.05939475429629626 0.6407120052785764 0.007060856402262949 0.0041621890371235535
0.0 0.06719885874090226 0.6325362768127981 0.008547352486949933 0.0038648898201859793
0.0 0.07909082741839768 0.6157388710558358 0.009290600529293869 0.004756787470998347
0.0 0.09990177260401545 0.6053333984630275 0.007804104444605997 0.004756787470998347
0.0 0.10231732874163146 0.5999820125581545 0.005945984338747934 0.005945984338747934
0.0 0.025762780380254036 0.4376566401103414 0.011148720635151932 0.00535138590487314
0.0 0.019816796041506102 0.49265699524375767 0.0066892323810909815 0.007135181206497166
0.0 0.060509626359811275 0.44196747875593323 0.007060856402262949 0.005648685121810359
0.0 0.09116860810647953 0.5130219916039687 0.0066892323810909815 0.005648685121810359
0.0 0.08317869165128755 0.43884583697809065 0.007804104444605997 0.007135181206497166
0.0 0.09265510419116696 0.443602624449089 0.007432480423434917 0.00535138590487314
0.0 0.07444552715375163 0.415805147665443 0.0066892323810909815 0.005054086687935921
0.0 0.06753897949195675 0.30201413492777823 0.006859343985709643 0.007101438479323719
0.0 0.05321505528650272 0.28652008733652645 0.00968377974453194 0.007101438479323719
0.0 0.05220632822978066 0.27247860670695445 0.010894252212599653 0.006778645821172447
0.0 0.0025998236932649466 0.24810776101654836 0.005199647386529893 0.007747023795625907
0.0 0.03949636731508255 0.24649379772579288 0.012911706326042882 0.008392609111928096
0.0 0.04050509437180416 0.23245231709622088 0.008473307276465114 0.008069816453776824
0.0 0.009032810202073804 0.22696484190765265 0.009280288921843294 0.005487475188568425
0.0 0.0009858604025094753 0.20114142925556652 0.0019717208050189505 0.004841889872266236
0.0 0.02154102570542804 0.1950083687506959 0.01573614208486518 0.005487475188568425
0.0 0.03566320449953775 0.2046921484952282 0.011701233857976945 0.008715401770079368
0.0 0.05603949104532502 0.20549913014060603 0.01291170632604377 0.005810267846719697
0.0 0.058056945158769135 0.17741616888146225 0.006455853163021885 0.005810267846719697
0.0 0.06027614468355802 0.2295471831728614 0.007666325631088711 0.004841889872266236
0.0 0.0984060274276537 0.22276853735168878 0.00968377974453194 0.004841889872266236
0.0 0.09719555495958732 0.21001822735472117 0.00968377974453194 0.0064558531630215295
0.0 0.013874700074339774 0.34623672909447567 0.011701233857976945 0.005164682530417508
0.0 0.029207351336516307 0.3441385768164936 0.007666325631088711 0.006133060504870258
0.0 0.030216078393238366 0.35882564276236745 0.00968377974453194 0.007101438479323719
0.0 0.04958363788230358 0.3769020316188282 0.007262834808400065 0.005810267846718986
0.0 0.0707669060734677 0.37625644630252586 0.006859343985710531 0.0032279265815105874
0.0 0.0764157775911114 0.36980059313950414 0.008473307276465114 0.004519097214114964
0.0 0.08831875686043267 0.37803180592235675 0.01129774303528741 0.008069816453776824
0.0 0.09961649989572052 0.36689545921614464 0.0032279265815109426 0.005810267846718986
0.0 0.06935468819405699 0.33945808327330307 0.00968377974453194 0.005164682530417508
