0.0 0.08133340100863237 0.9355840528276854 0.008015465606647832 0.008486963583509777
0.0 0.2437644541171285 0.7311896856691222 0.006600971676062972 0.008958461560371233
0.0 0.2937432395847998 0.47893826223719016 0.00848696358350951 0.009901457514094502
0.0 0.4189259524415644 0.4261304888286871 0.004243481791754711 0.007072469652924696
0.0 0.5306709729577723 0.3200434440348186 0.006129473699201249 0.009901457514094502
0.0 0.5372719446338353 0.2992975330529067 0.008015465606647964 0.007072469652924696
0.0 0.6322787869714551 0.31556421325463313 0.006600971676062883 0.007543967629786152
0.0 0.1237682189261797 0.33065214851420544 0.006129473699201249 0.00942995953723269
0.0 0.019095668062896295 0.1781225529994659 0.007072469652924557 0.008015465606647964
0.0 0.039841579044808326 0.13993121687367333 0.007072469652924551 0.008958461560371233
0.0 0.04644255072087124 0.05176109520054713 0.005186477745478013 0.008015465606647964
0.0 0.5393936855297128 0.03879490083685209 0.00942995953723269 0.005657975722339614
0.0 0.4905936449245332 0.03596591297568228 0.008015465606647787 0.008486963583509421
0.0 0.4887076530170866 0.0786364798816603 0.007072469652924518 0.008015465606647964
0.0 0.5728700418868888 0.151718666295214 0.007543967629786152 0.008015465606647964
0.0 0.5278419850966026 0.20523368666900996 0.006129473699201249 0.007543967629786152
0.0 0.6162478557581594 0.19203174331688402 0.008486963583509421 0.00942995953723269
0.0 0.5634400823496561 0.19533222915491547 0.008486963583509598 0.006600971676063239
0.0 0.08251214595078646 0.01380550806318528 0.007543967629786175 0.005657975722339614
0.0 0.6806073295997729 0.953029477971566 0.005186477745477802 0.007543967629786152
0.0 0.8904239293032011 0.9355840528276858 0.005186477745478158 0.008486963583509066
0.0 0.6513744550343514 0.8191240525428615 0.011787449421540686 0.010372955490956315
0.0 0.7317648600892606 0.7472206110714616 0.008486963583509598 0.008958461560371233
0.0 0.8696780183212894 0.904936684331679 0.00801546560664761 0.009429959537233402
0.0 0.9081051034355128 0.6703664408430148 0.007543967629786152 0.008958461560371233
0.0 0.9500684233761983 0.6729596797157538 0.005657975722339614 0.005657975722339614
0.0 0.9048046175974809 0.6107219467700176 0.006600971676062883 0.007543967629786152
0.0 0.8595408118187642 0.5178368453282751 0.008486963583509777 0.007543967629786152
0.0 0.8710925122518741 0.49685518535793244 0.006129473699201427 0.00801546560664761
0.0 0.8001320667341979 0.4798812581909136 0.005657975722339614 0.006129473699201427
0.0 0.897260649967695 0.27878737105942514 0.006600971676062883 0.00942995953723269
0.0 0.9444104476538586 0.34291109591260777 0.007543967629786508 0.007543967629786152
0.0 0.9993163574964736 0.8252535262420626 0.0013672850070529207 0.008486963583509066
