0.0 0.06614178349482688 0.7393088277190468 0.006600971676062883 0.007543967629786152
0.0 0.24527974511393413 0.7612334836431127 0.008486963583509421 0.005186477745478158
0.0 0.2492874779172583 0.7909378561853959 0.007072469652924696 0.007072469652924696
0.0 0.2544739556627363 0.8088547793061382 0.008958461560371233 0.00707246965292434
0.0 0.519691567647407 0.7888161152895187 0.007543967629786152 0.006600971676062883
0.0 0.4489668711181613 0.6577396777219835 0.006600971676062883 0.007543967629786152
0.0 0.33368561577549105 0.9154133220768681 0.00707246965292434 0.010844453467817417
0.0 0.41949824756430926 0.940166965862104 0.008958461560370879 0.007543967629786152
0.0 0.45297460392148564 0.9222500427413619 0.009901457514094148 0.009429959537233046
0.0 0.6088046852742564 0.7734924310415153 0.010372955490956315 0.01461643728271067
0.0 0.6309650901867533 0.8345514190450973 0.012258947398402498 0.007543967629786152
0.0 0.6840086125836873 0.9486539294456134 0.006129473699201071 0.005657975722339614
0.0 0.6574002464793196 0.9693998404275254 0.008486963583509777 0.007543967629786152
0.0 0.4706870476421116 0.9649206096473399 0.00942995953723269 0.010844453467817771
0.0 0.7910699229195938 0.9830732817565131 0.01178744942154104 0.006600971676063239
0.0 0.8186525545659993 0.9465321885497362 0.004714979768616701 0.009901457514094502
0.0 0.8094583440171977 0.851996844188978 0.008958461560371233 0.00942995953723269
0.0 0.8309115019644022 0.7850441314746255 0.007543967629786152 0.01037295549095596
