0.0 0.09042392930320116 0.9355840528276858 0.005186477745478158 0.008486963583509066
0.0 0.06967801832128942 0.904936684331679 0.00801546560664761 0.009429959537233402
0.0 0.10810510343551272 0.6703664408430148 0.007543967629786152 0.008958461560371233
0.0 0.15006842337619836 0.6729596797157538 0.005657975722339614 0.005657975722339614
0.0 0.10480461759748091 0.6107219467700176 0.006600971676062883 0.007543967629786152
0.0 0.05954081181876418 0.5178368453282751 0.008486963583509777 0.007543967629786152
0.0 0.07109251225187414 0.49685518535793244 0.006129473699201427 0.00801546560664761
0.0 0.0014805272976838423 0.4798812581909136 0.0029610545953676847 0.006129473699201427
0.0 0.09726064996769494 0.27878737105942514 0.006600971676062883 0.00942995953723269
0.0 0.14441044765385858 0.34291109591260777 0.007543967629786508 0.007543967629786152
0.0 0.2544739556627363 0.008854779306138205 0.008958461560371233 0.00707246965292434
0.0 0.33368561577549105 0.11541332207686814 0.00707246965292434 0.010844453467817417
0.0 0.41949824756430926 0.14016696586210403 0.008958461560370879 0.007543967629786152
0.0 0.45297460392148564 0.12225004274136193 0.009901457514094148 0.009429959537233046
0.0 0.6309650901867533 0.03455141904509738 0.012258947398402498 0.007543967629786152
0.0 0.6840086125836873 0.14865392944561345 0.006129473699201071 0.005657975722339614
0.0 0.6574002464793196 0.16939984042752537 0.008486963583509777 0.007543967629786152
0.0 0.4706870476421116 0.16492060964733996 0.00942995953723269 0.010844453467817771
0.0 0.46644356585035673 0.22904433450052258 0.005657975722339614 0.007072469652923985
0.0 0.667065955004983 0.3058985047289694 0.008958461560371233 0.009901457514094502
0.0 0.554613687523483 0.38110243203840033 0.008486963583509777 0.008486963583509421
0.0 0.2799661160015795 0.37143672351273693 0.007072469652924696 0.007072469652924696
0.0 0.5760668454706875 0.5027489100687029 0.00707246965292434 0.008486963583509421
0.0 0.3971333632516961 0.41575753333773074 0.007543967629786152 0.008958461560370879
0.0 0.6168514204692188 0.7359046596267824 0.008486963583509421 0.009901457514094502
0.0 0.7153944977926253 0.7399123866191498 0.007543967629786152 0.008486963583509421
0.0 0.4822387480752216 0.7590080604930026 0.006129473699201071 0.006129473699201427
0.0 0.6326466026940839 0.7962564006650721 0.006129473699201071 0.006129473699201427
0.0 0.20264044779627105 0.8252535262420626 0.008015465606647964 0.008486963583509066
0.0 0.25238348435517377 0.825725024218924 0.007543967629786152 0.005657975722339614
0.0 0.2776086261172711 0.8830120284076131 0.00707246965292434 0.006129473699201071
0.0 0.6194446593419579 0.834919234767726 0.009901457514094502 0.008958461560371233
0.0 0.49756243232322495 0.9853270893865883 0.010372955490956315 0.00801546560664761
0.0 0.6991278174315745 0.9320478180012234 0.007072469652924696 0.007072469652924696
0.0 0.8907917450258299 0.7620727973426034 0.011315951444679229 0.009429959537233046
0.0 0.8332689918487102 0.5826678171467501 0.011315951444679229 0.009901457514094148
0.0 0.7910699229195938 0.18307328175651313 0.01178744942154104 0.006600971676063239
0.0 0.8186525545659993 0.1465321885497362 0.004714979768616701 0.009901457514094502
0.0 0.8094583440171977 0.05199684418897803 0.008958461560371233 0.00942995953723269
