0.0 0.006329275511992094 0.33275372268291775 0.012658551023984188 0.012837326012054718
0.0 0.12819448513247647 0.31489309518788516 0.014511759839713534 0.015069904448933701
0.0 0.021309792466890444 0.23703192220172736 0.010604747575175466 0.013395470621274441
0.0 0.006608347816601956 0.3023348414804403 0.013216695633203912 0.014511759839713978
0.0 0.20717194733707361 0.25377626047832047 0.02400021819644991 0.01674433827659314
0.0 0.3268939660147142 0.3430793979534835 0.025674652024109436 0.01674433827659314
0.0 0.28764018588234264 0.4192150721122007 0.01347477905119696 0.011977581378841685
0.0 0.30286169555128756 0.43194125232722 0.01597010850512213 0.01347477905119696
0.0 0.459045859365499 0.48543077850099825 0.02324898452222257 0.019263444318412936
0.0 0.41022299186883177 0.3512509249727426 0.014613647413968422 0.01660641751587324
0.0 0.5287928129321665 0.6335600227425875 0.01660641751587306 0.01527790411460348
0.0 0.4749880201807374 0.6588017773667149 0.013949390713333542 0.01660641751587324
0.0 0.44941413720629253 0.6621230608698896 0.015942160815238537 0.012620877312063605
0.0 0.3251981341875608 0.6671049861246515 0.017270674216507943 0.0146136474139686
0.0 0.3690390764294662 0.7149314685703664 0.013285134012698662 0.013285134012698485
0.0 0.3321728295442277 0.7375161963919541 0.01660641751587342 0.014613647413968422
0.0 0.47100247997692757 0.7494728170033828 0.013949390713333542 0.01727067421650812
0.0 0.6892108061355021 0.6046648562649681 0.015942160815238537 0.01594216081523836
0.0 0.06846291939216034 0.48343800839909334 0.013949390713333187 0.017934930917143176
0.0 0.05351714362787448 0.4824416233481411 0.017270674216508297 0.017270674216508297
0.0 0.013329613239461224 0.6405347180992542 0.01660641751587342 0.011956620611428725
0.0 0.18902551055740008 0.5976901609083013 0.014613647413968422 0.017934930917143176
0.0 0.13555284615628835 0.5319287475454433 0.013949390713333542 0.01660641751587324
0.0 0.20397128632168596 0.5598275289721104 0.01660641751587306 0.013949390713333542
0.0 0.22389898734073413 0.666772857774334 0.015277904114603303 0.01527790411460348
0.0 0.2657471594807344 0.6810543768379851 0.013949390713333542 0.015942160815238183
0.0 0.004173843992349635 0.6913503556978263 0.00834768798469927 0.013949390713333542
0.0 0.005170229043301955 0.8946129060921146 0.01034045808660391 0.012620877312063784
0.0 0.13356007605438336 0.8843169272322735 0.01660641751587306 0.019927701019047818
0.0 0.20795682652549558 0.8667141246654477 0.015277904114603658 0.015277904114603303
0.0 0.2258917574426386 0.874685205073067 0.013949390713333542 0.017934930917143176
0.0 0.21592790693311467 0.5857335402968726 0.019263444318412936 0.023248984522222394
0.0 0.7051529669507406 0.2971140038709958 0.013285134012698662 0.01594216081523836
0.0 0.794827621536456 0.3691858558898856 0.014613647413968422 0.01660641751587324
0.0 0.9794909843129667 0.48277375169845865 0.013285134012698308 0.013949390713333542
0.0 0.9333251436188388 0.6272495840865557 0.013949390713333542 0.01594216081523836
0.0 0.8821773776699491 0.785342678837669 0.015277904114603303 0.014613647413968422
0.0 0.8732099122113777 0.8683747664170351 0.014613647413968778 0.017270674216508297
0.0 0.9399677106251865 0.9956311280172484 0.016606417515871642 0.008737743965503243
0.0 0.8160838359567734 0.9603743194549729 0.014613647413968778 0.01660641751587342
0.0 0.6221208793713743 0.9351325648308455 0.017270674216508297 0.012620877312063428
0.0 0.12592112399708189 0.9401144900856074 0.019927701019047818 0.019927701019048172
0.0 0.22290260228978126 0.9969596414185183 0.017270674216508297 0.006080717162963367
0.0 0.48993379594502307 0.9643598596587821 0.015942160815238537 0.02059195771968305
0.0 0.6779184422247081 0.9613707045059252 0.011956620611428548 0.013285134012698662
0.0 0.7204308710653438 0.4983837841633794 0.013285134012698662 0.01727067421650812
0.0 0.5559867133052292 0.7845759542542502 0.012512454162346743 0.016086265061910153
0.0 0.05768878892407425 0.8316580297947163 0.016643471739505245 0.017786432665129227
0.0 0.4013654711877647 0.2551087974177303 0.01832157153131888 0.01865290194244613
0.0 0.10642560513752652 0.23717024602102676 0.01734862741844765 0.012100175607426777
0.0 0.9212039659055101 0.7930711658171024 0.0238594415860085 0.019793751177589147
0.0 0.383099260876009 0.9973842826429824 0.015533380695802634 0.005231434714035288
0.0 0.43228829974604965 0.9824713055684542 0.018122277478435932 0.016827829087119283
0.0 0.3876298302456179 0.843318103501891 0.016827829087119283 0.015533380695802634
0.0 0.41804936744156435 0.9455795264159235 0.015533380695802634 0.018122277478435932
0.0 0.2776017169836841 0.8394347583279403 0.016827829087119283 0.01812227747843629
0.0 0.6293203510251774 0.7222386159367014 0.016805694526063418 0.015344329784666932
0.0 0.6976391526854797 0.6816857443629387 0.01753637689676211 0.020459106379555614
0.0 0.6081305622749229 0.612636260331938 0.018267059267460438 0.01388296504327009
0.0 0.9062489695198792 0.7595034168423209 0.016805694526063775 0.015344329784666755
0.0 0.04587047802248687 0.8033443590842262 0.011690917931174738 0.010960235560476405
0.0 0.03929433668620099 0.7540232990620828 0.014613647413968422 0.011690917931174738
0.0 0.1952950228303143 0.71821986289786 0.019728424008857104 0.014613647413968422
0.0 0.04148638379829635 0.6276152489312555 0.014613647413968422 0.013152282672571758
0.0 0.20808196431753673 0.8091898180498136 0.01753637689676211 0.016805694526063418
0.0 0.1484257171665524 0.2535467826323526 0.014613647413968422 0.011690917931174738
0.0 0.15646322324423495 0.12494668538943024 0.01753637689676211 0.018997741638158993
0.0 0.995856067399262 0.5980608877895679 0.008287865201475952 0.013907296766214295
0.0 0.8644068797847162 0.9945349426659884 0.012837504707275117 0.010930114668022916
0.0 0.034535924344136326 0.5347114015758595 0.01591426203381161 0.010609508022541191
0.0 0.49194334327712796 0.22474192484490213 0.019905978526476888 0.019905978526476707
0.0 0.545025952681066 0.2801942935972302 0.012322748611628498 0.020853882265832714
0.0 0.527963685372657 0.3105272132566232 0.021801786005188718 0.017062267308408607
0.0 0.06944478107957792 0.9695185332575779 0.02706573909117118 0.02235865403183652
0.0 0.3677562967148747 0.9530437355499087 0.016474797707669353 0.020005111502169725
