0.0 0.9010051165121862 0.9754850925600966 0.016075012155365442 0.012860009724292354
0.0 0.690824332580785 0.772939939402494 0.015271261547596993 0.016075012155365442
0.0 0.5618223600339786 0.8593431297375826 0.012860009724291998 0.015271261547596993
0.0 0.08257200675657898 0.9830145982180618 0.015217422120572621 0.018486263978670082
0.0 0.26939018363567635 0.9935032157716954 0.020093765194206626 0.012993568456609239
0.0 0.44420594082527354 0.9564639084481964 0.017682513370901987 0.017682513370901633
0.0 0.43978531248254826 0.9223045076180455 0.02170126640974317 0.015271261547596993
0.0 0.29821070287449275 0.8959008990079337 0.018747779518597695 0.014623268024506331
0.0 0.576427750930482 0.7048610257134224 0.019497690699341774 0.01499822361487837
0.0 0.5784900066775276 0.6624910440013917 0.016123090385994132 0.01649804597636617
0.0 0.6343583896429486 0.6197461066989888 0.015373179205250054 0.01649804597636617
0.0 0.4521299727221789 0.691550102255218 0.015373179205250054 0.016873001566737857
0.0 0.48437615349416685 0.7127350931112332 0.016123090385993778 0.014248312434134647
0.0 0.40863512423903237 0.748918307582127 0.01912273510896938 0.014623268024506331
0.0 0.3947617673952699 0.7770399768600237 0.016123090385994132 0.014623268024506687
0.0 0.4298201150950476 0.7299830502683434 0.017247957157109896 0.013498401253390213
0.0 0.19641026008850648 0.6746771006884801 0.02062255747045718 0.01312344566301853
0.0 0.2869620351633335 0.6054977942648545 0.016498045976365817 0.01649804597636617
0.0 0.135854932243436 0.9277721241895496 0.020247601880085498 0.013873356843762253
0.0 0.05917651401237141 0.8569055176092494 0.016873001566737857 0.014623268024506331
0.0 0.0008275261076188478 0.7301705280635293 0.0016550522152376957 0.017622912747481935
0.0 7.761492687494709e-05 0.676739356435526 0.00015522985374989419 0.018747779518597695
0.0 0.04608728967431421 0.7399193734132001 0.020622557470457537 0.012373534482274452
0.0 0.059585690927704424 0.7783523214263255 0.018372823928226013 0.01649804597636617
0.0 0.08620753784411335 0.780227099378185 0.016123090385993778 0.01499822361487837
0.0 0.08521735022255399 0.5379721638877225 0.01786062749503259 0.015069904448933968
0.0 0.04921702292787895 0.4051337468934172 0.021767639759571012 0.015069904448933968
0.0 0.005170229043301955 0.09461290609211463 0.01034045808660391 0.012620877312063784
0.0 0.13356007605438336 0.08431692723227346 0.01660641751587306 0.019927701019047818
0.0 0.20795682652549558 0.06671412466544772 0.015277904114603658 0.015277904114603303
0.0 0.2258917574426386 0.074685205073067 0.013949390713333542 0.017934930917143176
0.0 0.8732099122113777 0.0683747664170351 0.014613647413968778 0.017270674216508297
0.0 0.9399677106251865 0.20022972149306834 0.016606417515871642 0.017934930917143176
0.0 0.8160838359567734 0.16037431945497288 0.014613647413968778 0.01660641751587342
0.0 0.8678958586062983 0.24473492043560868 0.014613647413968778 0.013949390713333542
0.0 0.7639396849569315 0.27363008691322827 0.013949390713333542 0.013285134012698662
0.0 0.7646039416575663 0.31813528585576856 0.013949390713333542 0.017270674216508297
0.0 0.7406907004347095 0.3679545384033883 0.02192047112095281 0.018599187617778058
0.0 0.6221208793713743 0.13513256483084551 0.017270674216508297 0.012620877312063428
0.0 0.7586256313518526 0.538668510466565 0.015277904114603303 0.018599187617778058
0.0 0.8044593436956624 0.4752319955559292 0.015277904114604012 0.01660641751587342
0.0 0.6280991896770889 0.4971524666768822 0.013285134012698662 0.019263444318412936
0.0 0.7287340798232806 0.3264384946137051 0.01793493091714282 0.017934930917143176
0.0 0.8947982549820128 0.28359393742275235 0.015277904114603303 0.017270674216508297
0.0 0.534438994887563 0.5874913779632314 0.014613647413968778 0.01660641751587306
0.0 0.4580494743145467 0.6007765119759311 0.013285134012698662 0.015277904114603303
0.0 0.40756596506629206 0.5556070563327558 0.014613647413968422 0.013949390713333542
0.0 0.417529815575816 0.40714568374084903 0.019927701019047818 0.017270674216508297
0.0 0.341804551703434 0.4563006795878339 0.014613647413968422 0.015942160815238537
0.0 0.02196495034771555 0.610740362485455 0.013949390713333542 0.01660641751587342
0.0 0.12592112399708189 0.14011449008560745 0.019927701019047818 0.019927701019048172
0.0 0.18437571365295574 0.2128505988051323 0.017270674216508297 0.019263444318413293
0.0 0.22290260228978126 0.2018903632446559 0.017270674216508297 0.015942160815238537
0.0 0.22190621723882914 0.28591883587497424 0.021920471120952457 0.015277904114603303
0.0 0.1900218956083526 0.3217886977092608 0.017934930917143176 0.013949390713333542
0.0 0.2398411481559725 0.35300876263910225 0.019263444318413293 0.01660641751587306
0.0 0.07377697299723991 0.20753654520005255 0.02059195771968305 0.013949390713333542
0.0 0.4032482965121648 0.3041858951424349 0.013949390713333542 0.014613647413968422
0.0 0.5105257536647059 0.3383951152251338 0.019927701019047818 0.012620877312063784
0.0 0.5357675082888333 0.23078552972227512 0.014613647413968422 0.019263444318412936
0.0 0.48993379594502307 0.16435985965878216 0.015942160815238537 0.02059195771968305
0.0 0.35043988881168797 0.22281444931465605 0.018599187617778058 0.019263444318412936
0.0 0.674929287071851 0.20820080190068763 0.01660641751587306 0.012620877312063784
0.0 0.6779184422247081 0.16137070450592522 0.011956620611428548 0.013285134012698662
0.0 0.958417799387114 0.8760696747416787 0.02126132959533038 0.020861827405393284
0.0 0.05768878892407425 0.031658029794716214 0.016643471739505245 0.017786432665129227
0.0 0.9212039659055101 0.001484020702948463 0.0238594415860085 0.002968041405896926
0.0 0.383099260876009 0.20318247982952417 0.015533380695802634 0.01682782908711893
0.0 0.43228829974604965 0.18247130556845423 0.018122277478435932 0.016827829087119283
0.0 0.3876298302456179 0.043318103501890984 0.016827829087119283 0.015533380695802634
0.0 0.41804936744156435 0.1455795264159235 0.015533380695802634 0.018122277478435932
0.0 0.2776017169836841 0.03943475832794032 0.016827829087119283 0.01812227747843629
0.0 0.8186811445541349 0.3779330126573015 0.016827829087119283 0.016827829087119283
0.0 0.04587047802248687 0.0044122384322322185 0.011690917931174738 0.008824476864464437
0.0 0.20808196431753673 0.009189818049813604 0.01753637689676211 0.016805694526063418
0.0 0.8644068797847162 0.19655842974455418 0.012837504707275117 0.014977088825154184
0.0 0.8692209440499443 0.2660949135756255 0.016046880884093184 0.012837504707274405
0.0 0.37241928816698466 0.8818868952069089 0.015096743196248496 0.01449287346839867
0.0 0.7661577357886852 0.6447505581690531 0.01427328447645273 0.014822256956317049
0.0 0.6984818671069967 0.9319087077905728 0.013973844941981995 0.01547104261433745
0.0 0.7097108496496606 0.9393946961523489 0.014472910832767028 0.014472910832766672
0.0 0.7452981081666948 0.45467246920847815 0.01633173595228321 0.014847032683894312
0.0 0.06944478107957792 0.16951853325757787 0.02706573909117118 0.02235865403183652
0.0 0.06767962418232773 0.22011969764541917 0.0211818827670033 0.017651568972502574
0.0 0.3677562967148747 0.15304373554990872 0.016474797707669353 0.020005111502169725
