0.0 0.19118720554110738 0.05797691824073574 0.009624670705537141 0.007244944432189726
0.0 0.20783001605323753 0.1381591492407482 0.006136986301369873 0.00969254185692563
0.0 0.20251181946442803 0.1742535222277139 0.007757741209775304 0.005582673580866171
0.0 0.5011168329919009 0.004947901408407595 0.00859345598708643 0.006187288310702499
0.0 0.6010253907492128 0.03629707733132985 0.007695585996955856 0.006429223744292401
0.0 0.6453072217021527 0.0072322098099780515 0.0058541044163668236 0.008288997403705523
0.0 0.9927290476602029 0.049405063809405195 0.00977555517152453 0.005993053924251157
0.0 0.9063108467859525 0.046145724425627144 0.010596287120744563 0.00838872730392346
0.0 0.9270826010085752 0.07023599484566319 0.008038037691964206 0.008791603725586229
0.0 0.6531318373901094 0.12111153112744014 0.005549729191990593 0.007642927525729704
0.0 0.3691087687528748 0.04208624118526636 0.008124707601494663 0.007552545094346996
0.0 0.35235214282986005 0.12045099924807232 0.00457838660578389 0.00433485540334857
0.0 0.25444700212402455 0.2496545239818481 0.004647019169452449 0.0051184558967882765
0.0 0.3657276435424334 0.24358343898852422 0.004242971926818129 0.0040776613322666575
0.0 0.3677940259743254 0.2479090662126177 0.0038572472061979115 0.004794007241989107
0.0 0.2848843212000894 0.8376294695549703 0.008183381074809759 0.007612447511451137
0.0 0.27860405200314203 0.8269244652419928 0.007802758699236989 0.006375424790839901
0.0 0.24703315492668346 0.8225082605706333 0.005494876685738603 0.004736962660119559
0.0 0.25950715659833123 0.8184028929318629 0.005431717183603979 0.009284446813834535
0.0 0.2565280000770532 0.7930803564654351 0.00607878893420768 0.010315520615625217
0.0 0.33140027212144874 0.8432810329213833 0.007382351468808679 0.005832057660359169
0.0 0.20657627001509535 0.8143915531156349 0.009400065183936235 0.009300064490490456
0.0 0.1946261871482827 0.8016414647012532 0.010100070038059173 0.008200056862582805
0.0 0.3892977493883832 0.8421163612977953 0.004562606009532999 0.004439292333599809
0.0 0.38448851602698325 0.8428254149344123 0.003822723953933149 0.0048708901993670395
0.0 0.40569846828751627 0.8347791975797619 0.003822723953933149 0.0049325470373332795
0.0 0.3598602158636176 0.8237184821063824 0.003019786910197908 0.004627092846271097
0.0 0.3633670651786861 0.8242542507517399 0.0026301369863016787 0.0033607305936072863
0.0 0.3231285113809017 0.799643370817469 0.007695585996955856 0.004821917808219034
0.0 0.36344218218712376 0.7934345175705394 0.0071777231753994645 0.009352790804307887
0.0 0.34944924710780967 0.788468113151197 0.006307696123835882 0.006960216412508302
0.0 0.2212792085349383 0.7618462425961802 0.0064779299847792515 0.008231354642313348
0.0 0.19801416103226382 0.7422497113196181 0.013855180796149825 0.007521383860767017
0.0 0.17715029230491108 0.7164749320555324 0.009630149928772268 0.010377316733590903
0.0 0.1800109371678591 0.6859713344949881 0.008761461511221568 0.006447113187503106
0.0 0.1597644848584686 0.6589428345472866 0.007136176569663632 0.0083665518402956
0.0 0.15938627025087904 0.6273290442339281 0.006185692541856724 0.0059421613394217586
0.0 0.24687281838263306 0.7437922447118387 0.006005794520255137 0.00875845034203877
0.0 0.25360992379300845 0.7485935300296613 0.004842163006713562 0.0037193425993596206
0.0 0.2647935391377391 0.7340303652923886 0.004794007241989462 0.00804511560149912
0.0 0.2845205344777629 0.7316295502935676 0.0053158040389067905 0.006366602511714703
0.0 0.26268649822003276 0.7098716540288562 0.0037511974999482334 0.0059452941508613575
0.0 0.25010143827834364 0.664523793399438 0.005503805175037968 0.007987823439878028
0.0 0.20491017432384223 0.6654576109483108 0.006067390680810902 0.00808985424108144
0.0 0.18955957541597038 0.5089434267895612 0.005220213221002723 0.005101572011434641
0.0 0.19680105334928993 0.49911140381448893 0.0033271061174449555 0.005067438548107717
0.0 0.2197078218529766 0.5189609107423925 0.006979651424446942 0.007764862209697299
0.0 0.2345016603156374 0.4845288337065261 0.005848836677876434 0.005906745951915227
0.0 0.2644183492297021 0.496760861440146 0.0040913242009128934 0.005260273972602647
0.0 0.289491349506554 0.5143182566966535 0.005086802287952353 0.00527066261161373
0.0 0.2848335546404769 0.5149311244421899 0.0037384932477724673 0.00416750066964795
0.0 0.20921765601217662 0.4076712328767124 0.004042617960426398 0.006721461187214573
0.0 0.20592998477929997 0.4108858447488588 0.004480974124809833 0.0032146118721460225
0.0 0.2330908885094587 0.41616460552029066 0.0034094368340944923 0.004188736681887306
0.0 0.2954077614679374 0.5876732668073734 0.0069441999140448015 0.0074446827907326705
0.0 0.3221485130751661 0.4791063200234479 0.008328767123287761 0.00745205479452018
0.0 0.3701898915183538 0.4597012184300878 0.008474885844749026 0.006721461187214573
0.0 0.36351902587519047 0.4262770167427702 0.007452054794520535 0.006721461187214573
0.0 0.3509446585557326 0.3774022885850618 0.00758485121875907 0.0073617673593840745
0.0 0.37382286206032533 0.3249640029828553 0.006261883041011629 0.008205226053739878
0.0 0.39059657651011986 0.3063447241616165 0.005698630136986083 0.008767123287671198
0.0 0.4562349564991541 0.3220543479203638 0.006526636225266458 0.00681887366818863
0.0 0.5176373017540014 0.2598797004840566 0.008979125339854477 0.006692515781258379
0.0 0.3636987929388983 0.7468818718417147 0.010084502813300844 0.006440522805133142
0.0 0.34212413767233424 0.7195950282974473 0.009527828169403563 0.00849469017513087
0.0 0.36463350232146163 0.6923104361716034 0.008609483285605535 0.0071171728494338286
0.0 0.3531314219994579 0.6162002706593516 0.008952622108838782 0.0102407691748585
0.0 0.37877588241551263 0.5815626640462705 0.008827813561985209 0.01104767311265995
0.0 0.39454974228505096 0.5267248030961467 0.007346860673153444 0.008866900812426337
0.0 0.3699288264526167 0.6392797032577964 0.008600333106531365 0.009113785829309861
0.0 0.3839125919602589 0.644994549378788 0.004182901954520801 0.004636469636336571
0.0 0.4079797646317592 0.6824561720076128 0.00725722983257242 0.006526636225266813
0.0 0.4085966514459665 0.6691506849315069 0.007208523592085214 0.009108066971080575
0.0 0.425756797980117 0.6405731379810033 0.005684176736882307 0.0070544693430946385
0.0 0.42530289193302906 0.5038173515981738 0.004578386605784246 0.006429223744292045
0.0 0.4219421613394216 0.5080060882800609 0.0037990867579907215 0.0035068493150689052
0.0 0.4395553871956411 0.6557498516288017 0.00713868350000908 0.009536834988292853
0.0 0.4488280060882802 0.657144596651446 0.00535768645357706 0.005455098934551117
0.0 0.46541248097412513 0.6709284627092847 0.008231354642313704 0.007987823439878384
0.0 0.443957382039574 0.6394642313546426 0.008572298325723083 0.006526636225266458
0.0 0.4512081225972787 0.5881464137834467 0.007805085181830762 0.011227314838479784
0.0 0.5025273108746824 0.49847119964877784 0.010243399536607356 0.010380894832400855
0.0 0.4923489385513335 0.46572203098885934 0.009219371858129221 0.006518747778474676
0.0 0.46413772562518785 0.42351152542347814 0.006380517503805194 0.008815829528158403
0.0 0.5016526438484762 0.36588846568075173 0.008523592085235876 0.006867579908675836
0.0 0.4688540408744835 0.7987196255364792 0.006205362067334264 0.007173170830129472
0.0 0.48180577639510747 0.794493401668813 0.005636062795101537 0.008767208792380998
0.0 0.4766435989865407 0.7604438174723317 0.006867579908675481 0.0074033485540333285
0.0 0.47799015659576244 0.736875647240533 0.005900644397464206 0.008850966596196486
0.0 0.4684832188995399 0.6121128247706107 0.008799964590085096 0.008633927522347661
0.0 0.4886517731918138 0.5873625977891102 0.006368315137433101 0.006217882496391524
0.0 0.5212929755139077 0.8051094002359577 0.007882711920141361 0.004842237322372966
0.0 0.5109641340446138 0.7679520503772638 0.002727549467275381 0.004675799086757948
0.0 0.5590257558948648 0.8153466006236354 0.006597705141023624 0.006749959875047296
0.0 0.5365199088469772 0.789819316607886 0.004821917808219211 0.0062343987823439305
0.0 0.535573820395738 0.7815890410958906 0.0059421613394217586 0.007987823439878028
0.0 0.5271265606324269 0.7188856512025564 0.005186699730474942 0.004517448152349246
0.0 0.523975501118751 0.7125556466927833 0.0033462578906291894 0.0041270513984429155
0.0 0.5278794686578182 0.7106036629232495 0.004461677187505231 0.003011632101566164
0.0 0.527740041245709 0.713224898270909 0.004294364292973895 0.002788548242191169
0.0 0.5204092271108175 0.695297040891319 0.00789041095890397 0.0067701674277014234
0.0 0.5473098009947158 0.4793849563252245 0.004628990082036921 0.006190577097664018
0.0 0.5746983921676108 0.36607728461080685 0.004286149162861718 0.008572298325723083
0.0 0.5739229431250316 0.2822657320235654 0.0035068493150685496 0.004821917808219211
0.0 0.5775515580413175 0.28406786292158676 0.004627092846271097 0.0031659056316588165
0.0 0.5538800079871464 0.7125882393712691 0.007329898236615761 0.008923354375011173
0.0 0.5554734641255413 0.6880091784365291 0.004142985959826362 0.005975460518980569
0.0 0.5517686786037734 0.6904391990475813 0.003425930697548907 0.004142985959826362
0.0 0.5728852840667626 0.6341682138945804 0.0076680068807849725 0.005869991474256153
0.0 0.6284634274710885 0.8136804254588338 0.005455098934551117 0.008036529680365589
0.0 0.6233979784604387 0.8061066050630974 0.006721461187214573 0.010325722983260732
0.0 0.6326630701262899 0.802807427906939 0.0050654490106545325 0.005211567732115441
0.0 0.6289106788117083 0.7821804443954894 0.00781574301321264 0.009135284041417436
0.0 0.6157802821147784 0.7236492248045382 0.006874764789669285 0.01276742032367153
0.0 0.5877138558530278 0.6606610976722098 0.00932521302597351 0.00871967971259906
0.0 0.579357496128454 0.6593289243827856 0.005813119808399136 0.011020706303423822
0.0 0.5910916808161926 0.6515844588223466 0.007993039736548723 0.006781973109799111
0.0 0.568449659167856 0.5513596308423558 0.006613630429301054 0.006453623241495165
0.0 0.5840812423126053 0.5689353426790831 0.0077178978531286194 0.006640981873622565
0.0 0.6391662087861402 0.7973912942893715 0.006545866477474504 0.008794446565156733
0.0 0.6323627754516146 0.7652080801350344 0.00498919584093791 0.009362441578056036
0.0 0.6400929492545497 0.7653004726506074 0.004681220789028373 0.005235575882465681
0.0 0.6543435759287697 0.7639389356014087 0.008802500109961286 0.0066018750824710535
0.0 0.636006088280061 0.7089436834094366 0.00681887366818863 0.006964992389650248
0.0 0.6317578175572317 0.6922366004470529 0.005503805175037968 0.0034581430745813436
0.0 0.6272281371919348 0.6943796750284836 0.004237442922374513 0.005406392694064266
0.0 0.6406476783630894 0.6432410282283272 0.005967493238288668 0.008477186656260117
0.0 0.608153870172438 0.6018297593077998 0.0074965736083459685 0.009123736872173183
0.0 0.629793091518347 0.6265980163896314 0.008482292519199675 0.009871633535275138
0.0 0.6371294954192868 0.6059002275921552 0.005552462759773747 0.01104182935182294
0.0 0.6522073004050657 0.6044253856151125 0.00592547650369184 0.010498398588062586
0.0 0.6702130529702769 0.6044672666756284 0.006863571096694087 0.006574578629464867
0.0 0.6606401774933088 0.5927630717528448 0.007802796615189322 0.006574578629464867
0.0 0.5954680022500798 0.4804433884163098 0.006872749006753054 0.011200035418412213
0.0 0.6128172100635634 0.47894062530929704 0.0042116261959762365 0.00499684463929313
0.0 0.6149230231615512 0.48193873209287313 0.004711310659905266 0.003997475711434717
0.0 0.6214454985469693 0.46657667560254995 0.005455098934550762 0.0050654490106545325
0.0 0.6059776661985301 0.4612074362402101 0.006088280060883022 0.007111111111110802
0.0 0.6485901753273593 0.4529871772202572 0.006009915590010096 0.006884085130374728
0.0 0.5977304092533755 0.38760181727351223 0.006324783606495998 0.007424745972842928
0.0 0.6141860652147846 0.37210609424527463 0.004033801125320124 0.005872739873628063
0.0 0.6141142371462985 0.3507900725095796 0.005991381083196146 0.00492361019708234
0.0 0.5905042918103373 0.31253069146368784 0.0062343987823439305 0.0071111111111111566
0.0 0.6278412781451393 0.24176077860165462 0.007713796664709704 0.0065876949618324685
0.0 0.667482166880548 0.24412555405017625 0.008542282621799301 0.00579654892193524
0.0 0.753350899303124 0.1900490445635839 0.0064088545718227865 0.008355848365794217
0.0 0.628531639820386 0.31432431409086503 0.0037503805175038707 0.004773211567732005
0.0 0.6325742577808123 0.3130335987179578 0.003263318112633229 0.004627092846270742
0.0 0.6525495313592687 0.30354845304868616 0.004724505327244799 0.00560121765601238
0.0 0.66670435363474 0.29776862984096064 0.007812890267012661 0.005190381645917697
0.0 0.6837953626244138 0.31432345252065713 0.007792998477929913 0.00618569254185708
0.0 0.6659475040790864 0.3464584569720852 0.005521325519537967 0.008700270515635822
0.0 0.6070341527899158 0.45152106465241315 0.007572020122092837 0.009305374125944964
0.0 0.6824580571074721 0.5050147546871809 0.0082222873960049 0.008501561471160813
0.0 0.7230396683477947 0.527110257007471 0.004684761046880937 0.005298241660162617
0.0 0.6728660413401734 0.6670671339460492 0.006896924352171041 0.00619445983482052
0.0 0.6808485926737049 0.66923838790877 0.004470228746777494 0.0061944598348201655
0.0 0.6814590127433384 0.6495472570283309 0.003555555555555756 0.004432267884322272
0.0 0.678195694630705 0.6525913970587723 0.003068493150684759 0.005455098934551117
0.0 0.6634580810875071 0.7993591818985115 0.004782113886752981 0.007116240902906057
0.0 0.6817727990913095 0.8128896804294374 0.007886760717529029 0.005977334438548354
0.0 0.6853676079792536 0.795284146821448 0.004483000828911088 0.006143371506285788
0.0 0.6814242276204894 0.7968614989649536 0.0039018710918302447 0.004649037896648523
0.0 0.6964505822507288 0.7988954530447374 0.008384871920741332 0.005396204701466978
0.0 0.7010545421180513 0.8130966903853402 0.006869220387551778 0.005686813599530183
0.0 0.6921050346646433 0.7796226633782071 0.003868320230859368 0.006050449591857188
0.0 0.7187975035331213 0.7219158838812731 0.006416967045964483 0.007098414873854608
0.0 0.7312843399351037 0.7098838491286573 0.006272043492941392 0.006370044172518874
0.0 0.7435981735159821 0.6924809741248097 0.005649923896499587 0.00871841704718399
0.0 0.7202884837494743 0.6649100806055787 0.00548117042485039 0.00791724616922842
0.0 0.7164403684345775 0.6483953493108983 0.007646879756469005 0.00681887366818863
0.0 0.7054296791503003 0.6252932543633921 0.005942161339421404 0.006964992389650248
0.0 0.7001450743238363 0.6345120413665999 0.0034094368340944923 0.0056986301369864375
0.0 0.7226026623129306 0.6382531947483947 0.0030684931506851144 0.004383561643835421
0.0 0.7397933567462222 0.6480243878825501 0.006636744816414364 0.004517448152349246
0.0 0.7390843349145259 0.6396508561098091 0.003555555555555756 0.0037016742770166642
0.0 0.7596731525203835 0.6529378821050784 0.005409783589850292 0.004071280433598545
0.0 0.7311910460731126 0.7868004702988399 0.007415075598015264 0.008542167088913644
0.0 0.7406341119780558 0.8074226888998375 0.004402017324618512 0.00578404601955782
0.0 0.7368467394679173 0.7978620442870099 0.006498905275644518 0.007823924797862957
0.0 0.7488753568723064 0.7928998755110406 0.006348724825384266 0.0071768193678256155
0.0 0.753873403638935 0.767030905813282 0.008833008452708669 0.009017029462139448
0.0 0.754743964568168 0.7798175348115146 0.004388193301826248 0.007431617688576253
0.0 0.7520048826200927 0.7842439479262524 0.004529747924465965 0.0037511974999482334
0.0 0.7812450608428758 0.8080860692109564 0.0038108896777483635 0.003969676747654205
0.0 0.7769181131879327 0.8110236300042203 0.0023024125136394957 0.0036521026078418116
0.0 0.7812519246352931 0.8114385923796202 0.0031171993911723204 0.002727549467275736
0.0 0.8020873882662045 0.8082076691920712 0.007308227233134091 0.005125909378795512
0.0 0.8165483866931463 0.8232339306551915 0.008368268213967411 0.0058112973708105645
0.0 0.7954524500146121 0.776554702250297 0.006502216719019671 0.006171595529917084
0.0 0.8021750808597001 0.7836906095817635 0.006943044971156808 0.007659390880879258
0.0 0.7872577551282302 0.7881123298254508 0.0039413410929729055 0.005579301027714934
0.0 0.7548492774280126 0.745269978921072 0.008153286793386273 0.004478565985099436
0.0 0.7564452236036046 0.7293154488861756 0.0067178489776491546 0.006086256338724639
0.0 0.7695938339957552 0.7322724507865936 0.007521694154461756 0.005684333750318515
0.0 0.7667516671205957 0.7154778283424712 0.008382956843903954 0.006315926389242677
0.0 0.8063682858045513 0.7271132307242784 0.006672754946727366 0.006088280060882667
0.0 0.8339277297641164 0.7052904866852003 0.004862568068281092 0.00568210201237278
0.0 0.8529107906019057 0.6984119486948115 0.007476986495544935 0.0065576848772401775
0.0 0.8330665879764343 0.6619585344658112 0.0050654490106545325 0.004529680365296329
0.0 0.827100073516769 0.6675597521218235 0.0066727549467280765 0.003555555555555401
0.0 0.8155995950062774 0.6298405346762485 0.005796042617959784 0.00516286149162859
0.0 0.820172227951787 0.5928937040225977 0.006185692541857435 0.004968036529680475
0.0 0.8075321318671123 0.5801699136033017 0.0042069409130071735 0.0066655427452836594
0.0 0.8400650418955035 0.5669135072219452 0.005260273972602647 0.009156773211568136
0.0 0.8561972742645988 0.5535797789491415 0.007354642313546833 0.007111111111110802
0.0 0.8448584474885849 0.546386605783866 0.007305936073058916 0.007792998477929913
0.0 0.8486088280060884 0.5347458143074582 0.00662404870624016 0.007792998477929913
0.0 0.7503686122764984 0.5893644715392314 0.006061329351459222 0.009117897144076181
0.0 0.7394561964570663 0.47932545111966024 0.011694633514584041 0.008813346996497985
0.0 0.682827072698155 0.4056411596037135 0.007471740918474268 0.008516739648330685
0.0 0.6980936012462167 0.32521384559202887 0.0035401577235578685 0.005563104994162416
0.0 0.6944522961591282 0.32283688254906834 0.004248189268269797 0.0045516313588603195
0.0 0.7018733525492189 0.2803514021384883 0.007204757550107033 0.0076018701709788415
0.0 0.7041207819272495 0.3025548266640051 0.004254778080771615 0.0034038224646174343
0.0 0.7055390412875067 0.3065259528727255 0.004481699578413156 0.004198047706361408
0.0 0.7204235560668089 0.25922246437751023 0.005776242042712809 0.008419607045309974
0.0 0.7229390552531495 0.29449422929470137 0.004286149162861718 0.0053089802130898535
0.0 0.7271841704718417 0.3043896499238965 0.004286149162861718 0.005406392694063911
0.0 0.7273322154454176 0.30874789251996615 0.0030684931506851144 0.0029223744292234954
0.0 0.7613432277589514 0.2974342932758546 0.007452054794520535 0.006916286149162687
0.0 0.7392724576895369 0.23916634341080592 0.008421415691416457 0.008086789902353786
0.0 0.7922122540635185 0.23722329908014395 0.007040247600752991 0.005410560656134322
0.0 0.8087913543038916 0.24068873008905028 0.0065810890235162844 0.0063617193893993115
0.0 0.8282521497604748 0.24003619680434146 0.0070777311319773165 0.009691047242246498
0.0 0.7225589253877892 0.35256959561639933 0.005796718331241735 0.008506872356238305
0.0 0.7420798975315852 0.3781283107031621 0.004299146939628784 0.006995222139057233
0.0 0.7520746263197704 0.3832451256918807 0.00267884322678853 0.004042617960426398
0.0 0.7473257678722817 0.3856073783555033 0.003019786910197908 0.004480974124809833
0.0 0.7986580584668145 0.6479775706471408 0.003555555555555756 0.004821917808219211
0.0 0.8030441400304416 0.6377108066971081 0.005406392694064266 0.00535768645357706
0.0 0.8201648216973509 0.6139966674834781 0.0032146118721463777 0.00311719939117161
0.0 0.7506557991503151 0.46537423378188214 0.0033607305936072863 0.0059421613394217586
0.0 0.7600101803777495 0.45478842179965595 0.006993356322920618 0.005846008801191615
0.0 0.7852395850227258 0.45270254165374163 0.005114155251141383 0.0050654490106545325
0.0 0.789461153470018 0.46708025015971694 0.004042617960426043 0.006380517503804839
0.0 0.8030144094291629 0.4477738478203902 0.005331949386167878 0.008396288113849692
0.0 0.7360725538790861 0.6818300755783084 0.00701251597061372 0.007012515970614075
0.0 0.8090144797695082 0.6848581393884517 0.004161359096777772 0.005216351543847609
0.0 0.8427100986905017 0.7970171679052573 0.007715330919799613 0.006694184180414275
0.0 0.8401241693778317 0.7594610947185148 0.006136986301369518 0.004773211567732005
0.0 0.8523488597599631 0.7580858195439344 0.003750380517504226 0.006039573820395816
0.0 0.8581884483637303 0.7760631003729742 0.0074033485540333285 0.0053089802130898535
0.0 0.8708022171615483 0.7651052137276579 0.011347393072046685 0.008465515466447115
0.0 0.8709675893846697 0.8114863543797476 0.008687889569362284 0.0059682023998227866
0.0 0.8849334999436802 0.8007756847266435 0.006059176060092142 0.007601511784479697
0.0 0.8762985987339516 0.7804534501470336 0.006389676572461411 0.007711678621936002
0.0 0.8842856944495292 0.7728519383625543 0.005838842385180243 0.007932012296848256
0.0 0.8824622701067568 0.740163151300664 0.006575342465752953 0.009643835616438067
0.0 0.9010976511216576 0.7211487943203805 0.006597705141023624 0.00541011821563977
0.0 0.9123081934981624 0.7997995076538527 0.006721461187214573 0.006477929984779074
0.0 0.9441722458037575 0.816698390804406 0.0037990867579914323 0.004968036529680831
0.0 0.9481661575236966 0.8166009783234316 0.004188736681886951 0.00457838660578389
0.0 0.9119558155980823 0.7732768934142152 0.00662404870624016 0.006575342465753309
0.0 0.9137534246575342 0.7661978691019785 0.0033607305936072863 0.005455098934551117
0.0 0.9136795232687295 0.7499940762387964 0.009124144577560145 0.009397322558924514
0.0 0.9154312221485821 0.734677525089767 0.006079035167976343 0.00764062218360273
0.0 0.9267788585344505 0.7447892196080925 0.006506277396943006 0.00819540710576483
0.0 0.8963021818802602 0.7004098661202537 0.0076219204794476525 0.00626802671007205
0.0 0.8731518010999754 0.6586803783695915 0.006818873668188985 0.007744292237442707
0.0 0.8655176268812234 0.6487564912808013 0.0065753424657536644 0.007111111111111512
0.0 0.8593418498210564 0.5822794738115791 0.006380517503804839 0.005016742770167326
0.0 0.8585023626820053 0.5925413334499252 0.00433485540334857 0.003068493150684759
0.0 0.8935578166905913 0.5674361987546035 0.006009911697083936 0.005457637461775633
0.0 0.9051936159854748 0.5649482796250582 0.005120994438650684 0.00765663246167243
0.0 0.8326306072358538 0.49531972467934243 0.007208523592085925 0.008426179604262174
0.0 0.8397651282968717 0.46874994182058083 0.004480974124809478 0.0037503805175038707
0.0 0.8409827843090483 0.47267079417978924 0.0029223744292238506 0.00516286149162859
0.0 0.8292162619770341 0.44385391070398567 0.003555555555555401 0.004286149162861364
0.0 0.8260990625858625 0.44738511313929763 0.0023866057838660025 0.004724505327245154
0.0 0.7863114952475134 0.34005401615273473 0.0058447488584473465 0.005406392694063911
0.0 0.7922450153996097 0.3127719203711374 0.0070136986301367445 0.008231354642313704
0.0 0.8031261949935778 0.28574888417694255 0.005911722273444298 0.006246348062507323
0.0 0.8404335859218669 0.3160836798324237 0.006828151602221055 0.006631658030933707
0.0 0.8147731309374919 0.3026827779466149 0.004432267884322982 0.004675799086757948
0.0 0.874459414855054 0.23819499063999192 0.005800180343756978 0.0052926645636784285
0.0 0.9043025058299395 0.22129215835549107 0.009431691421772826 0.0054526966032121035
0.0 0.9216054507776417 0.21737966554967247 0.007040247600752991 0.007170622556322215
0.0 0.8968170999774301 0.15280822984929188 0.009984962863778434 0.005841542899898045
0.0 0.9328573481854747 0.14743161301890256 0.012559433893694915 0.007703119454799534
0.0 0.9536095843537968 0.09332098789508958 0.005016742770167326 0.007598173515981799
0.0 0.943162095769322 0.0900089635419695 0.008085235920852085 0.004773211567732005
0.0 0.9852747840095593 0.8079314456124518 0.005255070205222978 0.004003863013503662
0.0 0.9949818372412278 0.7933810784753748 0.005129949486051544 0.006068354879841209
0.0 0.9756677593270812 0.7854461361020194 0.007500761035007741 0.005844748858447701
0.0 0.9590274688807832 0.785296784631009 0.005260273972602647 0.006331811263318343
0.0 0.9591005282415136 0.7780395547984365 0.006283105022831137 0.004480974124809833
0.0 0.937033409437689 0.7914189809412887 0.006496201985007844 0.00796799774723631
0.0 0.9307810648025459 0.7794144833940603 0.005684176736882307 0.0072574756551262
0.0 0.9752896871669006 0.74254653953759 0.007705780313695243 0.007932420911156512
0.0 0.9496069142363659 0.731628275403534 0.0064779299847792515 0.007403348554033684
0.0 0.9605194842388756 0.7234118670056796 0.004529680365296685 0.006429223744292401
0.0 0.9633174015538944 0.7157004333824292 0.00891324200913246 0.007111111111110802
0.0 0.9141650207562542 0.6913529250817583 0.003501858882543729 0.005278164112819184
0.0 0.9177176312168054 0.693053102945022 0.0031973494144963864 0.005125909378795157
0.0 0.9310510520226434 0.6864348590968744 0.005990867579908609 0.00662404870624087
0.0 0.9296073059360733 0.677455098934551 0.007208523592085214 0.006136986301369873
0.0 0.8992993472267752 0.645500063745504 0.005455098934551472 0.008621004566209933
0.0 0.888389149357673 0.6536827121473301 0.003117199391172676 0.0045296803652970395
0.0 0.9554096140546047 0.6594249415402633 0.007125521552305258 0.006861613346664797
0.0 0.9485150121822347 0.6533880413362265 0.006795636295254326 0.005608049369870116
0.0 0.9359912436612905 0.6440359625726602 0.005406392694063555 0.005698630136986083
0.0 0.9197302312201018 0.5825168006159283 0.005162861491628945 0.007987823439878028
0.0 0.8948345585414682 0.5631756840602395 0.007293126171883557 0.007660846819205957
0.0 0.9002154781454166 0.5543481823468683 0.006736922444122939 0.0080702716778557
0.0 0.9001537894230186 0.5190883446545069 0.0063447780575423 0.005526097017859754
0.0 0.8565007471831997 0.4818922981695005 0.005224993649282794 0.007837490473923837
0.0 0.8641292379111523 0.48259767231215334 0.006583491998096491 0.005068243839803799
0.0 0.8624311149751357 0.4733494335529233 0.005695243077718004 0.006322242315632209
0.0 0.876296020028461 0.4844682944230893 0.0064779299847792515 0.006039573820395816
0.0 0.8965796785953216 0.48751956748213915 0.004545681609898366 0.00646339103907394
0.0 0.8824348927260648 0.4686713268125793 0.006321338488764638 0.006392364763919645
0.0 0.8612595468036932 0.45604238825829346 0.0033607305936072863 0.005260273972602647
0.0 0.8637922713090205 0.4524868327027372 0.002971080669711057 0.004578386605783536
0.0 0.8736681887366817 0.4368462709284627 0.005698630136986083 0.005065449010654177
0.0 0.8816915361715392 0.4294900892170981 0.005503805175037968 0.007403348554033684
0.0 0.8863916883785411 0.4289543205717406 0.0030197869101975527 0.003799086757991077
0.0 0.786310074532419 0.3767499450669479 0.004461677187505231 0.005911722273445008
0.0 0.8804069914377756 0.4179525962602927 0.003847792998477928 0.0037990867579907215
0.0 0.8830127753038333 0.41464057190717263 0.003701674277016309 0.003896499238964779
0.0 0.8813151543693113 0.3010595037830763 0.0036033620385587995 0.004719896754732389
0.0 0.8772296523396775 0.30303881532538346 0.0031465978364877854 0.004313884130669266
0.0 0.8822118046490097 0.2942040218497752 0.0034511073045358385 0.0036541136165670453
0.0 0.8832522119981714 0.2899916408751217 0.004110877818638415 0.003248100992504277
0.0 0.9296454784170031 0.269418944556932 0.005406392694064266 0.007452054794520535
0.0 0.9181340099649986 0.3422786278757172 0.00662404870624016 0.0075494672754942375
0.0 0.9232511415525113 0.35044140030441395 0.006672754946727366 0.00789041095890397
0.0 0.9621199686372502 0.19622312432554612 0.004938864596304882 0.00791677197540821
0.0 0.9777237102650644 0.19720107364423925 0.007341518048082918 0.006423828292072287
0.0 0.996767744528295 0.23343626106248525 0.006464510943409963 0.008377473363774613
0.0 0.9662235622100169 0.26988316366495313 0.0030674030664101792 0.006859828675789714
0.0 0.9634071284854041 0.27328519252042616 0.003123174031253484 0.0036251127148478448
0.0 0.9422261449690872 0.2830364694799686 0.005503805175037968 0.004237442922374513
0.0 0.9428797564687976 0.28631963470319644 0.005016742770167326 0.002581430745814117
0.0 0.9560928169383498 0.35378266795685054 0.009754502288886613 0.009403620911588462
0.0 0.9809336765283483 0.35328810213987066 0.004870624048706418 0.006964992389649894
0.0 0.9060527372147998 0.37556368004491764 0.00662404870624087 0.007890410958904326
0.0 0.940413965041466 0.3682424706688542 0.005357686453576349 0.004675799086757948
0.0 0.9345205099425311 0.3683155300295848 0.0038964992389651345 0.00618569254185708
0.0 0.9012456658796314 0.4344456360422663 0.007293126171883557 0.009131729408493073
0.0 0.9221563868808644 0.44900006617723937 0.0063860410668254985 0.0072281563723407775
0.0 0.9111737997714343 0.45026323913551247 0.006175512240446324 0.005964983414067504
0.0 0.9293798116937267 0.47297581768682484 0.008251223171262723 0.006388043745493732
0.0 0.9528478454855478 0.44593328393809417 0.009752072481084895 0.008316184508410273
0.0 0.9617623166492386 0.44805720156434303 0.005205093900947588 0.004546978580138017
0.0 0.9383169757206037 0.5527167271337456 0.006919173789928124 0.00870034724080071
0.0 0.9409257815499583 0.5421484485680672 0.007878267186551824 0.006919173789928124
0.0 0.9951342372565968 0.7826394449771927 0.0043928304521259065 0.005883255069812065
0.0 0.9910881870446093 0.7048531927614098 0.007670837716703715 0.006676469864538248
0.0 0.9415704407708688 0.6006766041018313 0.005990867579908609 0.005796042617960495
0.0 0.9502828134006635 0.6186110122812876 0.00954642313546401 0.004968036529680475
0.0 0.9581732243595678 0.6248454110636317 0.0038964992389651345 0.0059421613394217586
0.0 0.9821805468833418 0.6124016385754718 0.004015509468754885 0.004517448152349601
0.0 0.9781371519321649 0.6129314627414872 0.0039597385039108705 0.005130928765631282
0.0 0.9781951112488063 0.5935026757239921 0.00560121765601238 0.003945205479451985
0.0 0.9754188555410437 0.595329159742257 0.003945205479452341 0.004188736681887661
0.0 0.9731993911719936 0.5868127853881278 0.0038964992389644237 0.004870624048706418
0.0 0.9753424657534246 0.5802374429223744 0.003604261796042607 0.006136986301369873
0.0 0.9666853771938427 0.5637160118044727 0.007059544500895498 0.00606988872974199
0.0 0.969773474418373 0.5258147734759147 0.009698126962335607 0.011314481456057734
0.0 0.9780634196017459 0.493132525507683 0.006641482709498092 0.009004317904223314
0.0 0.9755652267251793 0.4533740064119911 0.005844748858447701 0.006283105022831137
0.0 0.983464385888271 0.4296016308821029 0.007976797055831496 0.0067201783415566044
0.0 0.9677926479219963 0.4118643904282779 0.006283105022831137 0.005406392694063555
0.0 0.9989002534520779 0.46728385337879014 0.0021994930958442183 0.008669710806697494
0.0 0.999946007485806 0.44268000263070845 0.00010798502838795798 0.007308227233133735
