0.0 0.002870750941385758 0.040720219247484854 0.005741501882771516 0.025430868235884713
0.0 0.016548386693146355 0.11526911332808144 0.008368268213967411 0.028831242769912876
0.0 0.042710098690501755 0.0009035906864236205 0.007715330919799613 0.001807181372847241
0.0 0.0709675893846697 0.0569865643646393 0.008687889569362284 0.029609686324702195
0.0 0.08493349994368024 0.011352410837540171 0.006059176060092142 0.022704821675080342
0.0 0.11230819349816237 0.0075372964868024575 0.006721461187214573 0.015074592973604915
0.0 0.14417224580375745 0.08284472957224663 0.0037990867579914323 0.024647623092990168
0.0 0.14816615752369663 0.08236144284493171 0.004188736681886951 0.022714476183734032
0.0 0.1852747840095592 0.039349807689683255 0.005255070205222978 0.019864126578622816
0.0 0.3449336385784548 0.01738455575285877 0.004724505327244799 0.031171993911720368
0.0 0.3524831058539494 0.0004159926711870218 0.004821917808219211 0.0008319853423740437
