0.0 0.013664657963059667 0.9606760615615876 0.007558426920232719 0.007558426920233075
0.0 0.08376906764821897 0.9242066516714644 0.007936348266244408 0.00718050557422103
0.0 0.09510670802856805 0.9958227467406701 0.00718050557422103 0.007558426920232719
0.0 0.20243637029587358 0.9410241515689824 0.007936348266244408 0.009070112304279121
0.0 0.14404752233707557 0.9283637864775924 0.006046741536186317 0.006424662882197651
0.0 0.142346876280023 0.9397014268579417 0.00718050557422103 0.007180505574221385
0.0 0.1606760615615876 0.9431027189720463 0.006802584228209696 0.00718050557422103
0.0 0.19431106135662332 0.9606760615615876 0.005290898844162939 0.005290898844162939
0.0 0.19695651077870496 0.9699351345388727 0.005290898844162939 0.004912977498151605
0.0 0.33678740880301117 0.9952558647216524 0.005290898844162939 0.007936348266244408
0.0 0.26800572382889315 0.9842961456873149 0.009070112304279477 0.005668820190174273
0.0 0.2780206394982018 0.9720137019419367 0.00718050557422103 0.007558426920232719
0.0 0.2651713137338058 0.9604871008885816 0.010959719034337212 0.007936348266244408
0.0 0.3020186449699406 0.9438585616640693 0.0045350561521395605 0.005668820190174273
0.0 0.3263945717876915 0.9606760615615876 0.00718050557422103 0.006046741536185962
0.0 0.3231822403465925 0.9810838142462159 0.008314269612256097 0.005290898844162939
0.0 0.3553055547575818 0.9423468762800228 0.006046741536186317 0.006424662882197651
0.0 0.37401266138515793 0.9648331963677155 0.006424662882197651 0.0045350561521395605
0.0 0.33924389755208695 0.9364890954168426 0.006424662882198007 0.007558426920232719
0.0 0.32922898196259354 0.9119242040446893 0.008314269835737775 0.008314264954580963
0.0 0.34831400985636646 0.8956735900475854 0.007936348266244408 0.008314269612256097
0.0 0.37268993667411754 0.8969963147586263 0.006046741536186317 0.007936348266244408
0.0 0.004972467004792059 0.7596219054833953 0.006802584228209341 0.009070112304279477
0.0 0.0467327756113745 0.8036497469514268 0.008692190958267787 0.007936348266244498
0.0 0.012152972579013266 0.813286736617048 0.008314269612256097 0.006046741536185962
0.0 0.012908815271036466 0.825947101708438 0.006802584228209341 0.005668820190174628
0.0 0.08433594966723632 0.7955244333545011 0.007558426920232719 0.006046741536186317
0.0 0.11060148321504518 0.7879660064342682 0.00718050557422103 0.006046741536186317
0.0 0.14896049983522666 0.8985080001426728 0.007558426920232719 0.005668820190174628
0.0 0.18354030299529162 0.9043657810058532 0.008692190958267431 0.006802584228209341
0.0 0.2041370163529262 0.8569366520813924 0.006046741536186317 0.005668820190174628
0.0 0.23796097682096776 0.8650619610206427 0.008692190958267431 0.0045350561521395605
0.0 0.233425920668828 0.8809346575531315 0.006424662882197651 0.005290898844162939
0.0 0.2258674937485951 0.9041768203328473 0.007936348266244408 0.005668820190174628
0.0 0.24910965652831135 0.8945398260095505 0.005290898844162939 0.007558426920232719
0.0 0.2536447126804509 0.8835801069752129 0.005290898844162939 0.0037792134601165373
0.0 0.2783985608442133 0.8975631967776436 0.007936348266244408 0.007558426920232719
0.0 0.27367454401906777 0.9230728876334291 0.008314269612256097 0.0041571348061282265
0.0 0.29238165064664373 0.9276079437855691 0.00718050557422103 0.007936348266244408
0.0 0.2544005553724741 0.9347884493597901 0.006046741536186317 0.007936348266244408
0.0 0.2489206958553055 0.9141917360021556 0.00491297749815125 0.006802584228209696
0.0 0.2561012014295265 0.9223170449414061 0.006424662882198007 0.007936348266244408
0.0 0.3755243467692047 0.8614717082335321 0.006424662882198362 0.005668820190174983
0.0 0.36909968388700654 0.836339938723758 0.005668820190174628 0.007558426920232719
0.0 0.27310766200005004 0.8488113431421421 0.004912977498151605 0.006046741536186317
0.0 0.2370161734559389 0.8442762869900025 0.006802584228209696 0.007558426920232719
0.0 0.25251094864241586 0.8181997141151994 0.0045350561521395605 0.008314269612256097
0.0 0.2500544598933402 0.785131596339181 0.00491297749815125 0.006424662882197829
0.0 0.2540226340264626 0.7628342369244943 0.006802584228209341 0.007936348266244408
0.0 0.26214794296571264 0.7439381696239122 0.005668820190174628 0.009448033650290988
0.0 0.2895472405515564 0.7813523828790645 0.006046741536186317 0.006424662882198007
0.0 0.3044751337190162 0.7662355290385989 0.00944803365029081 0.006424662882198007
0.0 0.32412704371162154 0.7868322423962334 0.0041571348061282265 0.007558426920232897
0.0 0.3086322685251446 0.8170659500771643 0.006424662882197651 0.008314269612255742
0.0 0.31430108871531887 0.830104236514566 0.005668820190174628 0.007936348266244408
0.0 0.3664542344649252 0.8025159782557163 0.006424662882197651 0.006424662882198007
0.0 0.3492588132213955 0.794390669316466 0.006046741536186317 0.005290898844162939
0.0 0.3571951614876401 0.789288731145309 0.006046741536185962 0.005668820190174806
0.0 0.36909968388700654 0.7836199109551344 0.006424662882198007 0.007180505574221207
0.0 0.3082543471791327 0.7386472707797493 0.00718050557422103 0.007936348266244408
0.0 0.3407555829361339 0.7475284224110228 0.005668820190174628 0.0068025842282095185
0.0 0.07375415197891044 0.7594329448103894 0.006802584228209696 0.004912977498151427
0.0 0.020845163537280876 0.7382693494337377 0.007558426920232719 0.006424662882197829
0.0 0.044087326316996744 0.7174836754030975 0.008692190958267431 0.00718050557422103
0.0 0.027269826419478883 0.7091694057908414 0.006802584228209696 0.0041571348061282265
0.0 0.0028641548484077185 0.713893422615987 0.005728309696815437 0.0045350561521395605
0.0 0.004564800905460053 0.6914071025282944 0.009129601810920106 0.004912977498151427
0.0 0.06732948893708297 0.6940525550554927 0.006046741536186317 0.005668820190174451
0.0 0.15292867396834886 0.7445050516429296 0.005668820190174628 0.009070112304279477
0.0 0.1676676064628028 0.7779510907649596 0.006424662882197651 0.00718050557422103
0.0 0.14348064031805804 0.7804075795140355 0.00944803365029081 0.006046741536186317
0.0 0.14952738185424402 0.7851315963391808 0.00718050557422103 0.004912977498151427
0.0 0.21528569606026943 0.7798406974950178 0.008692190958267431 0.007180505574221207
0.0 0.19506690404864652 0.7335453326085922 0.006802584228209341 0.009070112304279298
0.0 0.2026253309688794 0.7361907820306737 0.005290898844162939 0.008314269612256097
0.0 0.21736426346333354 0.7331674112625806 0.012093483072372634 0.006802584228209341
0.0 0.27707583613317244 0.7108700518478938 0.0045350561521395605 0.007558426920232897
0.0 0.29389333603069046 0.7152161473270278 0.007936348266244408 0.007936348266244408
0.0 0.22246620163449063 0.7057681136767366 0.004157134806127871 0.00718050557422103
0.0 0.3628639816778147 0.7475284224110228 0.006046741536185962 0.005290898844162939
0.0 0.37439058273116965 0.7454498550079588 0.00491297749815125 0.007936348266244408
0.0 0.3723120153281057 0.7176726360761034 0.007558426920232364 0.005290898844162939
0.0 0.11381381465614418 0.6923519058933234 0.009070112304279477 0.004535056152139738
0.0 0.12685210109354567 0.6447338162958569 0.005668820190174628 0.007558426920232897
0.0 0.16464423569470982 0.6558824960032001 0.006424662882197651 0.00718050557422103
0.0 0.16313255031066323 0.6400097994707113 0.00944803365029081 0.006424662882198007
0.0 0.17579291540205322 0.64548965898788 0.005290898844162939 0.005290898844162939
0.0 0.17711564011309378 0.6345299399535426 0.0041571348061282265 0.00604674153618614
0.0 0.18769743780141984 0.6163897153449839 0.006424662882198007 0.006046741536186317
0.0 0.23153631393876992 0.6345299399535426 0.006424662882198007 0.005290898844162939
0.0 0.2088610331780716 0.6466234230259149 0.006424662882198007 0.007558426920232897
0.0 0.2175532241363392 0.6719441532086948 0.007936348266244408 0.007558426920232897
0.0 0.23588240941790364 0.6759123273418172 0.008314269612256097 0.005668820190174451
0.0 0.319591987559482 0.6817701082049975 0.007180505574221385 0.006046741536186317
0.0 0.03293864660965351 0.6105319344818035 0.007558426920232719 0.005668820190174451
0.0 0.0009745481183494498 0.6322624118774729 0.0019490962366988996 0.007558426920232897
0.0 0.10020864619972496 0.5702833111315638 0.007558426920232719 0.008314269612256097
0.0 0.10512162369787639 0.5861560076640528 0.0045350561521395605 0.010581797688326056
0.0 0.09529566870157388 0.590124181797175 0.008314269612256097 0.006424662882197829
0.0 0.12628521907452814 0.5784086200708141 0.015116853840465794 0.007936348266244408
0.0 0.18958704453147793 0.583888479587983 0.007936348266244408 0.004535056152139738
0.0 0.21547465673327526 0.6008949401585066 0.0045350561521395605 0.00604674153618614
0.0 0.22926878570307033 0.5903131440227392 0.009448033650291166 0.006046741536186317
0.0 0.3639977457158496 0.6333961759155077 0.009070112304279832 0.007558426920232897
0.0 0.3297958639017963 0.6262156703412866 0.006424662882197651 0.006802584228209341
0.0 0.3367874088030117 0.611098816500821 0.006046741536185962 0.00604674153618614
0.0 0.3199699089054935 0.5929585918922624 0.005668820190174628 0.007558426920232897
0.0 0.25062134191235774 0.5922027492002389 0.008314269612256097 0.008314269612256276
0.0 0.3560613972899754 0.6162007608822122 0.006802584228209696 0.007180505574221207
0.0 0.36928864459193794 0.611665693862163 0.004535056152139205 0.00491297749815125
0.0 0.0009950049271269634 0.45946030787813835 0.0019900098542539268 0.010238579625729471
0.0 0.01911994115114766 0.4529627477310408 0.004331706764731891 0.007482038957263804
0.0 0.05318290798290128 0.48131573746383005 0.007875830481330582 0.0074820389572639815
0.0 0.12170263317047567 0.5236483263009809 0.004725498288798491 0.007088247433197204
0.0 0.13981704327753555 0.5358558635470428 0.006300664385064181 0.005513081336931158
0.0 0.14080152208770186 0.5013991051912225 0.0074820389572639815 0.008269622005397003
0.0 0.17801482111198794 0.5458975474107391 0.004725498288798135 0.005906872860997758
0.0 0.21877224385287236 0.5216793686806482 0.0051192898128647355 0.008663413529463426
0.0 0.23137357262300107 0.5395968830256749 0.008269622005396826 0.00905720505352967
0.0 0.24180904801076367 0.565587123614065 0.008663413529463426 0.0051192898128647355
0.0 0.27941613855911634 0.5413689448839742 0.006694455909130781 0.008663413529463426
0.0 0.2884733436126462 0.5547578567022359 0.008269622005396826 0.007875830481330226
0.0 0.27882545127301644 0.5104563102447526 0.005513081336931336 0.008269622005397003
0.0 0.2681930802230202 0.503368059576044 0.007875830481330226 0.009057205053530026
0.0 0.29162367580517845 0.49096362980345976 0.006694455909130781 0.010238579625729471
0.0 0.31466047996306956 0.5067152907661205 0.006300664385064181 0.007088247433197381
0.0 0.32450526806473246 0.4809219459397635 0.006300664385064181 0.0074820389572639815
0.0 0.3591589221825863 0.5086842483864531 0.007875830481330226 0.008663413529463426
0.0 0.36723164842594985 0.4618230570225375 0.009057205053530026 0.007875830481330403
0.0 0.3040281088132737 0.46733613835946863 0.005513081336930981 0.004725498288798313
0.0 0.30343742152717396 0.45926341211610505 0.009057205053530026 0.0051192898128647355
0.0 0.23472080057756664 0.47875609255739765 0.006300664385064181 0.006300664385064358
0.0 0.24692833782362858 0.48230021627399644 0.007875830481330582 0.005513081336931158
0.0 0.32548974687489896 0.5594833549910341 0.0074820389572639815 0.006300664385064181
0.0 0.3420289908856926 0.5720846837611625 0.005906872860998291 0.005513081336931158
0.0 0.35207067474938897 0.5490478796032713 0.007088247433197381 0.006694455909130781
0.0 0.3280493917813313 0.5417627364080407 0.007088247433197381 0.007875830481330403
0.0 0.37038198061848215 0.581535680338759 0.005906872860997581 0.010238579625729471
0.0 0.3692006060462827 0.5665716024242313 0.0074820389572639815 0.006300664385064181
0.0 0.3825895178645441 0.5797636184804597 0.004331706764731535 0.008269622005396826
0.0 0.17840861263605454 0.48643502727669474 0.004725498288798135 0.0051192898128647355
0.0 0.17013899063065754 0.47737782222316494 0.005513081336931336 0.008269622005396826
0.0 0.19632612698108093 0.46674545107336884 0.0074820389572639815 0.009057205053530026
0.0 0.1764396550157219 0.43977073167481234 0.007875830481330582 0.007088247433197381
0.0 0.11166094930677932 0.44902483249037556 0.004331706764731535 0.0051192898128647355
0.0 0.28709507327841344 0.4208687385196194 0.010238579625729471 0.006300664385064358
0.0 0.3298214536396305 0.40373880722272587 0.0051192898128647355 0.009057205053529893
0.0 0.3554179027039549 0.41791530208912053 0.004331706764731535 0.006694455909130781
0.0 0.3630968374232516 0.4192935724233533 0.0031503321925320906 0.004725498288798313
0.0 0.3682161272361162 0.4108270546559232 0.005513081336930981 0.0051192898128647355
0.0 0.3782578110998124 0.3586496777171095 0.006694455909130781 0.00630066438506427
0.0 0.02893115816002183 0.3892629215397537 0.006300664385064181 0.00669445590913087
0.0 0.05649656484467815 0.36484784704762957 0.009450996577596626 0.005906872860997758
0.0 0.07402028766563795 0.37725228005572486 0.008269622005396826 0.006300664385064358
0.0 0.10375154773266022 0.34279552169990446 0.007088247433197026 0.009057205053529938
0.0 0.11517150193058931 0.31897113449388004 0.007875830481330582 0.005513081336931336
0.0 0.11221806550009035 0.2996753498146207 0.0074820389572639815 0.006300664385064358
0.0 0.0950881342031968 0.28687712528245884 0.008663413529463426 0.007482038957263892
0.0 0.09823846639572906 0.2561613864052704 0.008663413529463426 0.00669445590913087
0.0 0.04487971488471576 0.2699440897475986 0.005906872860997936 0.005119289812864825
0.0 0.043107653026416594 0.2604930931700021 0.005513081336930981 0.005906872860997758
0.0 0.14096484675694648 0.39910770964141673 0.0074820389572639815 0.006694455909130781
0.0 0.12836351798681758 0.3973356477831173 0.008269622005396826 0.007088247433197292
0.0 0.20771251008622116 0.40009218845158295 0.007875830481330226 0.00787583048133036
0.0 0.24630407944473998 0.3770553842936916 0.007875830481330226 0.008269622005396915
0.0 0.1909763703133942 0.38276536139265616 0.006694455909130781 0.005513081336931247
0.0 0.16478923396297063 0.3784336546279244 0.004725498288798135 0.005513081336931336
0.0 0.180147103401565 0.36839197076422814 0.008663413529463426 0.0051192898128647355
0.0 0.18290364407003068 0.36287888942729696 0.007088247433197381 0.006694455909130781
0.0 0.18506949745239662 0.3124735743467826 0.006694455909130781 0.007482038957263804
0.0 0.19392980674389318 0.28392368885195995 0.007088247433197381 0.007088247433197292
0.0 0.1563227161955405 0.27447269227436355 0.006694455909130781 0.007875830481330314
0.0 0.2392158320115426 0.3018412031969866 0.007875830481330582 0.00984478810166305
0.0 0.2551643887362367 0.30696049300985134 0.0074820389572639815 0.005906872860997758
0.0 0.2740663818914296 0.3101108252023835 0.006694455909130781 0.006694455909130781
0.0 0.27603533951176207 0.3229090497345453 0.005906872860997581 0.00630066438506427
0.0 0.2896211470920571 0.316608385349481 0.005513081336930981 0.007875830481330314
0.0 0.17168058563413488 0.24080351696667618 0.006694455909130781 0.005906872860997758
0.0 0.18310053983206362 0.253601741498838 0.008269622005396826 0.007088247433197381
0.0 0.3187617198729793 0.3412203556036384 0.006300664385064181 0.005906872860997758
0.0 0.35243089518066684 0.3353134827426406 0.005906872860997581 0.006694455909130781
0.0 0.3583377680416646 0.32113698787624595 0.006694455909130781 0.00984478810166296
0.0 0.3642446409026624 0.2849081676621263 0.006694455909130781 0.009057205053529938
0.0 0.37369563748025864 0.26502169569676703 0.0051192898128647355 0.008663413529463426
0.0 0.38334352981988823 0.2849081676621263 0.006300664385064181 0.006694455909130781
0.0 0.34672091808170225 0.30164430743495324 0.004725498288798135 0.007875830481330403
0.0 0.3244716969719438 0.3063698057237515 0.006694455909130781 0.007875830481330314
0.0 0.31620207496654695 0.3004629328627538 0.0074820389572639815 0.005513081336931336
0.0 0.3427830028410369 0.27604785837062956 0.005513081336931691 0.008663413529463426
0.0 0.3500681460362678 0.27447269227436355 0.004331706764731891 0.007875830481330314
0.0 0.27997325475242735 0.2977063921942881 0.005906872860997581 0.00630066438506427
0.0 0.3041914334825183 0.2563582821673036 0.008663413529463426 0.007088247433197381
0.0 0.2896211470920571 0.2585241355496695 0.008663413529463426 0.008269622005396915
0.0 0.39370141714843515 0.4364637992230572 0.00726999736738172 0.005755414582510809
0.0 0.453830353707823 0.43494921643818596 0.007572913924356328 0.004543748354613619
0.0 0.4921492981650649 0.4317685925899564 0.007875830481330226 0.005452498025536379
0.0 0.5018426279882409 0.44146192241313226 0.007875830481330226 0.005452498025536379
0.0 0.447469106011364 0.4120790163866304 0.006967080810407822 0.0054524980255365564
0.0 0.4259620304661926 0.40586922696865846 0.008178747038304835 0.0069670808104074665
0.0 0.4027889138576626 0.401628395171019 0.007269997367382075 0.006361247696459138
0.0 0.4088472449971478 0.37542611299274675 0.009087496709227238 0.006058331139484885
0.0 0.41263370195932564 0.3578569526882406 0.007572913924356328 0.007875830481330314
0.0 0.436412651681804 0.3448315407383481 0.00726999736738172 0.007269997367381898
0.0 0.4385330675806237 0.3786067368409764 0.00726999736738172 0.005149581468562125
0.0 0.4591313934548724 0.3801213196258476 0.007875830481330226 0.008784580152253075
0.0 0.48078992727853115 0.31878071683856296 0.00817874703830448 0.006664164253433391
0.0 0.47988117760760823 0.29984843202767264 0.00817874703830448 0.005755414582510721
0.0 0.5257730359892061 0.30363488898985075 0.0060583311394850625 0.006058331139484885
0.0 0.41323953507327416 0.3189321751170501 0.006967080810407822 0.005755414582510721
0.0 0.40051703968035585 0.3246875896995608 0.005149581468562303 0.005755414582510632
0.0 0.4121793271238644 0.33195758706694267 0.006058331139484707 0.00939041326620158
0.0 0.3894605853507958 0.24093116169618195 0.007269997367382075 0.006664164253433391
0.0 0.4052122463134564 0.24668657627869264 0.0060583311394850625 0.005452498025536467
0.0 0.40036558140186873 0.28682302007778004 0.006664164253433214 0.005149581468562125
0.0 0.4242959894028342 0.29697072473641734 0.00726999736738172 0.005452498025536379
0.0 0.42020661588368197 0.27364614984940044 0.0075729139243559725 0.006058331139484974
0.0 0.4277795298080383 0.27319177501393904 0.0045437483546141525 0.004543748354613708
0.0 0.4670072239362025 0.2666790690389928 0.0060583311394850625 0.005452498025536467
0.0 0.47230826368325207 0.25956052995009804 0.005755414582510454 0.005149581468562125
0.0 0.49199783988657797 0.2578944888867397 0.006361247696459316 0.004846664911587961
0.0 0.5094155419125969 0.2282086663032637 0.0060583311394850625 0.005452498025536379
0.0 0.562577397661577 0.3913292322338947 0.005149581468562303 0.006361247696459227
0.0 0.5650007302964992 0.36815611438093754 0.009996246380149999 0.009087496709227327
0.0 0.5531869843953754 0.34816362286506475 0.00817874703830448 0.00545249802553629
0.0 0.5965040520426923 0.39844777132278947 0.005755414582510454 0.006664164253433391
0.0 0.611649879891405 0.3995079792721993 0.005755414582510454 0.006361247696459227
0.0 0.6278559156895268 0.4217723462098063 0.0060583311394850625 0.006058331139484885
0.0 0.6540581978677995 0.40859547598142665 0.008784580152252985 0.005755414582510632
0.0 0.7164590086044935 0.39420693952515 0.00636124769645896 0.007875830481330314
0.0 0.619374252094248 0.3610375765364702 0.0060583311394850625 0.007572913924356062
0.0 0.5500063605471457 0.26107511273496925 0.00484666491158805 0.006967080810407556
0.0 0.5710590612568561 0.2697082346087353 0.005755414582510454 0.003634998683690949
0.0 0.5974128017136152 0.26607323592504434 0.006967080810407822 0.006058331139484974
0.0 0.614376128904173 0.24895845045599946 0.005755414582510809 0.006967080810407556
0.0 0.6314909143732178 0.22669408351839246 0.006664164253433569 0.006058331139484885
0.0 0.641487160753368 0.2757665657482201 0.0060583311394850625 0.005452498025536467
0.0 0.666326318425256 0.29303280949575206 0.006664164253433214 0.007875830481330314
0.0 0.7161560920475194 0.3001513485846469 0.005755414582510809 0.007572913924356062
0.0 0.7211542152375945 0.3365013354215563 0.0060583311394850625 0.006967080810407733
0.0 0.6720817330077665 0.3483150811435519 0.006664164253433569 0.006361247696459049
0.0 0.6560271554881316 0.33922758443432455 0.00726999736738172 0.008178747038304568
0.0 0.6134673792332501 0.33150321223148127 0.007572913924356328 0.009693329823175834
0.0 0.6052886321949457 0.33559258575063355 0.006361247696459316 0.004543748354613708
0.0 0.586204889105568 0.3131767605345394 0.006361247696459316 0.00939041326620158
0.0 0.5780261420672635 0.2959105167870075 0.007572913924356328 0.008178747038304568
0.0 0.55924531553486 0.2946988505591105 0.007572913924356328 0.005755414582510543
0.0 0.5430392797367383 0.28318802139408916 0.00484666491158805 0.005755414582510721
0.0 0.42014789149225906 0.5825085390614734 0.006058331139484707 0.005452498025536201
0.0 0.4283266385305641 0.5594868807314308 0.006664164253433569 0.0054524980255365564
0.0 0.4646766253674734 0.5694831271115808 0.005452498025536201 0.005452498025536379
0.0 0.4783078704313143 0.5784191655423211 0.0054524980255365564 0.00636124769645896
0.0 0.4789137035452626 0.5917474940491878 0.0060583311394850625 0.006361247696459316
0.0 0.4595270438989111 0.6038641563281576 0.004240831797639189 0.005755414582510809
0.0 0.4545289207088361 0.6344587285825565 0.006967080810407822 0.005149581468562125
0.0 0.42742051654614366 0.6414110832554133 0.004851920284593092 0.005725962307409205
0.0 0.4087885206057251 0.6321868544052495 0.006361247696459316 0.006664164253433391
0.0 0.3898588634813372 0.6424712912048233 0.004246087170644941 0.004211379522538116
0.0 0.38334352981988823 0.6199187338477925 0.0033320821267167843 0.003937915240665291
0.0 0.3881901947314761 0.6132545695943593 0.004543748354613797 0.006361247696459316
0.0 0.40151852323834303 0.5723608344028361 0.005149581468562303 0.006361247696459138
0.0 0.389098944402399 0.5731181257952717 0.006361247696459316 0.006058331139484885
0.0 0.3856154039971953 0.5310127243758517 0.0060583311394850625 0.006664164253433391
0.0 0.4025787311877531 0.5422206369838988 0.005452498025536201 0.005452498025536379
0.0 0.4163614345300809 0.5391914714141562 0.007572913924356328 0.006058331139484885
0.0 0.41605851797310683 0.527680642249135 0.005755414582510809 0.007269997367381898
0.0 0.42347997361897605 0.5234398104514956 0.005452498025536201 0.0048466649115878726
0.0 0.4325674703282033 0.5325273071607228 0.0054524980255365564 0.0048466649115878726
0.0 0.46876599888662546 0.5320729323252615 0.00878458015225334 0.004543748354613797
0.0 0.4899701578748227 0.5314670992113131 0.004543748354613797 0.005755414582510809
0.0 0.5005722373689213 0.5131406475143713 0.006967080810407822 0.00848166359527891
0.0 0.4801253697731596 0.5135950223498327 0.008481663595278733 0.00757291392435615
0.0 0.45649787832916877 0.4895131560703801 0.00726999736738172 0.00484666491158805
0.0 0.42893247164451226 0.4884529481209702 0.007875830481330226 0.006967080810407822
0.0 0.4007612318459074 0.5126862726789099 0.005452498025536201 0.005755414582510632
0.0 0.3889474861239119 0.5072337746533735 0.005452498025536201 0.009390413266201492
0.0 0.387887278174502 0.4833033666524081 0.006967080810407822 0.006361247696459138
0.0 0.3918251934151673 0.472095454044361 0.006361247696459316 0.00757291392435615
0.0 0.4246916398468727 0.4727012871583095 0.0060583311394850625 0.005755414582510632
0.0 0.43423351139156185 0.4716410792088996 0.005149581468561948 0.006664164253433391
0.0 0.48209432739349223 0.4477106712079343 0.005755414582510809 0.006058331139484885
0.0 0.5779674176758407 0.46527983151244034 0.005452498025536201 0.007269997367381898
0.0 0.5887209554484265 0.48754419845004754 0.005755414582510809 0.006361247696459138
0.0 0.6058357409174716 0.49663169515927486 0.006664164253433569 0.005149581468562125
0.0 0.5640332561829737 0.5722093811020584 0.0060583311394850625 0.007875830481330403
0.0 0.6094707396011623 0.5975029086316985 0.006664164253433214 0.005149581468562125
0.0 0.6449119767671492 0.5856891629097029 0.0060583311394850625 0.005149581468562125
0.0 0.6730832165657539 0.5935649933910334 0.00484666491158805 0.005149581468562303
0.0 0.6714171755023954 0.6120429033664623 0.005149581468562303 0.005755414582510632
0.0 0.5717576282578687 0.6276431060506359 0.010602079494098504 0.0042408317976393665
0.0 0.6120455303354436 0.6208274835187153 0.005755414582510454 0.005149581468562303
0.0 0.6206786522092095 0.6215847749111509 0.0060583311394850625 0.00484666491158805
0.0 0.6755065490215475 0.635216019974992 0.007875830481330226 0.0048466649115878726
0.0 0.7056467464404854 0.6359733113674276 0.008784580152252985 0.005149581468562125
0.0 0.7123109106939186 0.6235537325314835 0.004543748354613797 0.006361247696459138
0.0 0.7001942484149488 0.6194643590123312 0.0069670808104074665 0.006664164253433391
0.0 0.7412394418849587 0.6333985206331465 0.007269997367382075 0.005452498025536379
0.0 0.5132947327618396 0.6187070676198958 0.005755414582510454 0.005755414582510454
0.0 0.4773991207603915 0.6126487364804107 0.0054524980255365564 0.004543748354613797
0.0 0.475581621418546 0.6220391497466123 0.004240831797639543 0.006967080810407822
0.0 0.4834574518998764 0.6411228928359898 0.003634998683690682 0.005149581468561948
0.0 0.4898186995963355 0.6408199762790157 0.00484666491158805 0.004543748354613619
0.0 0.5090539009641999 0.590687286099778 0.006967080810407822 0.007269997367381898
0.0 0.5152636903821722 0.598108741745647 0.00484666491158805 0.005149581468562125
0.0 0.5304095182052947 0.5902329050421797 0.00484666491158805 0.00757291392435615
0.0 0.5379824321552406 0.6140118609867949 0.004240831797639543 0.00484666491158805
0.0 0.596899702486731 0.5367681389583623 0.0075729139243559725 0.005452498025536379
0.0 0.6099251144366239 0.5266204342997252 0.005755414582510454 0.005755414582510632
0.0 0.6367332297288444 0.537676888629285 0.006664164253433214 0.006664164253433391
0.0 0.6406711449695095 0.5210164779957016 0.00484666491158805 0.006664164253433391
0.0 0.6338555224375891 0.5122318978434485 0.0075729139243559725 0.006664164253433391
0.0 0.636278854893383 0.500418152121453 0.006967080810407822 0.00848166359527891
0.0 0.6491528085647886 0.4914821136907127 0.007269997367382075 0.005755414582510632
0.0 0.6659646774768593 0.48254607525997245 0.005149581468562303 0.007875830481330403
0.0 0.7004971649719227 0.4860296156651763 0.009390413266201847 0.006361247696459138
0.0 0.6970136245667191 0.5110202316155515 0.00726999736738172 0.0042408317976393665
0.0 0.65748301388158 0.4477106712079343 0.006967080810407822 0.007875830481330226
0.0 0.6771725900849062 0.4492252539928055 0.003937915240665291 0.006664164253433391
0.0 0.38864456956693766 0.6761097551665152 0.006664164253433569 0.008481663595278733
0.0 0.4016699815168302 0.6747466306601312 0.00726999736738172 0.005149581468562125
0.0 0.4106060199475703 0.6483928902033718 0.005149581468561948 0.005149581468562303
0.0 0.43468788622702287 0.6901953750658175 0.00726999736738243 0.00817874703830448
0.0 0.456800794886143 0.6951934982558925 0.006664164253433569 0.007269997367381898
0.0 0.4778534955958529 0.6865603763821266 0.006361247696459316 0.006361247696459316
0.0 0.3831920715414011 0.7380561910677483 0.0060583311394850625 0.006361247696459138
0.0 0.3839493629338369 0.7866742984621146 0.007572913924356328 0.005452498025536379
0.0 0.38213186359199136 0.800759918361417 0.00636124769645896 0.00757291392435624
0.0 0.3953087338203714 0.8849707212002571 0.0060583311394850625 0.005755414582510809
0.0 0.4128778941248772 0.8866367622636154 0.0060583311394850625 0.004846664911587695
0.0 0.4084856040487509 0.8670986443387767 0.005755414582510454 0.005755414582510809
0.0 0.426054764353257 0.8577082310725752 0.003937915240664935 0.004543748354613797
0.0 0.4514997551390934 0.8708851013009546 0.004543748354613441 0.006058331139484707
0.0 0.4106060199475703 0.8471061515784765 0.005149581468561948 0.005149581468562303
0.0 0.42635768091023146 0.8449857356796567 0.005755414582510454 0.005149581468562303
0.0 0.43181017893576745 0.8310515740588414 0.005149581468561948 0.007572913924356328
0.0 0.418633308707388 0.8281738667675864 0.006664164253433569 0.00484666491158805
0.0 0.44635017367053165 0.8408963621605045 0.005755414582510454 0.006664164253433214
0.0 0.4577095445570656 0.8518013582115772 0.006664164253433214 0.004240831797639189
0.0 0.5060247353944576 0.8593742721359334 0.005755414582510454 0.008481663595278733
0.0 0.5125374413694039 0.8575567727940878 0.0060583311394850625 0.007269997367382075
0.0 0.5291978520029874 0.8813357225165663 0.0060583311394850625 0.004543748354613797
0.0 0.5779674176758407 0.8742171834276714 0.005452498025536201 0.00484666491158805
0.0 0.5925074124106043 0.863918020490547 0.006664164253433569 0.006058331139484707
0.0 0.6041696998541131 0.887091137099077 0.005755414582510454 0.005755414582510809
0.0 0.5346503500285238 0.8287796998815347 0.006058331139484707 0.006664164253433214
0.0 0.5229880625850154 0.822872827020537 0.00817874703830448 0.005755414582510809
0.0 0.5316211844587816 0.7742547196261705 0.0060583311394850625 0.007269997367381898
0.0 0.5202618135722474 0.7488097288403339 0.007572913924356328 0.006058331139484885
0.0 0.5223822294710668 0.6945876651419443 0.003937915240664935 0.0048466649115878726
0.0 0.5249570202053478 0.7027664121802487 0.005452498025536201 0.006664164253433391
0.0 0.5276832692181159 0.7209414055987035 0.0060583311394850625 0.006664164253433391
0.0 0.5397999314970857 0.7260909870672656 0.004846664911587695 0.006664164253433214
0.0 0.507539318179329 0.7248793208393686 0.008178747038304835 0.006664164253433214
0.0 0.5049645274450478 0.7836451328923723 0.008481663595278733 0.007269997367381898
0.0 0.5647905474474613 0.7824334666644752 0.007572913924356328 0.00848166359527891
0.0 0.5984142852716022 0.7892490891963957 0.009390413266201847 0.005755414582510809
0.0 0.6038667832971389 0.8245388680838953 0.00878458015225334 0.007875830481330226
0.0 0.6112882389430079 0.8337778230716099 0.007875830481330226 0.005149581468562303
0.0 0.45059100546817044 0.8137853303113095 0.006361247696459316 0.006361247696459316
0.0 0.45377162931640014 0.8072726243363633 0.005452498025536201 0.005452498025536201
0.0 0.43665684384735554 0.7844024242848077 0.006967080810407112 0.005149581468562303
0.0 0.44120059220196917 0.7783440931453229 0.006967080810407822 0.0075729139243559725
0.0 0.44468413260717304 0.772285762005838 0.005452498025536201 0.00757291392435615
0.0 0.45468037898732305 0.7524447275240249 0.006664164253433569 0.0048466649115878726
0.0 0.43620246901189413 0.7503243116252052 0.007269997367382075 0.006058331139484885
0.0 0.40636518814993094 0.7522932692455377 0.00636124769645896 0.006967080810407644
0.0 0.6617238456792199 0.8514984416546032 0.005755414582510454 0.007875830481330582
0.0 0.6718715503378568 0.8225699104635626 0.005452498025536201 0.006361247696459316
0.0 0.6314321899817953 0.7751634692970933 0.006361247696459316 0.00848166359527891
0.0 0.6546053065903248 0.7777382600313743 0.00726999736738172 0.0069670808104074665
0.0 0.6788386311482647 0.7680449302081985 0.0060583311394850625 0.010602079494098504
0.0 0.6394594787416125 0.7494155619542824 0.010904996051072757 0.006058331139484885
0.0 0.6527878072484793 0.7257880705102914 0.0060583311394850625 0.006664164253433391
0.0 0.687926127857492 0.7265453619027269 0.00484666491158805 0.005755414582510454
0.0 0.7276081968211182 0.7463863963845401 0.006664164253433569 0.006058331139484885
0.0 0.745025898847137 0.7424484811438747 0.006361247696459316 0.007269997367381898
0.0 0.593870536916989 0.7182151565859353 0.006361247696459316 0.007269997367381898
0.0 0.5823597077519673 0.7076130770918366 0.0069670808104074665 0.006058331139484885
0.0 0.601746367398319 0.6656591339509037 0.00817874703830448 0.008178747038304656
0.0 0.6455178098810975 0.6942847485849698 0.007269997367382075 0.006058331139484885
0.0 0.6144688627912375 0.7120053671679631 0.008178747038304835 0.0075729139243559725
0.0 0.6173465700824927 0.7033722452941972 0.006664164253433214 0.006058331139484885
0.0 0.645820726438072 0.6503618478237042 0.005452498025536201 0.006664164253433391
0.0 0.6892892523638758 0.6538453882289081 0.0075729139243559725 0.005755414582510632
0.0 0.6744463410721379 0.8820930139090019 0.005149581468561948 0.006664164253433214
0.0 0.6950446669463866 0.8855765543142056 0.009390413266201492 0.005755414582510809
0.0 0.7429054829483173 0.9155652934546559 0.005755414582510454 0.005755414582510809
0.0 0.6411255198049709 0.9223809159865765 0.007572913924356328 0.007269997367382075
0.0 0.6870173781865688 0.978874853862273 0.0060583311394850625 0.009390413266201847
0.0 0.39333977620003857 0.9703931902669943 0.006361247696459316 0.007572913924356328
0.0 0.42075372460620775 0.9338917451515977 0.0054524980255365564 0.007875830481330226
0.0 0.40485060536505985 0.9176857093534757 0.006967080810407822 0.005755414582510454
0.0 0.4539230875948876 0.9308625795818551 0.006967080810407822 0.007875830481330582
0.0 0.4514997551390936 0.8966330086437656 0.00636124769645896 0.008481663595279087
0.0 0.4587697525064753 0.9013282152768664 0.0075729139243559725 0.007572913924356328
0.0 0.5208676466861958 0.9208663332017052 0.006361247696459316 0.0054524980255365564
0.0 0.5422232639528801 0.9294994550754712 0.00726999736738172 0.005755414582510809
0.0 0.5404057646110344 0.9096584205936582 0.0060583311394850625 0.007875830481330582
0.0 0.5235938956989639 0.8992077993780466 0.00817874703830448 0.006361247696459316
0.0 0.5175355645594788 0.9732708975582496 0.008178747038304835 0.009693329823175745
0.0 0.5441922215732127 0.9809952697610929 0.009996246380150352 0.008784580152252985
0.0 0.6018978256768064 0.9840244353308354 0.007875830481330226 0.007572913924356328
0.0 0.6085619899302392 0.9526725716840009 0.0060583311394850625 0.006664164253433569
0.0 0.45377162931640047 0.9989035693365818 0.004240831797639543 0.0021928613268366705
0.0 0.43589955245492007 0.9989035693365815 0.007269997367382075 0.002192861326836848
0.0 0.44635017367053165 0.9775117293558889 0.006361247696459316 0.0054524980255365564
0.0 0.4558920452152201 0.9661523584693548 0.0096933298231761 0.006361247696459316
0.0 0.47800495387434017 0.9759971465710178 0.0060583311394850625 0.0036349986836910373
0.0 0.8169685811285202 0.9557017372537434 0.007875830481330582 0.008481663595278733
0.0 0.8469573202689709 0.9525211134055137 0.007875830481330582 0.006361247696459316
0.0 0.9979961331501496 0.990673873446718 0.004007733699700822 0.005725962307409205
0.0 0.7535075624424158 0.931922787531265 0.006967080810407822 0.0069670808104074665
0.0 0.8177258725209559 0.8931494682385617 0.009390413266201847 0.0069670808104074665
0.0 0.7963702552542715 0.8913319688967162 0.008481663595278733 0.009390413266201492
0.0 0.7527502710499805 0.8234786601344855 0.006664164253433214 0.00878458015225334
0.0 0.752447354493006 0.778647009702297 0.006664164253433569 0.0075729139243559725
0.0 0.7924323400136067 0.8260534508687665 0.007875830481330226 0.006058331139484707
0.0 0.816665664571546 0.8324146985652255 0.007269997367382075 0.006664164253433569
0.0 0.8331746169266427 0.8028803342602366 0.008178747038304124 0.00817874703830448
0.0 0.8633148143455799 0.8066667912224148 0.007269997367382075 0.008481663595278733
0.0 0.9134475045248174 0.8298399078309444 0.004543748354613797 0.007572913924356328
0.0 0.7868283837095829 0.7495670202327696 0.006967080810407822 0.008178747038304656
0.0 0.816665664571546 0.7372988996753127 0.010904996051073113 0.007875830481330403
0.0 0.844685446091664 0.7516874361315893 0.009996246380150352 0.00878458015225334
0.0 0.8363552407748724 0.7756178441325546 0.006664164253433569 0.00757291392435615
0.0 0.8581652328770175 0.743811605650259 0.0054524980255365564 0.00817874703830448
0.0 0.9326827058926821 0.7442659804857203 0.005452498025535846 0.005452498025536379
0.0 0.9254127085253 0.7083703684842722 0.006664164253433569 0.010602079494098504
0.0 0.9741822741981536 0.6845914187617941 0.0060583311394850625 0.009693329823175922
0.0 0.9926601841735827 0.710490784383092 0.006058331139484352 0.009390413266201492
0.0 0.9861474781986364 0.7497184785112567 0.005149581468562303 0.006664164253433391
0.0 0.980543521894613 0.7847053408417821 0.007875830481330582 0.0075729139243559725
0.0 0.9976932165931753 0.7974131100971497 0.004613566813649328 0.008149294763203408
0.0 0.8296910765214385 0.6714145485334143 0.0060583311394850625 0.00636124769645896
0.0 0.8843675150552901 0.6683853829636719 0.007572913924356328 0.006361247696459316
0.0 0.9896310186038402 0.6467268491400134 0.006664164253433569 0.006664164253433391
0.0 0.9169310449300212 0.6118914450879751 0.007269997367382075 0.00848166359527891
0.0 0.8054577519634989 0.6508162226591658 0.009087496709226883 0.005149581468562125
0.0 0.8054577519634989 0.6427889338993482 0.007875830481330582 0.006058331139484885
0.0 0.7632008922655918 0.6035612397711834 0.007572913924356328 0.005149581468562125
0.0 0.7603231849743365 0.5270748091351866 0.006058331139484707 0.006058331139484885
0.0 0.7678960988986926 0.5078396077673221 0.007875830481330582 0.006361247696459138
0.0 0.8318114924202582 0.5384341800217207 0.00484666491158805 0.009390413266201669
0.0 0.8619516898391961 0.542523553540873 0.004543748354613797 0.007269997367381898
0.0 0.8381727401167176 0.5741783337446816 0.006664164253433569 0.008178747038304656
0.0 0.8283279520150547 0.5888697867579327 0.006361247696459316 0.00848166359527891
0.0 0.877097517687908 0.5729666675167846 0.006361247696459316 0.006361247696459138
0.0 0.8869423057895709 0.5864464543021386 0.006664164253433569 0.007875830481330403
0.0 0.9023910501952574 0.5953824927328789 0.004240831797639543 0.006361247696459316
0.0 0.8075781678623191 0.49617732032381356 0.0096933298231761 0.004240831797639189
0.0 0.8057606685204732 0.47906253485476863 0.007875830481330582 0.009390413266201669
0.0 0.818786080470366 0.4710352460949512 0.0036349986836910373 0.005452498025536379
0.0 0.8272677440656448 0.46740024741126024 0.0054524980255365564 0.006058331139484885
0.0 0.8711906448269101 0.4748217030571292 0.0096933298231761 0.00757291392435615
0.0 0.9449508264501393 0.44528733875214027 0.008178747038304835 0.006664164253433391
0.0 0.9691841510080785 0.4504369202207025 0.010602079494098148 0.0048466649115878726
0.0 0.994966967580407 0.38122048695208754 0.010066064839185884 0.007572913924356062
0.0 0.9981475914286368 0.40727131085187257 0.0037048171427262132 0.009390413266201492
0.0 0.9626714450331324 0.3504744564192016 0.0054524980255365564 0.00666416425343348
0.0 0.7791040115067395 0.2680811529222069 0.0060583311394850625 0.008481663595278821
0.0 0.8166656645715463 0.28701343773309723 0.008481663595279087 0.007572913924356062
0.0 0.8069723347483706 0.2523294919595461 0.008481663595278377 0.007875830481330314
0.0 0.8508952355096359 0.26278011317515765 0.010299162937124606 0.005755414582510721
0.0 0.8684643958141418 0.274290942340179 0.007875830481330582 0.00757291392435615
0.0 0.8702818951559873 0.3506259146976887 0.004240831797639543 0.009996246380150087
0.0 0.8434737798637666 0.3707698657364761 0.005755414582510809 0.006664164253433391
0.0 0.8196948301412889 0.3418413345454356 0.007269997367382075 0.006361247696459138
0.0 0.9382866621967054 0.33820633586174476 0.007572913924356328 0.006361247696459049
0.0 0.9726676914132824 0.3215459252281612 0.007875830481330582 0.006967080810407556
0.0 0.9844814371352779 0.32942175570949156 0.007875830481330582 0.006361247696459138
0.0 0.9841785205783037 0.3488084153558432 0.0060583311394850625 0.008178747038304656
0.0 0.9576733218430572 0.26686948669431004 0.006967080810407822 0.007269997367381898
0.0 0.9719104000208467 0.254601366136853 0.005755414582510809 0.00757291392435615
0.0 0.9981475914286367 0.27139850891137296 0.0037048171427265684 0.004817212636486623
0.0 0.9990563410995594 0.25791872212601913 0.0018873178008810497 0.006331795421357889
0.0 0.9785745642742804 0.23385158198411723 0.009390413266201136 0.006664164253433391
0.0 0.9638831112610294 0.23506324821201421 0.004240831797639543 0.003634998683690949
0.0 0.9631258198685935 0.21885721241389205 0.005755414582510809 0.005755414582510721
0.0 0.9664579019953106 0.2093153408692034 0.005149581468562303 0.007269997367381898
0.0 0.9931145590090438 0.19038305605831304 0.006361247696459316 0.005755414582510676
0.0 0.9226864596660704 0.21809992475473866 0.004240831797639543 0.009693329823175834
0.0 0.8922433455366203 0.2402128296805764 0.008178747038304835 0.003634998683690949
0.0 0.8628604395101185 0.23203408264227177 0.006361247696458605 0.006664164253433391
