0.0 0.6350715057574817 0.9700164147049598 0.005803052022912603 0.00834188728293661
0.0 0.5257202442007252 0.919602400255908 0.009792650288664894 0.007616505780072558
0.0 0.4695031777287606 0.9072709147072189 0.010518031791528947 0.006891124277208505
0.0 0.39388215605518273 0.8824265982341251 0.007253815028640531 0.004352289017184319
0.0 0.3982344450723672 0.8688256950554238 0.008704578034368683 0.004714979768616345
0.0 0.2593238872739002 0.8887736863841855 0.005803052022912425 0.006891124277208505
0.0 0.2781838061338907 0.9226852776030358 0.010880722542960885 0.006528433525776478
0.0 0.35688769940911597 0.9783583019878966 0.00942995953723269 0.007616505780072558
0.0 0.6443201199189984 0.9114418583486872 0.0061657427743444515 0.007253815028640887
0.0 0.6637240751206118 0.8900431040141974 0.007979196531504407 0.006528433525776478
0.0 0.62364674720993 0.9005611343157378 0.009792650288664717 0.004352289017184319
0.0 0.6220146387059287 0.8860535057484453 0.008704578034368637 0.007253815028640531
0.0 0.5870149811927379 0.868463004303992 0.0061657427743444515 0.00689112427720886
0.0 0.5900978525799102 0.8095257571962874 0.007979196531504584 0.006528433525776478
0.0 0.6183877311916085 0.8053548135548191 0.007253815028640531 0.007616505780072558
0.0 0.2638575216668006 0.8233080057507042 0.0061657427743444515 0.005803052022912425
0.0 0.25605967051101197 0.8274789493921727 0.007979196531504673 0.004714979768616345
0.0 0.24626702022234723 0.7915725650004017 0.007253815028640531 0.006891124277208505
0.0 0.2899712557699067 0.7768835895674047 0.007616505780072646 0.007253815028640531
0.0 0.3128207731101244 0.6831280303222254 0.007616505780072646 0.0061657427743444515
0.0 0.4054882601010078 0.7297337918812409 0.008704578034368637 0.006528433525776478
0.0 0.40530691472529173 0.7391637514184738 0.009067268785800664 0.007253815028640531
0.0 0.409296512991044 0.6931020259866061 0.00834188728293661 0.005803052022912425
0.0 0.3097379017229522 0.7190344147139963 0.0065284335257765665 0.005440361271480398
0.0 0.3115513554801123 0.7447854580656703 0.007253815028640531 0.005440361271480398
0.0 0.47857044651456143 0.6990864233852346 0.006891124277208505 0.006891124277208505
0.0 0.5605385563381999 0.7427906589327941 0.007616505780072558 0.007979196531504761
0.0 0.6207452210759165 0.6878430100908417 0.00834188728293661 0.0076165057800727355
0.0 0.2551529436324319 0.6339834335031855 0.00834188728293661 0.0065284335257763
0.0 0.3052042673300519 0.5993464667414269 0.0061657427743444515 0.006165742774344629
0.0 0.319167861260185 0.6087764262786596 0.007253815028640531 0.006165742774344629
0.0 0.4502805679028632 0.6254602008445329 0.0061657427743444515 0.006165742774344274
0.0 0.5317046415993536 0.6134914060472759 0.006528433525776478 0.003989598265752114
0.0 0.5659789176096803 0.627092309225977 0.0061657427743444515 0.006528433525776478
0.0 0.6022479927528831 0.6174810043130282 0.007616505780072558 0.005440361271480398
0.0 0.6718846170278325 0.48129062715030163 0.009067268785800841 0.005803052022912425
0.0 0.6610038944848716 0.49507287570471864 0.005440361271480398 0.005803052022912603
0.0 0.622921365584509 0.4972490202133109 0.0061657427743444515 0.005803052022912603
0.0 0.6332580520003216 0.5291658063393294 0.004352289017184141 0.007979196531504584
0.0 0.6439574291675665 0.5639841184768042 0.0076165057800727355 0.007253815028640531
0.0 0.40403749709527964 0.5659789176096801 0.005077670520048372 0.004714979768616523
0.0 0.40802709536103193 0.5436734363966106 0.008704578034368637 0.006528433525776478
0.0 0.36831245807922486 0.524994862697861 0.007616505780072646 0.004714979768616523
0.0 0.3093752109715202 0.499969200849051 0.009429959537232779 0.005440361271480398
0.0 0.28017860548124196 0.4167316733954006 0.006891124277208593 0.006528433525776478
0.0 0.36522958669205263 0.39914117195094717 0.005803052022912425 0.0061657427743444515
0.0 0.35271675576764755 0.43178333957982973 0.005440361271480398 0.008341887282936788
0.0 0.33585163582605826 0.4613426358215401 0.009429959537232779 0.005077670520048372
0.0 0.44574693350996286 0.40276807946526755 0.008704578034368814 0.0061657427743444515
0.0 0.6069629725214996 0.4183637817768447 0.0061657427743444515 0.007616505780072558
0.0 0.5953568684756746 0.4423013713713586 0.004714979768616345 0.006891124277208505
0.0 0.5850201820598617 0.46043590894296005 0.005803052022912425 0.009067268785800664
0.0 0.5804865476669613 0.3106446286015323 0.007616505780072558 0.0061657427743444515
0.0 0.6114966069143998 0.3307739653060099 0.006528433525776478 0.006528433525776478
0.0 0.6591904407277116 0.3655922774434846 0.005440361271480398 0.004352289017184319
0.0 0.6744234522878567 0.3612399884263003 0.007616505780072558 0.005077670520048372
0.0 0.4103845852453401 0.3340381820688981 0.0061657427743444515 0.005803052022912425
0.0 0.3917060115465906 0.332224728311738 0.007253815028640531 0.007979196531504673
0.0 0.2459043294709152 0.30429754045147184 0.007979196531504584 0.005803052022912513
0.0 0.319530552011617 0.2877951112613145 0.007253815028640531 0.006891124277208593
0.0 0.42035858090972084 0.2747382442097615 0.006528433525776478 0.003989598265752292
0.0 0.447741732642839 0.2645829031696647 0.005440361271480398 0.006891124277208505
0.0 0.4393998453599024 0.2908779826484868 0.00834188728293661 0.005077670520048372
0.0 0.6793197774321891 0.25152603611811164 0.0043522890171844965 0.006891124277208505
0.0 0.8136646579630596 0.9606760615615876 0.007558426920232719 0.007558426920233075
0.0 0.8837690676482189 0.9242066516714644 0.007936348266244408 0.00718050557422103
0.0 0.8951067080285681 0.9958227467406701 0.00718050557422103 0.007558426920232719
0.0 0.9992340980813758 0.9410241515689824 0.0015318038372486241 0.009070112304279121
0.0 0.9440475223370756 0.9283637864775924 0.006046741536186317 0.006424662882197651
0.0 0.942346876280023 0.9397014268579417 0.00718050557422103 0.007180505574221385
0.0 0.9606760615615876 0.9431027189720463 0.006802584228209696 0.00718050557422103
0.0 0.9943110613566233 0.9606760615615876 0.005290898844162939 0.005290898844162939
0.0 0.996956510778705 0.9699351345388727 0.005290898844162939 0.004912977498151605
0.0 0.6965090406994514 0.7754946020158842 0.006046741536186317 0.007558426920232897
0.0 0.773604995285826 0.8174438714231762 0.006802584228209696 0.006046741536185962
0.0 0.7813523828790646 0.8200893208452577 0.004912977498151427 0.005290898844163294
0.0 0.8049724670047921 0.7596219054833953 0.006802584228209341 0.009070112304279477
0.0 0.8467327756113745 0.8036497469514268 0.008692190958267787 0.007936348266244498
0.0 0.8121529725790133 0.813286736617048 0.008314269612256097 0.006046741536185962
0.0 0.8129088152710364 0.825947101708438 0.006802584228209341 0.005668820190174628
0.0 0.8843359496672363 0.7955244333545011 0.007558426920232719 0.006046741536186317
0.0 0.9106014832150452 0.7879660064342682 0.00718050557422103 0.006046741536186317
0.0 0.9489604998352267 0.8985080001426728 0.007558426920232719 0.005668820190174628
0.0 0.9835403029952916 0.9043657810058532 0.008692190958267431 0.006802584228209341
0.0 0.8737541519789105 0.7594329448103894 0.006802584228209696 0.004912977498151427
0.0 0.8208451635372809 0.7382693494337377 0.007558426920232719 0.006424662882197829
0.0 0.8440873263169968 0.7174836754030975 0.008692190958267431 0.00718050557422103
0.0 0.8272698264194789 0.7091694057908414 0.006802584228209696 0.0041571348061282265
0.0 0.8019490962366991 0.713893422615987 0.007558426920232719 0.0045350561521395605
0.0 0.8042166243127689 0.6914071025282944 0.0098259549963025 0.004912977498151427
0.0 0.867329488937083 0.6940525550554927 0.006046741536186317 0.005668820190174451
0.0 0.9529286739683489 0.7445050516429296 0.005668820190174628 0.009070112304279477
0.0 0.9676676064628028 0.7779510907649596 0.006424662882197651 0.00718050557422103
0.0 0.943480640318058 0.7804075795140355 0.00944803365029081 0.006046741536186317
0.0 0.949527381854244 0.7851315963391808 0.00718050557422103 0.004912977498151427
0.0 0.9950669040486465 0.7335453326085922 0.006802584228209341 0.009070112304279298
0.0 0.999989940773399 0.7361907820306737 2.011845320204486e-05 0.008314269612256097
0.0 0.9138138146561442 0.6923519058933234 0.009070112304279477 0.004535056152139738
0.0 0.9268521010935457 0.6447338162958569 0.005668820190174628 0.007558426920232897
0.0 0.9646442356947098 0.6558824960032001 0.006424662882197651 0.00718050557422103
0.0 0.9631325503106632 0.6400097994707113 0.00944803365029081 0.006424662882198007
0.0 0.9757929154020533 0.64548965898788 0.005290898844162939 0.005290898844162939
0.0 0.9771156401130938 0.6345299399535426 0.0041571348061282265 0.00604674153618614
0.0 0.9876974378014198 0.6163897153449839 0.006424662882198007 0.006046741536186317
0.0 0.8329386466096536 0.6105319344818035 0.007558426920232719 0.005668820190174451
0.0 0.7983588434495884 0.6322624118774729 0.00718050557422103 0.007558426920232897
0.0 0.7720933099017795 0.6265935916872982 0.006046741536186317 0.00604674153618614
0.0 0.900208646199725 0.5702833111315638 0.007558426920232719 0.008314269612256097
0.0 0.9051216236978764 0.5861560076640528 0.0045350561521395605 0.010581797688326056
0.0 0.8952956687015738 0.590124181797175 0.008314269612256097 0.006424662882197829
0.0 0.9262852190745281 0.5784086200708141 0.015116853840465794 0.007936348266244408
0.0 0.9895870445314779 0.583888479587983 0.007936348266244408 0.004535056152139738
0.0 0.7118117508430212 0.4466620833459764 0.007875830481330403 0.006694455909130781
0.0 0.7441026558164756 0.427366298666717 0.005513081336931336 0.006694455909130781
0.0 0.7500095286774734 0.4695019917418346 0.007088247433197381 0.006694455909130781
0.0 0.7988396776617217 0.45946030787813835 0.006300664385064447 0.010238579625729471
0.0 0.8191199411511476 0.4529627477310408 0.004331706764731891 0.007482038957263804
0.0 0.8531829079829013 0.48131573746383005 0.007875830481330582 0.0074820389572639815
0.0 0.9217026331704756 0.5236483263009809 0.004725498288798491 0.007088247433197204
0.0 0.9398170432775356 0.5358558635470428 0.006300664385064181 0.005513081336931158
0.0 0.9408015220877018 0.5013991051912225 0.0074820389572639815 0.008269622005397003
0.0 0.9780148211119879 0.5458975474107391 0.004725498288798135 0.005906872860997758
0.0 0.9784086126360545 0.48643502727669474 0.004725498288798135 0.0051192898128647355
0.0 0.9701389906306576 0.47737782222316494 0.005513081336931336 0.008269622005396826
0.0 0.9962925537512245 0.46674545107336884 0.007414892497551051 0.009057205053530026
0.0 0.9764396550157219 0.43977073167481234 0.007875830481330582 0.007088247433197381
0.0 0.9116609493067793 0.44902483249037556 0.004331706764731535 0.0051192898128647355
0.0 0.8289311581600218 0.3892629215397537 0.006300664385064181 0.00669445590913087
0.0 0.8564965648446782 0.36484784704762957 0.009450996577596626 0.005906872860997758
0.0 0.874020287665638 0.37725228005572486 0.008269622005396826 0.006300664385064358
0.0 0.9037515477326602 0.34279552169990446 0.007088247433197026 0.009057205053529938
0.0 0.9151715019305893 0.31897113449388004 0.007875830481330582 0.005513081336931336
0.0 0.9122180655000903 0.2996753498146207 0.0074820389572639815 0.006300664385064358
0.0 0.8950881342031968 0.28687712528245884 0.008663413529463426 0.007482038957263892
0.0 0.898238466395729 0.2561613864052704 0.008663413529463426 0.00669445590913087
0.0 0.8448797148847158 0.2699440897475986 0.005906872860997936 0.005119289812864825
0.0 0.8431076530264165 0.2604930931700021 0.005513081336930981 0.005906872860997758
0.0 0.9409648467569465 0.39910770964141673 0.0074820389572639815 0.006694455909130781
0.0 0.9283635179868176 0.3973356477831173 0.008269622005396826 0.007088247433197292
0.0 0.9909763703133943 0.38276536139265616 0.006694455909130781 0.005513081336931247
0.0 0.9647892339629707 0.3784336546279244 0.004725498288798135 0.005513081336931336
0.0 0.980147103401565 0.36839197076422814 0.008663413529463426 0.0051192898128647355
0.0 0.9829036440700307 0.36287888942729696 0.007088247433197381 0.006694455909130781
0.0 0.9850694974523966 0.3124735743467826 0.006694455909130781 0.007482038957263804
0.0 0.9939298067438932 0.28392368885195995 0.007088247433197381 0.007088247433197292
0.0 0.9563227161955405 0.27447269227436355 0.006694455909130781 0.007875830481330314
0.0 0.9716805856341348 0.24080351696667618 0.006694455909130781 0.005906872860997758
0.0 0.9831005398320636 0.253601741498838 0.008269622005396826 0.007088247433197381
