0.0 0.25395813447024035 0.8073168604654161 0.008472700465345184 0.011522872632869507
0.0 0.24595487244687747 0.7629666769043444 0.008981062493266023 0.0069476143815832
0.0 0.06578976640987336 0.7396010777321091 0.007891652068991917 0.007783547246129174
0.0 0.5193594744793527 0.7879881670866251 0.009417391364516803 0.008805872444743023
0.0 0.448579782767653 0.6580836356620161 0.006679005178704856 0.008941248868266527
0.0 0.4435338109738954 0.716377168361104 0.007217634628600677 0.007109908738621407
0.0 0.830421400498853 0.7873225658671585 0.00987584769433667 0.01142500027384088
0.0 0.8193284723891182 0.9467527998161289 0.006497141796566552 0.0082531260659092
0.0 0.7905303303719033 0.9844186623935227 0.006497141796566908 0.007023937077369524
0.0 0.8093775073232621 0.8536769917031727 0.005792704619077682 0.006771753287091542
0.0 0.4186950328732578 0.9404149424224031 0.007740634076991526 0.0061391235783034405
