0.0 0.8810822606960457 0.8160540773498421 0.0061851136030540484 0.0074221363236645745
0.0 0.8250866546937463 0.8280150303350446 0.009196023510845207 0.0070612323386846755
0.0 0.7840980009505397 0.8083977125707886 0.008841874813393246 0.008197154774916272
0.0 0.3639765290248313 0.7773298079242726 0.00300302082418753 0.006097042279410658
0.0 0.32708808787653076 0.8086364330460285 0.004892533371067742 0.004530123491728944
0.0 0.29329602155930773 0.7242089434738181 0.00836869417190016 0.008022880363143515
0.0 0.481003002686997 0.6631066541419222 0.008798343605973712 0.00669439187410994
0.0 0.43414755542034555 0.6497684842420524 0.006931705507613373 0.00831804660913633
0.0 0.12697280763053911 0.5046842758350711 0.007540525076903037 0.007396896027819367
0.0 0.10493748600174939 0.4771808451555577 0.006568495109220862 0.005948825759294607
0.0 0.9810227032046299 0.7249245507403158 0.007866801535013934 0.0073364553641141585
0.0 0.8895093152502881 0.6287330489623816 0.006185692541856724 0.009059360730593723
0.0 0.9964659592145338 0.5904704622332553 0.005836431470905979 0.003552610460551264
0.0 0.8912976570711081 0.464856997772028 0.008482846484130136 0.008714196842787559
0.0 0.8592219798850931 0.4550776026282028 0.008717018027704882 0.00938243925119373
0.0 0.7129025068090786 0.4380417975600427 0.00434305224043996 0.007009838703867288
0.0 0.7105023989919935 0.4427277223457802 0.005790736320585665 0.005104991229990219
0.0 0.9413196638724195 0.40508986672528824 0.009491558942585954 0.00834106694954464
0.0 0.9025038223115434 0.3821812390543954 0.00744547809064926 0.005472744579451572
0.0 0.9171431456015224 0.3287554281315085 0.008474885844749026 0.007598173515981799
0.0 0.9612797351810176 0.32230378334711923 0.011239322661836582 0.010458814143653683
0.0 0.7354488139362211 0.29330896066316825 0.010596958868647022 0.005617664942415246
0.0 0.6051099614032502 0.32680875226575734 0.006314847410909863 0.0066608664471239365
0.0 0.4955419695784634 0.3180197978300853 0.005796661797089797 0.004692535740501214
0.0 0.4960480273544 0.322252281047008 0.004416504226353623 0.005612640787658307
0.0 0.4173980556640732 0.30429992345426465 0.009050862984651787 0.008256927635120448
0.0 0.41823168778108055 0.3122392769495731 0.0056369409816689146 0.006669056936059192
0.0 0.39241480163817216 0.25546739431940874 0.004841327843585219 0.004533941948754006
0.0 0.3937980381649105 0.26100034042636294 0.004226556053922792 0.003458091316846179
0.0 0.3588614339039623 0.16480404474480076 0.007919358477678884 0.008799287197421535
0.0 0.3642667103252357 0.1473940265041886 0.0038968271874296077 0.005656684626913844
0.0 0.3596785105722944 0.14802254701828996 0.0030168984676876677 0.005405276421273086
0.0 0.1328497967965067 0.39454294679130725 0.009050783673416163 0.007199487012944772
0.0 0.21983454684942672 0.08209789048243862 0.007758840732824979 0.007319661068702743
0.0 0.2714806521460755 0.07121441519478307 0.00759089527248733 0.010424829507548949
0.0 0.33793208160155574 0.07490210942693949 0.004715993765304205 0.00611332525132049
0.0 0.39796191538648884 0.05874271372603097 0.0064656840157248045 0.008033122564991401
0.0 0.45000344980540846 0.14249407838950479 0.012379839478133902 0.010301472266476352
0.0 0.5967547934068523 0.14958545724221875 0.011473115274635858 0.00813143121406199
0.0 0.6827255931551093 0.15852730285251848 0.01244484208407357 0.008973831706883217
0.0 0.9484246900143063 0.2493655588805348 0.011494118145911614 0.008309001069333632
0.0 0.9110341852023047 0.24950404223169026 0.013432885062088928 0.008032034367022689
0.0 0.9835747370997897 0.17583731996869859 0.010993427532227429 0.006572157763831399
0.0 0.9860106754198477 0.1212846848870603 0.010676329992213596 0.00749885082786399
0.0 0.9905448736981007 0.07316169128150155 0.011186406593657949 0.00723826309001403
0.0 0.9866920188040169 0.06025660118285039 0.006799580478497802 0.005922215255465701
0.0 0.9731476931734608 0.05685681094360166 0.01041871202350464 0.008554310924561648
0.0 0.7641333741228941 0.12052011340393332 0.009308736401294482 0.006205824267529536
0.0 0.7888579626823446 0.09500364771462096 0.007858944962221415 0.00928784404626164
0.0 0.886903719908813 0.08074654787112809 0.008413602237785511 0.008413602237785155
0.0 0.8629956139927163 0.060607779582761444 0.008989876363660443 0.007145799160858601
0.0 0.7867828762938146 0.06462577943618478 0.008109038369282473 0.008338539455204953
0.0 0.7425010648896745 0.07474301342261232 0.008847252313259446 0.008847252313259802
0.0 0.6730199732342722 0.07960459025444937 0.012694949960436474 0.00901827046369803
0.0 0.626085888607648 0.07247579214807853 0.006614391666092701 0.009415781077614227
0.0 0.5401336069009635 0.032095652309167555 0.011227034993361685 0.008197517614200577
0.0 0.5486875383244769 0.03730820427037092 0.006059034758322213 0.009534069399124689
0.0 0.5254046513623643 0.10423003715579213 0.009648777220763804 0.008411754500152923
