0.0 0.10135282587005712 0.8160540773498421 0.007731392003817561 0.0074221363236645745
0.0 0.031358318367182836 0.8280150303350446 0.01149502938855651 0.0070612323386846755
0.0 0.2262783790057874 0.7249245507403158 0.009833501918767418 0.0073364553641141585
0.0 0.11188664406286009 0.6287330489623816 0.007732115677320905 0.009059360730593723
0.0 0.24558244901816728 0.5904704622332553 0.007295539338632473 0.003552610460551264
0.0 0.11412207133888508 0.464856997772028 0.01060355810516267 0.008714196842787559
0.0 0.0740274748563663 0.4550776026282028 0.010896272534631102 0.00938243925119373
0.0 0.17664957984052432 0.40508986672528824 0.011864448678232442 0.00834106694954464
0.0 0.12812977788942925 0.3821812390543954 0.009306847613311575 0.005472744579451572
0.0 0.146428932001903 0.3287554281315085 0.010593607305936281 0.007598173515981799
0.0 0.20159966897627202 0.32230378334711923 0.014049153327295727 0.010458814143653683
0.0 0.18553086251788287 0.2493655588805348 0.014367647682389517 0.008309001069333632
0.0 0.13879273150288096 0.24950404223169026 0.01679110632761116 0.008032034367022689
0.0 0.2294684213747371 0.17583731996869859 0.013741784415284286 0.006572157763831399
0.0 0.2706031315824555 0.1539384060988791 0.009666389552329235 0.00804243610753801
0.0 0.23251334427480952 0.1212846848870603 0.013345412490266995 0.00749885082786399
0.0 0.23818109212262595 0.07316169128150155 0.013983008242072437 0.00723826309001403
0.0 0.23336502350502109 0.06025660118285039 0.008499475598122253 0.005922215255465701
0.0 0.21643461646682605 0.05685681094360166 0.0130233900293808 0.008554310924561648
0.0 0.1086296498860162 0.08074654787112809 0.01051700279723189 0.008413602237785155
0.0 0.0787445174908954 0.060607779582761444 0.011237345454575554 0.007145799160858601
0.0 0.2812354791040286 0.012597114548432842 0.01185824356483689 0.008473463362834721
