0.0 0.953566598455809 0.9195963742220059 0.011618479525043668 0.013872811373186522
0.0 0.9955801927035525 0.7778198119467028 0.008839614592895017 0.009834621767387475
0.0 0.9415064112615894 0.8280592082784242 0.008206627533472144 0.010628255330234282
0.0 0.9458781867727989 0.5539598036897223 0.014294973388173916 0.010902945804539498
0.0 0.8927902729279962 0.6307969203564362 0.013456232738102258 0.013784433536592288
0.0 0.9123666042750596 0.41844477521932755 0.01355493019487639 0.011747606168892944
0.0 0.9379203610790487 0.3248076619599587 0.012099618376847587 0.013703182258116443
0.0 0.9639139954932648 0.34062471980704884 0.01251925233334994 0.011684635511127084
0.0 0.9731821717437501 0.2563055524862358 0.013770278251881507 0.011870929527484364
0.0 0.9839451478486693 0.2307434842370535 0.008705348320155081 0.011712650467118025
0.0 0.9843274370949446 0.14096794039758986 0.01198883162993596 0.010479126906166415
0.0 0.885121715196888 0.1495874724890946 0.012462386051330654 0.015817643834380845
0.0 0.8966801098848076 0.18179889721504452 0.01173484845451469 0.011306569313839176
0.0 0.8208958149382477 0.09187719915277129 0.011230627340848542 0.010749314740526827
0.0 0.9038990212465723 0.4726057315862436 0.010177345622707178 0.009046529442406382
