0.0 0.01037771777140133 0.6777241667719404 0.014342968456130834 0.013546136875234538
0.0 0.054203454720690304 0.8231459302854912 0.00796831580896189 0.017530294779715662
0.0 0.15261215496136699 0.7095974300077874 0.011952473713442657 0.018327126360611956
0.0 0.14703433416435222 0.7988425572476414 0.013546136875234894 0.013546136875234894
0.0 0.18926640768259073 0.8203570197523546 0.011952473713442302 0.01673346319881972
0.0 0.30241649216984656 0.5892758612924662 0.011952473713442302 0.011952473713442657
0.0 0.3071974816552233 0.5633788349133407 0.011952473713442657 0.012749305294338598
0.0 0.007977769418837256 0.49604656632761496 0.01595553883767451 0.011952473713442657
0.0 0.0075888072382648275 0.5617851717515487 0.013546136875234894 0.009561978970753771
0.0 0.05898444420606754 0.46576696625356073 0.011155642132546361 0.008765147389857831
0.0 0.06535909685323685 0.45261924516877394 0.012749305294338598 0.01434296845613119
0.0 0.005995144076472591 0.3605851975752666 0.010358810551650065 0.01992078952240419
0.0 0.007987223028712798 0.31636104483552907 0.011155642132546361 0.01434296845613119
0.0 0.04464147574993653 0.3060022342838792 0.007968315808961535 0.012749305294338598
0.0 0.07372582845264652 0.3350865869865892 0.013546136875234894 0.016733463198819364
0.0 0.11755156540193568 0.3745297502409494 0.008765147389858185 0.014342968456130834
0.0 0.12432463397418214 0.40680142599373853 0.007968315808961535 0.010358810551650065
0.0 0.14464383915240547 0.4147697450762058 0.01673346319881972 0.013546136875234538
0.0 0.21556184985216423 0.43907310829353924 0.010358810551650065 0.01434296845613119
0.0 0.2032109603482736 0.3542105449280971 0.011155642132546361 0.015139800037027484
0.0 0.05199684418897803 0.2245415288214943 0.011033052658562425 0.01287189476832289
0.0 0.08387010742482452 0.1745863181730037 0.009807157918721998 0.01716252635776385
0.0 0.13229294964851485 0.3115800553501522 0.014710736878082997 0.011646000028482106
0.0 0.16202089708964101 0.2769485289496652 0.009194210548801962 0.012258947398402498
0.0 0.1230987390997127 0.2573342131122208 0.01348484213824257 0.011033052658562425
0.0 0.15589142339043977 0.1390353707176363 0.007968315808961535 0.014710736878082997
0.0 0.08846721269922568 0.12738937068915385 0.009194210548801962 0.008581263178881925
0.0 0.02134947569297161 0.12463110752451331 0.011033052658562425 0.010420105288642035
0.0 0.0030128956707037523 0.13872888192418903 0.006025791341407505 0.00796831580896189
0.0 0.23955873938453714 0.12830879174403406 0.008581263178881571 0.010420105288642035
0.0 0.2413975814942976 0.08049889689026397 0.008581263178881571 0.011646000028482461
0.0 0.2484464762483789 0.05199684418897803 0.010420105288642035 0.012258947398402853
0.0 0.1561978970753996 0.02594658096737241 0.01348484213824257 0.010420105288642035
0.0 0.008477580924648898 0.01981710726817134 0.014710736878082997 0.007968315808961535
0.0 0.6073271613366138 0.92299505684548 0.01348484213824257 0.011033052658562071
0.0 0.73083605637552 0.7342072669100805 0.011646000028482461 0.011033052658562071
0.0 0.8307464776725009 0.7360461090198409 0.012871894768322534 0.007355368439041499
0.0 0.7654675830866898 0.5831157427428503 0.015936631617923424 0.010420105288642035
0.0 0.7001886878795135 0.6033430034321334 0.011646000028482106 0.011646000028482461
0.0 0.352341055449841 0.5665661612369254 0.01716252635776385 0.006742421069121462
0.0 0.43539542407401816 0.5573719506881234 0.015323684248003034 0.009194210548801962
0.0 0.5022066873953122 0.5585978454279636 0.01900136846752396 0.011646000028482461
0.0 0.5438871085498809 0.6076336350215741 0.01532368424800339 0.011646000028482461
0.0 0.381456055521047 0.4096516345373729 0.011646000028482461 0.011646000028482461
0.0 0.39279558186456925 0.38114958183608677 0.011033052658562071 0.009807157918721998
0.0 0.5374511611657194 0.39187616080968934 0.019614315837443996 0.009194210548802317
0.0 0.6591212140948647 0.3716488976023248 0.009194210548801606 0.01409778950816296
0.0 0.77864595122929 0.40382863452313184 0.011646000028482461 0.013484842138242924
0.0 0.49056068736682956 0.33333968698231686 0.015323684248002678 0.011033052658562425
0.0 0.4412184240882594 0.29012689740294756 0.011033052658562425 0.010420105288642035
0.0 0.45071910832202133 0.24262347623413785 0.01532368424800339 0.011033052658562425
0.0 0.6137631087207757 0.18286110766692545 0.010420105288642035 0.010420105288642035
0.0 0.6244896876943777 0.22025089723205332 0.012258947398402498 0.010420105288642035
0.0 0.6857844246863903 0.20094305507956917 0.01103305265856278 0.011033052658562425
0.0 0.28277152896390645 0.05506158103857857 0.01287189476832289 0.011033052658562071
0.0 0.44091195040329917 0.002706422037524181 0.01287189476832289 0.005412844075048362
0.0 0.563807898072285 0.021655949377931628 0.009807157918721998 0.011646000028482106
0.0 0.5408223717002801 0.06088458105282015 0.011646000028482461 0.011646000028482461
0.0 0.5518554243588424 0.09183842323378641 0.010420105288642035 0.012258947398402498
0.0 0.5405158980153202 0.1414871601973168 0.011033052658562425 0.008581263178881925
0.0 0.4844312136676285 0.14332600230707726 0.012871894768322534 0.011033052658562425
0.0 0.4620586346655438 0.12003400225011233 0.014710736878082997 0.011033052658562425
0.0 0.46052626624074355 0.09030605480898615 0.011646000028482461 0.015323684248003034
0.0 0.980612109617972 0.166311528679082 0.013484842138242924 0.010420105288642035
0.0 0.965288425369969 0.8696686356624287 0.018388421097603212 0.012258947398402853
0.0 0.9961290548232272 0.9942902127134667 0.0077418903535455994 0.011419574573066527
