0.0 0.0035456929920208323 0.8775709423151532 0.006600971676062883 0.00801546560664761
0.0 0.11069834230825179 0.6906408538480651 0.007072469652924696 0.010844453467817771
0.0 0.05690042314833903 0.5101750032042739 0.008581263178881571 0.006742421069121462
0.0 0.05322273892881828 0.6030365297471733 0.008581263178881571 0.008581263178881571
0.0 0.075901791615863 0.6134566350358155 0.007355368439041499 0.006129473699201071
0.0 0.05506158103857857 0.40873221348249267 0.011033052658562425 0.006129473699201427
0.0 0.00025463255784368143 0.29656284478710904 0.0005092651156873629 0.009807157918721998
0.0 0.050464475764177764 0.3177095290493536 0.010420105288642035 0.009194210548801962
0.0 0.06977231791666175 0.2925786868826282 0.006129473699201427 0.01287189476832289
0.0 0.014300580938890129 0.07069173897154198 0.006742421069121462 0.011646000028482461
0.0 0.02870484413201311 0.13290589701843505 0.007355368439041499 0.009807157918721998
0.0 0.04035084416049557 0.16569858130916176 0.008581263178881925 0.007968315808961535
0.0 0.01981710726817134 0.15466552865059952 0.007968315808961535 0.006742421069121462
0.0 0.06793347580690146 0.13259942333347502 0.009807157918721998 0.01042010528864239
0.0 0.0636428442174605 0.1417936338822768 0.008581263178881571 0.006742421069121462
0.0 0.0028457989120028947 0.2191610115239996 0.0056915978240057894 0.01243511147766938
0.0 0.014499801787354905 0.23833180838540696 0.008290074318446371 0.010362592898058054
0.0 0.03626124687327685 0.2116481316729077 0.007253815028640887 0.010880722542960797
0.0 0.04273786743456309 0.236518354628247 0.005699426093931948 0.008808203963349115
0.0 0.02486239468541296 0.011650088740389109 0.009326333608252213 0.008808203963349115
0.0 0.04170160814475725 0.012945412852646498 0.00880820396334947 0.008290074318446727
0.0 0.18081941780118527 0.9510191349493429 0.010362592898057698 0.007771944673542919
0.0 0.2919582266328568 0.7507620271943729 0.010880722542960797 0.005181296449028849
0.0 0.3124243476065212 0.795321176656022 0.008290074318446018 0.008290074318446371
0.0 0.34532558005785513 0.8049065750867254 0.00984446325315531 0.005699426093931948
0.0 0.3696776733682915 0.8147510383398806 0.010880722542960797 0.006735685383737433
0.0 0.3916981832766645 0.7916942691417018 0.007253815028640531 0.012435111477669736
0.0 0.5839242815356398 0.9375477641818672 0.008290074318446371 0.007771944673543629
0.0 0.6308150143993523 0.9238173285919405 0.00880820396334947 0.009326333608252213
0.0 0.6562033669995936 0.8150101031623322 0.010880722542960797 0.010362592898057698
0.0 0.7587930366903677 0.8334037055563851 0.00984446325315531 0.00984446325315531
0.0 0.7473941845025042 0.9365115048920615 0.007771944673543629 0.012953241122572479
0.0 0.6955812200122142 0.9981777394391733 0.00984446325315531 0.0036445211216534546
0.0 0.1582807782479092 0.6963584144795684 0.008808203963349115 0.00621755573883469
0.0 0.15361761144378328 0.6510220705505647 0.010880722542960797 0.008808203963349115
0.0 0.21449784471987368 0.5948050040786004 0.008290074318446371 0.008290074318446371
0.0 0.24998972539572223 0.5494686601495969 0.010880722542960797 0.010880722542960797
0.0 0.13522400904973003 0.560608447515009 0.008290074318446371 0.007253815028640887
0.0 0.21113000202800478 0.4670860466100361 0.011916981832766637 0.00880820396334947
0.0 0.20050834430749537 0.4067239429788483 0.007253815028640531 0.010362592898058054
0.0 0.11890292523528903 0.43055790664438176 0.00984446325315531 0.008290074318446371
0.0 0.24092245660992137 0.3321132741128313 0.011398852187863896 0.008290074318446371
0.0 0.2738236890612553 0.4064648781563969 0.007771944673543629 0.00880820396334947
0.0 0.3463618393476612 0.4541328054874635 0.007771944673543629 0.011916981832766637
0.0 0.37149112712545146 0.48366619524692905 0.004145037159223009 0.009844463253154957
0.0 0.42744912877496455 0.47045388930190485 0.008290074318446371 0.008290074318446018
0.0 0.43159416593418776 0.43159416593418776 0.009326333608251858 0.01139885218786354
0.0 0.3986929334828536 0.5590540585803006 0.007771944673543274 0.013471370767475222
0.0 0.6476542278586962 0.6805554603100299 0.010362592898057698 0.008808203963349115
0.0 0.7805544817762893 0.5901418372744743 0.007771944673543274 0.007253815028640531
0.0 0.6398822831851525 0.5041323162205934 0.011398852187863896 0.008290074318446371
0.0 0.6971356089469228 0.4269309991300615 0.006735685383737433 0.010362592898058054
0.0 0.7295187117533537 0.40076545206246517 0.008290074318446371 0.008808203963349115
0.0 0.7810726114211921 0.3950660259685332 0.006735685383737433 0.008808203963349115
0.0 0.5473961415699854 0.3238231997943849 0.00984446325315531 0.005181296449029205
0.0 0.44739712010372623 0.3243413294392877 0.012953241122572123 0.00621755573883469
0.0 0.5297797336432868 0.21242532614026216 0.011916981832766637 0.009326333608252213
0.0 0.6362553756708321 0.2616476424060375 0.008290074318446371 0.009326333608252213
0.0 0.7497257679045669 0.21812475223419395 0.008290074318446371 0.008290074318446371
0.0 0.4365163975607652 0.2129434557851649 0.00880820396334947 0.007253815028640531
0.0 0.2771915317531242 0.26579267956526065 0.010362592898058054 0.005181296449028849
0.0 0.21967914116890253 0.25543008666720246 0.007253815028640531 0.008290074318446371
0.0 0.1683843063235157 0.3056886622227834 0.00621755573883469 0.007253815028640531
0.0 0.17771063993176775 0.17071588972557877 0.008290074318446371 0.010880722542960797
0.0 0.22822828030980027 0.21527503918722796 0.006735685383737788 0.00880820396334947
0.0 0.11786666594548319 0.0797841370451204 0.007771944673543629 0.011398852187863896
0.0 0.33884895949656907 0.17149308419293305 0.008290074318446371 0.010362592898057698
0.0 0.32175068130231405 0.16708897369703646 0.008290074318446371 0.007771944673543629
0.0 0.3178647088780018 0.15050883357436576 0.008808203963349115 0.012953241122572479
0.0 0.38962566469705295 0.029266496667087694 0.008290074318446727 0.008808203963349115
0.0 0.6603484041588169 0.008282237534297998 0.009844463253154957 0.00621755573883469
0.0 0.2815956337347988 0.03470685793856827 0.006735685383737788 0.009326333608252213
0.0 0.22822828030980027 0.030561820779345085 0.008808203963349115 0.009326333608252213
0.0 0.16657085256635557 0.026416783620121898 0.008808203963349115 0.007253815028640531
0.0 0.23340957675882948 0.058022691959198444 0.008808203963349115 0.008290074318446371
0.0 0.29040383769814826 0.06864434967970787 0.008808203963349115 0.007771944673543274
0.0 0.2968804582594345 0.06657183110009654 0.00621755573883469 0.00880820396334947
0.0 0.2352230306473002 0.14066436180698857 0.007253815028640531 0.007771944673543274
0.0 0.23625928980579528 0.1725293434827389 0.009326333608251858 0.007253815028640531
0.0 0.25076691986307653 0.17408373241744765 0.008290074318446371 0.008290074318446371
0.0 0.26631080921016376 0.18366913084815123 0.009326333608252213 0.010880722542960797
0.0 0.21657036329948537 0.1577626486030063 0.009326333608252213 0.009844463253154957
0.0 0.22460137279548018 0.1616486209397781 0.006735685383737433 0.011398852187863896
0.0 0.7440263418106351 0.0010323451548428508 0.009326333608252213 0.0020646903096857017
