0.0 0.27515749421062274 0.9788029474237312 0.013313454540850422 0.008555531442645047
0.0 0.1782481628801107 0.9598115831497129 0.014689372820588353 0.010772206735098423
0.0 0.2075044970811155 0.9378754530709672 0.011996321136813926 0.009988773518000116
0.0 0.27789107517977074 0.9217171429683194 0.01664795586333323 0.007050898953882623
0.0 0.20474259821803642 0.877914545105465 0.014716912891787004 0.008830147735071847
0.0 0.20490983586453337 0.8729643107691369 0.006355030566907338 0.006421925625506475
0.0 0.3208913722570963 0.8206181778415977 0.017605225977093575 0.008542863752818519
0.0 0.3585550114375984 0.7953359188974444 0.010967189952943102 0.00877375196235466
0.0 0.3548056845529408 0.726605195408679 0.010389969429104084 0.005541317028855452
0.0 0.18917047751990923 0.7133099563164191 0.010210414001329049 0.009562924332952426
0.0 0.22864244384212284 0.6901995558451174 0.013447862343213934 0.008766013971873043
0.0 0.3180265301357803 0.6720597144549971 0.010931013265764733 0.01098185518793091
0.0 0.0006744516072019202 0.5857299404769644 0.0013489032144038404 0.008774041479432348
0.0 0.009026189508907656 0.5671791099204502 0.014727855340476381 0.01027816287590646
0.0 0.02673095177990481 0.5574023208433683 0.01566793121327148 0.008774041479432348
0.0 0.08720916626313668 0.6049074882820095 0.015667931213269704 0.010027475976494138
0.0 0.09269294218778112 0.581969636985779 0.007207248358104934 0.011782284272380572
0.0 0.09508828831350469 0.549029356969557 0.016731685126334384 0.011023227847938345
0.0 0.084904445167997 0.5142532634417638 0.01697773931936908 0.008857950949236049
0.0 0.20068175708315383 0.5480653510556726 0.013248389447356068 0.009936292085516918
0.0 0.18016548359239337 0.5218761409804284 0.017664519263140832 0.010377905067095483
0.0 0.24431791406347214 0.6063428314387981 0.015383209765817085 0.01128102049493247
0.0 0.26316337157391567 0.5393353343895414 0.011024633665502215 0.01046058264075551
0.0 0.2759827130454289 0.5377970134129597 0.013075728300944611 0.010255473177211271
0.0 0.23329430594528722 0.5094919074438566 0.01589598342467724 0.009845254250122792
0.0 0.21457806739687602 0.49574957338639347 0.011793794153792447 0.008204378541769053
0.0 0.19663098933675727 0.49554446392284923 0.016408757083537395 0.008204378541769053
0.0 0.17945307176492875 0.4809816920112091 0.01743430440125948 0.009435035323034312
0.0 0.2834179310989078 0.4925703767014579 0.018203464889549714 0.009229925859490251
0.0 0.31986774781242033 0.522987019761054 0.013589824661424998 0.00884918815162532
0.0 0.33361559369083826 0.522987019761054 0.01200961249149124 0.00884918815162532
0.0 0.33077121178495883 0.49972629661963897 0.01200961249149124 0.010871859729139644
0.0 0.3517880336450685 0.5102189054279946 0.010429400321558369 0.00960768999319317
0.0 0.3566866913718614 0.4973243741213406 0.014537951963384366 0.008596354204435918
0.0 0.3481535456542222 0.49037144057363513 0.01200961249149124 0.011883195517896716
0.0 0.3532102245980093 0.4366442267959103 0.01643420656730399 0.00960768999319317
0.0 0.2949003955274776 0.4145212564168471 0.01991067334115737 0.011377527623518091
0.0 0.2518329911080368 0.43941679210754386 0.015485281547517715 0.009291168928510628
0.0 0.23503239004511434 0.3910263685321767 0.01773229823610656 0.010422248759180608
0.0 0.1489040843268845 0.38335443541777975 0.017008530961162727 0.010132741849203519
0.0 0.16555073165057577 0.3418101938360455 0.014837229136333896 0.010422248759180786
0.0 0.3503865635845216 0.38903842091140767 0.012066570836590351 0.01266989937842009
0.0 0.369994741193981 0.36943024330194824 0.013574892191163812 0.010256585211101931
0.0 0.4012924093013881 0.39446837778787336 0.0135748921911647 0.010256585211101931
0.0 0.4018580298093526 0.38330679976402726 0.015460293884381748 0.01447988500390851
0.0 0.2932311375425898 0.3622987893686289 0.016214454561668035 0.009653256669272369
0.0 0.29737902126766746 0.36878457119329633 0.017722775916241496 0.01236823510750531
0.0 0.30246960583935456 0.35053388280295317 0.015837374223024447 0.009653256669272369
0.0 0.2736229599331308 0.3396739690500218 0.019231097270815845 0.01206657083659044
0.0 0.2545804028316354 0.31704914873141465 0.011312410159303177 0.010256585211101931
0.0 0.35639209426536844 0.3420872832173399 0.012066570836590351 0.00965325666927246
0.0 0.3463994652913165 0.3390706405081922 0.01093532982065959 0.011463242294760877
0.0 0.330185010729648 0.3292665517034625 0.011689490497946764 0.009954920940187151
0.0 0.31510179718390985 0.3194624628987327 0.010181169143373303 0.010256585211101931
0.0 0.36695034374738444 0.31704914873141465 0.012066570836590351 0.010256585211101931
0.0 0.39466574863767834 0.3149374988350113 0.01696861523895432 0.010859913752931405
0.0 0.3948542888070006 0.2923126785164042 0.013574892191163812 0.007843271043783772
0.0 0.39862509219343467 0.2803969398152711 0.01508321354573905 0.009954920940187063
0.0 0.35752333528129876 0.258978776580323 0.014329052868450987 0.006938278231039518
0.0 0.35431815240282916 0.252643826891113 0.013197811852520225 0.008144935314698643
0.0 0.33584121580930004 0.2681795368432232 0.016214454561668035 0.011463242294760877
0.0 0.28964887432547703 0.2659170548113626 0.014329052868451875 0.011161578023846186
0.0 0.35582647375740306 0.2349964670425994 0.016214454561668035 0.00784327104378386
0.0 0.35318691138689884 0.20407587927383636 0.013197811852520225 0.013574892191164279
0.0 0.29983004346885034 0.21056166109850372 0.019608177609459432 0.011463242294760968
0.0 0.2905915751720851 0.20332171859654952 0.013197811852521113 0.014479885003908576
0.0 0.3207580022635619 0.1672728382222354 0.01696861523895521 0.007541606772868992
0.0 0.3203809219249183 0.1562620923338466 0.010181169143373303 0.009653256669272369
0.0 0.3309391714069352 0.15988206358482376 0.013197811852521113 0.012066570836590485
0.0 0.3009612844847811 0.16184288134576966 0.012820731513876638 0.011161578023846186
0.0 0.27890208467413924 0.15520626738564494 0.01093532982065959 0.009954920940187151
0.0 0.2777708436582085 0.14660883566457422 0.00942700846608524 0.010256585211101888
0.0 0.2583512062180704 0.1475138284773185 0.01206657083659124 0.010256585211101888
0.0 0.24251383199504506 0.14087721451719376 0.017345695577598796 0.008446599585613335
0.0 0.24703879605876677 0.15354711389561376 0.012820731513877526 0.009049928127442852
0.0 0.24402215334961985 0.16214454561668448 0.0135748921911647 0.008748263856528115
0.0 0.23459514488353062 0.17933940905882576 0.011312410159300512 0.00995492094018684
0.0 0.2408169704711498 0.19728843317825423 0.011689490497946764 0.009653256669272348
0.0 0.23497222522217598 0.22926484589521898 0.010558249482016002 0.009653256669272369
0.0 0.24534193453487152 0.24962718418196536 0.012443651175234827 0.010558249482016713
0.0 0.21592966812068193 0.2488730235046785 0.014706133207093686 0.009653256669272369
0.0 0.2359149260687854 0.2941226641418927 0.011689490497947652 0.010256585211101931
0.0 0.2321441226823504 0.3016642709147618 0.013197811852521113 0.009049928127442897
0.0 0.27758230348888624 0.3055859064366536 0.009804088804729716 0.010256585211101931
0.0 0.2572199652021401 0.282357757576217 0.014329052868451875 0.012066570836590528
0.0 0.0344139504506118 0.4683106211097975 0.015563451419618346 0.010484851482689983
0.0 0.034618732706134026 0.44373675044724303 0.018839967507958022 0.008518941829685645
0.0 0.06807261491840677 0.3887381897825596 0.015030343327237183 0.011099330457036682
0.0 0.11056223932425047 0.3861945932194886 0.011561802559413081 0.009711914149907219
0.0 0.07630661599589317 0.3606126218281008 0.01387416307129552 0.007630789689212758
0.0 0.08555605804342337 0.35483172054839407 0.012717982815354745 0.006705845484459694
0.0 0.07009214712020828 0.33367362186466776 0.01705365877513465 0.010174386252283707
0.0 0.08512249044744502 0.30407540731256977 0.011850847623398053 0.010174386252283707
0.0 0.05347205594105153 0.265227750712941 0.01387416307129552 0.010174386252283707
0.0 0.06474481343647875 0.2804893300913664 0.009827532175502363 0.008786969945154066
0.0 0.06893596686426706 0.2766739352467602 0.007226126599633176 0.005318429177330141
0.0 0.10954679835420622 0.2690431455575475 0.01445225319926724 0.01040562230347195
0.0 0.14379863843646845 0.286963939524638 0.013585118007310548 0.010636858354660194
0.0 0.1578173240397569 0.2649965146617528 0.011561802559413081 0.0129492188665429
0.0 0.03222724373813035 0.23562953616084298 0.013585118007310548 0.011561802559413258
0.0 0.0891691213432404 0.21227469499082813 0.018787929159047145 0.010174386252283707
0.0 0.09451645502696904 0.19146345038388418 0.015608433455208015 0.00878696994515411
0.0 0.054339191133008224 0.1795547937476885 0.017920793967090454 0.007630789689212802
0.0 0.038441712613814794 0.16833984526505763 0.011561802559413081 0.011561802559413303
0.0 0.014306449771039453 0.16614310277876912 0.015319388391222155 0.009480678098718932
0.0 0.00014388208387527968 0.20348772504567406 0.00028776416775055935 0.009711914149907196
0.0 0.09711786060283645 0.17862984954293543 0.012139892687383913 0.009018205996342354
0.0 0.11070297861014744 0.1873012014624954 0.010983712431443138 0.012486746764166367
0.0 0.12587784446937755 0.18915108987200152 0.010694667367457278 0.00878696994515411
0.0 0.139896530072666 0.19666626153562014 0.010405622303471418 0.007630789689212758
0.0 0.14538838628838802 0.20938424435097489 0.012717982815354745 0.007630789689212758
0.0 0.14986858478015996 0.21539638168186975 0.015319388391223043 0.008555733893965823
0.0 0.1529035579520066 0.2240677336014297 0.018498884095061285 0.010174386252283795
0.0 0.19419972956300446 0.28794190073265025 0.013690609795303565 0.010245875717775377
0.0 0.18615820542632378 0.267099380780628 0.016340405239555267 0.010599181777009026
0.0 0.1755590236493152 0.22664583699837682 0.011924079499134876 0.009539263599308168
0.0 0.1882206083630864 0.21826265331130656 0.011597088005725453 0.008906563588397365
0.0 0.19935381284858256 0.21566490559802404 0.010978576645420901 0.008659159044275189
0.0 0.22468629087209724 0.19984102051466582 0.014071133446948103 0.012988738566412828
0.0 0.19569357085778316 0.19365590691161208 0.016081295367939674 0.0102672885810692
0.0 0.20388884638182914 0.17899718767237474 0.012679482886260196 0.008659159044275232
0.0 0.19368340893679026 0.17466760815023719 0.009586926084732994 0.009153968132519452
0.0 0.185178877732592 0.17213171157298515 0.010514693125191599 0.010019884036947025
0.0 0.19468848989728693 0.1426287196864189 0.015308156167557208 0.011628013573740992
