0.0 0.9354360647654915 0.025861147241788274 0.008083621583222822 0.0072415776683037334
0.0 0.30945526460301875 0.03058319011525157 0.009876462287470744 0.010656182994376451
0.0 0.3470991133092717 0.14151275358849807 0.008576927775961706 0.011695810603583467
0.0 0.24492976254007975 0.12124475588341124 0.00981639460154895 0.00928577867714111
0.0 0.7852941047968157 0.0790002863647894 0.005077637055872231 0.009026910321550475
0.0 0.7869866504821067 0.17970675463958602 0.01184781979703473 0.008462728426453481
0.0 0.7855761957443642 0.22935476140811328 0.011283637901937737 0.0107194560068411
0.0 0.8783841174878042 0.18365602790526428 0.010719456006840744 0.01184781979703473
0.0 0.9314172156269127 0.23809958078211507 0.010719456006840744 0.009026910321550475
0.0 0.9776801310248586 0.24430558162818078 0.01184781979703473 0.009026910321550475
0.0 0.9885206861461221 0.3209455868975814 0.004115116424777909 0.007818721207077672
0.0 0.9951048724257664 0.32156285436129844 0.005761162994689073 0.009053256134511401
0.0 0.8593873985098295 0.341042577292572 0.008986330736874493 0.010324720421089496
0.0 0.6624034065301062 0.3168325090229834 0.01065443320917936 0.010654433209179715
0.0 0.7273319959430445 0.45301953849700816 0.005163703942645625 0.0076096689681090625
0.0 0.7225759528379765 0.45261187765943073 0.004348382267490791 0.008424990643263542
0.0 0.2999562876581422 0.3569689383795973 0.005261099719693974 0.008417759551510784
0.0 0.3062696073217753 0.3568374108866047 0.004734989747724683 0.008154704565525962
0.0 0.3888356969689092 0.3930868475573922 0.003917166085490464 0.009009481996627855
0.0 0.30072325417769613 0.42475723517746183 0.008160342301471602 0.011612794813632022
0.0 0.245875256510306 0.6752568097535985 0.008696764534981938 0.012501599019036292
0.0 0.24241773384583637 0.7677998656503228 0.01306537942887367 0.011725340513091709
0.0 0.2462353834967262 0.8946467138706978 0.01273036969992809 0.015745457260437235
0.0 0.35428550960520083 0.9395423492364976 0.010146406602267177 0.012776956462113987
0.0 0.46547744389827306 0.908514298015573 0.006626630695163271 0.006024209722875184
0.0 0.5552565665099705 0.9585173532831395 0.011825764054734834 0.010136369189772409
0.0 0.6706945134689601 0.7902256202278266 0.01061231848816071 0.010233307113583478
0.0 0.730578310652154 0.8262317008126583 0.010612318488161066 0.010991329862738297
0.0 0.9856356979816884 0.6680012910421332 0.012412001692132435 0.01241200169213208
0.0 0.8272121745470287 0.8975223218891604 0.008908006180492123 0.013127588055461104
0.0 0.8415118686788702 0.9179169676181804 0.008439163749939383 0.012658745624909073
0.0 0.8820667389216332 0.9043205371321669 0.009845691041595472 0.010783375902700242
0.0 0.9141824454144605 0.8806439943892815 0.008439163749943645 0.013127588055460392
0.0 0.8274465957623043 0.777967502098355 0.009376848611044153 0.010314533472147858
0.0 0.9179331848588749 0.8032849933481728 0.014065272916565164 0.01031453347214768
0.0 0.9396398385638556 0.7769515151622495 0.009845691041595472 0.014534115347117548
0.0 0.7987526881829253 0.5973848642607654 0.00937684861104362 0.012658745624908718
0.0 0.9536779484714906 0.8706244986210319 0.008212410937801451 0.01359295603498154
0.0 0.9965178656335322 0.8454892301471695 0.006964268732935608 0.011349174362692338
