0.0 0.04545004099537708 0.3121818044632455 0.008828670940703276 0.007062936752562088
0.0 0.06928745253527424 0.33566606916551456 0.012360139316983876 0.006709789914934028
0.0 0.3701244148397165 0.3985262062633173 0.008387237393668201 0.009534964615958819
0.0 0.07458465509969603 0.5025279499447944 0.009711538034772538 0.008475524103074505
0.0 0.037945670695779476 0.5436695565284688 0.008828670940702388 0.007416083590190148
0.0 0.10018780082773349 0.544552423622539 0.013243006411054026 0.009181817778330626
0.0 0.08253045894632827 0.5809265478982341 0.013243006411053138 0.007062936752562088
0.0 0.14587617294586952 0.5931101137964037 0.011035838675877763 0.008122377265446267
0.0 0.012563241741259557 0.6888129067936202 0.01103583867587865 0.006709789914934028
0.0 0.36284076131363685 0.6729212991003555 0.012360139316983876 0.010241258291214982
0.0 0.27896838737696195 0.5403146615710017 0.012360139316983876 0.008475524103074505
0.0 0.33171969624766007 0.5334282982372538 0.009270104487737463 0.006709789914934028
0.0 0.08341332604039797 0.8083531113307341 0.010594405128842688 0.008475524103074505
0.0 0.0048469618427653405 0.7529090578231216 0.009693923685530681 0.007769230427818385
0.0 0.014770409476434931 0.7414317856002082 0.011035838675877763 0.007416083590190148
0.0 0.1178451427091387 0.7389597577368113 0.009711538034773426 0.008122377265446267
0.0 0.14742119036049228 0.7585594072251712 0.012360139316983876 0.007062936752562266
0.0 0.13395746717592028 0.78116080483337 0.011035838675877763 0.0063566430773059675
0.0 0.19443386311973443 0.8221258379982302 0.0119187057699488 0.007769230427818385
0.0 0.22820352946792122 0.7504370299597246 0.009711538034773426 0.007769230427818208
0.0 0.25623455970465203 0.7661520642341755 0.011035838675877763 0.00670978991493385
0.0 0.2776440867358563 0.8097656986812467 0.011477272222913726 0.009181817778330981
0.0 0.40124547990569326 0.7590891274816134 0.010594405128842688 0.008122377265446623
0.0 0.3968311444353416 0.7869877276542337 0.008828670940703276 0.00529720256442161
0.0 0.2902249428263577 0.9231258335598685 0.009270104487737463 0.00776923042781803
