0.0 0.7377779044515866 0.7193601082484515 0.006709789914934561 0.005650349402049848
0.0 0.604994693503419 0.7560873793617746 0.00812237726544609 0.0042377620515374305
0.0 0.5433705703373143 0.7112377309830049 0.00494405572679355 0.007062936752562266
0.0 0.3862202275928075 0.570861863025833 0.006356643077306145 0.008122377265446446
0.0 0.5142359562329958 0.49087410430306705 0.004590908889165491 0.0063566430773059675
0.0 0.5594387514493933 0.5030576702012367 0.008828670940702565 0.007416083590190148
0.0 0.35249470459932314 0.38651921378396176 0.00882867094070292 0.006709789914934117
0.0 0.5144125296518098 0.2426118774505087 0.007062936752562266 0.007062936752562088
0.0 0.5758600793991 0.22777971027012822 0.007769230427818385 0.00565034940204967
0.0 0.8493723051420681 0.3669195642956019 0.00953496461595904 0.005650349402049848
0.0 0.986393278141773 0.26221152693886857 0.00670978991493385 0.0074160835901902365
0.0 0.9724439780554629 0.370627606090697 0.00847552410307415 0.009534964615958864
0.0 0.8528066115077539 0.707425225304569 0.008442888995469388 0.008887251574178023
0.0 0.8912439745660741 0.6992045175984545 0.00622107610192515 0.008442888995469033
0.0 0.8485851670100196 0.7451960444948255 0.0079985264167604 0.004443625787089012
0.0 0.7837082305185199 0.8838371690520024 0.008887251574178023 0.007998526416760044
0.0 0.7823751427823931 0.749861851571269 0.005332350944506814 0.007554163838051409
0.0 0.8145914297387886 0.6467697333108041 0.005776713523216159 0.007554163838051409
