0.0 0.04937230514206803 0.3669195642956019 0.00953496461595904 0.005650349402049848
0.0 0.18639327814177306 0.26221152693886857 0.00670978991493385 0.0074160835901902365
0.0 0.2044037668608066 0.3513811034399653 0.00670978991493385 0.009181817778330803
0.0 0.1724439780554629 0.370627606090697 0.00847552410307415 0.009534964615958864
0.0 0.2119964238698106 0.3983496328445033 0.00706293675256191 0.007769230427818297
0.0 0.2716782394289609 0.40594228985350755 0.00706293675256191 0.007416083590190148
0.0 0.4189404707198808 0.313770965232572 0.008475524103074861 0.008122377265446446
0.0 0.3423076069545818 0.34696676796961395 0.006356643077305791 0.0074160835901902365
0.0 0.43906984046468267 0.4183024291704913 0.0098881114535871 0.009534964615958864
0.0 0.35290201208342503 0.4822220067811783 0.006356643077305791 0.009534964615958864
0.0 0.46643872038086087 0.28287061694011273 0.00882867094070221 0.009181817778330803
0.0 0.468734174825444 0.297173063864051 0.007769230427818741 0.006003496239677819
0.0 0.48851039773261745 0.313594391813758 0.009181817778330981 0.007769230427818385
0.0 0.4648495596115346 0.4149475342130242 0.009181817778330981 0.007062936752562088
0.0 0.48497892935633685 0.3444947401062172 0.00776923042781803 0.008122377265446535
0.0 0.506167739614023 0.3474964882260561 0.01130069880409934 0.007769230427818297
0.0 0.5066974598704647 0.17869229983982154 0.00529720256442161 0.007769230427818341
0.0 0.5815645894476233 0.3489090755765685 0.01024125829121445 0.010594405128843132
0.0 0.6182918605609465 0.36338809591932086 0.00882867094070221 0.008475524103074594
0.0 0.6504282227851046 0.3519108236964074 0.00882867094070221 0.008122377265446446
0.0 0.6587271734693644 0.31430068548901413 0.00565034940204967 0.011300698804099429
0.0 0.7694387070657758 0.3208339019851341 0.01024125829121587 0.006709789914934028
0.0 0.77049814757866 0.3003513854027039 0.010947551966471281 0.006709789914934028
0.0 0.8363600327963017 0.3121818044632455 0.00706293675256262 0.007062936752562088
0.0 0.8554299620282194 0.33566606916551456 0.0098881114535871 0.006709789914934028
0.0 0.8596677240797568 0.5025279499447944 0.00776923042781803 0.008475524103074505
0.0 0.8303565365566236 0.5436695565284688 0.00706293675256191 0.007416083590190148
0.0 0.8801502406621868 0.544552423622539 0.01059440512884322 0.009181817778330626
0.0 0.8660243671570627 0.5809265478982341 0.01059440512884251 0.007062936752562088
0.0 0.9167009383566956 0.5931101137964037 0.00882867094070221 0.008122377265446267
0.0 0.8100505933930077 0.6888129067936202 0.00882867094070292 0.006709789914934028
0.0 0.7863897552719245 0.8353688444092843 0.013066432992240352 0.00529720256442161
0.0 0.8667306608323184 0.8083531113307341 0.00847552410307415 0.008475524103074505
0.0 0.8026345098028174 0.7529090578231216 0.01024125829121445 0.007769230427818385
0.0 0.811816327581148 0.7414317856002082 0.00882867094070221 0.007416083590190148
0.0 0.894276114167311 0.7389597577368113 0.007769230427818741 0.008122377265446267
0.0 0.9179369522883938 0.7585594072251712 0.0098881114535871 0.007062936752562266
0.0 0.9071659737407363 0.78116080483337 0.00882867094070221 0.0063566430773059675
0.0 0.9555470904957876 0.8221258379982302 0.00953496461595904 0.007769230427818385
0.0 0.982562823574337 0.7504370299597246 0.007769230427818741 0.007769230427818208
0.0 0.7865663286907385 0.9997027752437697 0.00706293675256191 0.0005944495124605709
0.0 0.5948020602295792 0.9993318287012697 0.009111171804941875 0.0013363425974606713
0.0 0.4914100671387178 0.7954449123618799 0.007526620186690991 0.00713048228212827
0.0 0.598763439275206 0.8209958072061733 0.009903447614066608 0.006734344377565549
0.0 0.7599915664322208 0.8312953927248034 0.009903447614066608 0.006734344377565904
0.0 0.5484539253957447 0.7191883657335623 0.012280275041443644 0.006734344377565727
0.0 0.5563766834869984 0.7039370564078987 0.008318895995816433 0.00713048228212827
0.0 0.5706376480512553 0.7102752628809017 0.008318895995816433 0.00554593066387774
0.0 0.470612827149176 0.5678636861906149 0.007922758091253711 0.007526620186690991
0.0 0.5583573730098124 0.639762715868743 0.007526620186690991 0.007922758091253711
0.0 0.45199434563472957 0.4593219003404381 0.010299585518630038 0.008318895995816433
0.0 0.490815860281873 0.5137908622178079 0.010299585518629329 0.011091861327755304
0.0 0.5397388914953651 0.5207232755476551 0.01069572342319276 0.009111171804941875
0.0 0.5440964084455555 0.4444667289193373 0.008318895995816433 0.008715033900379154
0.0 0.5922271638499218 0.5318151368754103 0.008715033900379154 0.009903447614067317
0.0 0.6284737821174076 0.5934145810349085 0.009111171804941875 0.00713048228212827
0.0 0.6712566758101783 0.6223326480679846 0.009111171804941875 0.007130482282128448
0.0 0.6962133637976275 0.617975131117795 0.009903447614068028 0.007922758091253711
0.0 0.7542475668160613 0.5755883753295875 0.009507309709504596 0.010299585518629861
0.0 0.7154260521689185 0.5355784469687558 0.007922758091253711 0.00792275809125389
0.0 0.6405559882065699 0.5258730683069699 0.010299585518630038 0.005149792759315019
0.0 0.6027248183208329 0.4270366611185789 0.009111171804941165 0.010299585518630038
0.0 0.6389714365883193 0.43852466035089704 0.008715033900379154 0.0063382064730030056
0.0 0.6837350198039029 0.48190176090051146 0.013468688755131098 0.008318895995816433
0.0 0.05280661150775394 0.707425225304569 0.008442888995469388 0.008887251574178023
0.0 0.09124397456607411 0.6992045175984545 0.00622107610192515 0.008442888995469033
0.0 0.0485851670100196 0.7451960444948255 0.0079985264167604 0.004443625787089012
0.0 0.22988509912325056 0.6849849150797696 0.008887251574177668 0.006665438680633606
0.0 0.2627679299477094 0.7118688510916579 0.008887251574178379 0.00799852641676022
0.0 0.2321069120167955 0.7283102665038872 0.008887251574177668 0.006221076101924616
0.0 0.30342710589957383 0.7591934657241559 0.010220339310304638 0.006665438680633429
0.0 0.3934105280881262 0.772079980506714 0.009775976731596359 0.006665438680633606
0.0 0.3509739018214262 0.5585637614370874 0.010220339310304638 0.009775976731595826
0.0 0.2732104505473689 0.5821149781086591 0.008442888995469388 0.00799852641676022
0.0 0.39541015969231597 0.6601006106720712 0.012886514782558579 0.006665438680633429
0.0 0.26076829834351933 0.8149609693521228 0.008442888995469388 0.004443625787088834
0.0 0.38207928233104943 0.8569532330401138 0.006665438680633429 0.005776713523215804
0.0 0.3940770719561897 0.8740611923204064 0.008442888995469388 0.007109801259342419
0.0 0.01459142973878862 0.6467697333108041 0.005776713523216159 0.007554163838051409
