0.0 0.026160565663851543 0.4606229480510378 0.006832478833884182 0.00797122530619827
0.0 0.018758713593810226 0.40909467017882656 0.006832478833884182 0.007401852070041492
0.0 0.08082039633492659 0.40795592370651246 0.010248718250826627 0.005124359125413314
0.0 0.09932502651003006 0.3922981597121941 0.005124359125413491 0.0045549858892562686
0.0 0.10444938563544337 0.5930022161012598 0.006263105597727403 0.006263105597727225
0.0 0.0765500970637488 0.5716507291016587 0.005124359125413491 0.0056937323615700915
0.0 0.05092830143668259 0.5038953139989721 0.007401852070041315 0.003416239416942268
0.0 0.15455423041726207 0.5261008702090965 0.005124359125413136 0.004554985889256358
0.0 0.16850387470310935 0.4805510113165338 0.004554985889256358 0.006832478833884359
0.0 0.16366420219577443 0.4606229480510378 0.005124359125413491 0.004554985889256358
0.0 0.12409276228286092 0.4765653986634347 0.010248718250826627 0.005693732361570447
0.0 0.17505166691891497 0.40710186385227703 0.006263105597727403 0.005693732361570269
0.0 0.17533635353699353 0.37834851542634695 0.006832478833884536 0.006263105597727403
0.0 0.06516263234060826 0.21835463606622127 0.005124359125413136 0.006263105597727314
0.0 0.10701156519814994 0.1913094073487623 0.005693732361570269 0.0045549858892562686
0.0 0.21063749417872976 0.19586439323801857 0.010248718250826627 0.004554985889256224
0.0 0.21263030050527937 0.2881028574954575 0.008540598542355227 0.005693732361570359
0.0 0.21519248006798578 0.3068921742886396 0.006832478833884182 0.00455498588925618
0.0 0.24138364893120948 0.28269381175196573 0.007971225306198449 0.007401852070041404
0.0 0.23625928980579597 0.34076988183998286 0.006832478833884182 0.007401852070041315
0.0 0.3723394932473262 0.44724267700134757 0.006832478833884892 0.006263105597727225
0.0 0.3908441234224297 0.45379046921715344 0.00740185207004167 0.004554985889256358
0.0 0.4073559472709835 0.4580607684883312 0.003985612653098869 0.007401852070041492
0.0 0.3956837959297646 0.5303711694802742 0.006832478833883826 0.006263105597727225
0.0 0.48991506651375316 0.5061728069436003 0.008540598542355227 0.009109971778512537
0.0 0.47852760179061277 0.5685191646074349 0.008540598542355227 0.008540598542355582
0.0 0.455183299108174 0.600404077527589 0.007401852070041315 0.006263105597727225
0.0 0.5135440558142695 0.5668110565943241 0.006832478833884182 0.008540598542355404
0.0 0.3825882114981528 0.29664345603781295 0.006832478833884536 0.009109971778512449
0.0 0.3948297360755289 0.37806382880826833 0.008540598542355227 0.004554985889256358
0.0 0.4119109331602401 0.34105456845806137 0.008540598542355227 0.009109971778512449
0.0 0.46087703146974446 0.3957143991291363 0.003985612653099224 0.007971225306198449
0.0 0.3948297360755289 0.2357205197690107 0.006263105597727403 0.007971225306198449
0.0 0.4184587253760455 0.2075365445792377 0.006832478833884182 0.008540598542355404
0.0 0.384865704731377 0.20554374526990413 0.005693732361570269 0.00797122530619836
0.0 0.3538348630722227 0.19985000589111776 0.005124359125413136 0.006832478833884359
0.0 0.5255008937735678 0.4204821349019672 0.005693732361570269 0.007401852070041492
0.0 0.5269243268639603 0.46119232128719484 0.00740185207004167 0.007971225306198449
0.0 0.6060672066897872 0.5363495884599229 0.006263105597727048 0.006832478833884182
0.0 0.6886263259325572 0.556277651725419 0.008540598542355582 0.006832478833884359
0.0 0.5889860096050763 0.6066671831253161 0.007401852070041315 0.007401852070041315
0.0 0.7373077376239829 0.5930022254575473 0.006832478833884536 0.006263105597727225
0.0 0.7464177094024954 0.5821841339705639 0.007971225306198449 0.005124359125413491
0.0 0.7578051741256362 0.5736435354282085 0.005693732361570269 0.008540598542355582
0.0 0.5921175623558408 0.3088849735979732 0.009109971778512005 0.006263105597727403
0.0 0.5958184884389608 0.26931354070227553 0.0062631055977277585 0.006832478833884448
0.0 0.6177393580310063 0.2872487976412219 0.007971225306198449 0.008540598542355404
0.0 0.6083446996344154 0.371231349974384 0.0062631055977277585 0.006832478833884448
0.0 0.03242367140587721 0.8389714541210967 0.009109971778512716 0.006263105597727403
0.0 0.06003827321519495 0.8093640551972191 0.009679345014669494 0.007401852070041315
0.0 0.1733435472104441 0.7851656926605454 0.008540598542355582 0.006832478833884359
0.0 0.23796740956236667 0.7102931027496078 0.007971225306198449 0.007401852070041492
0.0 0.07598072382759184 0.9209612094839972 0.007401852070041315 0.006263105597727403
0.0 0.18359226546127055 0.8429570761304838 0.007401852070041315 0.00740185207004167
0.0 0.18786256473244817 0.8976169068015588 0.007971225306198449 0.008540598542355227
0.0 0.2331277370069323 0.908150311670464 0.008540598542355582 0.006832478833884536
0.0 0.24024490245889557 0.8415336360228756 0.006832478833884182 0.006832478833884182
0.0 0.34500957791178877 0.9286477481721171 0.006832478833884182 0.007971225306198449
0.0 0.33960053216829705 0.8984709666557945 0.01081809148698376 0.010248718250826627
0.0 0.3040147049084826 0.7683691821939129 0.006832478833884182 0.007401852070041315
0.0 0.34444020467563163 0.6744225982280029 0.006832478833884182 0.007401852070041315
0.0 0.37831791222697486 0.7438861330391606 0.008540598542355582 0.006263105597727225
0.0 0.39112881004050826 0.6240330668281058 0.007971225306198449 0.010248718250826627
0.0 0.4762501088459844 0.7253815028640571 0.005124359125413136 0.011387464723140539
0.0 0.3558276693987722 0.842387702894327 0.007971225306198449 0.008540598542355227
0.0 0.434116489370364 0.9283630615540386 0.006263105597727403 0.00740185207004167
0.0 0.44493458085734794 0.9232387024286253 0.008540598542355582 0.006263105597727048
0.0 0.7079850159618962 0.8068018756345126 0.005124359125413136 0.009109971778512716
0.0 0.6988750441833835 0.7791872736808966 0.010818091486983405 0.008540598542355404
0.0 0.7307599454081771 0.7734935413193261 0.006263105597727403 0.011956837959297672
0.0 0.6271340164275975 0.7467329992199458 0.006263105597727048 0.007401852070041492
0.0 0.6806551006263584 0.7236733831555859 0.008540598542355227 0.005693732361570447
0.0 0.7316140052624128 0.6422530103851306 0.00910997177851236 0.006832478833884359
0.0 0.6798010407721229 0.6337124118427753 0.005693732361570269 0.006832478833884536
0.0 0.6971669244749125 0.619193394320771 0.00740185207004167 0.006263105597727225
0.0 0.5767444850277004 0.6342817850789322 0.005693732361570269 0.005693732361570447
0.0 0.504434084035758 0.6123609084696705 0.011387464723140539 0.007401852070041492
0.0 0.6237177770106556 0.6775541510268666 0.00967934501466985 0.005693732361570269
0.0 0.7592286072160286 0.7008984537093049 0.008540598542355227 0.005693732361570447
0.0 0.7822882232803885 0.7487258055464955 0.006832478833883826 0.006832478833884359
0.0 0.7820035366623099 0.7117165451962885 0.007401852070041315 0.007971225306198449
0.0 0.7797260437176815 0.6724297919014532 0.008540598542355582 0.007971225306198449
0.0 0.7663457726679915 0.6354205315512462 0.007971225306198449 0.007971225306198449
0.0 0.7709007585572479 0.5642488770316174 0.010248718250826627 0.01024871825082645
0.0 0.7691926388487766 0.5366342750780015 0.005693732361569915 0.006263105597727225
0.0 0.7458483361663386 0.89163848782191 0.00910997177851236 0.006832478833884182
0.0 0.7686232656126195 0.8961934737111665 0.00910997177851236 0.006832478833884182
0.0 0.7737476247380327 0.8839519491337903 0.006832478833884182 0.010818091486983405
0.0 0.7882666422600373 0.9781832197177787 0.005124359125413491 0.005693732361570269
0.0 0.5904094426954689 0.989285997822841 0.009109971778512716 0.007401852070041315
0.0 0.5169602950869144 0.9884319332904614 0.011387464723140894 0.007971225306198449
0.0 0.39454504945745034 0.9929869238578617 0.006832478833884536 0.006832478833884536
