0.0 0.1526755353647205 0.44585217388725484 0.00769792615284306 0.003592365537993203
0.0 0.1608866565944198 0.4235281880440098 0.005645145845418175 0.006158340922274163
0.0 0.20322525043505654 0.38580834989507906 0.009237511383411667 0.00667153599913064
0.0 0.24992600242897112 0.3729784729736739 0.007184731075986761 0.00667153599913064
0.0 0.32972783688011076 0.4081323357383241 0.007697926152842971 0.007184731075986406
0.0 0.2891854258084706 0.39915142189334035 0.00769792615284306 0.0046187556917061555
0.0 0.21169296920318392 0.44662196650253916 0.00667153599913064 0.0071847310759871165
0.0 0.2268322239704419 0.4907567431121723 0.00718473107598685 0.005131950768561921
0.0 0.18808599566779854 0.43610146742698674 0.00769792615284306 0.00667153599913064
0.0 0.20065927505077558 0.4317393092737092 0.006158340922274452 0.007184731075986406
0.0 0.10315221044809689 0.3899139105099284 0.008211121229699237 0.0046187556917061555
0.0 0.15549810828742966 0.3819593868186576 0.011290291690836441 0.0061583409222748745
0.0 0.18936898335993907 0.36605033943611537 0.005131950768562055 0.0061583409222748745
0.0 0.16781479013197853 0.3352586348247428 0.00718473107598685 0.008211121229699359
0.0 0.23966210089184697 0.32884369636404037 0.008211121229699182 0.009750706460268077
0.0 0.24248467381455613 0.30292734498280216 0.00872431630655548 0.0061583409222748745
0.0 0.2627558793503761 0.30267074744437394 0.005131950768562011 0.0056451458454183975
0.0 0.25120899012111153 0.41736984712173564 0.0056451458454182205 0.007184731075986406
0.0 0.2630124768888042 0.4258375658898629 0.00769792615284306 0.0056451458454183975
0.0 0.27609895134863743 0.43404868711956224 0.00923751138341169 0.006671535999131351
0.0 0.29303438888489214 0.4384108452728398 0.00923751138341169 0.008211121229699359
0.0 0.3094566313442906 0.4368712600422711 0.00821112122969927 0.008211121229699359
0.0 0.325622276265261 0.45534628280909467 0.01385626707511749 0.004105560614848969
0.0 0.40824668363910976 0.45329350250166944 0.004618755691705801 0.006158340922274163
0.0 0.4559738257867368 0.42866013881257176 0.00872431630655548 0.007184731075986406
0.0 0.5375718430068731 0.48382860957461415 0.00872431630655548 0.008724316306555124
0.0 0.5278211365466052 0.46355740403879364 0.00667153599913064 0.005131950768561921
0.0 0.5280777340850333 0.4284035412741435 0.0020527803074248396 0.004618755691705445
0.0 0.580167034385938 0.4815192317287611 0.004618755691705801 0.006158340922274163
0.0 0.388745270718574 0.43892404034969595 0.004618755691705801 0.005131950768562632
0.0 0.36898726025961026 0.4204490175828724 0.01026390153712411 0.006158340922274163
0.0 0.4421175587116192 0.38709133758721953 0.004618755691705978 0.006158340922274163
0.0 0.37591539379716904 0.3332058545173183 0.00667153599913064 0.005131950768561921
0.0 0.3138187894975683 0.25904916591159655 0.0035923655379934694 0.005645145845417687
0.0 0.1221404282917764 0.27572800590942315 0.00615834092227443 0.005131950768561921
0.0 0.169097777824119 0.24852866683604447 0.005645145845418175 0.005131950768561921
0.0 0.09083552860354802 0.2572529831425999 0.008211121229699248 0.0061583409222748745
0.0 0.10443519814023741 0.2549436052967472 0.01282987692140507 0.005645145845417687
0.0 0.12034424552277971 0.24673248406704823 0.00872431630655548 0.007697926152842882
0.0 0.3050944731910129 0.36322776651340616 0.004618755691705801 0.0035923655379939134
0.0 0.27969131688663085 0.330639879133037 0.01026390153712411 0.005131950768562632
0.0 0.3117660091901436 0.3239683431339063 0.00667153599913064 0.004105560614848969
0.0 0.36821746764432595 0.30215755236751785 0.005645145845418309 0.00667153599913064
0.0 0.25223538027482395 0.2708526526792895 0.00769792615284306 0.004618755691705445
0.0 0.4208199630220868 0.3252513308260472 0.007184731075986939 0.00667153599913064
0.0 0.4305706694823547 0.30959888098193283 0.007184731075986761 0.008211121229699359
0.0 0.4436571439421878 0.3170402095963478 0.01077709661398032 0.00667153599913064
0.0 0.4018317451784073 0.30703290559765184 0.008211121229699313 0.005131950768562632
0.0 0.4898447008592462 0.3003613695985212 0.00872431630655548 0.004105560614849679
0.0 0.5211496005474746 0.25956236098845265 0.00667153599913064 0.007697926152842882
0.0 0.5375718430068731 0.2513512397587537 0.004618755691705801 0.005645145845417687
0.0 0.557329853465837 0.3042103326749427 0.004105560614849679 0.0056451458454183975
0.0 0.5273079414697489 0.2844523222159786 0.00872431630655548 0.00923751138341089
0.0 0.08442059014284546 0.1907942206897218 0.004618755691705845 0.004618755691705445
0.0 0.1660186073629818 0.20567687791855213 0.00667153599913064 0.005645145845417687
0.0 0.25685413596652984 0.23903455791420497 0.01488265722882991 0.0015395852305687186
0.0 0.32844484918797023 0.19207720838186226 0.00615834092227443 0.007184731075986406
0.0 0.33511638518710074 0.1895112329975813 0.00718473107598685 0.010263901537123843
0.0 0.343070908878372 0.22261231545480661 0.00769792615284306 0.005645145845417687
0.0 0.4008053550246949 0.18027372161416935 0.010263901537124065 0.008211121229699359
0.0 0.4493022897876061 0.23364600960721482 0.00769792615284306 0.007184731075986406
0.0 0.47393565347670397 0.19438658622771535 0.00667153599913064 0.0056451458454183975
0.0 0.5011349925500825 0.19618276899671194 0.00872431630655548 0.004105560614849679
0.0 0.5468093543902848 0.19438658622771535 0.008724316306555301 0.00667153599913064
0.0 0.5044707605496479 0.1741153806918952 0.005131950768561921 0.004105560614848969
0.0 0.50960271131821 0.1464028465416604 0.006158340922274519 0.006158340922274163
0.0 0.5557902682352683 0.1589761259246373 0.008211121229699359 0.0056451458454183975
0.0 0.542447196237007 0.11869031239142522 0.007184731075986761 0.006158340922274163
0.0 0.5429603913138632 0.0719895603975104 0.007184731075986939 0.006158340922274163
0.0 0.5586128411579774 0.05685030563025286 0.004618755691705801 0.003592365537993203
0.0 0.5675937550029609 0.035296112402292225 0.005131950768561921 0.00667153599913064
0.0 0.4444269365574722 0.03144714932587078 0.006158340922274341 0.004105560614848969
0.0 0.45956619132473014 0.013998516712759822 0.0056451458454182205 0.008211121229698647
0.0 0.34076153103251905 0.026828393634164626 0.006158340922274341 0.004105560614848969
0.0 0.3479462621085059 0.012972126559047581 0.008211121229699359 0.006158340922274163
0.0 0.3063774608831535 0.0070703831752013 0.00718473107598685 0.005645145845417687
0.0 0.2927777913464641 0.0028936977415302324 0.0097507064602679 0.005787395483060465
0.0 0.08467718768127355 0.12125628777570654 0.008211121229699248 0.005131950768561921
0.0 0.10956714890879944 0.08687221762634038 0.00769792615284306 0.0061583409222748745
0.0 0.0887827482961232 0.035296112402292225 0.00718473107598685 0.0056451458454183975
0.0 0.10854075875508702 0.038375282863429304 0.00872431630655548 0.005645145845417687
0.0 0.16858458274726282 0.08097047424249411 0.00769792615284306 0.004618755691705445
0.0 0.17551271628482154 0.07121976778222638 0.00615834092227443 0.0056451458454183975
0.0 0.20656101843462188 0.09764931424032106 0.00872431630655548 0.005131950768562632
0.0 0.2391489058149908 0.06146906132195866 0.00718473107598685 0.007697926152842882
0.0 0.27789513411763417 0.07866109639664103 0.009750706460267811 0.006158340922274163
0.0 0.3217733131888396 0.1458896514648039 0.00821112122969927 0.009237511383411601
0.0 0.23478674766171306 0.15256118746393454 0.00769792615284306 0.0071847310759871165
0.0 0.20142906766605986 0.1574365406940686 0.00769792615284306 0.00667153599913064
0.0 0.17782209413067449 0.1576931382324968 0.00769792615284306 0.0071847310759871165
0.0 0.1803880695149555 0.11920350746828134 0.004618755691705845 0.007184731075986406
0.0 0.133687317521041 0.140757700696242 0.009750706460267855 0.0071847310759871165
0.0 0.13676648798217822 0.1625684914626305 0.00872431630655548 0.0056451458454183975
0.0 0.5944417440254515 0.45879010463388104 0.007410781443385162 0.005460575800388767
0.0 0.6008774226473387 0.4470888707759045 0.005460575800389123 0.003120329028794089
0.0 0.6110184919909182 0.4710764001847565 0.007800822571984512 0.005070534671789773
0.0 0.6718649080523963 0.45059924093329756 0.007020740314785989 0.004680493543190778
0.0 0.7157445350198084 0.4476739324688033 0.005850616928988472 0.0042904524145910726
0.0 0.7795162595457806 0.44630878851870615 0.010921151600778245 0.007800822571984156
0.0 0.8286614417492821 0.46834611228456213 0.009360987086381556 0.005850616928987762
0.0 0.8001884393615392 0.4035992849370917 0.007020740314785811 0.005070534671789773
0.0 0.8179353107128037 0.3739561591635514 0.005850616928988117 0.005850616928987762
0.0 0.8282714006206829 0.3146699076164701 0.008580904829182856 0.008970945957781851
0.0 0.9086198731121218 0.3232508124456526 0.005460575800389123 0.005850616928988472
0.0 0.8922381457109546 0.36752048054166375 0.007020740314785811 0.007800822571984156
0.0 0.6078981629621244 0.40632957283728643 0.0031203290287937337 0.00975102821498055
0.0 0.6311056101137781 0.357574431762384 0.007410781443385162 0.007410781443385162
0.0 0.5804002633958796 0.28151641168553637 0.009751028214980372 0.005850616928987762
0.0 0.6336408774496729 0.2943877689293107 0.004680493543190778 0.005070534671789773
0.0 0.6492425225936416 0.2961429540080072 0.007020740314785989 0.007800822571984156
0.0 0.6704997641022991 0.3127197019734741 0.005070534671789773 0.005850616928988472
0.0 0.6788856483671822 0.3361221696894269 0.0093609870863812 0.005070534671789773
0.0 0.7604042442444189 0.31330476366637294 0.008580904829182678 0.008580904829182856
0.0 0.7504581954651388 0.27976122660683983 0.006630699186186995 0.007020740314786167
0.0 0.6808358540101782 0.2725454657277542 0.007800822571984512 0.0066306991861864615
0.0 0.757868976908524 0.35328397934779227 0.007410781443384984 0.0066306991861864615
0.0 0.8142108559508683 0.06352541347566643 0.006630699186186817 0.009360987086381556
0.0 0.9002149248069958 0.127687179130238 0.006240658057587467 0.007410781443385162
0.0 0.9000199042426964 0.23416840723782428 0.006630699186186817 0.007410781443385162
0.0 0.8489245163961986 0.22149207055834985 0.004290452414591428 0.007020740314786167
0.0 0.7685760439047599 0.2244173790228441 0.008190863700583684 0.007410781443385162
0.0 0.6932981060851106 0.23299828385202695 0.008190863700583684 0.0066306991861864615
0.0 0.5934475771637108 0.23377836610922528 0.009751028214980372 0.0066306991861864615
0.0 0.5840865900773295 0.13314775493062675 0.006630699186186817 0.01131119272937724
0.0 0.6254309497088466 0.13295273436632762 0.005070534671789773 0.007020740314786167
0.0 0.6535139109679904 0.09453368319930391 0.008970945957782028 0.008970945957781851
0.0 0.6971985173711028 0.1477742972530976 0.008190863700583506 0.004680493543190778
0.0 0.7619453447185731 0.018475663122456965 0.007410781443384984 0.008190863700583861
0.0 0.8922190816707122 0.04382833648140618 0.008190863700583506 0.005070534671789773
0.0 0.911136076407774 0.0391478429382154 0.006240658057587467 0.007410781443385872
0.0 0.9394995575388803 0.48769272270334874 0.005808123633072171 0.005393257659281403
0.0 0.9631469180449603 0.4318932492284763 0.007467587528235953 0.005808123633072171
0.0 0.9857571136165626 0.32236863214768513 0.008712185449608256 0.003318927790326853
0.0 0.9815728939892079 0.04452872010702506 0.006637855580654062 0.005808123633072171
0.0 0.9776316672381948 0.20632644988546572 0.01203111323993511 0.005808123633072171
