0.0 0.06168148066593287 0.9972128723160004 0.03002555594505532 0.005574255367999115
0.0 0.08741767147597954 0.9457933918805914 0.04718301648508643 0.012536339820363196
0.0 0.005104549522918007 0.8556614314479795 0.010209099045836015 0.007781176440225579
0.0 0.016900303644189617 0.7778496670457244 0.033800607288379234 0.005187450960150386
0.0 0.0072492320904214555 0.684691693553025 0.014498464180842911 0.008213464020237992
0.0 0.06918786965219582 0.6948504516833193 0.03217023851256053 0.006916601280200041
0.0 0.0670431870846906 0.6243875761412774 0.03645960364756743 0.006916601280200396
0.0 0.08634533019222693 0.5921821514303443 0.03217023851256053 0.005619738540163155
0.0 0.02307719445086023 0.4367747664158406 0.021446825675038004 0.0034583006401003756
0.0 0.010466255941676628 0.38317110649428693 0.020932511883353256 0.008645751600250762
0.0 0.07240489350345188 0.34167149881308434 0.025736190810048427 0.006916601280200396
0.0 0.055247432963418996 0.3051431983020258 0.021446825675038004 0.009942614340288359
0.0 0.027366559585867124 0.2236569894696645 0.047183016485089956 0.007781176440225579
0.0 0.07991128248971659 0.03150516015409614 0.04074896878257433 0.007348888860213165
0.0 0.07669425863846054 0.00116287425162529 0.03860428621507264 0.00232574850325058
