0.0 0.05715790103040312 0.08707250049258128 0.013419316082344679 0.010770766855566194
0.0 0.035174942448141344 0.09157503417810489 0.011830186546277233 0.010947336804017738
0.0 0.2090356616008572 0.5726732494321058 0.007517095782262828 0.010263332548049675
0.0 0.2037003058350953 0.5388138828020554 0.006895024761549707 0.008641764367808946
0.0 0.08604127438200102 0.6021470746811712 0.005895031674183926 0.007263521169976172
0.0 0.1123125706041419 0.5404208668078742 0.008229678457444222 0.009013457358153686
0.0 0.03092994809160281 0.46541945992580624 0.0075386989976856 0.010141345080219822
0.0 0.05286805661496441 0.4153487984533932 0.007279351603455097 0.00952510901303114
0.0 0.23483176897786376 0.5427403799704876 0.014658088225631615 0.011762663390939565
0.0 0.24378948956019464 0.5521505106832393 0.013753267964790438 0.011038807182265487
0.0 0.263605053272623 0.5158672182234956 0.01176266339093921 0.009048202608414612
0.0 0.23175538009100283 0.5016615401282841 0.010676879077929514 0.008505310451910475
0.0 0.18755560151844772 0.42224008699319204 0.008408039170532788 0.009368957932879595
0.0 0.17161004250320602 0.37036478876280726 0.013097875572536211 0.010136616747440996
0.0 0.042811045813941816 0.30841384085169565 0.008488531208961803 0.009260215864321708
0.0 0.04526390965881202 0.18537170293654198 0.008180653572228991 0.006658671512278858
0.0 0.13110695642575151 0.27845390348660465 0.011725712368379604 0.007035427421027407
0.0 0.18625150111663924 0.24076546875940927 0.010328076202367953 0.008557548853390528
0.0 0.20359391897865925 0.30641532301135754 0.010032988310871715 0.010918251985360427
0.0 0.18226371878923384 0.15081566394596493 0.010877971421405164 0.007694174907823026
0.0 0.13961882677236198 0.09324248842203212 0.009245443182103585 0.009597650541422097
0.0 0.245938676787239 0.11529098762026244 0.010082354980512775 0.010414740309540349
0.0 0.24702052941028524 0.0576542143273759 0.009196940776656958 0.010439770611340294
0.0 0.15953869586314937 0.02816393417181402 0.008909222381608827 0.009239193580927462
0.0 0.3318437228376359 0.5178918750690436 0.010831044908565346 0.009653757418503517
0.0 0.29802108313039233 0.4690082312650524 0.009055591120853634 0.012828754087876603
0.0 0.2678994487415304 0.4279807657003943 0.008112300379098158 0.009244249269205085
0.0 0.2267593008903658 0.39072942283631384 0.00908202064119017 0.009770052507947468
0.0 0.2533767880047222 0.35827629916331816 0.008531595147784898 0.010733297121406337
0.0 0.27090357611962707 0.2805066476259938 0.012467390835974968 0.011137535813470833
0.0 0.3108611850348728 0.29066697903039296 0.011371401209785147 0.009007050463196008
0.0 0.3916357494061442 0.20286961242947327 0.012768213099781179 0.00929858997484061
0.0 0.394105494679544 0.05258149440918984 0.008327095499857506 0.0068004613248831445
0.0 0.39473002684203334 0.028016562684610592 0.00902102012484569 0.007078031174879129
0.0 0.8422212458462812 0.027513750167764073 0.008619748743759459 0.006127291275684144
0.0 0.7733998683327327 0.02961744239880417 0.012552766347677036 0.0094145747607584
0.0 0.6976807818483562 0.04789858639280844 0.011102301438574002 0.009541040298774561
0.0 0.4404355381356092 0.051831773796160975 0.011536131267557436 0.010390157962833513
0.0 0.4839949484637721 0.0075698002365232496 0.009141921594546076 0.011588493135418076
0.0 0.834148349882582 0.11557741107320219 0.015719269557425263 0.010689103299049662
0.0 0.7968172944406127 0.08231436833806179 0.007264954243829358 0.008035479693932502
0.0 0.7418127778627426 0.11216796070236831 0.007869853129986736 0.00990515997394823
0.0 0.6262864944651211 0.041199051083068386 0.00823426693523075 0.0096495315647239
0.0 0.6003894830897657 0.0810596994558093 0.009075054231209023 0.009178179847472734
0.0 0.44689725171456446 0.1147172681770261 0.006737396591968192 0.006737396591967837
0.0 0.5167038144793258 0.12833883409327917 0.008127971591472516 0.008413163577138505
0.0 0.5484590062238602 0.1636985373531239 0.007557587620141248 0.008413163577138505
0.0 0.4979800247610308 0.17874241459698972 0.011265083433795554 0.009696527512633678
0.0 0.5137692517842611 0.2738916029342569 0.0073899308624163496 0.00884552330501336
0.0 0.4235202368847263 0.32909131053448704 0.007787161965041633 0.008540758284239303
0.0 0.4544804856650929 0.3521387979632792 0.01168074294756245 0.008163960124640112
0.0 0.43407677237927234 0.4571923520228083 0.010424749082232765 0.011555143561029269
0.0 0.39568427799418 0.4977343477639241 0.012692734140573236 0.012564524704809798
0.0 0.44844246081080535 0.49664456755993563 0.01051317373259586 0.010384964296832777
0.0 0.42880188368388694 0.5812209880100727 0.008899413216343532 0.009946403006501469
0.0 0.7466786428509558 0.6166274045638428 0.007923886373662726 0.008138045464843202
0.0 0.5335465298788838 0.5814746176767371 0.00808894873821977 0.008920522907569506
0.0 0.543373534361041 0.5585305251592718 0.01007916767708572 0.01102408964681274
0.0 0.6064572463242017 0.5495749050078477 0.012627716750856166 0.011468028477818849
0.0 0.6445672408168595 0.5883100949162217 0.007384589986356005 0.008190181621230863
0.0 0.6430831486064363 0.5637519986385406 0.009667099618502206 0.008995773256106076
0.0 0.65859468170153 0.5920212480818737 0.011301115241635884 0.010052044609665245
0.0 0.7003113418152556 0.580064097228048 0.011333333917857402 0.00898113253867976
0.0 0.7064591408744707 0.5906490034343488 0.005238993980896467 0.006628931159501405
0.0 0.7259147772468761 0.5585844608349898 0.012441969761740524 0.010150027963525331
0.0 0.6917060631617911 0.557696232059343 0.012487501124935818 0.009794118529361384
0.0 0.8022087368225417 0.5429768145806075 0.008242141214043385 0.010215611645574541
0.0 0.797042887751768 0.5284079593360662 0.0048756328308424916 0.0068491032623740015
0.0 0.8099629410440905 0.5201070579388688 0.006901581968806169 0.008594422829079207
0.0 0.7810336195967162 0.4187600387821462 0.01218698473741675 0.007173898817060831
0.0 0.8056380949423232 0.4222009506518539 0.004940804300323976 0.007411206450486674
0.0 0.8293453819567311 0.47871398453928116 0.0049484673377008905 0.007422701006551335
0.0 0.7966133638279453 0.10324870870656469 0.011542825997755912 0.007413684990428493
0.0 0.854281304022334 0.2179230849480483 0.010421573852574539 0.016421873949511934
0.0 0.7721222080908449 0.14649492506734313 0.011307838494285249 0.010010217683466039
0.0 0.7982980901266974 0.2302941536610934 0.011122464092739648 0.009824843281920436
0.0 0.8037666349722941 0.21944975117067217 0.009454094478828523 0.00926872007728292
0.0 0.8221262298181315 0.49497717714924433 0.008397631079024848 0.009741252051669846
0.0 0.833278311844363 0.36323291642095834 0.009468241570641567 0.007342717952742106
0.0 0.7946758613815156 0.35649539573521133 0.010947090381254299 0.007396682690037437
0.0 0.8055239446994023 0.32959726895888436 0.010552600637785759 0.009960866022582593
0.0 0.7654781024505797 0.31859698579977935 0.010211856352754723 0.010698135226694916
0.0 0.7658428116060347 0.32886962701177647 0.008753019730932366 0.0071726133906253155
0.0 0.7457156880787552 0.06951033774580928 0.013478202605494616 0.009665290026308782
0.0 0.6884098429853595 0.1395018029696203 0.011771254838745904 0.008155797995416946
0.0 0.7054997530463586 0.19366524949557232 0.010022722177244958 0.008883776475285998
0.0 0.7441667924040443 0.22924925765709786 0.012579422846044963 0.010613888026350793
0.0 0.7242166139841448 0.21789829407336186 0.010613888026350438 0.010712164767335252
0.0 0.6687585776928204 0.29172191541520043 0.010854465481989095 0.010260861900943042
0.0 0.7043841423814206 0.23364865410087104 0.013996799301322227 0.009648279130037452
0.0 0.6876695179730452 0.24112267314526684 0.010735409172858822 0.010463626662153303
0.0 0.718516832938095 0.2540323424037677 0.011550756704974675 0.00828936657651127
0.0 0.7290484052279249 0.2541002880314441 0.007881692810453344 0.00815347532115851
0.0 0.5957019075847194 0.2566852619577233 0.013143106171150266 0.009921756619397825
0.0 0.7433456778176394 0.2978954617687535 0.007921634447216164 0.006981779512801012
0.0 0.7301877087358226 0.29547869193739906 0.005504864615862104 0.006981779512801012
0.0 0.7215276168401374 0.28910110488243745 0.007250309494062179 0.0089957543722619
0.0 0.7064899378894897 0.2841333002290984 0.010741199250462685 0.008190164428477687
0.0 0.5280904971286849 0.4389563111380717 0.011849803199164555 0.0070511225647919675
0.0 0.5948266755593453 0.5006515004327625 0.011347581407158459 0.0061566665081393525
0.0 0.651015141264117 0.5174073923680258 0.010562364108962542 0.0075832357705373
0.0 0.6548067591493855 0.5067096133345895 0.008937385015275722 0.00812489546843267
0.0 0.6731554814155956 0.5016992611290562 0.007176990997115595 0.008395725317379999
0.0 0.6144732316780763 0.4788638989816196 0.006075997711077008 0.009721596337729465
0.0 0.6304227256696662 0.47757274946801365 0.007898797024405014 0.00562029788274927
0.0 0.5885248232872178 0.44583775501436057 0.010888943378953186 0.010284002080122433
0.0 0.7420154227686739 0.4327575945025647 0.009765091558226047 0.011007921392909736
0.0 0.7524562645035673 0.4358514703158264 0.006835117700175886 0.010016982836464905
0.0 0.7078450009206232 0.3929820100971746 0.012202448293846401 0.00929710346197794
0.0 0.7302111554627555 0.35046288244302415 0.009779854024825951 0.007575943258667906
0.0 0.7070012202066541 0.3479146106196541 0.010744064985020074 0.009366620756171073
0.0 0.6546555933230263 0.3758109038223935 0.010361248536724687 0.008832539736224021
0.0 0.6057705409802112 0.3934438016789894 0.012929118154131914 0.011432062367863694
0.0 0.5856963838461647 0.354656447216594 0.012248638251282884 0.009254526678746799
0.0 0.5675347892208775 0.32066597338937264 0.013937195380394129 0.009936704113799521
0.0 0.46028515106735934 0.20473319714725308 0.01193496442187687 0.008411308259227469
