0.0 0.20946974683426364 0.027513750167764073 0.04276464493027948 0.006127291275684144
0.0 0.16941816996009673 0.11557741107320219 0.07798707377327263 0.010689103299049662
0.0 0.0011157124031686096 0.08231436833806179 0.0022314248063372193 0.008035479693932502
0.0 0.015701847887289094 0.5429768145806075 0.03140369577457819 0.010215611645574541
0.0 0.04942854471486738 0.5201070579388688 0.03424040666694534 0.008594422829079207
0.0 0.02797194389989822 0.4222009506518539 0.02451251745897166 0.007411206450486674
0.0 0.14558949187835601 0.47871398453928116 0.024550535628903643 0.007422701006551335
0.0 0.005915725461887252 0.10324870870656469 0.011831450923774503 0.007413684990428493
0.0 0.2693025935991764 0.2179230849480483 0.051703932291842676 0.016421873949511934
0.0 0.009573512367298406 0.2302941536610934 0.019147024734596813 0.009824843281920436
0.0 0.02106959928485774 0.21944975117067217 0.04213919856971548 0.00926872007728292
0.0 0.10977354328375342 0.49497717714924433 0.04166266581841785 0.009741252051669846
0.0 0.16510170217358347 0.36323291642095834 0.046974221745818626 0.007342717952742106
0.0 0.0003706209541525625 0.35649539573521133 0.000741241908305125 0.007396682690037437
0.0 0.027405617113313487 0.32959726895888436 0.052353987660332446 0.009960866022582593
