0.0 0.019831299508153676 0.7558396413891686 0.009901457514094148 0.015559433236433762
0.0 0.4752463879571259 0.9128055237717412 0.010636642873262759 0.012513697497956855
0.0 0.13721405515384077 0.9011752874040987 0.011888012623058586 0.010636642873262759
0.0 0.331489208809619 0.6580967135062892 0.007508218498774255 0.011262327748161027
0.0 0.5267028897777436 0.7732227304874915 0.012513697497956855 0.011262327748161027
0.0 0.5135635074048892 0.7025203396240354 0.01501643699754851 0.01501643699754851
0.0 0.6465215433206793 0.6925093816256706 0.011888012623059297 0.01501643699754851
0.0 0.8170206717303394 0.6634150349429209 0.0100109579983652 0.013139382372854414
0.0 0.6890681148137319 0.5191946712789693 0.011888012623058586 0.016267806747343627
0.0 0.8242160477916645 0.5789475768317132 0.008133903373672525 0.010636642873263468
0.0 0.4757095724735699 0.4947929611579543 0.006882533623875276 0.012513697497956855
0.0 0.3784155744269565 0.33774605755859743 0.012513697497956855 0.012513697497956855
0.0 0.6587223983811867 0.22387141032719135 0.0100109579983652 0.015016436997547799
0.0 0.7441283838047414 0.3186626688742134 0.011888012623058586 0.01439075212265024
0.0 0.7294247892446428 0.345254276057371 0.01001095799836591 0.013765067247751972
0.0 0.5967795957663011 0.020523825985394595 0.011262327748161027 0.011262327748161027
0.0 0.9964190607883158 0.1218847757188442 0.007161878423368506 0.018770546246935284
