0.0 0.11046259331982089 0.07014951629815087 0.014144939305849036 0.007072469652924696
0.0 0.0196992327739558 0.45512761440567734 0.009901457514094502 0.015087935259572305
0.0 0.3452685857969163 0.3198076950463877 0.013201943352126122 0.008486963583509777
0.0 0.0003017823555297561 0.633353849659376 0.0006035647110595122 0.012258947398402853
0.0 0.085708949534585 0.7455703681524456 0.01178744942154104 0.012258947398402498
0.0 0.036437410952543915 0.9497289921335345 0.015087935259572305 0.015087935259572305
0.0 0.937705793723563 0.7811684654054998 0.009901457514094858 0.009901457514094148
0.0 0.9560942148211666 0.7568863195971254 0.011787449421540686 0.012258947398402498
0.0 0.9308690730590694 0.7340186677193359 0.012258947398402853 0.012730445375263955
0.0 0.9865058343287423 0.7446273721987227 0.005657975722339614 0.013201943352125767
0.0 0.9690604091848616 0.6385403274048544 0.013201943352126478 0.012258947398402498
0.0 0.5737093555863793 0.5583856713383757 0.010844453467817771 0.011315951444679229
0.0 0.46597206787349527 0.543769234055665 0.013201943352125767 0.010372955490955604
0.0 0.7099722708993923 0.6093074528394327 0.010844453467817417 0.008486963583509421
0.0 0.8111085869362131 0.4395681811692434 0.011315951444679229 0.010372955490955604
0.0 0.8252535262420626 0.46526482090820254 0.011315951444679229 0.013673441328987224
0.0 0.675081420611631 0.28585984071235 0.009901457514094502 0.012258947398402498
