0.0 0.2099219312286209 0.22562061760154678 0.012664331194682354 0.01332100021959164
0.0 0.08821185181644431 0.25451261618815585 0.019959884366786085 0.013074607650365522
0.0 0.3678604414255733 0.19507657436002787 0.014972547817150073 0.014402165043162541
0.0 0.27947697176540354 0.19415455766429623 0.013776113841543314 0.018090896667385437
0.0 0.20404987544410869 0.14250909648746662 0.016858542268011867 0.01257247219987363
0.0 0.22206330790835294 0.059978355479231735 0.01762760918034978 0.011305983819121224
0.0 0.13392409868205846 0.20554655840304611 0.018020223874968266 0.01266286002024799
0.0 0.0033719909881133603 0.12354601175220062 0.006743981976226721 0.014454029036375715
0.0 0.018458098915047128 0.10027661335847463 0.015486459681830489 0.0095301290349731
0.0 0.005559656479730224 0.043051705872448665 0.011119312959460448 0.016038374937168955
