0.0 0.5016738473807818 0.9939177352243306 0.006600971676062883 0.006600971676062883
0.0 0.5606110944884863 0.9844877756870979 0.005657975722339614 0.005657975722339614
0.0 0.2675751018689789 0.8637842936105189 0.008958461560371144 0.006600971676062883
0.0 0.3345278145833314 0.7565185038744964 0.006129473699201249 0.005186477745478158
0.0 0.6313357910177319 0.7897591112432418 0.007543967629785975 0.00754396762978633
0.0 0.6959310138477761 0.9340374921629027 0.00942995953723269 0.01037295549095596
0.0 0.7185629167371348 0.8871234434651699 0.008486963583509421 0.00707246965292434
0.0 0.7159696778643957 0.8618983017030721 0.006129473699201249 0.008486963583509421
0.0 0.372719150709124 0.6473667222310275 0.00518647774547798 0.006600971676062883
0.0 0.43448538567799844 0.6292140501218545 0.00518647774547798 0.007072469652924696
0.0 0.46065352339381926 0.6629261554674615 0.008486963583509421 0.005657975722339792
0.0 0.6940450219403295 0.627328058214408 0.00754396762978633 0.008958461560371056
0.0 0.7397803256959086 0.6928662731242045 0.006600971676062883 0.006129473699201249
0.0 0.8630226430325114 0.728645719626945 0.006891124277208505 0.006528433525776478
0.0 0.9259494884059685 0.8662868597953997 0.007979196531504584 0.008341887282936966
0.0 0.8350954551722454 0.6552008424619592 0.006891124277208505 0.00834188728293661
0.0 0.8414425433223058 0.691832608356594 0.007979196531504584 0.005440361271480398
0.0 0.9747313944735762 0.6414185939075421 0.009792650288664717 0.005440361271480398
