0.0 0.2802986279465775 0.41940101490887577 0.008015465606647875 0.007072469652924696
0.0 0.3392358750542821 0.4172792682020418 0.007072469652924518 0.005657975722339614
0.0 0.3639895188395181 0.4151575331171212 0.008486963583509421 0.005186477745477447
0.0 0.34135761595015957 0.21547813991621786 0.007543967629786152 0.005657975722339614
0.0 0.5337287905097076 0.20982016419387825 0.005657975722339614 0.006600971676062528
0.0 0.5978525153628901 0.32816615638614904 0.006600971676062883 0.00471497976861599
0.0 0.6174196814026479 0.3595207718474477 0.007072469652924518 0.006129473699201071
0.0 0.7852729611653906 0.4111498003137971 0.007072469652924518 0.005657975722339614
0.0 0.7166700055320225 0.4465121485784202 0.006600971676062883 0.00471497976861599
0.0 0.2520156687918692 0.06438785444760739 0.006129473699201249 0.005657975722339614
0.0 0.3533877336577968 0.04599943722397448 0.007072469652924518 0.003771983814893076
0.0 0.4559385436252029 0.044820692281820486 0.005657975722339614 0.007072469652924696
0.0 0.6919232810444521 0.04977142103886756 0.006129473699201249 0.010372955490956315
0.0 0.7645339694811444 0.017945307600707137 0.006129473699201249 0.005186477745477447
0.0 0.8927814191875095 0.4340422721811013 0.008015465606647964 0.005657975722339614
0.0 0.9495969253993367 0.3213542557111705 0.006600971676062883 0.006600971676063239
