0.0 0.3196816078655438 0.08644595845199819 0.007535762256089385 0.01011945217246304
0.0 0.548421760087128 0.19001117074137416 0.0077434019424387655 0.006701020911725575
0.0 0.9217558295636123 0.08826244396792486 0.006097988502045837 0.008473828178167752
0.0 0.9029075014663803 0.0885396252634724 0.005781209878563942 0.00791946558707266
0.0 0.9128284474030508 0.1428485150338974 0.007473762558452534 0.010263967246942052
0.0 0.9107856189704069 0.22291742457678998 0.009367115739927812 0.00717481205611481
0.0 0.8723812750436242 0.4391370497189338 0.007207495131344643 0.0072074951313441105
0.0 0.7522727131513257 0.40800470984188486 0.007839283696660005 0.008844320068027045
0.0 0.7565590317620821 0.44719093343961525 0.010753889173624031 0.006532736413883277
0.0 0.6930817403313903 0.4583921098474299 0.008845648476364687 0.007631539861961656
0.0 0.07270264865336351 0.5503706038114727 0.005692347165395262 0.004692340230933923
0.0 0.07301034309473593 0.554755249601034 0.004461569399904164 0.0034615624654430023
0.0 0.2215094865723394 0.5918490357685786 0.008785782973151867 0.007743401942438411
0.0 0.1243116152587799 0.6624171925925939 0.007564287395428693 0.006959144403793971
0.0 0.1791559400663843 0.7052733279730711 0.006761335792851497 0.008301045923896844
0.0 0.4225883194934788 0.45283051180416756 0.004882606679407075 0.004374001816968942
0.0 0.41916531848438227 0.45646917318617974 0.00469481411481496 0.005055953662108159
0.0 0.5296478150002464 0.5969381541353644 0.007178831224047855 0.007322407848528734
0.0 0.5593206438813674 0.5735886148014269 0.009906787089185798 0.006891677975085919
0.0 0.6547551870168874 0.5869882285658772 0.010183999337121464 0.011196073805407103
0.0 0.7341292860563403 0.6339103951859044 0.009146822691260326 0.009684871084864355
0.0 0.7110698043864712 0.6674140911689558 0.006847957960028595 0.009169299641394702
0.0 0.7683960674019413 0.6882159426653109 0.008538104593005613 0.007976387185570921
0.0 0.858654340325419 0.7652683445632401 0.007767095539073665 0.008125576871646167
0.0 0.4796893831651342 0.7779433721217621 0.009307569736801469 0.006706925251518392
0.0 0.25168231235927935 0.7459467202645054 0.0078320373435119 0.007173267847328546
0.0 0.14355905339751232 0.8349541261686954 0.005629539689260099 0.007605867452511817
0.0 0.9721163948144657 0.8656536587714163 0.009389455610352116 0.007900883379442548
0.0 0.9562001224993566 0.8837455366547781 0.006870333373429105 0.007671872266995195
0.0 0.8306646953039593 0.8464684378999087 0.006617339470686545 0.006553093456407666
0.0 0.8795893713629536 0.8349524095845139 0.004118122105277422 0.0052268472874679615
0.0 0.023153739898605252 0.9963739604301518 0.006562092616508863 0.007252079139696476
0.0 0.9655576014311826 0.9106333467635978 0.007152806857069293 0.004123382776428386
0.0 0.9654313754278228 0.9154720102257325 0.007405258863789043 0.004712437458775298
0.0 0.941199863750693 0.9084468632670368 0.006796434680809682 0.007645989015910714
0.0 0.9114938468985955 0.9213876027952453 0.009363765753874986 0.007298229190519123
0.0 0.7133406450571439 0.8477571098431863 0.01136055055770271 0.006326534142912265
0.0 0.23983551634982198 0.9371678634613257 0.007334543854507558 0.00832569842944153
0.0 0.30111271194830175 0.8865235592771828 0.008420846160571215 0.006315634620428412
0.0 0.8290431350168447 0.9687937738426026 0.008274723624379022 0.009410470004195658
0.0 0.5985855527597621 0.9473213647547659 0.010127674203771874 0.006184839208410509
0.0 0.5497470049044377 0.9839848295223474 0.010173200241936086 0.00897635315464953
0.0 0.4058877906198667 0.9749015323990902 0.010693388993834674 0.00868837855749085
0.0 0.3379676355915855 0.9998369799938189 0.009124462230219876 0.00032604001236204996
0.0 0.3479977354798116 0.8487123197427596 0.00772147894739561 0.007515572842132201
0.0 0.36067341135733527 0.8845006415122267 0.008350544755124645 0.0064849975225964585
