0.0 0.1521947869545155 0.08826244396792486 0.007622485627557296 0.008473828178167752
0.0 0.1286343768329754 0.0885396252634724 0.007226512348204928 0.00791946558707266
0.0 0.1410355592538135 0.1428485150338974 0.009342203198065668 0.010263967246942052
0.0 0.13848202371300866 0.22291742457678998 0.011708894674909764 0.00717481205611481
0.0 0.09047659380453021 0.4391370497189338 0.009009368914180804 0.0072074951313441105
0.0 0.07331792540677373 0.7652683445632401 0.009708869423842081 0.008125576871646167
0.0 0.2566374718306128 0.9379758475852922 0.008038704136072994 0.00857461774514583
0.0 0.2151454935180821 0.8656536587714163 0.011736819512940144 0.007900883379442548
0.0 0.1952501531241957 0.8837455366547781 0.008587916716786381 0.007671872266995195
0.0 0.0383308691299491 0.8464684378999087 0.008271674338358181 0.006553093456407666
0.0 0.09948671420369193 0.8349524095845139 0.0051476526315967774 0.0052268472874679615
0.0 0.2069470017889783 0.9106333467635978 0.008941008571336617 0.004123382776428386
0.0 0.20678921928477845 0.9154720102257325 0.009256573579736305 0.004712437458775298
0.0 0.1764998296883662 0.9084468632670368 0.008495543351012103 0.007645989015910714
0.0 0.1393673086232443 0.9213876027952453 0.011704707192343733 0.007298229190519123
0.0 0.036303918771055876 0.9687937738426026 0.010343404530473777 0.009410470004195658
