0.0 0.259730731656481 0.9691689010202171 0.016089868460404055 0.011646000028482461
0.0 0.17736592882346391 0.9664106378555761 0.015323684248003566 0.006129473699201071
0.0 0.16089296825686006 0.8793721113269186 0.009960394761202807 0.01593663161792378
0.0 0.47004829796032466 0.6905843213915176 0.012258947398402498 0.01593663161792378
0.0 0.45280915318132076 0.6789383213630362 0.011492763186002009 0.008581263178881925
0.0 0.3750414556227053 0.5318309525822051 0.018388421097603747 0.013484842138242924
0.0 0.3631656003305026 0.5024094788260391 0.011492763186002009 0.009807157918721998
0.0 0.3367322450026973 0.508538952525241 0.012258947398402498 0.012258947398402853
0.0 0.03792040216663439 0.4772786366593138 0.015323684248003566 0.009807157918721998
0.0 0.004785793153914364 0.4723750576999535 0.009571586307828728 0.01103305265856278
0.0 0.04213441533483531 0.4113867943929005 0.009960394761202807 0.007968315808961535
0.0 0.028726191617832963 0.4190486365169022 0.015323684248003566 0.011033052658562071
0.0 0.006318161578714676 0.2409874255551049 0.012636323157429352 0.01042010528864239
0.0 0.142887639265457 0.14659353058740515 0.015323684248003566 0.012871894768322534
0.0 0.0009548720919132503 0.09541242519907414 0.0019097441838265006 0.013484842138242924
0.0 0.4302067189155161 0.0191004776440181 0.010726578973602408 0.011646000028482461
0.0 0.41028592939311226 0.05587731983922595 0.012258947398402498 0.007968315808961535
