0.0 0.13407652082285493 0.7136948775035763 0.013025131610802987 0.015323684248003566
0.0 0.167405534062262 0.7282523775391794 0.013791315823202588 0.0137913158232017
0.0 0.08044362595484378 0.609876916723354 0.014557500035603965 0.014557500035603077
0.0 0.10611079707024906 0.6163894825287559 0.015323684248003566 0.012258947398402498
0.0 0.23214810001007447 0.49303382433232956 0.013025131610802987 0.013791315823202588
0.0 0.4125844820303133 0.3428617187018985 0.015323684248003566 0.013791315823203476
0.0 0.4060719162249118 0.3030201396570904 0.011492763186002897 0.015323684248003566
0.0 0.259730731656481 0.21146112627527147 0.016089868460404055 0.014557500035603077
0.0 0.17736592882346391 0.20801329731947016 0.015323684248003566 0.007661842124001339
0.0 0.16089296825686006 0.09921513915864821 0.009960394761202807 0.019920789522404725
