0.0 0.36163894825287557 0.8978642146787547 0.006129473699201249 0.007355368439041854
0.0 0.5645245276964379 0.8742657409368298 0.006129473699201249 0.007968315808961535
0.0 0.5746381593001201 0.8825405304307516 0.0055165263292812124 0.008581263178881925
0.0 0.4425480010823325 0.889282951499873 0.011033052658562248 0.006129473699201071
0.0 0.779669054538403 0.7617898985564864 0.008581263178881748 0.009807157918721998
0.0 0.2341458953094889 0.8448442671806635 0.007355368439041499 0.011646000028482461
0.0 0.10879815816082272 0.860780898798587 0.011646000028482418 0.007968315808961535
0.0 0.08918384232337864 0.770677635420328 0.00796831580896169 0.004290631589440963
0.0 0.7450375281379158 0.6575888456700646 0.007968315808961712 0.011033052658562071
0.0 0.7186807912313501 0.5812768981150086 0.007968315808961712 0.007968315808961535
0.0 0.7355368439041536 0.5184497926981952 0.006129473699201249 0.008581263178881571
0.0 0.6711773700625402 0.7296101616356795 0.007355368439041676 0.009194210548801606
0.0 0.011952473713442498 0.6882362141660711 0.010420105288642175 0.008581263178881571
0.0 0.28164931647829883 0.560130213852764 0.006742421069121374 0.007355368439041854
0.0 0.36409073773255607 0.24476879202885832 0.014710736878082997 0.009194210548801962
0.0 0.43090200105385 0.4350889503890579 0.009807157918721998 0.007355368439041499
0.0 0.5292800539260306 0.17826400239252446 0.00551652632928139 0.008581263178881571
0.0 0.5142628433629874 0.12463110752451315 0.007355368439041499 0.009194210548801962
0.0 0.48147015907226065 0.03728610731089503 0.010420105288642212 0.011033052658562425
0.0 0.8967420021931474 0.14914898973091245 0.006129473699201427 0.004290631589440963
0.0 0.9942006338033262 0.7915178560699369 0.009807157918721643 0.011646000028482461
0.0 0.9819416866120452 0.881621109375871 0.008581263178881571 0.012871894768322534
0.0 0.6225900650125592 0.5396980890435292 0.008487046355854667 0.0034719735092132
0.0 0.7252061709515292 0.4293664864174188 0.004629298012284266 0.007329721852783777
0.0 0.5431204491350112 0.4413255062824867 0.003857748343570222 0.006558172184069377
0.0 0.4073277074413369 0.4461476917119498 0.005400847680998489 0.006172397349712711
0.0 0.3907393895639847 0.5055570162029323 0.012344794699425066 0.010030145693282932
0.0 0.4835687548665365 0.5787592579920233 0.008101271521497644 0.006172397349712711
0.0 0.6153108607994621 0.778397734771786 0.005400847680998311 0.005015072846641289
0.0 0.5250395494947386 0.8086810687777437 0.007715496687140622 0.0069439470184264
0.0 0.4692950858649689 0.9575901485002702 0.005786622515355511 0.005400847680998311
0.0 0.17047235076839587 0.7068629564167365 0.008190863700583594 0.005631218794151138
0.0 0.005887183284794451 0.8005459599921615 0.009726650644443006 0.010750508607015697
0.0 0.03122766785847491 0.8819426680167108 0.006143147775437685 0.007678934719297104
0.0 0.00947068615379977 0.8566021834430302 0.006655076756724161 0.0071670057380110565
0.0 0.3460639913496565 0.691249122487499 0.009214721663156577 0.007167005738010701
0.0 0.2997344185432305 0.542533753423778 0.007678934719297192 0.007678934719297104
0.0 0.7077418166285503 0.46753615766530976 0.006655076756724121 0.007167005738010701
0.0 0.4382112079812218 0.3408337347969074 0.0051192898128647355 0.006655076756724299
0.0 0.44409839126601625 0.31395746327936747 0.005631218794151138 0.008190863700583506
0.0 0.42387719650520045 0.30986203142907554 0.007167005738010701 0.008190863700583506
0.0 0.26133974494674506 0.3469768825723449 0.008702792681870086 0.006655076756724299
0.0 0.22857629014441067 0.38281191126239805 0.005631218794151227 0.006655076756724299
0.0 0.03916256706841527 0.32342814943316717 0.008702792681870053 0.007678934719297104
0.0 0.11083262444852163 0.3119097473542215 0.007678934719297104 0.008190863700583506
0.0 0.07422970207030577 0.25559757834044916 0.007167005738010634 0.011262437588302632
0.0 0.26850675068475566 0.16933752606593871 0.007678934719297104 0.007678934719297104
