0.0 0.7657740564609672 0.0685464231768215 0.006742421069121462 0.006129473699201427
0.0 0.7213353721417579 0.14700368652659784 0.006129473699201427 0.007355368439041854
0.0 0.21534731801379045 0.44796084767546207 0.011646000028482461 0.007355368439041143
0.0 0.26714137103094304 0.42099116088089517 0.004903578959360999 0.008581263178881571
0.0 0.09674200219314741 0.14914898973091245 0.006129473699201427 0.004290631589440963
0.0 0.6888491615359913 0.5104814768892336 0.0049035789593606435 0.007355368439041854
0.0 0.44305726619802 0.6431845824769417 0.006129473699201071 0.00796831580896118
0.0 0.8007120565464145 0.6490075824911828 0.006742421069121285 0.009807157918721998
0.0 0.6719931088631876 0.7096893721132755 0.01042010528864239 0.008581263178881571
0.0 0.19420063380332628 0.7915178560699369 0.009807157918721643 0.011646000028482461
0.0 0.1819416866120452 0.881621109375871 0.008581263178881571 0.012871894768322534
0.0 0.3685841607527241 0.8344241618920215 0.007968315808961535 0.007968315808961535
0.0 0.7832430565036909 0.9070584252275566 0.008581263178881571 0.009807157918721998
0.0 0.9095102147072371 0.9248338989552405 0.011033052658562071 0.008581263178881925
0.0 0.9303504252845215 0.889282951499873 0.008581263178881925 0.013484842138242924
