0.0 0.2767001425267379 0.9537332598884802 0.015431039117483891 0.01368342745839506
0.0 0.328906045716002 0.9142696083847449 0.011871252040214664 0.008598636612912002
0.0 0.29762369236678676 0.9140129326649564 0.014117164588363984 0.007571933733758485
0.0 0.2664127770527398 0.8447399682996632 0.01359314891821306 0.011168425057125831
0.0 0.2789956243621661 0.8344532610102051 0.014511604926200405 0.00940498952179034
0.0 0.021481859299135486 0.7324742959249807 0.01818998511394465 0.011743709687599236
0.0 0.2147860476090271 0.8724460118211311 0.0121391839560685 0.006886227989624061
0.0 0.21059251133329449 0.8801268045787888 0.015229158053976732 0.010947336804018094
0.0 0.11822435704939371 0.9188839082639813 0.014125595876152808 0.010770766855565838
0.0 0.1473438716207478 0.9195123939743608 0.011430050085153631 0.01171982600280579
