0.0 0.9875467664948246 0.9038054693536033 0.010977815577538052 0.010467219504164404
0.0 0.9413378218544886 0.8978059654914599 0.010467219504164404 0.012254305760972528
0.0 0.9473373257166312 0.8679360951990883 0.014296690054468542 0.012254305760972528
0.0 0.9175951044426028 0.9177192123530414 0.009956623430790757 0.01174370968759888
0.0 0.9712076921468601 0.9437596120951092 0.009446027357417109 0.011233113614225233
0.0 0.941803001112843 0.8324460042494024 0.011731431413554816 0.014338416172122948
0.0 0.3052642115486588 0.972724463390944 0.014064682772473702 0.010167240558413938
0.0 0.2889966266551955 0.9534067063299563 0.012031234660790346 0.012200688670097293
0.0 0.2644604583531258 0.9241880817940313 0.013305799262484897 0.01577687626837445
0.0 0.23157612589012758 0.9547914200977466 0.013685964955698182 0.016537207654802443
0.0 0.44080123310690594 0.8253479453650605 0.010131789579425288 0.01237144832856174
0.0 0.7541800324419817 0.8603157363147826 0.009393831225923322 0.012269493846104495
0.0 0.7527422011318912 0.8129631585024744 0.012269493846103785 0.0111192287980316
0.0 0.888869498499487 0.7455572712405457 0.009224715299547626 0.014739490750363871
0.0 0.9863117725878883 0.6854611415113118 0.01126642551968544 0.01599105557632825
0.0 0.97122929971476 0.6963641339497176 0.010176126275845831 0.01162985860096626
0.0 0.9144688179690939 0.75319246350331 0.008451444654902218 0.006300167833655124
0.0 0.9144688179690939 0.7599536192272321 0.00783679413454621 0.006607493093833128
0.0 0.907685762524413 0.6817335986860407 0.009190729320729929 0.015573180237903373
0.0 0.9302796387712068 0.628503958036814 0.011488411650912411 0.01021192146747758
0.0 0.8683698648746244 0.685052473162971 0.013275497907720535 0.010467219504164404
0.0 0.9650001717606305 0.6180367385326496 0.01199900772428677 0.011233113614225233
0.0 0.9800419587581992 0.580651782402963 0.011233113614225233 0.01225430576097324
0.0 0.9251528808705078 0.5454206533401654 0.013786093981094894 0.009701325394103576
0.0 0.8943894674497315 0.5911190019071274 0.01455198809115572 0.011743709687599236
0.0 0.9019207595319969 0.5797582392745586 0.014296690054468542 0.011488411650912056
0.0 0.8927300302112663 0.5578026081194819 0.014296690054468542 0.009446027357416753
0.0 0.9862538028299432 0.4442203428955276 0.011940486793028527 0.011492718538289638
0.0 0.8997799607672778 0.4193676573896793 0.011690105395867078 0.011888242775458479
0.0 0.9672993382504146 0.38069819295049995 0.012092529992554547 0.013567228772134144
0.0 0.9303775292365593 0.3524217008758074 0.01113954651497906 0.016107182123009524
0.0 0.9590543347920111 0.3555829235354633 0.016107182123009524 0.010386874453156026
0.0 0.9634950999567617 0.36175483444241097 0.009032064741882095 0.008881530329509956
0.0 0.8559322524370376 0.24840160128514022 0.010743273480410664 0.012555391898792933
0.0 0.7910028935659656 0.2521988224896218 0.007483091707877776 0.010163602170401376
0.0 0.8104769826207413 0.2310593007478717 0.012253099430825642 0.013767527450366402
0.0 0.7767694701446775 0.16538378993881686 0.011443667677345105 0.011845199876549728
0.0 0.7643219719693206 0.17371558307232232 0.012648264274960042 0.01124290157774226
0.0 0.7446844097499443 0.607564497639291 0.014282904270052655 0.012378517034046155
0.0 0.7309456161187509 0.6148419774340322 0.012378517034045444 0.015235097888056614
0.0 0.6712127050795111 0.0008402225621333415 0.01267197761540757 0.001680445124266683
0.0 0.6896446725201042 0.0252004035771062 0.01305597693708691 0.011327979989530945
0.0 0.7531965602579807 0.03595238458411867 0.01190397897204889 0.012863977276246885
0.0 0.7826169160940644 0.42778297525950626 0.012509603797659707 0.009956623430790757
0.0 0.7189997162458048 0.49614813225958637 0.014551988091156431 0.012764901834346887
0.0 0.7534649511985417 0.5330386985608488 0.012509603797660418 0.014041392017781717
0.0 0.9359109760048568 0.4236215537372036 0.013877948630771898 0.013784808035934404
0.0 0.6864505005842471 0.5474399469035468 0.014955328776335364 0.016012776265571203
0.0 0.6401490488430873 0.6434616948067203 0.008212001989488727 0.012904574554910652
0.0 0.6231224304853914 0.4891102807299438 0.0107531098607204 0.01495547463387581
0.0 0.6412830936643796 0.5185687097907945 0.010079050362413255 0.013712196423282919
0.0 0.7282980002494511 0.13547267312912153 0.012239999870512008 0.014304578161924297
0.0 0.29708872259647484 0.9298416385895504 0.010408304572621319 0.014335966675497502
0.0 0.7056344085355508 0.8322097330124404 0.0114884116509117 0.015828478274590198
0.0 0.7334240553186173 0.7808054431655227 0.012764901834346887 0.014807286127842545
0.0 0.8075483423417669 0.702566926627564 0.013437702938037432 0.01431886378643341
0.0 0.41773294159274527 0.6079482784499783 0.010597182028811858 0.015224120661110873
0.0 0.4444497807921451 0.6298889229321674 0.012388255047766705 0.012836023302504884
0.0 0.6582232711741927 0.8190564375653476 0.01174370968759888 0.014296690054468542
0.0 0.6071791761769258 0.7571903747719813 0.013020199871033356 0.014041392017781717
0.0 0.7132755279168688 0.7401834667812345 0.012644658174481549 0.011256829838257687
0.0 0.7121190043033483 0.7508234840256153 0.012490455026011916 0.009097985759687788
0.0 0.787010277973231 0.9219730215227593 0.01426068428021452 0.015647139696346103
0.0 0.4939822773270176 0.8130554986799048 0.0135342479468747 0.014958905625493202
0.0 0.5061782956274066 0.7646302955426056 0.012109590268256198 0.01567123446480174
0.0 0.4615975704184539 0.784693858807137 0.013238626592295332 0.01300222254600456
0.0 0.3763462507285425 0.7439133958564484 0.011084914837464054 0.012032343456050754
0.0 0.3769900465796859 0.6439707976394009 0.012145895060388767 0.013313769585425206
0.0 0.35844760774848405 0.5797904783748168 0.01354429146717635 0.012010975452024297
0.0 0.2863674104686602 0.5379421063343385 0.011919387028151363 0.013060604935101593
0.0 0.27622325129576525 0.5254521103527117 0.012680198966118184 0.01039776315221701
0.0 0.4391962210746584 0.47618097856042085 0.011532784577071454 0.011778162972328232
0.0 0.43686512631971863 0.4558145717541032 0.00981513581027329 0.012759676553355703
0.0 0.3915928123948323 0.4577775989161582 0.008588243833989396 0.012759676553355703
0.0 0.3726163481344688 0.4060259199665211 0.011115867244606647 0.01437652163635832
0.0 0.38828406412817246 0.3647204834159744 0.012405136528341387 0.012021472512000742
0.0 0.8460195186150653 0.46637182652853115 0.01102766667345989 0.013444689505998753
0.0 0.8568645609595407 0.42309335921173263 0.012539596688711185 0.01050614857702854
0.0 0.8072969804464556 0.3679670755326471 0.010287499187698047 0.012034433012025048
0.0 0.7440876080134948 0.34532982298675596 0.009207833367650409 0.01508179603322013
0.0 0.6004592635943446 0.23803516646222941 0.008566742823712304 0.013634393508161934
0.0 0.6024934526260314 0.34521626403010985 0.015090275833714629 0.013115847219958
0.0 0.6179529757446935 0.4095652471218981 0.012070604408169316 0.008194722258756925
0.0 0.6070451359813476 0.39810370990863664 0.013510217777950828 0.008969898688639687
0.0 0.6018957496971289 0.40397290287774634 0.014728352167765735 0.008526940728706477
0.0 0.576688313587496 0.40400732329925476 0.01261316788392861 0.009650984517247708
0.0 0.5725510990105704 0.41848448092703167 0.01020756016772495 0.01340297030718709
0.0 0.5557284301054637 0.4363756892248576 0.013586601745370786 0.012023541367584656
0.0 0.5185445240144546 0.43679236986939285 0.013134098159387975 0.01280158934522646
0.0 0.4504957876521665 0.410864409600452 0.01236904927577811 0.011641458141908955
0.0 0.46868556599889966 0.3869145347772541 0.01212651889782208 0.010307541063148306
0.0 0.4828583614076393 0.44064192983195694 0.00704248941326 0.012559106120314212
0.0 0.4822127998780907 0.42203802029859433 0.010446359296336282 0.011267983061216569
0.0 0.4321052712479677 0.35723215744235226 0.014548838025761058 0.011639070420608988
0.0 0.3931908095292638 0.39403169491422485 0.010954419219396527 0.011639070420608633
0.0 0.4245436450665675 0.31996347541654446 0.011020780532187757 0.012364778158064027
0.0 0.40109088649502206 0.310017892985058 0.009542383143723753 0.009945582431486244
0.0 0.47278604188829476 0.2796326825016891 0.01130708985307365 0.012060895843278274
0.0 0.497917451339249 0.24620733380537646 0.00799034349617216 0.01070404506090945
0.0 0.4473331821417922 0.23641815337141042 0.011317657804833913 0.014309682281973579
0.0 0.5555562411270649 0.22461845257697172 0.009063835622021088 0.011480858454560306
0.0 0.5370509100654353 0.2120046146696593 0.01163192238159425 0.010121283111256218
0.0 0.5431052212736791 0.06974233018808818 0.01113342387269114 0.013305799262484897
0.0 0.5289847812400218 0.08182616829381413 0.010590330025242877 0.015749721576002428
0.0 0.4942267750033267 0.14333154651734076 0.008961048482898092 0.013305799262484541
0.0 0.5706586112662582 0.15252217359976844 0.009426389046902272 0.013157668044634363
0.0 0.19888309509994215 0.1561824757296911 0.013124949011285025 0.013721537602706491
0.0 0.16129801384035466 0.10338438538884205 0.011931771828440674 0.013124949011284314
0.0 0.1666673111631532 0.21971916071613667 0.009545417462751971 0.014318126194128667
0.0 0.15234918496902453 0.16035859586964527 0.011931771828440674 0.011335183237018497
0.0 0.1412619481751644 0.07628790009907327 0.01172954167565976 0.008676647266926452
0.0 0.13068299425894522 0.08172824898890685 0.008955365094771395 0.012366932749921844
0.0 0.11532126337750803 0.07528023573607019 0.01296128493949098 0.010408304572621319
0.0 0.06278878275154191 0.09128545880528982 0.012372135624059411 0.01021192146747758
0.0 0.06494899690812375 0.07027246655490327 0.010015538362333843 0.010604687677765411
0.0 0.026427930523765398 0.05988256595904371 0.01101451060494867 0.013437702938037432
0.0 0.06913893707395609 0.018818718371901078 0.012336251877542281 0.013217412725938616
0.0 0.08709258936002265 0.051752105080698205 0.010353639968651861 0.013878283362235422
0.0 0.9718288380872216 0.07244601182113115 0.0097113471648548 0.006886227989624061
0.0 0.9684740090666356 0.08012680457878876 0.012183326443181385 0.010947336804018094
0.0 0.894579485639515 0.11888390826398129 0.011300476700922246 0.010770766855565838
0.0 0.9178750972965982 0.1195123939743608 0.009144040068122906 0.01171982600280579
0.0 0.2867677604407241 0.3569083841454848 0.008846577132274547 0.009702697499914236
0.0 0.28833731444806326 0.3686086958365582 0.011414938235193262 0.01426867279399211
0.0 0.3174454069478042 0.3740307914982738 0.00970269749991104 0.013127178970470155
0.0 0.3062946852773013 0.33122037910766816 0.0074197098528756555 0.013697925882232198
0.0 0.3321209830344266 0.3370705349532047 0.009417324044034813 0.013983299338111977
0.0 0.3125729013066579 0.3302215720120888 0.006278216029356543 0.01341255242635242
0.0 0.32427321299773093 0.2722907604684817 0.01027344441167415 0.00998807095579437
0.0 0.3174242500566152 0.2901266014609714 0.007990456764635922 0.011985685146953173
0.0 0.34824458329163727 0.26087582223328865 0.011985685146952817 0.011700311691073394
0.0 0.281841815070354 0.43632375752868385 0.010557061749965868 0.015307739537450616
0.0 0.2297704028242215 0.4040973040065328 0.008013254266091252 0.009533009385522461
0.0 0.24292223245963634 0.441741429179147 0.011228984284296218 0.01813912845924861
0.0 0.1488116235343803 0.3904150843956522 0.011143358851424524 0.015643561464500168
0.0 0.18579822349676434 0.2073944662641402 0.010952364067146902 0.014935041909745905
0.0 0.09343922003838116 0.307454213062203 0.014006807077453942 0.015798375424569855
0.0 0.08385098389432458 0.2516683293009045 0.013918818960809886 0.015734317086133133
0.0 0.06689897388931279 0.14445189163392805 0.011087102992294007 0.01368564275611348
0.0 0.32118261089588496 0.06862613733319964 0.011346389443350802 0.012893624367444189
0.0 0.2978451507908108 0.09428444982441367 0.01057277198130464 0.011088516956002081
0.0 0.2981292657906419 0.019366699460518787 0.012661424115190556 0.014714628025762622
0.0 0.1711116596358675 0.07793600098461528 0.01138699328803483 0.011798571358686871
0.0 0.0894995128185105 0.0018113229036749168 0.01124610939342432 0.0036226458073498335
0.0 0.0022988213482900478 0.02020304618088975 0.0045976426965800956 0.011916558303875746
0.0 0.25260213619414174 0.13841282903983618 0.011839293521242666 0.013928580613226771
0.0 0.2791534929881056 0.14250434959497155 0.010620542717585835 0.013406258840230834
0.0 0.2755842942059662 0.16017623624800326 0.007660719337275168 0.010446435459919811
0.0 0.26679187769386664 0.1647900785761344 0.009575899171593249 0.014102687870892083
0.0 0.05503470102100074 0.38748460630548964 0.01174370968759888 0.012764901834346887
0.0 0.07430970279086466 0.42182219223988326 0.009446027357416398 0.011488411650912411
0.0 0.032185526737519864 0.4274387490469957 0.008424835210669102 0.014551988091155366
0.0 0.025930724838690012 0.413652655065901 0.009190729320729929 0.010467219504164049
0.0 0.04737575992039282 0.4543726919174679 0.010211921467477935 0.010211921467477226
0.0 0.1132426533856222 0.47786011129266603 0.011233113614225233 0.008169537173981922
0.0 0.21434050251807052 0.5074810433910063 0.010794220392850207 0.012336251877542637
0.0 0.17790966752302353 0.4890651182485962 0.010640754116602836 0.008246584440367499
0.0 0.14607130494268325 0.4997878176982944 0.013368463937190711 0.013577346186209028
0.0 0.12309425755063685 0.488821499624818 0.006266467470558012 0.013786228435227343
0.0 0.10377264951641649 0.5156628686237081 0.008981936707800032 0.009817465703874007
0.0 0.008658556930637573 0.31869186189612664 0.012874228864082227 0.01210177513223698
0.0 0.044452488414209054 0.33932532361763634 0.01395048897120077 0.010109049979131157
0.0 0.16616593240415298 0.34920011645749316 0.011112329893223461 0.014353426112080214
0.0 0.1300241106671372 0.5445838518103514 0.01125464377717691 0.013914832306327441
0.0 0.08868887352187045 0.5437653322629202 0.007980565587453015 0.012687052985180714
0.0 0.07968515850012921 0.5556338657006702 0.01207316332460806 0.00941297479545682
0.0 0.09044749533190596 0.5837072949321328 0.009003715021741243 0.013096312758896288
0.0 0.23170071143079268 0.5665804124012561 0.007391218042196357 0.009640719185473757
0.0 0.0791787716770731 0.7129119259259206 0.010343864621052034 0.012859939799145436
0.0 0.11482317003339979 0.679084692975995 0.01062342852972904 0.010064300712374675
0.0 0.0945547866543123 0.6184193247930707 0.009225608986343304 0.013419067616499447
0.0 0.1819668645191065 0.9528198554589575 0.010975902149223771 0.014111874191860352
0.0 0.19921471075360167 0.9156585867537264 0.014739068600386674 0.011289499353487997
0.0 0.20093949537705136 0.8816332900911306 0.010035110536433934 0.015366263008914416
0.0 0.21384622946040538 0.8296078719555666 0.008780721719379159 0.014739068600386674
0.0 0.2566522478423806 0.839799781094132 0.01662065182596848 0.013798276987596125
0.0 0.18546568247455397 0.8167503865807607 0.00783993010658932 0.012230290966278545
0.0 0.045053991096306235 0.9557846574078542 0.010819852821900611 0.011652149192816097
0.0 0.07460051226380422 0.9557846574078539 0.011652149192816097 0.012484445563730873
0.0 0.06794214129648068 0.9691013993425013 0.01331674193464707 0.013316741934646359
0.0 0.09145451377484015 0.968061028878856 0.01290059374918684 0.014565186491019944
0.0 0.11371844169682568 0.9799212521644008 0.006658370967318206 0.018310520160139277
0.0 0.08750110601299319 0.9970351452349819 0.014981334676478043 0.00592970953003622
0.0 0.06128377032915751 0.8669370198126319 0.0108198528218999 0.016229779232850915
0.0 0.014883247650622166 0.9464213232350556 0.009571408265527026 0.01955896471651286
0.0 0.10994397231646147 0.8037734433790931 0.009958726584987688 0.009271917854989199
0.0 0.10668163084896527 0.8181964267090762 0.012362557139985597 0.010645535314986887
0.0 0.0851714400541244 0.818972946717959 0.008089397645829877 0.012237806694972875
0.0 0.02050106586279483 0.900776039494312 0.013020199871034066 0.010977815577538763
0.0 0.006587322863355638 0.8933723964303912 0.010722517540850162 0.013020199871034066
0.0 0.0017874533563301044 0.6940258747368183 0.0035749067126602087 0.012588012119941538
0.0 0.05612401386592758 0.7281717903797602 0.013890669559737034 0.010381447776224562
0.0 0.011949090911793548 0.5694457012320617 0.009195877760058835 0.01360989908488719
0.0 0.002572070684674621 0.5558358021471749 0.005144141369349242 0.011402888422472657
0.0 0.06681482988515342 0.5898992272713881 0.00871617157963982 0.009228887554912645
0.0 0.04716071749969153 0.5697323989106531 0.011108846130913008 0.011963372756368074
0.0 0.09040774656925343 0.6316146918106311 0.010218187843707937 0.014454997437441363
0.0 0.03819683535542353 0.7970965952584118 0.013799115787711713 0.011970317309821964
0.0 0.02221293282346295 0.9876017105593711 0.011979369413771224 0.01610341462179079
