0.0 0.2678978200394875 0.6725976104778368 0.022062567859985727 0.00954903863530987
0.0 0.2682976575943883 0.6826763444145119 0.02241080114966465 0.010526285388478662
0.0 0.006336641481464733 0.3209258044796717 0.012673282962929466 0.015362588755845508
0.0 0.12948893226495395 0.17556155939690044 0.018123953167989093 0.021588826567752406
0.0 0.05912534937746727 0.23139932687769038 0.012260321260698426 0.012793378706816405
0.0 0.3595413033704169 0.34985047466484254 0.013612604119198402 0.017015755148997336
0.0 0.17732044151476556 0.43179238743422443 0.015672882429745627 0.01831650115283523
0.0 0.22823730822639865 0.2260784286670945 0.017996552438367175 0.018166331234954924
0.0 0.22126993884878665 0.07343344966740739 0.012757402568857934 0.01698459076227632
0.0 0.17988822912817293 0.03138529874450979 0.015395715052034298 0.01861020500795263
0.0 0.30652575621483047 0.012025761155281423 0.014917562794576789 0.01265160388907205
