0.0 0.306629799813887 0.8421380289705876 0.007553196351684566 0.009517027403122569
0.0 0.3150889602329952 0.8193000557896898 0.010795191872685272 0.005844530631708267
0.0 0.3511276435186348 0.7814966271794453 0.013323968310180501 0.00847888892466031
0.0 0.4519704416280209 0.883338343636116 0.008745334163293528 0.01023843999605134
0.0 0.48594785068322555 0.8922283796968475 0.013385727383878354 0.010209453089398579
0.0 0.5416974497119099 0.881189878976579 0.009928142530059424 0.01258496940430085
0.0 0.7778736608273586 0.9667622859525216 0.010963102586503126 0.012451918987139265
0.0 0.9968341584795237 0.880321917174457 0.006331683040952463 0.012491871188251836
0.0 0.9909080120984939 0.3316805348636222 0.013698680036268129 0.010322244816061055
0.0 0.9825426490801977 0.29268869880307513 0.012155166792744865 0.009261079461138789
0.0 0.9716835297325718 0.2339763619320827 0.009219330855018627 0.008743494423791808
0.0 0.9238495629369208 0.9937204590975064 0.006391166143733073 0.006739775206118637
0.0 0.8697894902335805 0.9147721329319516 0.011866111782283894 0.00883904245006839
0.0 0.8182842752939378 0.8855369332255949 0.013433047642156382 0.008266490856711429
0.0 0.8551004073066737 0.8445317976765395 0.014152669970783193 0.01259587627399732
0.0 0.7333688335930811 0.8404802909939217 0.0103266606882098 0.011591149752072382
0.0 0.6926244949249447 0.8167069900211507 0.014388073823289282 0.009092463318884114
0.0 0.7867143447646843 0.8452263769727463 0.01133124627829698 0.010961749117047859
0.0 0.7989164577029914 0.8464714783885527 0.011795532702876876 0.009109421295291043
0.0 0.8697081333912389 0.7899615206946026 0.009213525566602598 0.010509177599405995
0.0 0.8746235588598591 0.7471279627266854 0.009689206238108383 0.01204939750123728
0.0 0.8295299053901102 0.7072781239701796 0.010611493640285019 0.011361801271416283
0.0 0.8470973155471967 0.6943561192097609 0.0169355151026771 0.010289933226943226
0.0 0.9822871347023353 0.7201973884392181 0.012215238730337318 0.01237810858007542
0.0 0.976160444403706 0.6102733269676628 0.01123801963191049 0.010749410082696897
0.0 0.98487398136468 0.6204526925762772 0.009446451284794577 0.013518197528240173
0.0 0.5700956060922431 0.8267471363576787 0.011685740949718415 0.01219827344751323
0.0 0.6239699152818341 0.795887924897501 0.012003964286090607 0.009982243985275118
0.0 0.5943967848195602 0.771962880837473 0.014096654275092924 0.01112267657992554
0.0 0.592799613072724 0.7471913361127995 0.010160567041110546 0.008797564145351799
0.0 0.6007745036442086 0.7324901471161678 0.009293201561991538 0.011523569936869472
0.0 0.49663584511752745 0.7969149196860379 0.012257007563730582 0.012784190684751095
0.0 0.45762429416199824 0.791050007464683 0.010411866640158075 0.011861620222964752
0.0 0.45136399459987786 0.7733893729104907 0.008434929936330705 0.011334437101944417
0.0 0.5050007749698208 0.7292532580752205 0.01301189295515286 0.010460541395318934
0.0 0.4798699621054568 0.7247883928455111 0.011991352331219219 0.014032433579086501
0.0 0.43126750419313203 0.7068350940392204 0.01273723070254711 0.012894480464307101
0.0 0.38139227428766803 0.6408370968686657 0.01207761965484604 0.012972258147797611
0.0 0.4443151816252608 0.617949262090655 0.007306214359104324 0.011630300408370254
0.0 0.3821378063651276 0.6110158137702806 0.014761535133700664 0.00879727851402361
0.0 0.3466368029056056 0.4793506364777322 0.009877256767587462 0.012433723225080762
0.0 0.4302584465127989 0.26405568523944944 0.01213605866798062 0.010820100499163487
0.0 0.4193652372264789 0.30835961025629455 0.01023523020191135 0.012867146539545704
0.0 0.4752203506140525 0.27911609539369053 0.016961238620310227 0.00994279505328537
0.0 0.40869197376984595 0.3575091562851423 0.012810848045059053 0.013781366836351339
0.0 0.4203101076875459 0.44099219781608107 0.012909808056197746 0.011339696265579135
0.0 0.42096441675141855 0.48141372069023597 0.009420670743711668 0.010292955071833454
0.0 0.518386426290291 0.6806833527948568 0.01300222254600456 0.013339942612134337
0.0 0.526238417827813 0.6557764979177706 0.009118441785509645 0.01317108257906945
0.0 0.5535093131678093 0.6702984607613599 0.01570398307504437 0.013508802645199224
0.0 0.4820992548548591 0.6402203444231268 0.00859659778789439 0.010636468449428626
0.0 0.5544300945164321 0.6338641198011513 0.01242164938889161 0.01242164938889161
0.0 0.5641549384458932 0.6162123022485158 0.013565748674710675 0.00849902326608376
0.0 0.5418944545904005 0.606617785616731 0.009643122551902828 0.009316237041668885
0.0 0.5313523968853542 0.6131554958214107 0.00980656530701971 0.014219519695178562
0.0 0.7294973495813569 0.6317021649578269 0.00917555774146539 0.0132887387979844
0.0 0.8318432032053156 0.6152788839926137 0.0095827314442829 0.012954433248752829
0.0 0.8429254511174659 0.5874746749314466 0.01348680721787936 0.010470021392827534
0.0 0.6975367245333646 0.5811443863313134 0.01766258226898234 0.01187925887117398
0.0 0.478793114188909 0.5312147191657643 0.011800737814599671 0.011407379887446467
0.0 0.5298144098569464 0.5546026204512813 0.011963626017964834 0.012160304981540904
0.0 0.4578116542264438 0.47222363624258346 0.009151894576011977 0.008682566649036794
0.0 0.4691196453505696 0.44648637549940984 0.008747828224681342 0.008192410559622231
0.0 0.50251413246225 0.4550259220996941 0.007220429645768611 0.0049987589855321705
0.0 0.5564208319577161 0.49889727992109023 0.012287978293728408 0.01094398066785196
0.0 0.5834927841360866 0.4913132933179297 0.010751981007012468 0.011519979650370438
0.0 0.6086447397060619 0.506385266693831 0.013055976937086555 0.0124799779545679
0.0 0.8062819173212329 0.5014630623590246 0.012927106797493603 0.009849224226661946
0.0 0.8338087263034011 0.4729393058745542 0.008365854870648804 0.008365854870648804
0.0 0.8280986983758153 0.4830314482581941 0.009959351036486907 0.009162602953567855
0.0 0.7884595185885657 0.455100612479492 0.011469687367480396 0.013852999028255297
0.0 0.91839941025508 0.45268252433194445 0.014931411644314352 0.014527859978251812
0.0 0.9509912734489386 0.3977131050313253 0.013829339476357916 0.013240856945448876
0.0 0.9017058614853234 0.3891801083331471 0.01118116808726768 0.01029844429090474
0.0 0.8884650045398745 0.38609057504587574 0.014123580741811992 0.011181168087267945
0.0 0.9131383218704041 0.31863881302556146 0.010235637537930487 0.011556364962179622
0.0 0.9311128340956175 0.2324480266678421 0.009245091969743768 0.010896001250055054
0.0 0.8894273747677552 0.24920475586300256 0.010400728465961606 0.01205163774627307
0.0 0.88579537435107 0.27363821321161097 0.011061092178086086 0.01172145589021083
0.0 0.9014790125140282 0.2757018498120002 0.012712001458397636 0.013537456098553325
0.0 0.932510146280199 0.2079691777855916 0.011921238725890149 0.012764154595397236
0.0 0.9005024390556347 0.20861937025778432 0.009725451337896374 0.012021738459343822
0.0 0.6115811889085421 0.49523967167794336 0.010272347038291052 0.011027666673459358
0.0 0.606899326857855 0.4572705071309837 0.013444689505998576 0.014200009141167058
0.0 0.5878652720516098 0.42524495459984113 0.012236178089728966 0.012689369870829914
0.0 0.5679551880668864 0.4162271307409557 0.011816604242550354 0.01073001994438485
0.0 0.488748521462847 0.3352885600678511 0.00980996566022192 0.009451064477530835
0.0 0.5204665317657953 0.3281553147071776 0.009451064477530835 0.00933143074996714
0.0 0.49719777175465935 0.3146965203562632 0.008135093474330547 0.007536924836511893
0.0 0.5086227927369908 0.31044952302775275 0.011125936663422386 0.007895826019202978
0.0 0.643602396907011 0.3596460599545714 0.009001957859401699 0.008219178915105907
0.0 0.5584656376448336 0.3284990023559783 0.008780721719379514 0.007767561520989563
0.0 0.5997064074303171 0.31230663115370166 0.007598701487924764 0.007936421554054541
0.0 0.7718536144119401 0.34574179873608285 0.013500371572663816 0.010182483643788843
0.0 0.84222520090025 0.2716310480479217 0.013679969681031422 0.009731112453517099
0.0 0.7906020291212261 0.22860178403120462 0.00806816284163343 0.007118967213206151
0.0 0.7822174677367835 0.22788988730988374 0.006802568670397413 0.010124753369893203
0.0 0.5126670235273231 0.27944760080298015 0.010724782476141215 0.00980023226268072
0.0 0.5562133385813102 0.2610490515551172 0.00943041217729661 0.0066567615369152126
0.0 0.5836724799210853 0.2609565965337712 0.00961532221998862 0.01238897286036993
0.0 0.5726664022174012 0.2189334905474339 0.0092455021346046 0.012943702988446226
0.0 0.6307202919468455 0.2966130266509125 0.011560501934391353 0.009781963175254305
0.0 0.6307202919468455 0.2823847165778154 0.008299847542640038 0.0109676556813457
0.0 0.6563608923910728 0.28749801551033466 0.011264078807868571 0.008448059105901429
0.0 0.7188489685423622 0.3095065310185313 0.0131541948459585 0.008221371778724063
0.0 0.7535283763646716 0.2730038788589133 0.009094889173366382 0.009094889173366382
0.0 0.733654393318222 0.21488191486940322 0.011156397385996187 0.01188398851986543
0.0 0.7075217450934159 0.21579140378673983 0.009337419551322945 0.01200525370884371
