0.0 0.8729668782894192 0.8442193084647446 0.01617326024502148 0.011219288638438485
0.0 0.46097598861445704 0.7616616339112356 0.016178795291659397 0.012030386242516044
0.0 0.45478059922178565 0.6753945769174947 0.015144280195402971 0.009774944489759818
0.0 0.45818495798684544 0.6009427019751643 0.010347175902592553 0.013744756049712236
0.0 0.7250856461108506 0.6629258888749321 0.016769341041208464 0.012496897463830337
0.0 0.8430107311543631 0.6619231974486105 0.014908279906397582 0.012905675142851791
0.0 0.3623778219287662 0.4789588308207735 0.013683077596588333 0.00838862043609936
0.0 0.4008313670393516 0.5223417848348607 0.011696595899679885 0.01423933413874039
0.0 0.43314592142020353 0.49680172884637913 0.011241635687732376 0.011241635687732555
0.0 0.615969262234261 0.5566254815194911 0.012399347006406103 0.01265766673570603
0.0 0.8447232649974221 0.5293349949713064 0.013852516759615695 0.010617497875633574
0.0 0.7915220603706666 0.46626609201077523 0.010696888163848861 0.014550914046412445
0.0 0.38784837428997376 0.3724469831910131 0.013944362495417728 0.009653789419904513
0.0 0.34234305404844323 0.2766108898726321 0.014329322282675961 0.01169740594504134
0.0 0.44728453610355806 0.32182763389025837 0.014291155827821278 0.011518244995557581
0.0 0.4810900012000202 0.3736747602115521 0.012305183406549958 0.01042522483054924
0.0 0.4935660899316613 0.36863305312136846 0.01264699405673202 0.013330615357095964
0.0 0.8566773675198827 0.3552593415788479 0.010801070782908795 0.013157668044634363
0.0 0.6837602558233865 0.28367411449022784 0.01155118837072866 0.012574711390919546
0.0 0.7408063275803387 0.312512704851612 0.015224120661110696 0.012388255047766705
0.0 0.7986107671911579 0.29208212423943414 0.01613404376669312 0.010189922378964055
0.0 0.8345431082781538 0.28477500445605164 0.01892527268547539 0.01834740176378169
0.0 0.306629799813887 0.042138028970587625 0.007553196351684566 0.009517027403122569
0.0 0.3150889602329952 0.019300055789689807 0.010795191872685272 0.005844530631708267
0.0 0.4519704416280209 0.083338343636116 0.008745334163293528 0.01023843999605134
0.0 0.48594785068322555 0.09222837969684754 0.013385727383878354 0.010209453089398579
0.0 0.5416974497119099 0.08118987897657899 0.009928142530059424 0.01258496940430085
0.0 0.7778736608273586 0.16676228595252152 0.010963102586503126 0.012451918987139265
0.0 0.8441666698256386 0.21345105321453098 0.011165393810796332 0.01232043454984435
0.0 0.9756851640736841 0.2069932176876769 0.012290866470663176 0.011439024240022988
0.0 0.9968341584795237 0.08032191717445691 0.006331683040952463 0.012491871188251836
0.0 0.9238495629369208 0.1937204590975064 0.006391166143733073 0.006739775206118637
0.0 0.8697894902335805 0.11477213293195163 0.011866111782283894 0.00883904245006839
0.0 0.8182842752939378 0.08553693322559486 0.013433047642156382 0.008266490856711429
0.0 0.8551004073066737 0.044531797676539496 0.014152669970783193 0.01259587627399732
0.0 0.7333688335930811 0.04048029099392174 0.0103266606882098 0.011591149752072382
0.0 0.6926244949249447 0.01670699002115068 0.014388073823289282 0.009092463318884114
0.0 0.7867143447646843 0.04522637697274625 0.01133124627829698 0.010961749117047859
0.0 0.7989164577029914 0.04647147838855279 0.011795532702876876 0.009109421295291043
0.0 0.5700956060922431 0.02674713635767869 0.011685740949718415 0.01219827344751323
0.0 0.6239699152818341 0.00043952344506932307 0.012003964286090607 0.0008790468901386461
0.0 0.49663584511752745 0.0016535075142066979 0.012257007563730582 0.0033070150284133957
