0.0 0.1792717190227582 0.017225764013991098 0.005412935173783095 0.003699981004864128
0.0 0.18218374110992003 0.015649846178585846 0.004933308006485904 0.0028777630037836845
0.0 0.2753992080972828 0.5162504046881026 0.004176635179491406 0.006589802172086934
0.0 0.27980787856452366 0.5170857317240006 0.004269449294591254 0.007332315092885011
0.0 0.27987440442460765 0.4581801675299563 0.004069945709713174 0.0062049991967761285
0.0 0.2749704534465106 0.45801336647627977 0.003202580230593899 0.005204192874715119
0.0 0.13366643420344695 0.4808246794021887 0.00550919167276569 0.0074680153786374605
0.0 0.22403713899646868 0.45815545649815875 0.0045107729740012205 0.004658667169869801
0.0 0.2273277848545515 0.4628141236680289 0.004141037484329058 0.004510772974001043
0.0 0.22622003046287253 0.32757950610491166 0.004623142995739382 0.0047001953790015705
0.0 0.2251412970972 0.32391951789995127 0.005393666828362597 0.003390304863542326
0.0 0.1537374855170309 0.28440691935209517 0.007727328655859811 0.007259005707019384
0.0 0.19448158206610988 0.2640348710775552 0.0025757762186199517 0.0063223598093401275
0.0 0.19781838307659477 0.26192741780777523 0.005736956123289838 0.003278260641879882
0.0 0.20004291708358468 0.2652056784496555 0.0029270184302498947 0.005385713911660162
0.0 0.11562596041800374 0.23891544449915614 0.00924776496618085 0.006916395646975815
0.0 0.10370707854931407 0.22041087674610899 0.0073826695108166526 0.00885920341297961
0.0 0.2390351398393306 0.21243988607433337 0.006154153945576546 0.006397081075007094
0.0 0.23328586444280516 0.21320915531753037 0.004858542588613091 0.006640008204438175
0.0 0.10169927377354371 0.14887234077716088 0.004636052197693708 0.006119588900956074
0.0 0.13096213812278157 0.0950137560191088 0.008115635631978434 0.004637506075416553
0.0 0.3073232742281109 0.084540484398795 0.004425137752860397 0.004169841344041458
0.0 0.3077487682428092 0.07990259963858612 0.004084742541101871 0.0040847425411023154
0.0 0.3395155420028763 0.012428704753127207 0.00652957570933479 0.009359058516713504
0.0 0.342830608378957 0.45567228687053074 0.00897534337529562 0.007105480172108258
0.0 0.3978044666901777 0.442728978016417 0.00811031361610488 0.008250146609486109
0.0 0.42760929375946305 0.3985630578996478 0.005872985722006873 0.0037754908212903615
0.0 0.5354289810940085 0.4285094548542386 0.007162560356515435 0.009284800462149434
0.0 0.6687626836188489 0.4607119837794166 0.005841504774429218 0.010967723249948592
0.0 0.6822043075851354 0.3995232414105171 0.008464221203764843 0.008225792437461622
0.0 0.6195122304912284 0.33677636191604243 0.007596337690676691 0.008862393972456317
0.0 0.8200713980454408 0.45537883689096254 0.008968691800694373 0.008531194639684969
0.0 0.9580675107173704 0.46657899960689625 0.006726524794172661 0.00900670269050181
0.0 0.9235421776003319 0.3564547858071855 0.00714893950447717 0.009975264424851814
0.0 0.7526480589018744 0.2820575291695576 0.005432844476623444 0.00553535097618294
0.0 0.7570558383829085 0.2812374771730859 0.0033827144854448933 0.0061503899735363635
0.0 0.7178329960902747 0.2075181679020936 0.006161860810910902 0.0046213956081828655
0.0 0.6439135645246765 0.126550373291008 0.0051124170046021435 0.0037491058033744195
0.0 0.6469242100940534 0.1289361678931563 0.0031810594695302896 0.004657979937526591
0.0 0.5343303480333982 0.13814963841704858 0.009485096225225576 0.007398375055676354
0.0 0.49595970331531947 0.09420988293067474 0.008458373084090809 0.00669621202490589
0.0 0.5148148266486057 0.09288826213628561 0.010572966355113778 0.008987021401846818
0.0 0.5738900010194768 0.04709464100579588 0.005969699202108636 0.0093678356710015
0.0 0.984285156057247 0.20938743656263484 0.010778842319751191 0.005988245733195186
0.0 0.8493289497137037 0.11817511460088 0.007911722926667508 0.009362205463223462
0.0 0.9014519385371271 0.08247677777422205 0.007623288364030501 0.008988653444155403
