0.0 0.04932894971370363 0.91817511460088 0.007911722926667508 0.009362205463223462
0.0 0.10145193853712708 0.8824767777742221 0.007623288364030501 0.008988653444155403
0.0 0.06579792320318364 0.0266912030938407 0.007075543491665925 0.011856316121169996
0.0 0.01894635143404404 0.03950367374091161 0.006310619870945189 0.009561545259008142
0.0 0.03673082561579903 0.05767060973302698 0.007840467112386663 0.007266774396846287
0.0 0.027456126714561435 0.18560408529855527 0.007266774396846287 0.008414159827927037
0.0 0.061018065189599825 0.24026587347549117 0.0072603654817829264 0.006930348868974434
0.0 0.044347503870059236 0.2905398970250582 0.008910448545824323 0.0079203987073992
0.0 0.014840259078840923 0.40338748858664353 0.008136085133524418 0.007823158782234784
0.0 0.05507125489827196 0.4969232629188978 0.0071973060796558744 0.006884379728366597
0.0 0.13851269083079937 0.6292977548202539 0.006807995913396781 0.009495362721316524
0.0 0.11459512624031376 0.6185482875885748 0.004120629105476681 0.007345469274980587
0.0 0.16332604435725867 0.618548287588575 0.007703784849370265 0.009495362721316524
0.0 0.26576610276335266 0.8545824624908771 0.008864702997459162 0.009868254280191025
0.0 0.1911846047075681 0.6333172265059496 0.009723272390580818 0.009723272390580462
0.0 0.18595455263580654 0.38697584319562106 0.006924148520565154 0.008250049301098983
0.0 0.250002406081812 0.5420904580839785 0.009251008411189688 0.01014052845072726
0.0 0.21447290208147063 0.33291501779062127 0.010087725359371547 0.008114039962972797
0.0 0.21896851881771245 0.3196474659592736 0.006798249698707082 0.011403515623637261
0.0 0.23870537278169976 0.293660608240023 0.008991233472482563 0.008552636717728036
0.0 0.19265410519989795 0.21831201535308206 0.008991233472483273 0.008114039962972797
0.0 0.22730324882556552 0.21469359212635092 0.007236846453461965 0.007456144830839761
0.0 0.1913383149356319 0.18651375063332373 0.006798249698706726 0.008114039962972797
0.0 0.18848743602972268 0.09704001266324572 0.007675443208217203 0.008552636717728036
0.0 0.20460586676697937 0.11633826987247815 0.007894741585595 0.009868426981994105
0.0 0.26776379945174006 0.1804830452554384 0.004824564302307976 0.007456144830840117
0.0 0.2719304686219154 0.18256637984052623 0.0043859675475527386 0.006798249698706726
0.0 0.3275733783275193 0.09301874429603973 0.008717102710048153 0.007748535742264906
0.0 0.41393726628818117 0.07203312666073866 0.007102824430409526 0.010331380989686778
0.0 0.3642174952753143 0.1659841225357015 0.007102824430409526 0.00903995836597602
0.0 0.33919618194091683 0.170826957374617 0.010008525333759266 0.0096856696778314
0.0 0.42991862125660274 0.15258561281470176 0.004842834838915877 0.011299947957469669
0.0 0.4247529307617596 0.16533841122384613 0.006779968774482015 0.010331380989686778
0.0 0.417327250675422 0.19213543066584612 0.007425680086337394 0.00903995836597602
0.0 0.4475142545046628 0.19148971935399056 0.00903995836597602 0.009039958365975664
0.0 0.3952116382443743 0.22248386232305037 0.007748535742265261 0.010331380989686422
0.0 0.3538861142856275 0.23975663991518292 0.007748535742264906 0.01000852533375891
0.0 0.43137147170827744 0.23426809376441185 0.008394247054120285 0.008071391398192773
0.0 0.397633055663832 0.2588051236149177 0.008071391398192773 0.0061342574626266355
0.0 0.4300800490845669 0.28899212744415836 0.007748535742264906 0.007748535742264906
0.0 0.39924733394347084 0.29593352404660395 0.008717102710048153 0.006779968774482015
0.0 0.38036027807169964 0.3027134928210858 0.0096856696778314 0.0061342574626266355
0.0 0.324506249596206 0.30610347720832676 0.007748535742264906 0.010977092301541803
0.0 0.43250146650402466 0.36098893871603704 0.01000852533375891 0.0096856696778314
0.0 0.3956959217282659 0.36147322219992867 0.008717102710048153 0.01000852533375891
0.0 0.39424307127659103 0.4187801011270967 0.007102824430409526 0.0096856696778314
0.0 0.3900459477495307 0.4576842076663857 0.007748535742265261 0.008071391398192773
0.0 0.3914987982012052 0.4756026965703736 0.009362814021903532 0.009039958365975664
0.0 0.343393305467977 0.479154108785578 0.009362814021903532 0.007102824430409526
0.0 0.3106234563913146 0.49981687076495157 0.00903995836597602 0.006457113118554148
0.0 0.36260321699567566 0.5038525664640481 0.010331380989686778 0.007425680086337394
0.0 0.42104009071859105 0.5145068031096629 0.007102824430409526 0.010008525333760687
0.0 0.3643789231032784 0.5616437288751079 0.008071391398192773 0.008071391398192773
0.0 0.38827024164192847 0.5731051046605412 0.008717102710048507 0.009685669677831044
0.0 0.41248441583650647 0.6423576428570342 0.00613425746262628 0.008071391398192773
0.0 0.30352063196090506 0.6948216869452869 0.007748535742264906 0.006457113118554503
0.0 0.40070018439514515 0.7061216349027568 0.007748535742264906 0.009685669677831044
0.0 0.3811674172115188 0.7805398635940932 0.01000852533375891 0.008071391398192773
0.0 0.40618873054591625 0.7832841366694788 0.009039958365975664 0.007748535742265261
0.0 0.3287033731232665 0.8441424278118518 0.007748535742264906 0.008071391398192417
0.0 0.33338478013421824 0.8455952782635269 0.00613425746262628 0.006457113118554503
0.0 0.3811674172115188 0.8447881391237072 0.01000852533375891 0.009362814021903176
0.0 0.3797145667598441 0.8607694940921288 0.005165690494843389 0.005165690494843033
0.0 0.37697029368445883 0.8649666176191897 0.01065423664561429 0.008394247054120285
0.0 0.3900459477495307 0.9686032831719832 0.007748535742265261 0.009685669677831044
0.0 0.40489730792220513 0.9986687182747748 0.009039958365975664 0.0026625634504505056
0.0 0.7343101129316768 0.9877372605292735 0.007172466441441117 0.011954110735735667
0.0 0.42064169897061865 0.8983331753640378 0.004119856306758507 0.006408665366066657
0.0 0.4248378489126857 0.8985620562699683 0.0036620944948950298 0.004119856306757441
0.0 0.5244907651799584 0.9917281577964498 0.007873488813941166 0.009071628416062794
0.0 0.5912067718044707 0.9933203118826398 0.006624447041920334 0.010599115267073245
0.0 0.6460720885179398 0.9968569292506537 0.00411578070651899 0.006286141498692643
0.0 0.6645319680695845 0.9326456826656621 0.008035571855583967 0.009603488315210029
0.0 0.6461089496689769 0.9365654738147281 0.008819530085397176 0.008035571855583613
0.0 0.6369954352473997 0.9318617244358502 0.008623540527943873 0.007643592740677718
0.0 0.6156325734849929 0.923728157801538 0.008623540527943873 0.007447603183224061
0.0 0.6234721557831238 0.9228462047929987 0.006271665838504958 0.008035571855584322
0.0 0.5871160928755416 0.9593002624793077 0.008035571855584322 0.005291718051238093
0.0 0.5895659623437078 0.9620441162836532 0.005879686723597999 0.007643592740677718
0.0 0.7413542301150408 0.8968040288751655 0.006037385042785459 0.008641747218104711
0.0 0.5235667680382827 0.8688290642858941 0.007504691518860085 0.00875547343866998
0.0 0.5927767009344327 0.8869654021231383 0.00917240074527328 0.00875547343866998
0.0 0.5477485518212746 0.8555916223012389 0.009172400745272924 0.008130082478764677
0.0 0.5737754752579235 0.8393581695642347 0.009589328051875868 0.006670836905652777
0.0 0.5674173338322227 0.8217429908602452 0.00896393709197163 0.009380864398574574
0.0 0.6555996719329903 0.8378093408010205 0.00841829079551637 0.010522863494395551
0.0 0.7447575368159253 0.8175035868458508 0.009915264435156602 0.008446336370689523
0.0 0.6967419507086381 0.806303010354285 0.010098880443215209 0.007711872338455805
0.0 0.7069326391558827 0.7942761618264559 0.005875712257870447 0.005324864233695337
0.0 0.7106049593170519 0.7953778578748064 0.005141248225637085 0.004590400201461264
0.0 0.7401671366144639 0.7816984652744514 0.00807910435457231 0.008813568386806026
0.0 0.5014973025822981 0.7942602150384646 0.010174862959413744 0.008300546098469396
0.0 0.5956147849568753 0.7974733296572263 0.007229507892215636 0.006693988789087691
0.0 0.5997650580061104 0.7976072094330087 0.004819671928143166 0.006961748340651575
0.0 0.6265289811095333 0.7796384120891755 0.010786342050023379 0.006040351548012879
0.0 0.6291177032015389 0.7761867826331681 0.006471805230013672 0.005177444184011293
0.0 0.6010732138714786 0.7162147208350393 0.009923434686021082 0.008629073640018702
0.0 0.6481016652095798 0.7474951127801065 0.009923434686021082 0.006471805230013672
0.0 0.6502589336195845 0.7423176685960952 0.007334712594015613 0.006471805230013672
0.0 0.7622211640988248 0.7613016306041362 0.010354888368022586 0.013375064142028848
0.0 0.7018176486186949 0.7155675403120381 0.007766166276016761 0.0064718052300140275
0.0 0.4729677941848376 0.694942658438837 0.008371028059761088 0.008811608483959432
0.0 0.524846139134147 0.6779803121072157 0.006828996575068302 0.008371028059761088
0.0 0.5005934122323656 0.6333182650219996 0.009692769332355055 0.00815073784766227
0.0 0.5428891329553693 0.6378342143700287 0.0096927693323547 0.007930447635563099
0.0 0.5439905840158641 0.6209820131444571 0.003965223817781904 0.009472479120255884
0.0 0.548396388257844 0.6215327386747044 0.0039652238177815494 0.009252188908157067
0.0 0.6785127844561145 0.6996021458323908 0.008833523392801367 0.007919710628028653
0.0 0.6489661717284688 0.6897025075473548 0.005178272333710865 0.010051940412498083
0.0 0.5920051760576461 0.6130945374339222 0.010661148922346441 0.006701293608332293
0.0 0.6734868142498656 0.6392905033574021 0.012793378706815873 0.009747336157573727
0.0 0.6036984256726458 0.6217511095405867 0.011193629733292099 0.007773353981452758
0.0 0.6062510804087673 0.6336494387472944 0.008750959790913272 0.008913014601855807
0.0 0.5308975304102923 0.6795313718541685 0.004362789393490374 0.005635269633259199
0.0 0.525898500896916 0.684348618476147 0.004181006502095385 0.006544184090236271
0.0 0.5308066389645933 0.6844395099218448 0.006362401198840928 0.006725966981631614
0.0 0.490532831217627 0.5741519223222065 0.007372225162377788 0.008470216144008802
0.0 0.5802186831612366 0.5910809824939202 0.00823450816497342 0.00823450816497342
0.0 0.6020630034322076 0.5619170994096393 0.011665553233712345 0.007548299151225635
0.0 0.6113359893811033 0.6272252156185646 0.00418442484862176 0.00883378579153522
0.0 0.7545107983830807 0.6094272320004761 0.006228775438783885 0.007843643145135104
0.0 0.49143260986428083 0.498805481018303 0.007564325913854119 0.009753999204706076
0.0 0.500589425444209 0.5101519698890838 0.008360570746891227 0.004976530206483076
0.0 0.5044711190052661 0.5064693375362864 0.004180285373445258 0.005573713831261174
0.0 0.5848918471420292 0.5321482334017382 0.006967142289076023 0.008360570746891227
0.0 0.5873801122452708 0.5268731113828663 0.004379346581704979 0.004976530206482721
0.0 0.6002398182660216 0.5153011312388507 0.007764803799266318 0.007263848715442478
0.0 0.6063765180428609 0.513547788445468 0.00601146100588359 0.007764803799266318
0.0 0.724418881952297 0.5206591519061202 0.007926162232139688 0.008948892842738232
0.0 0.7268478671524686 0.5168239121163751 0.004602287747693623 0.004346605095044254
0.0 0.6758391779488612 0.4800056101348241 0.01048298875863587 0.00997162345333642
0.0 0.6353134775038903 0.4608294111861001 0.010227306105986145 0.010994354063935318
0.0 0.7516490844594859 0.5114545764107327 0.005113653052992717 0.005369335705643153
0.0 0.7540780696596574 0.5077471779473125 0.003835239789744804 0.006647748968891065
0.0 0.6961270419794872 0.45233363267803595 0.005369335705643153 0.005113653052993073
0.0 0.6976611378953852 0.4579586510363285 0.003835239789744804 0.004602287747693978
0.0 0.6988117098323088 0.45425125257290855 0.0030681918317959854 0.0074147969268402395
0.0 0.7149197169492373 0.44185064391939993 0.00715911427419016 0.007670479579489964
0.0 0.7204168939812048 0.4437682638142723 0.009460258148037326 0.008948892842738232
0.0 0.7402322995615535 0.42062898374947827 0.004090922442394529 0.005113653052993073
0.0 0.7351186465085604 0.4222909209917011 0.005625018358292521 0.00690343162154079
0.0 0.5119779160081155 0.4361503304997113 0.007657030504052998 0.008783064401708174
0.0 0.5517269125953319 0.384127564428055 0.008332650842646316 0.006530996606397821
0.0 0.584607102406855 0.4213992864404318 0.006530996606398176 0.009008271181238925
0.0 0.6261102303396937 0.4173248432285133 0.00747404723707632 0.011104298752227848
0.0 0.6467172462933473 0.4155097174709379 0.007260503030302701 0.010890754545453874
0.0 0.6257899140295334 0.3898844126581048 0.0089688566844913 0.010890754545453874
0.0 0.6537642051168756 0.38187650490409464 0.006406326203208223 0.008541768270943351
0.0 0.6596366708031505 0.38347808645489645 0.005765693582887366 0.006192781996434959
0.0 0.6557928750812257 0.38572030062601925 0.00448442834224565 0.004270884135472386
0.0 0.4836002569099945 0.24008635939025566 0.007293324076605501 0.010364197372018324
0.0 0.5317745817317828 0.30399890985103484 0.006909464914678765 0.010748056533944705
0.0 0.6212826060190781 0.3177317902323956 0.009980338210091588 0.011131915695871441
0.0 0.6204854262876756 0.28758099708131935 0.010187737105769656 0.010697123961058352
0.0 0.5206456026511324 0.26007410689574095 0.00916896339519262 0.00865957653990428
0.0 0.5598683905083455 0.24377372752650892 0.00916896339519262 0.010697123961058352
0.0 0.558085536514836 0.26185696088925053 0.006622029118750561 0.008150189684615583
0.0 0.6059679009119536 0.2669508294421357 0.005603255408173169 0.010187737105769656
0.0 0.6139502003559523 0.2567107490221801 0.004458762432062002 0.007669071383146431
0.0 0.6185873132852967 0.2557298212871265 0.0051721644211919935 0.00677731889673403
0.0 0.5635661848736516 0.2668767273672815 0.004993813923909229 0.005528865415757167
0.0 0.740981474687391 0.2487191387308753 0.007402132424650887 0.008761707767953908
0.0 0.7273101892908418 0.23066699945034905 0.005438301373212795 0.009517027403122569
0.0 0.7305109674707051 0.20537800475349072 0.007864360571933205 0.011256829838257687
0.0 0.5186604950764568 0.24690885138534302 0.004804291727427667 0.008146407711725345
0.0 0.5236736690529031 0.2463866457627965 0.0052220562254650105 0.007101996466632343
0.0 0.5127204939573915 0.18477536299818934 0.008564172209762688 0.008146407711725345
0.0 0.4778371583712852 0.15302526114736298 0.0056398207235027085 0.008564172209762688
0.0 0.48796794744868743 0.1611716688590878 0.007937525462706674 0.007728643213688357
0.0 0.5711030825580898 0.1736001626756943 0.008355289960744017 0.010861876948967009
0.0 0.6366850134993038 0.14536037189799736 0.009775784595203518 0.011108846130913364
0.0 0.7091062607112948 0.11991680431668783 0.008626987860542102 0.01073580711534099
0.0 0.7066555021333153 0.08071960514066046 0.008818698701887229 0.009968963749959415
0.0 0.6970939282345741 0.0777629973531619 0.008758769915080577 0.011217371996507453
0.0 0.7313748687306022 0.019964958920616383 0.0067673472756190735 0.009474286185866987
0.0 0.7153265880484193 0.0038435287174250375 0.007540758392832458 0.007687057434850075
0.0 0.7217072297654317 0.00181332453473928 0.005607230599798996 0.00362664906947856
0.0 0.6194424487995264 0.0019449450310403016 0.009360421435196997 0.0038898900620806033
0.0 0.36263550735350647 0.14498417828323387 0.005695110049169827 0.011390220098340365
