0.0 0.17761573608026848 0.9056934894555188 0.010372955490956048 0.007543967629786152
0.0 0.235374238245819 0.8679736513065877 0.009901457514094325 0.006600971676063239
0.0 0.3197723761040521 0.8776393598322514 0.00518647774547798 0.011787449421540686
0.0 0.20401962278452013 0.9679312224012548 0.006600971676062883 0.005657975722339614
0.0 0.3167076392544514 0.9813689147418116 0.010372955490956137 0.005186477745478158
0.0 0.4774884493642695 0.9948066070823678 0.00942995953723269 0.006600971676063239
0.0 0.49092614170482624 0.961565999713623 0.008015465606647964 0.010844453467817062
0.0 0.48668265991307147 0.9332761211019246 0.008015465606647787 0.008958461560371233
0.0 0.5548141176890713 0.9691099750913512 0.008486963583509421 0.007072469652924696
0.0 0.5597648463266253 0.864908914456987 0.007072469652924518 0.005186477745478158
0.0 0.6583079234508762 0.8576006841937179 0.007072469652924518 0.005657975722339614
0.0 0.7262036321587829 0.9712317082392861 0.008958461560371233 0.006600971676062528
0.0 0.13084068857910422 0.6399548213354391 0.008958461560371101 0.009429959537233046
0.0 0.2244330369861392 0.7946061577460559 0.005657975722339614 0.005657975722339614
0.0 0.23857797629198826 0.7587723115045717 0.011315951444679317 0.007543967629786152
0.0 0.2798340492673815 0.7264747000895497 0.009901457514094325 0.009901457514094148
0.0 0.33429206559490054 0.6724881817388921 0.008486963583509421 0.008486963583509421
0.0 0.4283559119787972 0.7872979391047009 0.010844453467817771 0.008015465606647964
0.0 0.6754208518542949 0.7837617042782385 0.011787449421540863 0.009429959537233046
0.0 0.6890942934222687 0.6050639729846639 0.008958461560371056 0.009429959537233046
0.0 0.4618322683359734 0.5095856307331964 0.008958461560371233 0.008958461560370879
0.0 0.4832854262831778 0.5765383434475494 0.011315951444679229 0.00801546560664832
0.0 0.5162902846634925 0.6034137281286623 0.006600971676062883 0.009901457514094502
0.0 0.5514168839396845 0.5793673313087189 0.008958461560371233 0.010844453467817771
0.0 0.5811212564819674 0.6776746594843702 0.008015465606647964 0.008486963583509421
0.0 0.5054458311956748 0.657164497490889 0.011315951444679229 0.010844453467817417
0.0 0.44273660027307704 0.6658872100628292 0.01037295549095596 0.007543967629786152
0.0 0.3578669643981513 0.631939349917835 0.00942995953723269 0.005657975722339259
0.0 0.31166016270554203 0.6161441735039267 0.007543967629786241 0.008958461560371233
0.0 0.37012591163722963 0.6147296660144429 0.00942995953723269 0.008958461560370879
0.0 0.1551228343874785 0.5199585862241527 0.011315951444679317 0.008015465606647964
0.0 0.2291480167547555 0.560035914257392 0.007543967629786241 0.00801546560664761
0.0 0.29256449464264567 0.6012919872327848 0.008015465606647875 0.006600971676062883
0.0 0.2774765593830733 0.6177944164229425 0.006129473699201249 0.004714979768616345
0.0 0.26686785490368653 0.5753595888204677 0.008486963583509421 0.00565797572233997
0.0 0.11811024320384007 0.4836532420058065 0.00990145751409437 0.00707246965292434
0.0 0.13744166025516716 0.5003914201843946 0.011787449421540908 0.008486963583509421
0.0 0.1289546966716577 0.4211797600716395 0.008015465606647787 0.008486963583509421
0.0 0.20604461588853532 0.4449904079031521 0.009429959537232779 0.00801546560664761
0.0 0.23009101290763406 0.4053845778467748 0.007543967629786152 0.00801546560664761
0.0 0.2720543326491645 0.43273146050475 0.00942995953723269 0.00707246965292434
0.0 0.24847943380608267 0.44051117712296667 0.011315951444679229 0.007543967629786152
0.0 0.33971429232880945 0.4584281002437091 0.009901457514094414 0.008486963583509066
0.0 0.3074166809137873 0.48318174402894465 0.008486963583509421 0.00707246965292434
0.0 0.39865153943651405 0.44499040790315225 0.008015465606647832 0.008958461560371233
0.0 0.42623417108291983 0.43084546859730305 0.005657975722339792 0.008958461560371233
0.0 0.43189214680525945 0.4497053876717686 0.007543967629786152 0.00801546560664761
0.0 0.5292564790271873 0.5027489100687029 0.007072469652924518 0.008486963583509421
0.0 0.4618322683359734 0.4112783025575455 0.008015465606647964 0.009429959537233046
0.0 0.4967231186237345 0.41410729041871513 0.008015465606647964 0.006600971676062883
0.0 0.5120468028717378 0.4317884645510267 0.00754396762978633 0.004243481791754533
0.0 0.40572400908943856 0.5013344161381179 0.008958461560371233 0.006600971676062883
0.0 0.6259135642838227 0.37756618752701065 0.009901457514094502 0.008958461560370879
0.0 0.644066236392996 0.40043384908972757 0.006600971676062883 0.008486963583509421
0.0 0.6940450219403294 0.1394597188968117 0.00942995953723269 0.009901457514094148
0.0 0.623556074399515 0.14558919259601275 0.008015465606647787 0.010844453467817771
0.0 0.4069027540315927 0.14346745170013547 0.00942995953723269 0.00942995953723269
0.0 0.48540716717905513 0.1616201238093085 0.008015465606647787 0.013673441328987578
0.0 0.5134612968023226 0.15714089302912287 0.007543967629786152 0.007543967629786152
0.0 0.5806497585051058 0.24861150054028053 0.008958461560371233 0.008486963583509421
0.0 0.5132255478138918 0.2698289094990541 0.006129473699201249 0.011315951444679229
0.0 0.4540525517177564 0.2950540512611518 0.007543967629786152 0.008015465606647964
0.0 0.450516316891294 0.33984635906300725 0.008015465606647787 0.009901457514094148
0.0 0.428591660967228 0.3476260756812245 0.007543967629786152 0.008486963583509777
0.0 0.46772599304674384 0.34974781657710174 0.006600971676062883 0.006129473699201427
0.0 0.47857044651456143 0.3393748610861458 0.007543967629786152 0.007072469652924696
0.0 0.14899336068827726 0.30401251282152303 0.006600971676062883 0.008958461560371233
0.0 0.1916639275942554 0.33183089345635963 0.011787449421540908 0.00801546560664761
0.0 0.2605026322160544 0.34008210805143796 0.01367344132898749 0.006600971676062883
0.0 0.3724834017206932 0.3122637274166015 0.010372955490956048 0.007543967629786152
0.0 0.4151539686266713 0.127200771498409 0.010844453467817594 0.009901457514094148
0.0 0.22749777383573982 0.15784813999441544 0.008015465606647875 0.009901457514094502
0.0 0.20533736864442537 0.1903814965238972 0.013673441328987467 0.008958461560370879
0.0 0.22655477788201658 0.19556797814334637 0.008958461560371144 0.008015465606647964
0.0 0.32344761212708295 0.20075445588882435 0.007543967629786241 0.006129473699201427
0.0 0.32486210605766785 0.2417747798757869 0.009429959537232779 0.008958461560370879
0.0 0.3024659521567401 0.15996988089029288 0.008015465606647787 0.00942995953723269
0.0 0.6799000826344804 0.1269650225099781 0.00754396762978633 0.008486963583509777
0.0 0.658446924687276 0.03832340285999027 0.006129473699201249 0.008486963583509421
0.0 0.5547173697777159 0.06519878754110361 0.007072469652924518 0.00942995953723269
0.0 0.48281392830631625 0.06260554866836472 0.006600971676063061 0.008015465606647964
0.0 0.4712622278732062 0.1007968847941573 0.01178744942154104 0.008958461560371233
0.0 0.45641004144274033 0.10126839051896112 0.012258947398402498 0.008958461560371233
0.0 0.45358105374089475 0.01875623682023253 0.01037295549095596 0.008015465606647964
0.0 0.4799849404451463 0.0222924716466947 0.009429959537232867 0.008486963583509421
0.0 0.48304967729474707 0.0024235232514071116 0.009901457514094325 0.004847046502814223
0.0 0.8898617586384818 0.9793608265255311 0.007616505780072558 0.00942995953723269
0.0 0.9749127398492924 0.9677547224797063 0.006528433525776478 0.005803052022912425
0.0 0.8508725028595385 0.9021076964705095 0.010155341040096744 0.007979196531504584
0.0 0.8885923410084695 0.8963046444475967 0.008704578034368637 0.007253815028640531
0.0 0.9442653713532858 0.8513309912700251 0.007616505780072558 0.005803052022912425
0.0 0.8499657759809585 0.7153219594830146 0.00834188728293661 0.006528433525776478
0.0 0.9237733438973763 0.7524977615047973 0.007253815028640531 0.004714979768616345
0.0 0.8798877629741007 0.5370594551541726 0.005803052022912425 0.0061657427743444515
0.0 0.856675554882451 0.4699616661392474 0.005803052022912425 0.006891124277208505
0.0 0.7781530071974169 0.3384862687451369 0.005440361271480398 0.006528433525776478
0.0 0.8836960158641369 0.3818278135412642 0.007616505780072558 0.006891124277208505
0.0 0.7723499551745043 0.0822452528584087 0.0076165057800727355 0.007616505780072558
