0.0 0.6940450219403294 0.9394597188968117 0.00942995953723269 0.009901457514094148
0.0 0.623556074399515 0.9455891925960127 0.008015465606647787 0.010844453467817771
0.0 0.4069027540315927 0.9434674517001355 0.00942995953723269 0.00942995953723269
0.0 0.48540716717905513 0.9616201238093085 0.008015465606647787 0.013673441328987578
0.0 0.5134612968023226 0.9571408930291229 0.007543967629786152 0.007543967629786152
0.0 0.4151539686266713 0.927200771498409 0.010844453467817594 0.009901457514094148
0.0 0.22749777383573982 0.9578481399944154 0.008015465606647875 0.009901457514094502
0.0 0.20533736864442537 0.9903814965238972 0.013673441328987467 0.008958461560370879
0.0 0.22655477788201658 0.9955679781433464 0.008958461560371144 0.008015465606647964
0.0 0.32344761212708295 0.9988448595196118 0.007543967629786241 0.0023102809607763674
0.0 0.3024659521567401 0.9599698808902929 0.008015465606647787 0.00942995953723269
0.0 0.6799000826344804 0.9269650225099781 0.00754396762978633 0.008486963583509777
0.0 0.658446924687276 0.8383234028599903 0.006129473699201249 0.008486963583509421
0.0 0.5547173697777159 0.8651987875411036 0.007072469652924518 0.00942995953723269
0.0 0.48281392830631625 0.8626055486683647 0.006600971676063061 0.008015465606647964
0.0 0.4712622278732062 0.9007968847941573 0.01178744942154104 0.008958461560371233
0.0 0.45641004144274033 0.9012683905189611 0.012258947398402498 0.008958461560371233
0.0 0.11457400837737775 0.7334151030082762 0.007543967629786197 0.007072469652924696
0.0 0.1782262352536987 0.7131406900032257 0.00848696358350951 0.007072469652924518
0.0 0.28148429218639726 0.7657127144232982 0.007543967629786152 0.008486963583509421
0.0 0.32627659998825276 0.7793861557522856 0.007543967629786241 0.00942995953723269
0.0 0.34018579030567103 0.7150266819106723 0.010844453467817683 0.008015465606647787
0.0 0.29303599261950736 0.6796643336460495 0.008958461560371056 0.007072469652924518
0.0 0.29091425172362995 0.6629261554674615 0.007543967629786152 0.01037295549095596
0.0 0.4172757095225488 0.7624122285852668 0.00942995953723269 0.007543967629786152
0.0 0.45358105374089475 0.8187562368202326 0.01037295549095596 0.008015465606647964
0.0 0.4799849404451463 0.8222924716466947 0.009429959537232867 0.008486963583509421
0.0 0.48304967729474707 0.8003678157226286 0.009901457514094325 0.008958461560371233
0.0 0.4988448595196119 0.7522750220827417 0.008486963583509598 0.011787449421540863
0.0 0.44815882700698595 0.7180914187602729 0.008015465606647787 0.006600971676062883
0.0 0.4946013777278571 0.7195059126908578 0.004714979768616345 0.004714979768616345
0.0 0.7305861151471065 0.5978594346605556 0.007072469652924518 0.006600971676062883
0.0 0.7093687059493462 0.6622189162501114 0.010844453467817594 0.009901457514094502
0.0 0.6544391918441208 0.6101183762480016 0.011315951444679229 0.008486963583509421
0.0 0.5500023900090995 0.6355792728094866 0.007072469652924518 0.009429959537232867
0.0 0.5014380983923508 0.6490169651500433 0.008958461560370879 0.008958461560371056
0.0 0.4351926326432909 0.570041054025719 0.01037295549095596 0.00942995953723269
0.0 0.27346882657974936 0.5747560337943355 0.00942995953723269 0.007543967629786152
0.0 0.298693968341847 0.5771135236786435 0.008958461560371056 0.008486963583509598
0.0 0.24211421111845052 0.5226555073511244 0.006129473699201337 0.007072469652924518
0.0 0.2560234014358689 0.4835211752716086 0.008486963583509421 0.010844453467817771
0.0 0.2824272881401205 0.5030883413113665 0.009429959537232779 0.00942995953723269
0.0 0.32344761212708295 0.49530862469314957 0.012258947398402586 0.008015465606647787
0.0 0.37083315880167744 0.5438729163098982 0.01273044537526422 0.011787449421540863
0.0 0.13343392745184326 0.3253336040345295 0.007543967629786197 0.007543967629786241
0.0 0.19260692354797865 0.37719838148930956 0.008015465606647787 0.00848696358350951
0.0 0.21901081025223035 0.3750766405934321 0.008958461560371056 0.009901457514094414
0.0 0.2600311342391927 0.4031307702166996 0.008958461560371144 0.009429959537232736
0.0 0.3067094339484948 0.4366071265738758 0.009901457514094414 0.00942995953723269
0.0 0.3366495554792088 0.33806404940979373 0.009429959537232779 0.009429959537232779
0.0 0.2817200411748281 0.29845821935341615 0.006129473699201249 0.007543967629786152
0.0 0.31166016270554203 0.29727947441126207 0.008486963583509421 0.007072469652924518
0.0 0.4099674908811933 0.31118866472868034 0.008958461560371056 0.008486963583509421
0.0 0.450516316891294 0.3187326323584665 0.008015465606647787 0.006600971676062972
0.0 0.496015871658442 0.3121316606824036 0.01037295549095596 0.008486963583509421
0.0 0.4955443736815804 0.29845821935341615 0.011315951444679406 0.008486963583509421
0.0 0.5009666004154891 0.5530671268587002 0.008015465606647787 0.00754396762978633
0.0 0.5007308514270584 0.5174690296056464 0.008486963583509421 0.008015465606647787
0.0 0.48682166110964015 0.5205337664552471 0.008958461560371056 0.01037295549095596
0.0 0.5554246167430082 0.4594747784516652 0.006600971676062883 0.007072469652924518
0.0 0.4417936043193539 0.48847190402865587 0.00942995953723269 0.00942995953723269
0.0 0.421990689291165 0.46442550720871234 0.009429959537232867 0.01037295549095596
0.0 0.39888728842494486 0.4512235638565866 0.01037295549095596 0.00942995953723269
0.0 0.47574145885254715 0.40713849527208124 0.012258947398402675 0.010844453467817771
0.0 0.7657127144232984 0.29940121530713937 0.006600971676062883 0.007543967629786241
0.0 0.7862228764167796 0.5469376531594988 0.008958461560371056 0.008486963583509598
0.0 0.807911783352415 0.5549531187661467 0.008015465606647964 0.00942995953723269
0.0 0.9762365610920194 0.6391155076359488 0.009901457514094502 0.007072469652924696
0.0 0.9830732817565131 0.40690275403159265 0.011315951444679229 0.010372955490956137
0.0 0.9776510550226044 0.32863408987256093 0.010844453467817771 0.009429959537232779
0.0 0.7723499551745043 0.8822452528584087 0.0076165057800727355 0.007616505780072558
0.0 0.8592143901424751 0.7855881676017734 0.00797919653150494 0.007253815028640531
0.0 0.8488777037266624 0.6900191545994339 0.005440361271480398 0.006891124277208505
