0.0 0.8621521011088188 0.15893902746709077 0.007625938608161675 0.008579180934181706
0.0 0.8618661284110136 0.2945854104597639 0.00743529014295774 0.008388532468977684
0.0 0.6062065365723985 0.27876158784782834 0.00819788400377348 0.008007235538569902
0.0 0.3329046199399713 0.396581396152888 0.008996701072980073 0.00922738571587609
0.0 0.876282296283587 0.35667295293172707 0.0064591700011128236 0.007381908572700357
0.0 0.5576043106332964 0.33220894945980334 0.00968875500166888 0.012226286073534886
0.0 0.672023893510152 0.32598046410158754 0.006920539286906546 0.007612593215597219
0.0 0.5079351902139333 0.32094341846427027 0.009327278220261803 0.010205139699815647
0.0 0.24427252975921404 0.48835809251878254 0.010051931995645446 0.009046738796080867
0.0 0.2087070217340802 0.502217602228759 0.008287584305341511 0.008287584305341867
0.0 0.511349680454962 0.5625051890409937 0.007821163764180739 0.011173091091686339
0.0 0.6065969215125062 0.4954399264739296 0.009382062348532828 0.010092824647663434
0.0 0.6723650736976033 0.47402391350684736 0.012221784479634578 0.009005525406046289
0.0 0.8807731780075265 0.4859927695966175 0.007560329267523258 0.009116867646130978
0.0 0.8664307886617838 0.49299719230035216 0.008227417144069448 0.008005054518553933
0.0 0.7593631844761258 0.4668695838022943 0.010673406024738341 0.007782691893038596
0.0 0.7425468547786884 0.5622221369816763 0.009337525070456109 0.011144787987319837
0.0 0.7201066735609765 0.5173417745462531 0.010843577501176326 0.008735104098169622
0.0 0.8994775180595969 0.5714090568090614 0.009939946042744906 0.007229051667450648
0.0 0.9054942557881646 0.6104921657066132 0.008226048779529548 0.008363149592521957
0.0 0.8490431564465929 0.6295590314624492 0.009936100364939193 0.009494495904276335
0.0 0.7916594706565891 0.5295337263218108 0.0073779111537199075 0.007104655185063535
0.0 0.7700722491327425 0.5440162926605941 0.010656982777595659 0.008197679059688667
0.0 0.7811391158633224 0.5067168529390107 0.009837214871626542 0.00737791115371973
0.0 0.8219908831774365 0.5221558151680911 0.009563958902970172 0.008197679059688667
0.0 0.8218542551931087 0.45807729051819124 0.007104655185063535 0.006831399216407341
0.0 0.8580606710400669 0.4638156658599734 0.010110470840283626 0.006284887279094953
0.0 0.8739095172221326 0.4949668462867904 0.006831399216407163 0.009017446965657604
0.0 0.8584705549930515 0.4994755697696191 0.01093023874625203 0.008197679059688667
0.0 0.7424733962984569 0.3043708081490285 0.010110470840282914 0.008744190997001234
0.0 0.7143280315268594 0.33292605687361065 0.006831399216407874 0.006284887279094686
0.0 0.022942950009483452 0.5196763268089402 0.009661539407874642 0.007527013259623239
0.0 0.00718822252432858 0.5758534929688266 0.008127907456284333 0.007904203581340497
0.0 0.23757826374218177 0.5897899411458906 0.008963005096367738 0.007557043512624162
0.0 0.2030578585527234 0.6089571109591292 0.007205553116688179 0.010544711878080194
0.0 0.10639799967032175 0.6340886742685533 0.008963005096367738 0.007732788710591976
0.0 0.03425248646807262 0.6966573530836435 0.007180375608411537 0.009681405314711533
0.0 0.03981893092810651 0.7911419825812767 0.007026874625954349 0.010686705160306075
0.0 0.12127455521615538 0.7592223126293225 0.007305936073058916 0.008864535768645255
0.0 0.024121697237713846 0.9659809301513903 0.008477466387248712 0.007205846429161511
0.0 0.0680542553162983 0.8625975487301055 0.008231354642313704 0.007013698630137099
0.0 0.06559263151908645 0.9563518913851468 0.008718417047184346 0.006429223744292401
0.0 0.3358442985180542 0.6934364125988328 0.0075172919175571454 0.0086591590442751
0.0 0.13176300524678303 0.9410029783155369 0.008197063841828367 0.00879684900098603
0.0 0.1460221076388084 0.9326514673906774 0.008540059220300123 0.00791005485158891
0.0 0.1425839932449854 0.9543179591334313 0.009072363300809627 0.008631957315333238
0.0 0.9116907075735362 0.9886990839595857 0.00748944004181098 0.006808581856190798
0.0 0.9121964903880034 0.9761804236313572 0.007149010949000001 0.008737680048778174
0.0 0.9110617267453055 0.917853572396656 0.00692205822046148 0.008510727320238587
0.0 0.8689622924375427 0.9290896895417997 0.010712908100578743 0.00836627108807093
0.0 0.874987854322255 0.9661512691278997 0.01040682501199015 0.008672354176658814
0.0 0.8033183281995647 0.8671531934384692 0.009003183114504053 0.00673408818320631
0.0 0.7573392049017684 0.7809835325075528 0.011254969814547877 0.007902425614469877
0.0 0.700610493557096 0.7591086271910525 0.010546216384013008 0.007185334239656882
0.0 0.6581939201629581 0.6783298616187247 0.014616141878077827 0.007748316176330228
0.0 0.5720854462402049 0.6829035541711463 0.010082035240705523 0.010082035240705523
0.0 0.5823456821789759 0.7099980420119592 0.009424164048616035 0.008077854898814074
0.0 0.4883326703935019 0.6907397328023893 0.012755606508006423 0.00830317782124954
0.0 0.4223560533377654 0.6813422812023622 0.008865895350177766 0.0070288179352758105
0.0 0.4284146565108518 0.7063847884332316 0.007055355326994572 0.010321723533936122
0.0 0.6910178358120198 0.7655440157460548 0.00780372669702416 0.010155534742701278
0.0 0.675053583096522 0.7985991820563183 0.007269224868460355 0.00887273035414946
0.0 0.600232024780043 0.7760094252106863 0.008947437044813 0.0074715711405142216
0.0 0.768433319511647 0.9211689063882751 0.009333150769682419 0.00898747851895294
0.0 0.7309048188523288 0.9135002375773201 0.007948452699461228 0.007456795831453178
0.0 0.6726242454744916 0.9232171231525118 0.013256762814623357 0.0081013550533811
0.0 0.5733689345772799 0.9142065484235141 0.008433124853130636 0.009445099835506099
0.0 0.4898061933652002 0.8166578898532062 0.008916046539649614 0.007032374735498692
0.0 0.4902478120066707 0.8526126476190623 0.011050874584354631 0.007409109096328947
0.0 0.5518251909748401 0.9871776804893807 0.007316200393119488 0.008530663938672944
0.0 0.3739851618144513 0.9278967434311494 0.008708232480346823 0.007599911982848084
0.0 0.4012181797529898 0.9382674566577428 0.006808254484635512 0.009658221478202833
0.0 0.47946728192435834 0.8846756483384631 0.007741386475115064 0.008122110400120874
0.0 0.3185277027012162 0.9755686489321522 0.00820295002219069 0.007787610780561493
0.0 0.43310273372916797 0.9866001722339537 0.009260267496108554 0.007391222680380949
0.0 0.6353027501842543 0.9703959124999736 0.006773003650638288 0.004334722336408703
0.0 0.8608017772897177 0.28495964180686256 0.005233557664122657 0.0065657359786262855
0.0 0.7379517714844024 0.3844282965082414 0.012857007007299614 0.010350980217741234
