0.0 0.027511706218727738 0.20914434834703888 0.008369271365044284 0.04048391730067977
0.0 0.11329673771042863 0.4707327370591136 0.00878773493329632 0.04463611394690153
0.0 0.17815859078952007 0.6129454721922635 0.006695417092035072 0.046712212270012404
0.0 0.3306885614174478 0.20032093047382116 0.006695417092035782 0.04982635975468225
0.0 0.46752614823591687 0.31813951031040233 0.007113880660287108 0.04671221227001593
0.0 0.48447392275013146 0.24391899525916197 0.00962466206980075 0.03736976981601345
0.0 0.4251567119503816 0.522635195136905 0.010252357422178804 0.042560015623790644
0.0 0.3166700318809985 0.49616494151723073 0.007950807796792247 0.04775026143157137
0.0 0.06172110292334576 0.3866507549730931 0.006904648876160735 0.04878831059313034
0.0 0.5126517073608736 0.47601630817761953 0.009047178633721486 0.03740435610840954
0.0 0.5640267574595091 0.34777280152021134 0.007539315528101653 0.04595392321890577
0.0 0.55831841855966 0.12174362103652771 0.00775472454318944 0.05343479444058909
0.0 0.6341423918708529 0.24250625647224197 0.010339632724253534 0.04274783555247409
0.0 0.6937029845428574 0.4332684726251507 0.009693405678987688 0.043816531441283474
0.0 0.7563870079336452 0.2841853961359102 0.007539315528101653 0.05343479444058556
0.0 0.9959683829665243 0.0538814320969802 0.008063234066951353 0.048091314996528065
0.0 0.785948096759711 0.07926831039311547 0.008040647683969837 0.04664246909341759
0.0 0.21123357511133137 0.456479922542737 0.009257683931605953 0.050352444559386866
