0.0 0.07769012638602346 0.15893902746709077 0.009532423260202094 0.008579180934181706
0.0 0.07733266051376697 0.2945854104597639 0.009294112678697175 0.008388532468977684
0.0 0.0953528703544837 0.35667295293172707 0.00807396250139103 0.007381908572700357
0.0 0.10096647250940816 0.4859927695966175 0.009450411584404073 0.009116867646130978
0.0 0.08303848582722972 0.49299719230035216 0.010284271430086811 0.008005054518553933
0.0 0.12434689757449613 0.5714090568090614 0.012424932553431134 0.007229051667450648
0.0 0.13186781973520567 0.6104921657066132 0.010282560974411936 0.008363149592521957
0.0 0.061303945558241146 0.6295590314624492 0.012420125456173992 0.009494495904276335
0.0 0.027488603971795644 0.5221558151680911 0.011954948628712714 0.008197679059688667
0.0 0.027317818991385856 0.45807729051819124 0.00888081898132942 0.006831399216407341
0.0 0.07257583880008367 0.4638156658599734 0.012638088550354531 0.006284887279094953
0.0 0.09238689652766574 0.4949668462867904 0.008539249020508954 0.009017446965657604
0.0 0.07308819374131437 0.4994755697696191 0.013662798432815038 0.008197679059688667
0.0 0.1396133844669203 0.9886990839595857 0.009361800052263725 0.006808581856190798
0.0 0.14024561298500426 0.9761804236313572 0.008936263686250001 0.008737680048778174
0.0 0.13882715843163185 0.917853572396656 0.00865257277557685 0.008510727320238587
0.0 0.08620286554692846 0.9290896895417997 0.01339113512572343 0.00836627108807093
0.0 0.09373481790281879 0.9661512691278997 0.013008531264987688 0.008672354176658814
0.0 0.004887449848010483 0.8671531934384692 0.009774899696020967 0.00673408818320631
0.0 0.0760022216121472 0.28495964180686256 0.006541947080153321 0.0065657359786262855
