0.0 0.25171276762014044 0.3980015082943635 0.006246861437569607 0.06091566566226888
0.0 0.272068919546015 0.3926580288503042 0.00990881469407654 0.041679139663657654
0.0 0.22306336861335438 0.23342234141735163 0.009693405678987688 0.04595392321890577
0.0 0.24158854391097434 0.15754493331171435 0.00883176961863299 0.050228706774153885
0.0 0.21627798463806264 0.04693490881970334 0.008185542573367144 0.05129740266296679
0.0 0.19613724172727665 0.0538814320969802 0.008400951588455996 0.048091314996528065
0.0 0.6525237774887327 0.3920693764313466 0.008558372941867986 0.04273948788594743
0.0 0.6432334384399947 0.4065952154514061 0.008783593282443292 0.03659394060823192
0.0 0.6353290764070927 0.38964272839151914 0.007493117014282546 0.052320587363586434
0.0 0.8225125559827976 0.10261473993875031 0.008589692290350115 0.04010873189839518
0.0 0.8706400966096115 0.03618465273202955 0.007579140256191152 0.040108731898398704
0.0 0.8716190688927028 0.007281769721525644 0.009158127809563866 0.014563539443051289
0.0 0.5963334176163873 0.382458632793499 0.00981885144619099 0.03396039516804709
0.0 0.5346248701209987 0.40546073060965343 0.010189417864571481 0.03977874149188224
0.0 0.4331966891076721 0.3183731664535293 0.0074033485540333285 0.048811959458661895
0.0 0.33240482468320776 0.21200871816563802 0.010257634287085437 0.04009561534815637
0.0 0.4070802034791104 0.2197653247455964 0.008752848401277191 0.04698024619027319
0.0 0.49608250504798973 0.31094293626434 0.008328767123288117 0.049778532913288195
0.0 0.3049075083464558 0.05012067295774966 0.008074431710011964 0.04183172688071017
0.0 0.5225356879544207 0.30276478444712074 0.011256906757558482 0.039277868710245835
0.0 0.5313804004067879 0.2521331568128189 0.0074221363236645745 0.052165919380792
0.0 0.6391811139053918 0.19645374071367686 0.00977418134133572 0.0522222211200769
0.0 0.6480154701177525 0.11439025038213045 0.009398251289746185 0.042896824491492236
0.0 0.6319444604122868 0.06916207673349205 0.009586216315540953 0.04942460213150009
0.0 0.6154975206552319 0.16334858268220168 0.007142670980206845 0.05315476078293466
0.0 0.6119261851651281 0.09154302864209593 0.0075186010317963795 0.04755952280578457
0.0 0.5513051041780027 0.028155768368815753 0.008940277625379167 0.04435486573831525
0.0 0.5239875892115666 0.11234787463136015 0.009271399018912519 0.05667566177673732
0.0 0.49347374149072215 0.11422507631857481 0.009160444497904763 0.04301249686723661
0.0 0.47736117393637195 0.1353255464798604 0.00866970639980238 0.05275117540321837
0.0 0.44831509372515477 0.08138600910375006 0.009837164178982505 0.03997323856856383
0.0 0.3652983646529119 0.06320813135519092 0.009456800890629325 0.044989346915171216
