0.0 0.19015728143080768 0.905570084148302 0.017696626694517548 0.011434743402611502
0.0 0.32288198163968573 0.8786167604135763 0.013612789765013567 0.015246324536813915
0.0 0.3868620935352465 0.9374240121984329 0.014974068741514301 0.013068278174412029
0.0 0.3878830527676227 0.8236210897629235 0.017015987206266736 0.014157301355613328
0.0 0.3957104068825048 0.8130031137462133 0.019057905671018283 0.01361278976501339
0.0 0.4760258664960828 0.8712658539404693 0.016335347718015925 0.01252376658381138
0.0 0.47772746521670895 0.7757040697900773 0.02109982413576983 0.010890231812010143
0.0 0.46105179775456806 0.74684495548825 0.019057905671017394 0.016335347718015925
0.0 0.09452743333159086 0.6638069379216699 0.022461103112271452 0.01361278976501339
0.0 0.20274911196344547 0.39046211944020826 0.015654708229764225 0.012523766583812091
0.0 0.1973039960574403 0.27638694120939855 0.015654708229765113 0.01197925499321073
0.0 0.30178215750391546 0.34690119219216625 0.02178046362402153 0.021235952033420345
0.0 0.31539494744142527 0.4669660113412011 0.016335347718015925 0.015246324536814626
0.0 0.23644076663185265 0.5211449011843332 0.016335347718015036 0.011434743402611502
0.0 0.29463544287728327 0.5633445494558735 0.019738545159268206 0.01197925499321073
0.0 0.4593501990339415 0.5012702281274141 0.015654708229765113 0.01306827817441274
0.0 0.39400880816187867 0.33437742560835415 0.012932150276762755 0.016879859308616574
0.0 0.5131207186057427 0.42667214021514255 0.02109982413576983 0.015246324536814626
0.0 0.6533324531853775 0.37902737603759673 0.015654708229765113 0.01361278976501339
0.0 0.5736976330600512 0.2853713824543071 0.012932150276761867 0.016879859308616574
0.0 0.32084006317493374 0.12501271902245392 0.01769662669451666 0.010890231812010853
0.0 0.4219150271801557 0.24017692043446423 0.019738545159269982 0.01361278976501339
0.0 0.5417075771122701 0.22574736328355022 0.02518366106527381 0.010890231812010853
0.0 0.6700081206475179 0.03244574862036487 0.012251510788511943 0.01306827817441274
0.0 0.3075675931540456 0.10786060391853738 0.019738545159268206 0.014701812946213977
0.0 0.3514688401462127 0.0015210613639684567 0.01089023181201032 0.0030421227279369134
0.0 0.44063261310704904 0.003971363521670668 0.014974068741514301 0.007942727043341336
