0.0 0.1285142301482379 0.2568290367084405 0.011450665152354133 0.009429959537232335
0.0 0.17398010648846718 0.16657085256635576 0.01077709661398032 0.013471370767475222
0.0 0.24638872436364706 0.12379925037962156 0.010103528075606504 0.012797802229101407
0.0 0.5666705643603734 0.17633759637277535 0.008082822460485061 0.011450665152354133
0.0 0.5427588812481046 0.39861521403611866 0.012797802229101762 0.008756390998858877
0.0 0.8945409851999002 0.9846807243221392 0.01275294291592317 0.013424150437813864
0.0 0.8519193075598409 0.5883326826456802 0.01476656548159525 0.006040867697016594
0.0 0.9586413035404622 0.7296218660036728 0.017451395569158736 0.012081735394032478
0.0 0.8697063068899442 0.5675252494670685 0.008725697784579012 0.010068112828360754
0.0 0.6131332135718264 0.4144171437852743 0.0057916797668539745 0.009801304220830077
0.0 0.7692858103627772 0.3299922733376702 0.008019248907952203 0.00935579039261043
0.0 0.8205199006080253 0.24066675077965094 0.007128221251512201 0.009801304220830077
0.0 0.9027172019145319 0.26427898367528685 0.00935579039261043 0.01247438719014724
0.0 0.9042765003133002 0.33088330099410895 0.011583359533707949 0.010246818049049722
0.0 0.8628437142888824 0.35516380463207453 0.009801304220830077 0.008910276564390784
0.0 0.7998035075958164 0.23710264015389448 0.013810928674806178 0.010692331877269368
0.0 0.8363722910503949 0.1409252051996825 0.010692331877268656 0.010692331877269012
0.0 0.7396957903267533 0.2549767452238864 0.010692331877269368 0.008019248907951849
0.0 0.8769140494183738 0.1346880116046089 0.013365414846586533 0.008019248907951849
