0.0 0.44121264856518144 0.9631854253462663 0.009004235667539717 0.012943588772086656
0.0 0.42096530628335777 0.859220871050281 0.0120234352708124 0.009409644994548928
0.0 0.674520298404509 0.7486212527365798 0.00888688693929609 0.01333033040894378
0.0 0.9521258251446462 0.905570084148302 0.014157301355614039 0.011434743402611502
0.0 0.8756219466652727 0.6638069379216699 0.01796888248981716 0.01361278976501339
0.0 0.6706133328041769 0.36432556309138275 0.011979254993211442 0.01361278976501339
0.0 0.9621992895707564 0.39046211944020826 0.01252376658381138 0.012523766583812091
0.0 0.9578431968459522 0.27638694120939855 0.012523766583812091 0.01197925499321073
0.0 0.9891526133054821 0.5211449011843332 0.013068278174412029 0.011434743402611502
0.0 0.6477438459989553 0.0569487701973884 0.014157301355613328 0.010890231812010853
0.0 0.39557755876787937 0.48068324147593844 0.010739320350251092 0.013424150437813153
0.0 0.09454098519990026 0.18468072432213917 0.01275294291592317 0.013424150437813864
0.0 0.2912047891138755 0.33301758665998415 0.01275294291592317 0.013424150437813864
0.0 0.22811128205614964 0.008153146064884709 0.01006811282836111 0.016108980525377348
0.0 0.2979168643327824 0.12292963230819468 0.01678018804726804 0.013424150437813864
0.0 0.37779055943777634 0.06755501175221212 0.015437773003485944 0.014095357959705268
0.0 0.4650475375670773 0.12796369423721998 0.01275294291592317 0.015437773003485944
0.0 0.620096474840319 0.016207636327573383 0.010068112828360398 0.01476656548159525
0.0 0.609357154490068 0.0739314832101737 0.012752942915923882 0.01476656548159525
