0.0 0.23727259923456057 0.14610637137575927 0.010140258067762175 0.009393081157506344
0.0 0.2331097564488477 0.15379161959553717 0.009286341598898318 0.008112206454210024
0.0 0.23793546790445 0.16112336371881603 0.009606560274722398 0.007365029543953838
0.0 0.23051706858119198 0.17852191177192434 0.008432425130034105 0.009499820716114372
0.0 0.16882244394743715 0.22242577836633703 0.00664980073255883 0.008758274135565357
0.0 0.1123156227419928 0.26819228776665716 0.008112056252350185 0.011661080862753437
0.0 0.14184353113224582 0.25029073561938925 0.008788060940046093 0.007436051564654278
0.0 0.15899715008252818 0.2486007239001496 0.015041104301232622 0.011830082034677414
0.0 0.19017786630249933 0.2592477977313593 0.008788060940046093 0.01081607500313364
0.0 0.15096959441613986 0.2756409114079837 0.008788060940046093 0.009126063283893959
0.0 0.1448855522268772 0.30124458895446404 0.008788060940046093 0.00963306679966589
0.0 0.1235914045644579 0.31239866630144564 0.009802067971590134 0.008619059768122207
0.0 0.14944858386882415 0.31417317860664723 0.01014007031543791 0.00845005859619823
0.0 0.11371589210221096 0.40367689748093516 0.00714551478762111 0.008480391176517443
0.0 0.12857621934224123 0.9822831521702085 0.008735201833421514 0.007764623851929997
0.0 0.2085741488647878 0.9531570692371538 0.007646092427980022 0.010129438686640313
0.0 0.27257541395794577 0.7171556385073008 0.008424990643263542 0.00951208621013624
0.0 0.1570243382249082 0.6892650144756538 0.012335890788329352 0.007284974874997907
0.0 0.12343448541028916 0.4659264325247823 0.009808192161458961 0.007859989608840757
0.0 0.15296314120215157 0.4903996680862462 0.010185700631857485 0.012421586136411377
0.0 0.1767711165778046 0.5297652304645898 0.009065404886239036 0.010420005616366445
0.0 0.3242636404268232 0.5451576216643047 0.007314915283491175 0.008644899880489554
0.0 0.23355208513619985 0.5002955273781693 0.0037945484525565122 0.0039595288200589
0.0 0.29439726782754916 0.4720913216082809 0.006764195067600909 0.00874395947763027
0.0 0.18737833214492863 0.4521311191430497 0.009997137176086569 0.009441740666303744
0.0 0.2721556671626354 0.44319321567737713 0.010034800043639791 0.007839687534093542
0.0 0.22337817761751017 0.3694110207526817 0.009154378952598208 0.00875979365291748
0.0 0.24521321942268237 0.28309717657751726 0.009334281791485922 0.010823794843319145
0.0 0.2563130059248392 0.2128017646718618 0.009632184401852938 0.007944069609775539
0.0 0.2985961909827079 0.13723870677255548 0.007963826906261318 0.01057266675486419
0.0 0.2741554808221126 0.15550058571277545 0.007963826906261318 0.007826519545808574
0.0 0.2752539397057349 0.1695059364789592 0.007139982743544593 0.00947420787124198
0.0 0.2832864202922224 0.16765228711284666 0.008924978429431008 0.009886129952600343
0.0 0.30265102754823675 0.12734319256375065 0.008072198664952169 0.010025149954860212
0.0 0.3080394635173757 0.15259059411813225 0.010545936965502633 0.00885337918091551
0.0 0.354397437846103 0.9719259460547176 0.008944625825954589 0.009515559389313566
0.0 0.7709056918322925 0.9193238513141135 0.00828274704732479 0.008989810819657152
0.0 0.808481080876253 0.9191723376486138 0.0080807288266584 0.00848476526799118
0.0 0.7759885531743832 0.9032062782401657 0.007376357424785596 0.008689955322349974
0.0 0.8160622712269842 0.9112510610041034 0.008214060175797044 0.006822969339573248
0.0 0.8298285206879413 0.8834751658435648 0.009406423749702953 0.0076841208096162465
0.0 0.8086309460407236 0.8780432873402153 0.00781660565116198 0.009141454066612553
0.0 0.5960277180061722 0.7114783755389646 0.0076124475114507815 0.008754314638168382
0.0 0.5978832520870883 0.6786021178488866 0.005994802415267131 0.009801026170992877
0.0 0.5214982863438428 0.6553481963265047 0.008716614920202658 0.008381360500195178
0.0 0.4719342627401275 0.5572548819000054 0.005962361345477163 0.009771647760643631
0.0 0.4456366577593226 0.5328860452520437 0.008612299721245265 0.006956088236390379
0.0 0.36636702025670365 0.5192088256725973 0.008019952011811427 0.008019952011811248
0.0 0.4155758299281496 0.49149861079281176 0.008849602219929763 0.00871132718524308
0.0 0.41184240399161676 0.4629448161300699 0.007743401942438411 0.008573052150556926
0.0 0.32138546824506237 0.42531374754470946 0.010499634333515927 0.012050716678239582
0.0 0.28712825686530297 0.4064434406495443 0.010663273639212179 0.009386684541559909
0.0 0.2923848002085766 0.38410313144063163 0.009762151923222006 0.007509347633247998
0.0 0.2936989360443949 0.3463311128453946 0.009086310636230267 0.008410469349237726
0.0 0.29313425874129456 0.29432454784439427 0.011677567641582698 0.013600094021599052
0.0 0.3457815515955501 0.31510223389055664 0.010678864314041192 0.01507158864180278
0.0 0.3635796587856186 0.29525923778928853 0.01143623057744847 0.011133284072085558
0.0 0.3707062881426609 0.27153588495050973 0.01039084355597275 0.008626360687977463
0.0 0.3713552194796025 0.2625485156359798 0.00888776555730999 0.0093452240786422
0.0 0.34318359016684197 0.20605934542419227 0.00910294275042034 0.013372464571413657
0.0 0.3565621905329017 0.19425746044330464 0.009532883531730364 0.012710511375640832
0.0 0.35710338909886535 0.17397512445408386 0.011419600064052205 0.010923095713441366
0.0 0.3931424343732628 0.1388909293666905 0.009705565253848646 0.008836410156489371
0.0 0.47731379599454976 0.13401879154944288 0.008312561900633498 0.007311048418629307
0.0 0.47601182846794465 0.15229641259601617 0.01071619425744288 0.00901362133803616
0.0 0.4323500750286534 0.21330663231130553 0.009360826256003919 0.010446139445106173
0.0 0.45507381992547524 0.19261784964404985 0.008139848918264646 0.011938445080121252
0.0 0.7323529842229481 0.7185823543036672 0.010389508491417843 0.008513625013800662
0.0 0.9421005480794935 0.7846867924291554 0.006686514944546929 0.008793225132555094
0.0 0.986836640168363 0.7447054061634291 0.011820189105487345 0.006974645745473573
0.0 0.9327478255884294 0.7179766555025762 0.008742293065633077 0.008805643015384312
0.0 0.9268965348362311 0.6948078728307849 0.008636764699078725 0.009402047647098044
0.0 0.9206144612635303 0.6725994753854982 0.01046177490924265 0.007788210210213364
0.0 0.8114525009380884 0.7491008962691477 0.00696980207313942 0.012088250470601202
0.0 0.7951589979110745 0.7422839207893418 0.01034579995231617 0.010019090480138004
0.0 0.7556514712325331 0.714494406328349 0.010242705720452605 0.007047733293889635
0.0 0.7525216748666083 0.6743271215593485 0.010430645274956518 0.007705521734652443
0.0 0.8214180717251057 0.6795560331963748 0.007841103804887695 0.009177655589811628
0.0 0.846391544469439 0.6264933602334068 0.00796902715850294 0.006218256040347115
0.0 0.7309323714461655 0.5712194481448735 0.007975913946752655 0.010302222181222297
0.0 0.7751642921781517 0.5020601397096467 0.0096596936801582 0.008098531065183323
0.0 0.7885466144900702 0.39235128445231277 0.011053794152575592 0.008158752826900794
0.0 0.7983698616098932 0.3491595295813482 0.008509666926982008 0.00789556725183944
0.0 0.8008701245729757 0.238270673955513 0.008772852502043803 0.007720110201798658
0.0 0.7933693356837279 0.17493067889075586 0.0116678938277186 0.0096501377522483
0.0 0.7786748077428044 0.13694422755690566 0.012632907602943177 0.008772852502043937
0.0 0.6101841856293875 0.524549990971167 0.009361293428413475 0.00788775649986686
0.0 0.655448782071099 0.4970112851851998 0.010994542533259022 0.007030523796777643
0.0 0.6048715351295841 0.4775232204602434 0.00958832738806592 0.010602477400265365
0.0 0.4389052853025765 0.4533171649684256 0.009021832394042662 0.006962501086706929
0.0 0.4867150200351661 0.46922187776163343 0.01050731384582484 0.009670448141289967
0.0 0.4492367497944933 0.3631581987323013 0.010800237642926902 0.009554056376435227
0.0 0.6625592943463587 0.45388167554346454 0.00746696439410961 0.011378231457690902
0.0 0.528474612119959 0.4085936407334946 0.00954389179762174 0.007505390636964826
0.0 0.4581824392536774 0.343998594511855 0.009686142237993777 0.010583007260029831
0.0 0.4593512319055719 0.28490800805286826 0.009913178860166382 0.007799709255460474
0.0 0.48337899440031007 0.29670915744132453 0.00901862033210854 0.008494281940707093
0.0 0.5715207728611885 0.33445285151112103 0.007328499265787158 0.009629747696321633
0.0 0.5695803292507214 0.3267885068945325 0.008132846746178401 0.00741787120805304
0.0 0.5539787088698171 0.3118371806049966 0.009593424232531688 0.007887926591192774
0.0 0.7072273481323685 0.35606091323383804 0.011435591300381631 0.011698478456711925
0.0 0.7317777381493483 0.3296604940385777 0.0082809454244142 0.010778373409554742
0.0 0.7790005761046661 0.3287787844935524 0.007852107852502144 0.008973837545717966
0.0 0.7590173186195411 0.2816164713131752 0.008350654382820366 0.008350654382820455
0.0 0.7379680904191908 0.16973020800565503 0.00819002589971447 0.010754579464270941
0.0 0.7207361283478656 0.20155843605013354 0.009372652873417663 0.00983664558992361
0.0 0.6788417195684004 0.11898601327500576 0.00949443088601747 0.009380040152451086
0.0 0.7038239680505859 0.2897261840837967 0.00816123833300999 0.009773334793851429
0.0 0.7137081987157397 0.2653913798660271 0.010377870966667046 0.010478626995469576
0.0 0.6966300518337002 0.2519404500208811 0.009672578765048812 0.0077582142177996085
0.0 0.6534397934636802 0.28128556585361725 0.010805378407131628 0.01490397021673342
0.0 0.6636319751591204 0.24287261465685095 0.009314981385458054 0.008818182378233886
0.0 0.6762382499674408 0.2431831140363662 0.009935980144489065 0.008942382130040016
0.0 0.6720154584060328 0.21846736342695006 0.009190781633652279 0.009687580640876714
0.0 0.6864226296155419 0.18654802721277938 0.0074519851083667986 0.008693982626427798
0.0 0.6501563020881571 0.15829258367688906 0.008942382130040016 0.009066581881846104
0.0 0.6422696178484693 0.18543022944652438 0.009066581881846147 0.00919078163365219
0.0 0.6020177873607654 0.2190512655732441 0.007609620446242716 0.008334346203027998
0.0 0.5768197883832012 0.2641702373089408 0.005706295997499921 0.00789501227051428
0.0 0.5665586761857833 0.24593443021082892 0.007628545951014231 0.00789159925966958
0.0 0.5825205058578918 0.2397292486215182 0.007891599259673043 0.00894381249429257
0.0 0.5042152359491551 0.25731587904840925 0.008660345987721385 0.008260637711364805
0.0 0.5355214324822095 0.21497108397253614 0.010170073702853699 0.007605446421264439
0.0 0.5007734877012817 0.1949021769093432 0.009126519071682538 0.010812941074058413
0.0 0.535817306019539 0.1863276638247679 0.006057724797973662 0.00948165620552439
0.0 0.5587701154057217 0.1636697454633338 0.00962012873055329 0.008453723411496705
0.0 0.575812978152444 0.17670886003154773 0.00892820355802435 0.00881225286246563
0.0 0.6030781988615852 0.1800651847791794 0.006933528721510385 0.010085132685832932
0.0 0.5785994060155794 0.13690679001181177 0.009427389458908308 0.007541911567126913
0.0 0.5678749296982307 0.11764596428929733 0.00809184261889655 0.007149103673005719
0.0 0.9814907112161354 0.5241826135988965 0.009166338359725046 0.009166338359725756
0.0 0.860579575525777 0.5291449892981117 0.010657616962572548 0.008420833155612328
0.0 0.9286512910229391 0.5041752277079717 0.008733321787600801 0.008359036568132083
0.0 0.9458534062112939 0.4574389190605431 0.008858083527422877 0.007859989608840578
0.0 0.8848449154379118 0.4250008667065974 0.008858083527422877 0.009107607007069163
0.0 0.9471634044794343 0.3653023742013556 0.01596950269732673 0.009731415706183633
0.0 0.954649108868806 0.3003015077536416 0.009481892226537525 0.009980939185829296
0.0 0.9082377416546997 0.29007104508816656 0.00973141570618381 0.008982845267246464
0.0 0.8833477745600377 0.2487749092067975 0.009107607007069163 0.00848379830795496
0.0 0.8961982337617929 0.24228729873600835 0.007360942649549429 0.011727603543349474
0.0 0.9376191313829846 0.23305492998911617 0.008608560047778014 0.009232368746892127
0.0 0.9633065045954637 0.2563333239277268 0.010636190155737779 0.010776140026208036
0.0 0.995977598263123 0.23533563345000652 0.00804480347375396 0.011105274159725198
0.0 0.9798403519883635 0.22636167453305686 0.008973958916949697 0.011553972105572718
0.0 0.9753295099888042 0.2051110484955315 0.007964388538792378 0.011105274159725221
0.0 0.8312484459059786 0.42522863812863604 0.009440230669494554 0.010226916558619337
0.0 0.8787221302343824 0.3799692844471621 0.00826020183580738 0.01075137381803568
0.0 0.8516755251733574 0.332873341029503 0.007397303020891854 0.010530278417975759
0.0 0.8901709950586486 0.323248531441692 0.008796664370376562 0.009011217159897545
0.0 0.8977688052565203 0.3080314488871059 0.007476491477842018 0.011535158280099721
0.0 0.8282849134098889 0.28353637576981155 0.00851166075130152 0.00842206432234045
0.0 0.8328991295013839 0.29025610794189177 0.009318028611951235 0.007884485748574121
0.0 0.8338356803195808 0.26368229043242725 0.008332467893379204 0.009318028611951235
0.0 0.8455280142990003 0.21848089202156773 0.009138835754028917 0.011378746478055835
0.0 0.8228601177718502 0.19769452050259959 0.008780450038184996 0.008511660751301608
0.0 0.8482159071678325 0.19455864548896218 0.009318028611951235 0.008690853609223703
0.0 0.8609386000803042 0.18232873293577617 0.007705292890651805 0.011109957191172581
0.0 0.825259778235122 0.16227471873067054 0.008426843421459296 0.009586500773036289
0.0 0.798750191110542 0.11751759538333895 0.007540136649905449 0.008273205490868607
0.0 0.8553610644542424 0.1209261270016819 0.008674924013874374 0.01048219985009884
0.0 0.8655721729289081 0.11880257789411881 0.009940017099231114 0.007319467136706903
0.0 0.8451047740836714 0.12499249763318576 0.0073194671367069475 0.00885565159749726
0.0 0.894244873489286 0.2954938023858918 0.01173934561859653 0.015920482414260296
0.0 0.9125775502087368 0.2628487727889742 0.012060971525955467 0.010774467896519636
0.0 0.9217438885684626 0.20913724626005567 0.010452841989160789 0.01013121608180203
0.0 0.9055821867236833 0.1651549034287406 0.009648777220763804 0.011578532664916574
0.0 0.9175627517727982 0.1203684958290286 0.009809590174442917 0.01077446789651959
0.0 0.9843858408540591 0.4434154105228985 0.00951208621013606 0.010327407885290896
0.0 0.9754006902841947 0.3242025183861482 0.009524452921947101 0.008539164688642131
0.0 0.9822632530193293 0.30055396483437014 0.00796441321921435 0.009770774980273256
0.0 0.9653690056064136 0.12086927490712682 0.016530431479570496 0.009003181430837559
0.0 0.9559149866380618 0.18341700206862938 0.01033098747821697 0.008178698420254538
0.0 0.969043949891628 0.18664543565557198 0.01205281872458599 0.009039614043439271
0.0 0.9286243118013019 0.17973416513225138 0.008351706265830927 0.00956050585693773
0.0 0.9550671154155748 0.1501109310411167 0.010989087191882163 0.010329741960369666
0.0 0.9422759289706235 0.1382558050423322 0.008263064453778668 0.009753125256919093
0.0 0.9943591040969476 0.13700129564760105 0.011249608214480844 0.009033776293447015
0.0 0.9895865430362584 0.15234167048552996 0.010567813777238654 0.011079159605170873
0.0 0.4862320197853965 0.24214168739789574 0.005636139022901077 0.005270155969465851
0.0 0.4887573028540988 0.2374205060085825 0.005416549190839603 0.006953678015267517
0.0 0.4845982717446827 0.22725673101176605 0.009943200421101394 0.0077016696903330125
0.0 0.4894648687862878 0.18463281747020344 0.004363321035749124 0.005304429494440077
0.0 0.49498318656679424 0.18527448232840185 0.006844425154116251 0.005732206066572321
0.0 0.45813424781855067 0.14572739434772172 0.006752042981456441 0.006910293988834093
0.0 0.4610624871177542 0.14093468079238022 0.003847792998477573 0.004091324200913249
0.0 0.45490114769614076 0.13908384365387186 0.004383561643835421 0.003896499238965001
