0.0 0.12161050684892682 0.9477109149234156 0.012870527020258038 0.009085077896652648
0.0 0.09860015741633665 0.8907631676449995 0.011306659177875211 0.010251370987940333
0.0 0.044388121666461444 0.8318023316059175 0.014814525031241033 0.011851620024992826
0.0 0.28087707791716676 0.7791336530968941 0.015363485681683997 0.009047386012547065
0.0 0.27362209856748265 0.802947055903504 0.017497303137473885 0.00955950220193671
0.0 0.22230378875574708 0.8027763505070411 0.010882469024526387 0.010242323787789154
0.0 0.04304843468084307 0.7705008455225256 0.011976652234855223 0.010070164736245247
0.0 0.0070269932785906875 0.5624390509538701 0.014053986557181375 0.009879885577702297
0.0 0.2886141529591084 0.484118515805603 0.017433378482301087 0.008621923787443465
0.0 0.25755389860367295 0.4414048500097397 0.016079350961999417 0.009785715432088083
0.0 0.18212644420326818 0.3993539047447854 0.013231022530017178 0.008075015812134368
0.0 0.23081027705475776 0.2955395721856089 0.01771938219319491 0.007863784214205794
0.0 0.2093366306558062 0.22254672438744566 0.01321682501298671 0.009007021490331724
0.0 0.31085492966474915 0.11993352800000548 0.011506760181244857 0.00907003449580337
0.0 0.3027438482801257 0.09792499086962803 0.010610773287965891 0.007106750481242585
0.0 0.22454175623102746 0.09240960816581119 0.012757332756454076 0.009414713786158657
0.0 0.03618324190512112 0.10562560778411782 0.011457922949657195 0.008040647683969837
0.0 0.011759774565062386 0.10634926607567544 0.011256906757557417 0.010774467896519724
0.0 0.042882607902338776 0.0724906801875683 0.015478246791643002 0.009166338359726111
