0.0 0.0013431466038161589 0.8080556903216796 0.0026862932076323178 0.008722726889413935
0.0 0.011638565541504775 0.8858715959930326 0.006886363333748591 0.008263636000497598
0.0 0.06718856310040593 0.9384375027739761 0.007804545111581263 0.005049999778081826
0.0 0.05846583621099164 0.7986443270988903 0.010559090445079989 0.008263636000497598
0.0 0.07659992632319508 0.8039238723214304 0.0073454542226642165 0.00688636333374788
0.0 0.11332719743651794 0.7798216006533124 0.0073454542226642165 0.010099999556164007
0.0 0.11080219754747703 0.8032352359880555 0.005968181555915208 0.008263636000497598
0.0 0.2058340115532001 0.7883147820982682 0.007804545111581263 0.007804545111581263
0.0 0.13742946910463621 0.8381261435457127 0.00688636333374788 0.011018181333997035
0.0 0.11585219732555885 0.8688852331031207 0.006886363333748591 0.006427272444830834
0.0 0.10621128865831189 0.9023988679940278 0.007804545111580552 0.0073454542226642165
0.0 0.1590067408837136 0.884723868770741 0.006886363333748591 0.007804545111581263
0.0 0.14661128688296685 0.9407329572185589 0.00688636333374788 0.009640908667247317
0.0 0.19183173944124582 0.9177784127727321 0.008263636000497598 0.009640908667247317
0.0 0.22787037422119383 0.8539647792133334 0.006886363333748591 0.009640908667247317
0.0 0.22947719233240207 0.6306170617554377 0.005509090666998162 0.008263636000497598
0.0 0.3727135496743614 0.6379625159781023 0.0073454542226642165 0.012854544889663089
0.0 0.33277264233862275 0.6919056954257954 0.006427272444831544 0.011477272222913726
0.0 0.32887036978283246 0.7281738756502019 0.009640908667247317 0.007804545111581263
0.0 0.25082491866702056 0.7364375116506997 0.006886363333748591 0.010559090445080344
0.0 0.3001771892255487 0.7995625088767235 0.010099999556163652 0.010099999556164007
0.0 0.3442499145615365 0.8202215988779674 0.011018181333997035 0.008263636000497598
0.0 0.3605476411180735 0.839503416212462 0.007804545111581263 0.006427272444831544
0.0 0.37179536789652873 0.8569488699912906 0.007345454222664927 0.008263636000497598
0.0 0.35687491400674104 0.8631465969916636 0.008722726889413935 0.007804545111581263
0.0 0.3206067337823345 0.8746238692145774 0.005049999778081826 0.008722726889413935
0.0 0.309818097892796 0.8686556876586625 0.0073454542226642165 0.007804545111581263
0.0 0.2976521893365078 0.8720988693255365 0.005968181555915208 0.0073454542226642165
0.0 0.26207264544547615 0.8702625057698704 0.006427272444831544 0.005509090666998872
0.0 0.24715219155568846 0.9143352311058578 0.007804545111581263 0.007345454222664927
0.0 0.29237264411396746 0.9019397771051114 0.0045909088891647794 0.010099999556164363
0.0 0.2857158262246777 0.9232875034397303 0.008722726889414644 0.007804545111581263
0.0 0.29742264389204964 0.9237465943286469 0.010099999556163652 0.010559090445079989
0.0 0.3263453698937916 0.9421102298853086 0.005509090666998872 0.007804545111581263
0.0 0.38901127623089876 0.8264193258783411 0.008722726889414644 0.007804545111581263
0.0 0.4199999112327649 0.8962011409936548 0.0073454542226642165 0.01147727222291337
0.0 0.4335430924558029 0.9186965945505647 0.007804545111581263 0.007804545111581263
0.0 0.4569567277905463 0.9108920494389838 0.009640908667247317 0.005049999778081826
0.0 0.4700408181246676 0.9085965949944008 0.0073454542226642165 0.010559090445079989
0.0 0.4721067271247922 0.9170897764393569 0.009640908667247317 0.005509090666998872
0.0 0.4920771807926613 0.8734761419922858 0.005509090666998872 0.011936363111829707
0.0 0.5118220712618907 0.9098495372017407 0.005517055546464889 0.008474050322860905
0.0 0.49437263523724406 0.9214511398840642 0.011018181333997035 0.012395454000746754
0.0 0.4620067275686278 0.8205908378753772 0.009640908667247317 0.010099999556163652
0.0 0.44777491001221537 0.8068181112078818 0.009640908667247317 0.008263636000497598
0.0 0.40622718456526885 0.6970953887568287 0.009181817778330981 0.009181817778330626
0.0 0.4142612751213083 0.7395612959816086 0.008722726889414644 0.009640908667247672
0.0 0.4776158177917907 0.6263953918636821 0.01147727222291337 0.008263636000497598
0.0 0.508374907349198 0.7758294762060152 0.006886363333748591 0.008722726889414289
0.0 0.5131953616828223 0.7317567508700273 0.00918181777833027 0.010559090445079989
0.0 0.5265089974614021 0.7797317487618057 0.009181817778330981 0.009181817778330626
0.0 0.5340839971285248 0.7834044758731382 0.005968181555915208 0.01101818133399668
0.0 0.5678271774638904 0.8104908383192135 0.009181817778330981 0.005509090666998162
0.0 0.5462499056848127 0.7974067479850928 0.011936363111829707 0.007804545111581085
0.0 0.5512999054628949 0.7907499300958027 0.006427272444832255 0.009181817778330626
0.0 0.5953726307988827 0.7870772029844704 0.0073454542226642165 0.009181817778330626
0.0 0.6045544485772133 0.7879953847623034 0.006427272444831544 0.009181817778330626
0.0 0.6559726281358653 0.7735340217614326 0.0073454542226642165 0.008722726889414289
0.0 0.6360021744679962 0.6925044798676636 0.008722726889414644 0.01101818133399668
0.0 0.6708930820256527 0.6493499363095092 0.006886363333748591 0.011936363111830417
0.0 0.7225408067960661 0.658531761911707 0.011018181333997035 0.007345454222664571
0.0 0.7845180770324959 0.6169840286408933 0.008263636000497598 0.006886363333748591
0.0 0.7824521680323713 0.6819453894225834 0.007804545111581263 0.009181817778330626
0.0 0.7936998948108268 0.6922749344232054 0.0073454542226642165 0.005968181555914854
0.0 0.7879612586993708 0.7108681154243252 0.006886363333748591 0.009181817778330626
0.0 0.7953067129220355 0.7312976599811112 0.006886363333748591 0.007804545111581263
0.0 0.7810748953656219 0.7377249324259427 0.006886363333748591 0.010559090445080344
0.0 0.8304271659241504 0.7232635694250715 0.008263636000497598 0.006427272444831544
0.0 0.8607271645926413 0.6720749353108777 0.007345454222664927 0.010559090445080698
0.0 0.8926339813723405 0.6371840277532209 0.008722726889413935 0.008722726889414289
0.0 0.8267544388128172 0.6787317532001674 0.007345454222664927 0.006427272444831544
0.0 0.8244589843682352 0.669779480866295 0.010099999556163652 0.007804545111581263
0.0 0.8701385278154301 0.6977840250902038 0.008722726889413935 0.007804545111581263
0.0 0.8708271641488053 0.7131635698689076 0.008263636000497598 0.010099999556164007
0.0 0.9295907979301219 0.7434635685373993 0.005509090666998872 0.010099999556163652
0.0 0.9536930695982402 0.7459885684264403 0.008722726889414644 0.009640908667247317
0.0 0.9699907961547772 0.7101794790909504 0.005509090666998162 0.010559090445080344
0.0 0.9837635228222734 0.6957181160900794 0.006427272444830834 0.009181817778330626
0.0 0.9950953976335525 0.7244112966473628 0.009809204732895083 0.007804545111580907
0.0 0.9637930691544039 0.6846999347560827 0.007804545111581263 0.008263636000497598
0.0 0.9621862510431967 0.6647294810882132 0.010099999556163652 0.010559090445080344
0.0 0.9784839775997334 0.6144590287518523 0.006886363333748591 0.009181817778330626
0.0 0.9842226137111897 0.6298385735305562 0.00826363600049831 0.00688636333374788
0.0 0.9888135226003556 0.645906754642635 0.006427272444832255 0.010559090445080344
0.0 0.9978499429670518 0.6282317554193483 0.004300114065896565 0.006427272444831189
0.0 0.9994567610782594 0.6803385713113755 0.0010864778434811484 0.011477272222913726
0.0 0.83432943847994 0.7668772038721425 0.009640908667247317 0.010099999556163652
0.0 0.8756476184824287 0.7595317496494779 0.007804545111580552 0.006427272444831544
0.0 0.8708271641488053 0.7997022024296752 0.008263636000497598 0.011477272222913193
0.0 0.8391498928135643 0.843086291432288 0.00918181777833027 0.008263636000497598
0.0 0.7980612582555338 0.8552521999885763 0.008722726889413935 0.006886363333748591
0.0 0.7971430764777004 0.8176067470974203 0.010559090445079277 0.009640908667247317
0.0 0.8425930744804383 0.8740749264341542 0.006886363333748591 0.00688636333374788
0.0 0.871745345926638 0.9068999249916867 0.009181817778330981 0.008263636000497598
0.0 0.8712862550377214 0.8642044723224487 0.010099999556163652 0.011018181333997035
0.0 0.8818453454828024 0.8462999276547037 0.009181817778330981 0.011936363111829707
0.0 0.8949294358169233 0.8485953820992862 0.009640908667247317 0.008263636000497598
0.0 0.9045703444841706 0.8371181098763731 0.009640908667247317 0.012854544889663089
0.0 0.9194907983739583 0.8547931090996599 0.006427272444830834 0.009640908667247317
0.0 0.9121453441512937 0.8749931082119872 0.011018181333997035 0.007804545111581263
0.0 0.7881908041438284 0.7831749304286799 0.00918181777833027 0.010559090445080344
0.0 0.7978317128110757 0.7875362938733869 0.00918181777833027 0.009181817778330626
0.0 0.5630067231302668 0.8926681074352739 0.009640908667247317 0.005509090666998162
0.0 0.6052430849105882 0.8986362889911887 0.007804545111581263 0.008263636000497598
0.0 0.6222294478005 0.8568590180997842 0.00688636333374788 0.009181817778330981
0.0 0.6601044461361145 0.8410203824321634 0.008263636000497598 0.009640908667247317
0.0 0.6640067186919051 0.8042931113188402 0.008722726889414644 0.011477272222913549
0.0 0.7204748980286396 0.8297726556537086 0.009640908667247317 0.008263636000497598
0.0 0.7395271699186754 0.8189840197641697 0.009181817778330981 0.01147727222291337
0.0 0.6038658122438381 0.8534158364329102 0.006886363333748591 0.005968181555915208
0.0 0.6082271756885458 0.8630567451001575 0.0073454542226642165 0.00688636333374788
0.0 0.6350839926901631 0.8855521986570676 0.008722726889413935 0.008722726889414644
0.0 0.6541362645801996 0.9004726525468552 0.010099999556163652 0.006427272444831544
0.0 0.6458726285797021 0.913786288325435 0.0073454542226642165 0.007345454222664927
0.0 0.608915812021921 0.922509015214849 0.006886363333748591 0.011936363111830417
0.0 0.5923885401372739 0.931690809521579 0.008722726889413935 0.006427272444831544
0.0 0.5978976306879232 0.9450044687717589 0.006886363333748591 0.005509090666998872
0.0 0.6803044452484425 0.8550226545441181 0.006427272444830834 0.006427272444832255
0.0 0.6908635356935229 0.860302199766658 0.008263636000497598 0.005968181555915208
0.0 0.7422817152521745 0.8596135634332832 0.0073454542226642165 0.009181817778330981
0.0 0.7760248955875401 0.9036862887692709 0.009640908667247317 0.006427272444831544
0.0 0.7971430764777004 0.904604470547104 0.010559090445079277 0.008263636000497598
0.0 0.7420521698077163 0.9034567433248124 0.007804545111580552 0.00688636333374788
0.0 0.7404453516965088 0.9160817427700174 0.0073454542226642165 0.008263636000497598
0.0 0.6929294447324299 0.9209021736320409 0.008722726889414644 0.005968181555915208
0.0 0.6890271721378568 0.9101135612141025 0.0073454542226642165 0.007345454222664927
0.0 0.6816817179151918 0.904604470547104 0.00826363600049831 0.007345454222664927
0.0 0.6894862630267731 0.8784362898788615 0.0073454542226642165 0.007345454222664927
0.0 0.6727294455813191 0.8761408354342783 0.009640908667247317 0.008263636000497598
0.0 0.6539067191357418 0.8777476535454862 0.009640908667247317 0.00688636333374788
0.0 0.6506930829133253 0.8713203811006551 0.007804545111581263 0.007804545111581263
0.0 0.8290498932574 0.8990953798801058 0.009181817778330981 0.010099999556163652
0.0 0.8327226203687325 0.8899135621017749 0.009181817778330981 0.008263636000497598
0.0 0.9158180712626255 0.8974885617688979 0.008263636000497598 0.008722726889413935
0.0 0.9268362525966225 0.8972590163244398 0.010099999556164363 0.0073454542226642165
0.0 0.9344112522637452 0.8915203802129827 0.007804545111580552 0.008722726889413935
0.0 0.9417567064864099 0.8853226532126094 0.006886363333748591 0.008263636000497598
0.0 0.9431339791531599 0.8733862901007793 0.010559090445080698 0.011018181333997035
0.0 0.9481839789312417 0.9241158333260568 0.009640908667247317 0.010559090445079989
0.0 0.9775657958219 0.8928976528797321 0.008722726889414644 0.01147727222291337
0.0 0.9872067044891473 0.8876181076571925 0.005968181555914498 0.011018181333997035
0.0 0.9798612502664827 0.8768294717676532 0.009640908667247317 0.013313635778579424
0.0 0.9999158519671763 0.8405612915432468 0.00016829606564741084 0.010559090445080698
0.0 0.997390852078135 0.8297726556537086 0.005218295843729947 0.009181817778330981
0.0 0.98284534104444 0.8267885648757509 0.00918181777833027 0.007804545111581263
0.0 0.9971613066336766 0.8185249288752534 0.005677386732646639 0.00688636333374788
0.0 0.9582839784874058 0.7703203855390168 0.007804545111581263 0.009640908667247317
0.0 0.9676953417101946 0.7556294770936877 0.008263636000496889 0.007804545111581263
0.0 0.9757294322662335 0.7707794764279333 0.005049999778081826 0.009640908667247317
0.0 0.9812385229332324 0.7980953843184673 0.007804545111581263 0.008263636000497421
0.0 0.9569067058206556 0.8520385637661605 0.007804545111580552 0.007804545111581263
0.0 0.5069976346824493 0.5639590309710331 0.005968181555915208 0.008263636000497598
0.0 0.5028658166822005 0.5253953963020441 0.008722726889414644 0.007345454222664571
0.0 0.5496930873516878 0.5235590327463777 0.007804545111580552 0.006427272444831544
0.0 0.5749430862420969 0.5074908516342991 0.007804545111580552 0.01101818133399668
0.0 0.5806817223535535 0.5437590318587058 0.009181817778330981 0.007345454222664927
0.0 0.600193085132506 0.5474317589700377 0.008722726889414644 0.01101818133399668
0.0 0.5483158146849376 0.5818635756387781 0.005968181555915208 0.010099999556163652
0.0 0.552218087240728 0.5986203930842313 0.011018181333997035 0.007804545111580907
0.0 0.5779271770200538 0.4565317629645632 0.008263636000497598 0.011018181333997035
0.0 0.631870356467747 0.43013403685186236 0.006886363333748591 0.010559090445080344
0.0 0.5960612671322576 0.4163613101843664 0.01147727222291337 0.005968181555914854
0.0 0.5859612675760936 0.38330676618237564 0.009640908667247317 0.011477272222913726
0.0 0.5455612693514386 0.4338067639631948 0.008722726889414644 0.009640908667247672
0.0 0.5310999063505679 0.4117704012952007 0.010099999556163652 0.007804545111581263
0.0 0.5106703617937814 0.3830772207379173 0.00688636333374788 0.007345454222664571
0.0 0.46912263634683493 0.43059312774077885 0.006427272444831544 0.011477272222913726
0.0 0.646790810357535 0.47512494396568294 0.0073454542226642165 0.01147727222291337
0.0 0.703718080583186 0.4154431284065332 0.009181817778330981 0.009640908667247317
0.0 0.6832885360264 0.3837658570712922 0.007804545111580552 0.008722726889414289
0.0 0.7652362596980019 0.44757949063069075 0.0073454542226642165 0.007804545111581263
0.0 0.8060953488115732 0.48384767085509706 0.00826363600049831 0.008722726889414289
0.0 0.8253771661460678 0.4978499429670517 0.009181817778330981 0.009181817778330626
0.0 0.7923226221440771 0.5072613061898409 0.0073454542226642165 0.007804545111580907
0.0 0.790486258588411 0.5155249421903386 0.00826363600049831 0.00688636333374788
0.0 0.8099976213673639 0.5331999414136254 0.009640908667247317 0.007345454222664571
0.0 0.8318044385908994 0.5272317598577099 0.01377272666749647 0.007345454222664571
0.0 0.8414453472581467 0.49509539763355226 0.006427272444832255 0.008263636000497598
0.0 0.7409044425854248 0.47581358029905785 0.009181817778330981 0.008263636000497598
0.0 0.7493976240303809 0.49165221596667835 0.007804545111581973 0.007804545111581263
0.0 0.7163430800283905 0.5152953967458801 0.006886363333748591 0.007345454222664571
0.0 0.7422817152521748 0.5453658499699132 0.010099999556164363 0.007804545111580907
0.0 0.7576612600308785 0.5446772136365388 0.009640908667247317 0.0055090906669985175
0.0 0.7092271712501838 0.6013749384177309 0.0073454542226642165 0.008722726889414289
0.0 0.6135067209110858 0.5669431217489904 0.007804545111580552 0.00688636333374788
0.0 0.6118999027998779 0.5745181214161134 0.009181817778330981 0.007345454222664571
0.0 0.6330180836900385 0.5807158484164869 0.010099999556163652 0.007804545111580907
0.0 0.6233771750227917 0.5839294846389025 0.008263636000497598 0.005049999778081471
0.0 0.6830589905819415 0.5582203948595765 0.0073454542226642165 0.009640908667247317
0.0 0.6851248995820661 0.5281499416355432 0.007804545111580552 0.006427272444831544
0.0 0.6814521724707336 0.5421522137474979 0.005968181555914498 0.010559090445080698
0.0 0.8492498923697276 0.5823226665276945 0.006427272444831544 0.008263636000497598
0.0 0.8474135288140616 0.5547772131927025 0.008263636000497598 0.008263636000497598
0.0 0.8802385273715945 0.5591385766374097 0.009640908667248028 0.00688636333374788
0.0 0.8855180725941345 0.569238576193573 0.011018181333997035 0.008722726889414289
0.0 0.9041112535952539 0.5967840295285652 0.007804545111581263 0.0050499997780821815
0.0 0.9190317074850413 0.5639590309710331 0.0073454542226642165 0.007345454222664927
0.0 0.9513976151536575 0.5462840317477463 0.005968181555915208 0.00688636333374788
0.0 0.9585135239318643 0.5267726689687933 0.00918181777833027 0.008263636000497598
0.0 0.9702203415992354 0.5400863047473731 0.006886363333748591 0.006427272444831544
0.0 0.9736635232661097 0.5320522141913339 0.0073454542226642165 0.009640908667247317
0.0 0.9773362503774414 0.5641885764154914 0.010099999556163652 0.005968181555914854
0.0 0.994636306744636 0.5258544871909606 0.01072738651072811 0.009181817778330626
0.0 0.9938635223784378 0.5439885773031635 0.011018181333997035 0.008722726889414289
0.0 0.9185726165961249 0.5022113064117587 0.006427272444831544 0.007804545111580907
0.0 0.9224748891519156 0.520345396523962 0.007804545111581263 0.010099999556163652
0.0 0.9174248893738337 0.5331999414136254 0.008722726889413935 0.007345454222664571
0.0 0.8809271637049687 0.5047363063007996 0.011018181333997035 0.013772726667496116
0.0 0.8692203460375978 0.4783385801880987 0.009640908667247317 0.014231817556412807
0.0 0.8891907997054662 0.4567613084090215 0.0073454542226642165 0.007804545111581263
0.0 0.9385430702639941 0.4852249435218468 0.010559090445080698 0.00688636333374788
0.0 0.9571362512651138 0.4852249435218468 0.005509090666998162 0.008722726889414289
0.0 0.9777953412663581 0.5001453974116344 0.006427272444831544 0.0055090906669985175
0.0 0.9821567047110659 0.4877499434108879 0.004131818000249155 0.0055090906669985175
0.0 0.9734339778216519 0.4804044891882233 0.006886363333748591 0.008263636000497598
0.0 0.9743521595994842 0.4659431261873522 0.006886363333748591 0.007804545111580907
0.0 0.9844521591556485 0.46410676263168626 0.007804545111580552 0.00688636333374788
0.0 0.9858294318223979 0.4716817622988092 0.007804545111580552 0.006427272444831544
0.0 0.9980794884115101 0.41704994651774124 0.003841023176979874 0.009181817778330626
0.0 0.9704498870436936 0.4498749450752733 0.004590908889165491 0.00688636333374788
0.0 0.98422261371119 0.42967494596294564 0.0036727271113328186 0.008722726889414289
0.0 0.9766476140440673 0.4319704004075284 0.007804545111581263 0.00688636333374788
0.0 0.9759589777106921 0.41475449207315834 0.010099999556163652 0.010099999556163652
0.0 0.9855998863779394 0.3771090391820021 0.009181817778330981 0.007345454222664927
0.0 0.9096203442622528 0.3970794928498716 0.006886363333748591 0.010559090445080344
0.0 0.8811567091494272 0.31214767840031216 0.005049999778081826 0.008722726889414289
0.0 0.8334112567021077 0.3020476788441485 0.006886363333748591 0.005049999778081826
0.0 0.9066362534842952 0.33716813184626365 0.0073454542226642165 0.008263636000497598
0.0 0.8614158009260162 0.36310676707004796 0.007804545111580552 0.005968181555914854
0.0 0.8462658015917703 0.35094085851375956 0.00688636333374788 0.008263636000497598
0.0 0.8547589830367261 0.3394635862908462 0.010099999556163652 0.006427272444831544
0.0 0.8180317119234033 0.3295931321791407 0.00826363600049831 0.008722726889414289
0.0 0.8093089850339894 0.33464313195722256 0.012854544889662377 0.005968181555915208
0.0 0.8380021655912728 0.3461204041801361 0.009640908667247317 0.007804545111580907
0.0 0.7725817139206665 0.33119995029034827 0.0073454542226642165 0.008263636000497598
0.0 0.7532998965861715 0.3548431310695504 0.004590908889165491 0.004131818000248799
0.0 0.7149658075555554 0.33716810055079627 0.005049999778081826 0.009181817778330626
0.0 0.7014226261386028 0.3390044954019299 0.0073454542226642165 0.0055090906669985175
0.0 0.6669908094698627 0.36035222173654835 0.0073454542226642165 0.007804545111580907
0.0 0.9429044337087017 0.3823885844045426 0.009181817778330981 0.008722726889414289
0.0 0.9463476153755757 0.31788631451176885 0.005049999778081826 0.009181817778330626
0.0 0.952545342375949 0.3311999502903486 0.005509090666998872 0.007345454222664571
0.0 0.9658589781545288 0.3539249492917172 0.005509090666998872 0.00688636333374788
0.0 0.9585135239318643 0.3539249492917172 0.00918181777833027 0.005968181555914854
0.0 0.9989976701893429 0.3054908605110224 0.0020046596213141752 0.008263636000497598
0.0 0.9959294313785613 0.3146726782893531 0.005968181555914498 0.006427272444831544
0.0 0.9950112496007286 0.3279863140679328 0.005968181555914498 0.004590908889165135
0.0 0.992945340600604 0.34726813140242746 0.004590908889165491 0.008263636000497598
0.0 0.9992272156338015 0.3465794950690526 0.001545568732397129 0.008722726889414289
0.0 0.462695363902003 0.39776812918324644 0.004590908889165491 0.009181817778330626
0.0 0.5021771803488253 0.35966358540317367 0.008263636000497598 0.008263636000497954
0.0 0.5499226327961455 0.37664994829308557 0.0073454542226642165 0.0055090906669985175
0.0 0.5602521777967677 0.36838631229258817 0.005049999778081826 0.006427272444831544
0.0 0.5604817232412259 0.3780272209598353 0.006427272444831544 0.004590908889165491
0.0 0.6063908121328794 0.3410704044020541 0.005509090666998162 0.008722726889414289
0.0 0.6135067209110858 0.3054908605110224 0.008722726889414644 0.010099999556163652
0.0 0.6252135385784576 0.3107704057335626 0.0073454542226642165 0.007804545111580907
0.0 0.6495453556910341 0.34634994962459426 0.007345454222664927 0.007345454222664571
0.0 0.6408226288016194 0.33211813206818164 0.008263636000497598 0.006427272444831544
0.0 0.6373794471347459 0.34129994984651224 0.007804545111581263 0.006427272444831544
0.0 0.6298044474676224 0.3456613132912196 0.008263636000497598 0.005968181555915208
0.0 0.4870271810145802 0.34589085873567776 0.0073454542226642165 0.0055090906669985175
0.0 0.48427263568108037 0.3373976772907218 0.0073454542226642165 0.006886363333748235
0.0 0.4964385442373686 0.31926358717851855 0.007804545111581973 0.007345454222664571
0.0 0.49345445345941136 0.3107704057335626 0.008263636000497598 0.009640908667247317
0.0 0.09220901654635724 0.08971814272024972 0.006427272444831544 0.007345454222664571
0.0 0.034822655431790396 0.09316132438712366 0.009181817778330981 0.004131818000248799
0.0 0.03872492798758102 0.0842090520532512 0.012395454000746754 0.009181817778330626
0.0 0.17874764910712457 0.013049964271187875 0.005968181555914498 0.008263636000497598
0.0 0.1851749215519561 0.0842090520532512 0.006886363333748591 0.006427272444831544
0.0 0.1727794675512097 0.09821132416520566 0.007804545111581263 0.005049999778081826
0.0 0.06948799998472203 0.10920718702428686 0.007812509991047278 0.0068417263839162246
0.0 0.000884055714899823 0.0005568005796789954 0.001768111429799646 0.0011136011593579909
0.0 0.2962749166697581 0.030954508938932968 0.010559090445079989 0.009181817778330626
0.0 0.4835839993477055 0.015804509604687135 0.00688636333374788 0.01101818133399668
0.0 0.37363173145219475 0.0005568005796789066 0.005509090666998872 0.0011136011593578133
0.0 0.3807476402304008 0.004556782826231931 0.010559090445079989 0.006886363333748235
0.0 0.3502180961174517 0.04541587193980394 0.0073454542226642165 0.007804545111580907
0.0 0.33828173300562125 0.06814087094117252 0.004590908889165491 0.010099999556163652
0.0 0.34952945978407646 0.06928859816346389 0.005049999778081826 0.006886363333748235
0.0 0.3492999143396183 0.08696359738675045 0.005509090666998162 0.008263636000497598
0.0 0.31624537033762756 0.10349086938774583 0.0073454542226642165 0.008263636000497598
0.0 0.22832946511011087 0.10073632405424657 0.00688636333374788 0.006427272444831544
0.0 0.4124249115656422 0.07915905227516937 0.007804545111581263 0.009181817778330626
0.0 0.4027840028983949 0.09614541516508127 0.009640908667247317 0.010099999556163652
0.0 0.4349243475622856 0.10805945980199531 0.009648873546713333 0.007300817272832915
0.0 0.0029499647150242224 0.3236249506232257 0.005899929430048445 0.00688636333374788
0.0 0.05846583621099164 0.3954726747386637 0.009640908667247317 0.009181817778330626
0.0 0.1140158337698928 0.4342658548521115 0.01147727222291337 0.009640908667247672
0.0 0.09725901632443908 0.3564499491807581 0.0073454542226642165 0.010099999556163652
0.0 0.0715499265451129 0.3116885875113956 0.0073454542226642165 0.007804545111581263
0.0 0.13949537810476081 0.388815856849374 0.00826363600049831 0.008722726889414289
0.0 0.20239082988632653 0.2570567717303277 0.006427272444831544 0.012395454000746754
0.0 0.2216726472208208 0.30755676951114685 0.011018181333997035 0.006886363333748235
0.0 0.2903067351138432 0.21413177361663163 0.005049999778081826 0.009181817778330626
0.0 0.28617491711359444 0.26141813517503465 0.008722726889413935 0.006427272444831544
0.0 0.30798173433712994 0.28896358851002707 0.008263636000497598 0.006427272444831544
0.0 0.3447090054504528 0.27312495284240634 0.006427272444831544 0.007804545111581263
0.0 0.34057718745020404 0.46410676263168626 0.008263636000497598 0.00688636333374788
0.0 0.3837317310083588 0.4255431279626972 0.008263636000497598 0.010559090445080698
0.0 0.38556809456402485 0.4909635796333033 0.009181817778330981 0.006427272444831544
0.0 0.4245908201219308 0.4686976715208516 0.011018181333997035 0.008722726889414289
0.0 0.42642718367759685 0.36494313062571404 0.006427272444831544 0.00688636333374788
0.0 0.4248203655663886 0.34543176784676105 0.009640908667247317 0.009181817778330626
0.0 0.4241317292330141 0.3215590416231011 0.009181817778330981 0.013772726667496116
0.0 0.45213627345692303 0.3440544951800117 0.0073454542226642165 0.008263636000497598
0.0 0.4551203642348799 0.35599085829184157 0.007804545111580552 0.008263636000497598
0.0 0.48381354479216404 0.27978177073169624 0.00918181777833027 0.008263636000497598
0.0 0.4927658171260365 0.29562040639931697 0.00688636333374788 0.012395454000746398
0.0 0.3779930948969021 0.3555317674029251 0.007804545111580552 0.006427272444831544
0.0 0.39796354856477123 0.35989313084763186 0.006427272444830834 0.010559090445080698
0.0 0.042168109654454965 0.11680450516632561 0.0073454542226642165 0.007345454222664571
0.0 0.052727199983186424 0.12185448147280731 0.008263636000497598 0.007345454222664571
0.0 0.19940673910836892 0.12897041372261384 0.009640908667247317 0.009640908667247672
0.0 0.20583401155320047 0.14779314016819195 0.005968181555914498 0.007804545111580907
0.0 0.2799771901132214 0.11313177805499333 0.009181817778330981 0.007345454222664571
0.0 0.3210658246712512 0.1301181409449052 0.005968181555915208 0.006427272444831544
0.0 0.28433855355792836 0.12231359583332395 0.006886363333748591 0.004590908889165491
0.0 0.38556809456402485 0.1544499580574815 0.009181817778330981 0.007345454222664571
0.0 0.3754680950078608 0.16845223016943614 0.0073454542226642165 0.005968181555914854
0.0 0.3775340040079854 0.18153632050355722 0.007804545111581263 0.008263636000497598
0.0 0.42183627478843133 0.20954086472746614 0.006427272444830834 0.009181817778330626
0.0 0.4317067289001365 0.21252495550542375 0.006886363333748591 0.006886363333748235
0.0 0.4291817290110959 0.1291999591670722 0.004590908889165491 0.008263636000497598
0.0 0.45649763690162926 0.13264314083394613 0.01147727222291337 0.00688636333374788
0.0 0.4911589990148286 0.1994408651713023 0.006427272444831544 0.008263636000497598
0.0 0.36444991367386415 0.2604999533972018 0.006427272444831544 0.010099999556164007
0.0 0.35687491400674104 0.26072949884166013 0.005968181555915208 0.007804545111580907
0.0 0.04813629121036946 0.5791090303052788 0.0073454542226642165 0.009181817778330626
0.0 0.05846583621099164 0.579797666638654 0.008722726889413935 0.00688636333374788
0.0 0.13857719632692778 0.5371022139694157 0.008263636000497598 0.009640908667247672
0.0 0.1679590132175864 0.5247067599686691 0.0073454542226642165 0.013313635778579424
0.0 0.22580446522106962 0.5357249413026658 0.00918181777833027 0.009640908667247317
0.0 0.2437090098888149 0.5430703955253307 0.008263636000497598 0.010559090445080344
0.0 0.22259082899865418 0.5533999405259529 0.00918181777833027 0.011936363111829707
0.0 0.23659310091669356 0.5634999635537167 0.00688636333374788 0.006427272444831544
0.0 0.23888855555519087 0.6105567561960618 0.005968181555914498 0.009640908667247317
0.0 0.2216726472208208 0.6052772109735216 0.008263636000497598 0.007345454222664571
0.0 0.31027718878171273 0.5536294859704108 0.011018181333997035 0.008722726889414289
0.0 0.3584817321179493 0.5632703946376582 0.009181817778330981 0.010559090445080344
0.0 0.4236726383440974 0.5357249413026658 0.00918181777833027 0.007804545111581263
0.0 0.45672718234608817 0.5272317598577099 0.011936363111830417 0.009181817778330626
0.0 0.5320180881284002 0.2976863153994412 0.009181817778330981 0.007345454222664571
0.0 0.4982749077930347 0.027740872716517196 0.007804545111581263 0.008263636000497598
0.0 0.49942263501532624 0.055056780607051256 0.006427272444832255 0.007804545111581263
0.0 0.5047021802378666 0.08283177938650166 0.006886363333748591 0.0055090906669985175
0.0 0.5545135416853111 0.07043632538575526 0.009181817778330981 0.010099999556163652
0.0 0.5535953599074773 0.1328726862784043 0.010099999556163652 0.008263636000497598
0.0 0.5235249066834442 0.13861132238986099 0.005968181555914498 0.007804545111580907
0.0 0.5193930886831957 0.15467950350193965 0.006886363333748591 0.006886363333748235
0.0 0.5166385433496963 0.16707495750268625 0.008722726889413935 0.00688636333374788
0.0 0.5754021771310132 0.1732726845030596 0.005049999778081826 0.007345454222664571
0.0 0.5512999054628949 0.2164272280612142 0.008263636000496889 0.007345454222664571
0.0 0.5783862679089709 0.2517772265077875 0.008263636000497598 0.007345454222664571
0.0 0.6139658118000021 0.27105904384228197 0.00688636333374788 0.007345454222664571
0.0 0.6440362650240352 0.21252495550542355 0.00826363600049831 0.008722726889414289
0.0 0.7757953501430819 0.21987040972808813 0.009181817778330981 0.009640908667247672
0.0 0.6910930811379806 0.25131813561887084 0.005968181555915208 0.006427272444831544
0.0 0.6913226265824388 0.22652722761737804 0.008263636000497598 0.009181817778330626
0.0 0.6814521724707333 0.25567949906357795 0.005049999778081826 0.007804545111581263
0.0 0.668368082136612 0.2517772265077875 0.0073454542226642165 0.01101818133399668
0.0 0.6614817188028639 0.2630249532862427 0.009181817778330981 0.007804545111581263
0.0 0.6619408096917805 0.2749613163980726 0.006427272444831544 0.006886363333748235
0.0 0.6419703560239114 0.27679767995373883 0.008722726889414644 0.00688636333374788
0.0 0.6304930838009977 0.2882749521766522 0.007804545111581263 0.007804545111580907
0.0 0.7399862608075918 0.2953908609548588 0.009181817778330981 0.0064272724448319
0.0 0.7629408052534185 0.28345449784302873 0.005509090666998162 0.006427272444831544
0.0 0.8152771665899039 0.2928658610658177 0.010099999556163652 0.007804545111580907
0.0 0.8761067093713454 0.195079501726595 0.008722726889414644 0.005968181555914854
0.0 0.9344112522637456 0.20311359228263443 0.009640908667247317 0.008263636000497598
0.0 0.9447407972643678 0.23479086361787543 0.011018181333997035 0.010099999556164007
0.0 0.9948658521890941 0.14962950372385803 0.010268295621811774 0.005968181555915208
0.0 0.6011112669103393 0.14894086739048315 0.010559090445080698 0.008263636000497598
0.0 0.5880271765762182 0.12231359583332377 0.008263636000497598 0.007345454222664571
0.0 0.5749430862420969 0.08443859749770954 0.006886363333748591 0.008722726889414289
0.0 0.5852726312815022 0.09109538409153206 0.009181817778330981 0.0055090906669985175
0.0 0.6050135394661297 0.09155450627591577 0.009181817778330981 0.0055090906669985175
0.0 0.6114408119109612 0.10027723316533006 0.005509090666998872 0.008263636000497598
0.0 0.6203930842448336 0.12414995938899018 0.006886363333748591 0.004590908889165491
0.0 0.6465612649130765 0.0904067790536244 0.008722726889413935 0.007804545111580907
0.0 0.6082271756885458 0.06814087094117234 0.008263636000497598 0.007345454222664927
0.0 0.6736476273591521 0.03302041793905737 0.008722726889413935 0.006886363333748235
0.0 0.6380680834681207 0.05413859882921805 0.00826363600049831 0.005968181555914854
0.0 0.6385271743570374 0.06332041660754868 0.010099999556163652 0.005968181555915208
0.0 0.6858135359154403 0.08994768816470788 0.005509090666998162 0.008722726889414289
0.0 0.6904044448046062 0.1154272324995759 0.009181817778330981 0.0055090906669985175
0.0 0.6988976262495615 0.11864086872199131 0.005049999778081826 0.004590908889165491
0.0 0.7046362623610186 0.1154272324995759 0.0045909088891647794 0.007345454222664571
0.0 0.7142771710282659 0.1503181400572325 0.004590908889165491 0.007345454222664571
0.0 0.7069317168056013 0.16064768505785487 0.0073454542226642165 0.005968181555915208
0.0 0.7124408074725999 0.1801590478368075 0.0073454542226642165 0.01101818133399668
0.0 0.6986680808051038 0.15054768550169087 0.005509090666998162 0.008722726889414289
0.0 0.7454953514745902 0.1067045056101616 0.0073454542226642165 0.010099999556163652
0.0 0.7383794426963842 0.07617496149721177 0.009640908667247317 0.007804545111580907
0.0 0.7280498977345452 0.03875900710731326 0.010099999556164363 0.006427272444831544
0.0 0.762252168920044 0.06515678016321509 0.007804545111581263 0.005968181555915208
0.0 0.7620226234755855 0.05184314438463531 0.009181817778330981 0.007804545111580907
0.0 0.7530703511417134 0.047481780939928345 0.007804545111580552 0.007345454222664571
0.0 0.7927817130329942 0.036922690494847824 0.010099999556163652 0.0055090906669985175
0.0 0.8129817121453211 0.04977723538451091 0.010099999556163652 0.007345454222664571
0.0 0.8221635299236525 0.03761132682822268 0.009181817778330981 0.005968181555915208
0.0 0.8446589834805629 0.05781132594055034 0.009181817778330981 0.00688636333374788
0.0 0.8031112580336156 0.07135450716358811 0.006886363333748591 0.008263636000497598
0.0 0.7916339858107022 0.08604541560891743 0.008722726889414644 0.006427272444831544
0.0 0.8221635299236517 0.08581587016445909 0.00826363600049831 0.010559090445080344
0.0 0.8421339835915216 0.09247268805374897 0.009640908667246605 0.0055090906669985175
0.0 0.8423635290359798 0.11037723272149388 0.006427272444831544 0.008263636000497598
0.0 0.8499385287031022 0.1640908667247288 0.009640908667247317 0.007345454222664571
0.0 0.7932408038831262 0.16592727722359585 0.011936363111829707 0.0055090906669985175
0.0 0.7617930780311273 0.15444995805748132 0.010559090445080698 0.008263636000497598
0.0 0.7842885315880377 0.13379086805623713 0.009640908667247317 0.006427272444831544
0.0 0.7994385309222836 0.12346132305561533 0.005968181555914498 0.006886363333748235
0.0 0.8111453485896554 0.11818177783307479 0.0073454542226642165 0.0055090906669985175
0.0 0.8226226208125684 0.10647496016570343 0.0073454542226642165 0.0050499997780821815
0.0 0.797372621922159 0.10647496016570343 0.0073454542226642165 0.006886363333748235
0.0 0.7861248951437038 0.10624541472124509 0.014231817556412807 0.006427272444831544
0.0 0.9217862528185407 0.13884086783431915 0.007345454222664927 0.006427272444831544
0.0 0.9339521613748293 0.11978859594428268 0.009640908667248028 0.006886363333748235
0.0 0.9210976164851662 0.07824087049733616 0.007804545111580552 0.010099999556164007
0.0 0.8898794362715389 0.09798184131168171 0.01147727222291337 0.0055090906669985175
0.0 0.8710567095932632 0.1273635956114056 0.005968181555915208 0.009181817778330626
0.0 0.8740408003712208 0.13769314061202795 0.006427272444830834 0.008722726889414289
0.0 0.9534635241537817 0.13470904983407053 0.009181817778330981 0.0055090906669985175
0.0 0.9617271601542796 0.1482522310571083 0.008263636000497598 0.005968181555915208
0.0 0.9679248871546531 0.13356132261177897 0.009640908667247317 0.00688636333374788
0.0 0.9777953412663581 0.11841132327753315 0.0073454542226642165 0.007804545111580907
0.0 0.9729748869327348 0.11290223261053497 0.010559090445080698 0.008722726889414289
0.0 0.9890430680448133 0.10693405105461995 0.009640908667247317 0.006886363333748235
0.0 0.9874362499336058 0.0929317789426655 0.006427272444830834 0.008263636000497598
0.0 0.9732044323771933 0.07250223438587948 0.00918181777833027 0.009640908667246961
0.0 0.9812385229332324 0.04977723538451091 0.007804545111581263 0.006427272444831544
0.0 0.49758627145966017 0.016952236826978506 0.006427272444832255 0.007804545111580907
0.0 0.5122771799049893 0.023149963827351704 0.010099999556164363 0.006427272444831544
0.0 0.5003408167931592 0.008918146270939075 0.009181817778330981 0.009181817778330626
0.0 0.6314112655788306 0.017640873160353187 0.007804545111581263 0.007345454222664571
0.0 0.8051771670337402 0.001934073246428536 0.00918181777833027 0.003868146492857072
0.0 0.8499385288582353 0.013279509715646043 0.007804545111581973 0.006886363333748235
0.0 0.8933226177057154 0.03577496327255645 0.0073454542226642165 0.007804545111580907
0.0 0.979402159377566 0.00032725513522073867 0.005968181555915208 0.0006545102704414773
0.0 0.9922567042672295 0.0007863460241372521 0.005968181555915208 0.0015726920482745043
0.0 0.9985385793004262 0.004786328270690277 0.0029228413991475577 0.006427272444831544
0.0 0.9978499429670518 0.01947723671601942 0.004300114065896565 0.006427272444831544
0.0 0.9936339769339788 0.18222495683693207 0.008722726889413935 0.009640908667247317
0.0 0.997390852078135 0.18911132017067994 0.005218295843729947 0.010559090445080698
0.0 0.9906498861560212 0.22239540961712906 0.006427272444832255 0.005509090666998162
0.0 0.9934044314895211 0.20563859217167532 0.006427272444831544 0.010559090445080698
0.0 0.9992272156338012 0.2210181369503795 0.0015455687323974842 0.006427272444831544
0.0 0.9996863065227177 0.23364313639558426 0.0006273869545644573 0.006886363333748235
0.0 0.9041112535952539 0.07686359783058663 0.007804545111581263 0.007345454222664927
