0.0 0.08853395518600671 0.01349665374544311 0.010329545000621998 0.02699330749088622
0.0 0.04893736601695542 0.21376144586561485 0.011477272222912838 0.040997884033476456
0.0 0.00151413856265048 0.274119441803789 0.00302827712530096 0.03416490336123332
0.0 0.0015141385626500359 0.08735130342906215 0.0030282771253000718 0.04783086470572312
0.0 0.053241343100547844 0.36750351099115247 0.008607954167185738 0.03416490336122979
0.0 0.08968168240829755 0.5303562170130195 0.011477272222913726 0.040997884033476456
0.0 0.08910781879715168 0.31853381617338883 0.012624999445204566 0.05466384537796978
0.0 0.102306681853503 0.22970506743418923 0.011477272222913726 0.059219165826131875
0.0 0.11866179477115413 0.24109336855459798 0.012051135834059146 0.040997884033476456
0.0 0.13071293060521327 0.1841518629525489 0.012051135834059146 0.06377448627429749
0.0 0.14936349796744786 0.27184178157970795 0.008034090556038542 0.04783086470572312
0.0 0.14018168018911714 0.3720588314393163 0.013772726667496293 0.03872022380939541
0.0 0.0015141385626500359 0.518967915892609 0.0030282771253000718 0.040997884033476456
0.0 0.036312366571749966 0.4916359932036259 0.011477272222913726 0.050108524929804166
0.0 0.040903275460915545 0.4460827887219838 0.011477272222913726 0.040997884033476456
0.0 0.14477258907828183 0.4836641824193387 0.010329545000621998 0.0432755442575575
0.0 0.15854531574577813 0.48252535230729815 0.012624999445205454 0.03644256358531084
0.0 0.16801406532968155 0.454054599506271 0.00975568138947569 0.0432755442575575
0.0 0.17719588310801226 0.42330618648116275 0.008607954167185738 0.040997884033476456
0.0 0.17891747394144986 0.3640870206550291 0.013198863056350874 0.05466384537796978
0.0 0.18522997366405214 0.6157684754160958 0.012051135834059146 0.05238618515388521
0.0 0.221957244777375 0.4608875801785159 0.010903408611768306 0.05694150560205083
0.0 0.23400838061143414 0.43469448760157503 0.0074602269448931224 0.05466384537796978
0.0 0.22482656283310343 0.381169472335644 0.012051135834059146 0.06605214649837854
0.0 0.2532328115848146 0.20123431463316205 0.006886363333747703 0.05238618515388874
0.0 0.24978962991793985 0.1477092993672363 0.012624999445204566 0.04555320448164207
0.0 0.22855667630555 0.13290450791070246 0.011477272222912838 0.03872022380939541
0.0 0.24921576630679443 0.091906623877226 0.012624999445205454 0.03416490336122979
0.0 0.2971333778374583 0.1522646198153984 0.014346590278641713 0.0592191658261354
0.0 0.2698748563080384 0.3731976615513568 0.011477272222913726 0.050108524929804166
0.0 0.22654815366654057 0.005524842961155923 0.009755681389476578 0.011049685922311847
0.0 0.19613338227581956 0.2581758202352146 0.00975568138947569 0.03872022380939541
