0.0 0.06062116845363903 0.8549009697125293 0.010777096613980275 0.009429959537233402
0.0 0.1825370738992909 0.8316628551386348 0.009429959537232736 0.008756390998858877
0.0 0.28491949173210346 0.8128029360641686 0.010777096613980231 0.007409253922111248
0.0 0.300748352383887 0.7542024732256515 0.007409253922111425 0.012797802229101051
0.0 0.37315697025906697 0.807077603487992 0.010777096613980231 0.012124233690727949
0.0 0.2562928288512184 0.7373632597663071 0.006062116845363974 0.010103528075606504
0.0 0.023574898843081844 0.634644057664308 0.010777096613980273 0.01077709661398032
0.0 0.053211914531527606 0.6908870306185172 0.010777096613980275 0.007409253922111248
0.0 0.050517640378032524 0.7104205182313563 0.0080828224604852 0.007409253922111248
0.0 0.11349629871597974 0.6383486846253635 0.010103528075606504 0.010103528075607215
0.0 0.14077582452011733 0.6727006800824256 0.009429959537232736 0.010103528075606504
0.0 0.48193828920643034 0.6622603677376319 0.008756390998859054 0.01077709661398032
0.0 0.35160277703110643 0.47096690283948206 0.006735685383737611 0.012124233690727237
0.0 0.41693892525336185 0.5501112060983996 0.00808282246048524 0.010103528075605795
0.0 0.47351868247675827 0.5427019521762887 0.006735685383737611 0.007409253922111248
0.0 0.5085442464721941 0.478376156761594 0.00808282246048524 0.012124233690727237
0.0 0.49642001278146636 0.5635825768658751 0.00808282246048524 0.006062116845364329
0.0 0.4981039341274006 0.5746964577490428 0.008756390998859054 0.00942995953723269
0.0 0.037719838148930956 0.38601683539505205 0.009429959537232736 0.007409253922111248
0.0 0.5125856577024368 0.37726044439619316 0.00808282246048524 0.00471497976861599
0.0 0.7395782551343962 0.3789443657421273 0.006735685383737611 0.008082822460485061
0.0 0.5762378845787577 0.03070943140288982 0.010103528075606504 0.00942995953723269
0.0 0.44691272521099445 0.14858392561829917 0.006062116845363974 0.00942995953723269
0.0 0.38932261518003736 0.16879098176951182 0.008082822460485329 0.012124233690727237
0.0 0.34655101299330315 0.2156039951864887 0.010103528075606504 0.008756390998859586
0.0 0.35665454106890965 0.30923002202044253 0.010103528075606504 0.010103528075606504
0.0 0.32297611415022126 0.1556563952712235 0.007409253922111425 0.012797802229101762
0.0 0.2475364378523594 0.24086281537550533 0.006062116845363885 0.008082822460485773
0.0 0.23574898843081846 0.2523134805278591 0.009429959537232779 0.008082822460485773
0.0 0.18859919074465475 0.25029277491273805 0.00808282246048515 0.006735685383738144
0.0 0.18220028963010398 0.230085718761525 0.010103528075606504 0.008082822460485061
0.0 0.17815887839986141 0.19775442891958406 0.008756390998858965 0.00942995953723269
0.0 0.1680553503242549 0.18832446938235137 0.007409253922111425 0.008082822460485061
0.0 0.2606710243506479 0.050579703284916275 0.01077709661398032 0.007409253922111248
0.0 0.21823620643310054 0.030372647133703266 0.009429959537232779 0.007409253922111958
0.0 0.23473863562325784 0.04350723363199123 0.007409253922111425 0.00942995953723269
0.0 0.034688779726249 0.004240834818277683 0.014144939305849114 0.008481669636555366
0.0 0.08722712571940282 0.011512728059237531 0.015492076382596642 0.012797802229101762
0.0 0.15828860651783525 0.05630503586109299 0.010777096613980275 0.008082822460485061
0.0 0.21183730531854975 0.1324182806973287 0.012797802229101585 0.00942995953723269
0.0 0.2364225569691923 0.15228855257935478 0.00942995953723269 0.012797802229101762
0.0 0.07476610775948814 0.17417953007650233 0.010777096613980252 0.012124233690727237
0.0 0.037046269610557195 0.12298832116009599 0.012124233690727803 0.008082822460485061
0.0 0.023238114573894963 0.19371301768934152 0.014144939305849102 0.008082822460485061
0.0 0.07375575495192749 0.22469717045453486 0.011450665152354045 0.01077709661398032
0.0 0.10137206502525195 0.05765217293784062 0.008756390998858976 0.008082822460485773
0.0 0.10473990771712079 0.06809248528263438 0.011450665152354034 0.007409253922111248
0.0 0.9898269023971894 0.22700484018067896 0.005978418979648836 0.009565470367438423
0.0 0.9760765387439975 0.7818021214920889 0.008768347836818435 0.009565470367437712
