0.0 0.09449901896036277 0.7929895932539589 0.006735685383737788 0.012124233690727949
0.0 0.042634241505582614 0.7384305416456842 0.008082822460485061 0.008082822460485061
0.0 0.1379441896854706 0.6444677305425435 0.00875639099885923 0.012797802229101762
0.0 0.15276269752969363 0.681177215883914 0.008756390998858877 0.012124233690727949
0.0 0.027815733661359587 0.5902454632034552 0.01077709661398032 0.009429959537232335
0.0 0.11032787961214599 0.5218782565585179 0.00875639099885923 0.011450665152354133
0.0 0.2398497985617384 0.00013613451375009688 0.013557997756844742 0.00027226902750019375
0.0 0.014459945660824225 0.10154558213104199 0.00996403163274806 0.013551083020537646
0.0 0.1164916295801639 0.21174777198923547 0.006775541510268823 0.00996403163274806
0.0 0.27651397760209734 0.2741226100102381 0.007971225306198449 0.011159715428677686
0.0 0.3157722622351248 0.6059248633807475 0.005978418979648836 0.011558276693987679
0.0 0.28149599341847154 0.6816515037896321 0.00996403163274806 0.009166909102128074
0.0 0.18803337670329495 0.7240982785451389 0.007971225306198449 0.004782735183718856
0.0 0.5586953534415219 0.9092299862815978 0.00876834783681808 0.008369786571508797
0.0 0.35921544015390605 0.8986681127508845 0.010761154163367693 0.0063769802449584745
0.0 0.33291039664345146 0.4118255271748158 0.008369786571508442 0.006775541510268468
0.0 0.3101924045207857 0.3807377484806416 0.009166909102128074 0.005978418979648481
0.0 0.4032564599706522 0.23944777992827468 0.009565470367438067 0.007174102775578462
0.0 0.41361905286871004 0.26415857837748985 0.008768347836818435 0.008768347836818435
0.0 0.5315931874004469 0.21134921072392512 0.007971225306198449 0.008369786571508442
0.0 0.6810536618916675 0.15096717902947213 0.009565470367438067 0.009565470367438423
0.0 0.7559831797699326 0.10353838845759178 0.007971225306198449 0.010362592898057698
0.0 0.7854767134028668 0.16910171660107362 0.011159715428677686 0.00996403163274806
0.0 0.7707299465864 0.34646147966398855 0.007971225306198449 0.012355399224607665
0.0 0.8580148636892726 0.46284136913448537 0.008768347836818435 0.010761154163368047
0.0 0.8793378913833532 0.4630406497671407 0.012355399224607311 0.007971225306198449
0.0 0.8763486818935291 0.875352278730254 0.009565470367438423 0.009166909102128074
