0.0 0.39716630088133653 0.9768736612746171 0.006775541510268601 0.011956837959297672
0.0 0.4465878979144451 0.9083211170919091 0.0075726640408886325 0.008768347836818435
0.0 0.48166128912703987 0.9451880406824783 0.008369786571508265 0.012355399224607665
0.0 0.42885192147347534 0.9647175426826646 0.007174102775578639 0.00996403163274806
0.0 0.44559149461649206 0.9613297719275302 0.007971225306198449 0.008768347836818435
0.0 0.4623310677595088 0.9746815743154127 0.008768347836818435 0.00757266404088881
0.0 0.29114900430889745 0.9284484675394618 0.009166909102128163 0.010761154163368047
0.0 0.2347525852675436 0.9704966810296585 0.005579857714338843 0.008768347836818435
0.0 0.20765041922646899 0.9924175506217041 0.006376980244958741 0.010362592898058054
0.0 0.182341778879289 0.9818556770909911 0.008369786571508308 0.008369786571508086
0.0 0.1887187591242477 0.9635218588867349 0.008369786571508353 0.00996403163274806
0.0 0.19071156545079734 0.9412024280293793 0.00996403163274806 0.010761154163368047
0.0 0.17855544685884475 0.9057304754167962 0.011956837959297584 0.007572664040888455
0.0 0.2016720002468202 0.9041362303555566 0.010362592898057965 0.005181296449028849
0.0 0.11099931238881308 0.9513657402947822 0.011558276693987724 0.007971225306198449
0.0 0.1245503954093504 0.9696995584990384 0.009166909102128206 0.008768347836818435
0.0 0.055400015878079065 0.9952123721475772 0.00956547036743811 0.009575255704845631
0.0 0.04125109095957685 0.9740837324174476 0.011558276693987724 0.010362592898058054
0.0 0.030489936796208976 0.8941721987228085 0.01155827669398772 0.007572664040888455
0.0 0.03467483008196316 0.8648779457225292 0.007174102775578584 0.010362592898057698
0.0 0.07273743091906064 0.8579031235796055 0.01076115416336787 0.008369786571508086
0.0 0.09027412659269718 0.8955671631513932 0.008369786571508353 0.011956837959297672
0.0 0.19629142316513626 0.8963642856820131 0.00677554151026869 0.005579857714339198
0.0 0.19908135202230565 0.8844074477227155 0.009166909102128206 0.007971225306198449
0.0 0.21303099630815292 0.8862009734166101 0.00996403163274806 0.008369786571508442
0.0 0.23395546273692386 0.8901865860697094 0.009565470367438067 0.007572664040888455
0.0 0.2550792097983497 0.860693052436775 0.011159715428677863 0.010761154163367693
0.0 0.2997180715130608 0.8172498745179937 0.008768347836818258 0.009166909102128074
0.0 0.3174540478193523 0.8134635424975494 0.011558276693987768 0.014348205551157279
0.0 0.3654806802891978 0.8339894476610104 0.011159715428677774 0.008369786571508442
0.0 0.38680370798327873 0.8274131867833967 0.005978418979648836 0.010362592898057698
0.0 0.3971663008813366 0.7963254080892227 0.007572664040888544 0.00797122530619836
0.0 0.3913871625343427 0.7837707282319604 0.007971225306198449 0.007572664040888455
0.0 0.45675121004516983 0.7732088547012473 0.007971225306198449 0.011159715428677863
0.0 0.4922231626577528 0.8423592342325186 0.007174102775578639 0.008369786571508086
0.0 0.4842519373515544 0.8596966492735003 0.005579857714338843 0.011956837959297672
0.0 0.4388159531062234 0.8842081670900604 0.007971225306198449 0.015543889347086903
0.0 0.5255030283111314 0.8891901829064345 0.005978418979648836 0.009565470367438067
0.0 0.44638861714711175 0.8198405227425083 0.009565470367438067 0.01355108302053729
0.0 0.45455912308596524 0.8100757717424152 0.00996403163274806 0.008369786571508086
0.0 0.5549965619440654 0.7989160563137372 0.009166909102128074 0.01076115416336787
0.0 0.47667927331066584 0.6506512656184466 0.007174102775578639 0.007572664040888455
0.0 0.5514095105562761 0.6518469494143764 0.009964031632747884 0.009166909102128074
0.0 0.42905120210613035 0.679148396088106 0.006775541510268645 0.010362592898057877
0.0 0.42964904400409515 0.7012685463128066 0.008768347836818258 0.009964031632747884
0.0 0.43861667247356834 0.7379361827213192 0.006775541510268645 0.006775541510268645
0.0 0.45077279106552093 0.7048555977005958 0.009565470367438067 0.013949644285847284
0.0 0.3282152019827202 0.6827354474758952 0.007572664040888544 0.008768347836818258
0.0 0.26962669598216177 0.7401282696805238 0.007572664040888455 0.007971225306198449
0.0 0.32562455375820576 0.7714153290073528 0.009565470367438067 0.009166909102128251
0.0 0.22717992122665512 0.8070865622525908 0.008768347836818258 0.005579857714339198
0.0 0.20286768404274996 0.8033002302321466 0.012753960489917482 0.010761154163367958
0.0 0.1582288223280388 0.7580635266194704 0.008768347836818258 0.008768347836818435
0.0 0.18114609508335922 0.7730095740685925 0.014746766816467093 0.005978418979648836
0.0 0.1169777313684619 0.7959268468239129 0.008369786571508353 0.007174102775578639
0.0 0.07831728863339955 0.7807815187421359 0.007572664040888499 0.007971225306198449
0.0 0.059784189796488196 0.7845678507625801 0.010362592898057943 0.005978418979648836
0.0 0.049820158163740164 0.7582628072521252 0.007174102775578584 0.01076115416336787
0.0 0.07233886965375072 0.7415232341091087 0.01076115416336787 0.006775541510268645
0.0 0.08429570761304836 0.7180081194558231 0.008369786571508353 0.005978418979648836
0.0 0.009964031632748033 0.7301642380477757 0.004782735183719055 0.008768347836818258
0.0 0.007971225306198428 0.7174102775578584 0.011159715428677799 0.007971225306198449
0.0 0.005380577081683937 0.7550743171296459 0.007572664040888503 0.006775541510268823
0.0 0.008369786571508348 0.6930980403739532 0.00797122530619843 0.01514532808177691
0.0 0.0795129724293293 0.6363030600672894 0.009964031632748015 0.008369786571508265
0.0 0.08190434002118882 0.6797462379860708 0.00518129644902896 0.009166909102128251
0.0 0.07154174712313087 0.6811412024146556 0.013152521755227409 0.007174102775578639
0.0 0.09087196849066205 0.6811412024146556 0.008768347836818258 0.007174102775578639
0.0 0.11618060883784205 0.6803440798840357 0.01076115416336787 0.008768347836818435
0.0 0.1612180318178632 0.6799455186187257 0.00996403163274806 0.007971225306198449
0.0 0.17815688559353482 0.6901088308841288 0.008768347836818301 0.007572664040888455
0.0 0.1827403401445989 0.7014678269454615 0.010761154163367915 0.008768347836818258
0.0 0.20625545479788426 0.7086419297210401 0.011558276693987768 0.007971225306198449
0.0 0.21522308326735748 0.7255807834967117 0.010362592898057965 0.00996403163274806
0.0 0.22757848249196505 0.7461066886601727 0.011159715428677774 0.008768347836818258
0.0 0.38341593722814427 0.6978807755576721 0.007971225306198449 0.011956837959297672
0.0 0.004184893285754173 0.6131865066793138 0.006775541510268662 0.00996403163274806
0.0 0.004982015816374016 0.6285311153937458 0.006775541510268662 0.007971225306198449
0.0 0.003985612653099214 0.6470642142306573 0.007174102775578584 0.008369786571508442
0.0 0.006576260877613703 0.6747642221696968 0.009964031632748033 0.011956837959297495
0.0 0.03806260083709749 0.5703411706584973 0.00757266404088851 0.010362592898058054
0.0 0.05181296449028977 0.5687469255972577 0.011159715428677797 0.007971225306198449
0.0 0.06297267991896756 0.5984397398628467 0.00876834783681828 0.006775541510268645
0.0 0.07353455344968049 0.6070088070670101 0.005978418979648836 0.007174102775578639
0.0 0.11099931238881308 0.6008311074547064 0.009964031632748015 0.011558276693987856
0.0 0.15643529663414413 0.5992368623934667 0.011558276693987724 0.009166909102128074
0.0 0.12694176300120993 0.5374598662704289 0.011558276693987724 0.013152521755227475
0.0 0.09346261671517656 0.5613735421890242 0.009964031632748038 0.005978418979648836
0.0 0.09226693291924679 0.5520073524542409 0.007572664040888499 0.008768347836818258
0.0 0.10123456138872003 0.5492174235970715 0.006376980244958741 0.00797122530619827
0.0 0.17795760496087987 0.5386555500663587 0.009166909102128251 0.008369786571508265
0.0 0.18473314647114855 0.5296879215968854 0.007572664040888499 0.010362592898057877
0.0 0.1857295496344233 0.561971384086989 0.00956547036743811 0.012753960489917482
0.0 0.18453386583849357 0.5781131153320408 0.00956547036743811 0.008369786571508265
0.0 0.19390005557327672 0.592461320883198 0.008369786571508353 0.011558276693987679
0.0 0.17955185002211954 0.6155778742711735 0.01076115416336787 0.0075726640408886325
0.0 0.30191015847226543 0.5143433128824533 0.012355399224607577 0.01076115416336787
0.0 0.39856126530992125 0.5298872022295404 0.009565470367438022 0.013152521755227475
0.0 0.41350731275904334 0.5488188623317617 0.007572664040888455 0.011159715428677686
0.0 0.41211234833045857 0.5866821825362042 0.010362592898058054 0.011956837959297672
0.0 0.5229123800866167 0.5775152734340759 0.008768347836818258 0.009565470367438067
0.0 0.3684698897790222 0.5589821745971647 0.00996403163274806 0.009166909102128251
0.0 0.3535238423299002 0.5591814552298194 0.011159715428677774 0.007971225306198449
0.0 0.3652813996565428 0.5448332496786625 0.007572664040888455 0.010362592898058054
0.0 0.3409691624726377 0.5432390046174227 0.00996403163274806 0.008768347836818258
0.0 0.33279865653378427 0.5494167042297265 0.007174102775578639 0.009166909102128251
0.0 0.319048292880592 0.5436375658827327 0.006775541510268645 0.008768347836818258
0.0 0.3080878580845692 0.5376591469030838 0.009565470367438067 0.006376980244958652
0.0 0.3033051229008501 0.546826056005212 0.0055798577143389315 0.007971225306198449
0.0 0.29812382645182106 0.5575872101685799 0.00717410277557855 0.012753960489917482
0.0 0.2849713046965937 0.5695440481278775 0.010362592898057965 0.011159715428677686
0.0 0.23794107539002302 0.5850879374749646 0.011956837959297672 0.005579857714339021
0.0 0.24093028487984744 0.5639641904135387 0.009964031632747972 0.00797122530619827
0.0 0.24192668804312228 0.5524059137195508 0.011956837959297672 0.008768347836818258
0.0 0.587877866332134 0.7205987676803377 0.008768347836818258 0.010362592898057698
0.0 0.5908670758219584 0.6213570126181672 0.008369786571508442 0.008768347836818258
0.0 0.6638037873736741 0.5695440481278775 0.006775541510268823 0.008768347836818435
0.0 0.6763584672309366 0.5348692180459145 0.008768347836818258 0.008768347836818258
0.0 0.8565081591510209 0.6793476767207608 0.007971225306198449 0.00996403163274806
0.0 0.865874348885804 0.6751627834350067 0.006775541510268823 0.011159715428677863
0.0 0.7178088388231683 0.7556721590276108 0.010362592898057698 0.011159715428677686
0.0 0.8860016927839552 0.7817779219054106 0.01275396048991766 0.007572664040888455
0.0 0.7060512814965255 0.8176484357833036 0.008369786571508265 0.011558276693987679
0.0 0.7108340166802447 0.8389714634773844 0.00996403163274806 0.011159715428677686
0.0 0.6386944276591487 0.8690628390082834 0.01076115416336787 0.012355399224607665
0.0 0.6867210601289944 0.8806211157022711 0.015942450612396897 0.006775541510268468
0.0 0.7024642301087363 0.8935743568248435 0.01076115416336787 0.014348205551156923
0.0 0.8144599456608242 0.901545582131042 0.00996403163274806 0.013551083020537646
0.0 0.6717750126798724 0.9473801276416829 0.006775541510268645 0.007971225306198093
0.0 0.6871196213943043 0.9577427205397407 0.010362592898058232 0.008768347836818435
0.0 0.7110332973128997 0.9822542383563011 0.011956837959297672 0.008369786571508086
