0.0 0.5762378845787577 0.8307094314028898 0.010103528075606504 0.00942995953723269
0.0 0.7409253922111436 0.752238696682346 0.005388548306989982 0.010103528075606504
0.0 0.8944990189603628 0.7929895932539589 0.006735685383737788 0.012124233690727949
0.0 0.44691272521099445 0.9485839256182992 0.006062116845363974 0.00942995953723269
0.0 0.38932261518003736 0.9687909817695118 0.008082822460485329 0.012124233690727237
0.0 0.32297611415022126 0.9556563952712235 0.007409253922111425 0.012797802229101762
0.0 0.17815887839986141 0.9965197245754839 0.008756390998858965 0.006960550849032287
0.0 0.1680553503242549 0.9883244693823514 0.007409253922111425 0.008082822460485061
0.0 0.7028687697930259 0.7748032427178672 0.010103528075606504 0.00942995953723269
0.0 0.3610327365683391 0.7572904607201492 0.009429959537232779 0.008082822460485061
0.0 0.2606710243506479 0.8505797032849163 0.01077709661398032 0.007409253922111248
0.0 0.21823620643310054 0.8303726471337033 0.009429959537232779 0.007409253922111958
0.0 0.23473863562325784 0.8435072336319912 0.007409253922111425 0.00942995953723269
0.0 0.1660346447091336 0.7906321033696508 0.010103528075606504 0.014144939305849036
0.0 0.1923038177057105 0.795683867407454 0.010103528075606504 0.006735685383737788
0.0 0.10170884935134035 0.7519018985775483 0.009429959537232736 0.009429959537233046
0.0 0.12292625825321249 0.7687411258725033 0.011450665152354 0.008082822460485061
0.0 0.08958461560371103 0.7687411258725033 0.01616564492097041 0.008082822460485061
0.0 0.0592740313768915 0.7886113977545293 0.008082822460485218 0.00875639099885923
0.0 0.034688779726249 0.8034299055987522 0.014144939305849114 0.010103528075606504
0.0 0.08722712571940282 0.8115127280592376 0.015492076382596642 0.012797802229101762
0.0 0.15828860651783525 0.856305035861093 0.010777096613980275 0.008082822460485061
0.0 0.21183730531854975 0.9324182806973287 0.012797802229101585 0.00942995953723269
0.0 0.2364225569691923 0.9522885525793547 0.00942995953723269 0.012797802229101762
0.0 0.07476610775948814 0.9741795300765024 0.010777096613980252 0.012124233690727237
0.0 0.037046269610557195 0.922988321160096 0.012124233690727803 0.008082822460485061
0.0 0.023238114573894963 0.9937130176893415 0.014144939305849102 0.008082822460485061
0.0 0.10137206502525195 0.8576521729378406 0.008756390998858976 0.008082822460485773
0.0 0.10473990771712079 0.8680924852826344 0.011450665152354034 0.007409253922111248
0.0 0.8426342415055826 0.7384305416456842 0.008082822460485061 0.008082822460485061
0.0 0.9379441896854706 0.6444677305425435 0.00875639099885923 0.012797802229101762
0.0 0.9527626975296937 0.681177215883914 0.008756390998858877 0.012124233690727949
0.0 0.8278157336613596 0.5902454632034552 0.01077709661398032 0.009429959537232335
0.0 0.910327879612146 0.5218782565585179 0.00875639099885923 0.011450665152354133
0.0 0.6705374799510851 0.30465240293297813 0.012797802229101762 0.010777096613979964
0.0 0.6557189721068623 0.3225019691998828 0.011450665152354133 0.011450665152354133
0.0 0.6439315226853213 0.4568788926054495 0.01212423369072777 0.010777096613979964
0.0 0.7442932349030127 0.4242108184943218 0.01077709661398032 0.008756390998858877
0.0 0.5762378845787577 0.5993386384715012 0.011450665152354133 0.010103528075606504
0.0 0.3458774443980278 0.6693897526267621 0.014144939305849036 0.008756390998858877
0.0 0.3539602669154146 0.7397776787224316 0.008756390998858965 0.009429959537233046
0.0 0.37820873429687024 0.6296492226983205 0.008756390998859054 0.010103528075606504
0.0 0.37854551856605717 0.6562551799640843 0.00808282246048524 0.010777096613979964
0.0 0.44186096117319124 0.6616437282710745 0.006735685383737611 0.009429959537233046
0.0 0.2872769816164117 0.6347009867361239 0.011450665152354045 0.009429959537233046
0.0 0.2903080400390936 0.6219031845070224 0.009429959537232779 0.005388548306989804
0.0 0.32028183999672616 0.6054007553168649 0.014144939305849124 0.00875639099885923
0.0 0.37753516575849644 0.5434324497864784 0.008756390998858877 0.008756390998858877
0.0 0.38696512529572924 0.5525256250545242 0.008756390998858877 0.00942995953723269
0.0 0.45196448924879773 0.583172993550531 0.00808282246048524 0.008756390998858877
0.0 0.4381563342121354 0.321828400661509 0.010103528075606504 0.010103528075606504
0.0 0.4694772712465157 0.37874494215409255 0.010777096613980141 0.010777096613979964
0.0 0.48968432739772866 0.3807656477692138 0.01212423369072777 0.012124233690727593
0.0 0.5068603251262596 0.3255330276225649 0.011450665152354133 0.012124233690727949
0.0 0.5509790645035445 0.38177598120691875 0.00942995953723269 0.012797802229101407
0.0 0.5068603251262596 0.406361252227417 0.008756390998859054 0.009429959537233046
0.0 0.5129224419716237 0.4272418769170036 0.008756390998859054 0.00942995953723269
0.0 0.4667829970930207 0.48180092852527884 0.013471370767475399 0.012124233690727949
0.0 0.4445552353266863 0.440713247684479 0.01212423369072777 0.012124233690727949
0.0 0.5146063633175579 0.5525256250545242 0.009429959537232867 0.00942995953723269
0.0 0.00298920948982441 0.6807970739383815 0.00597841897964882 0.010323841183236126
0.0 0.01634101187770677 0.6764322758773831 0.009565470367438107 0.007971225306198449
0.0 0.02052590516346095 0.6431524102240045 0.013152521755227409 0.008369786571508086
0.0 0.029692814265589135 0.6505257936322382 0.00996403163274803 0.009565470367438067
0.0 0.04882375500046536 0.643152410224005 0.00757266404088851 0.00996403163274806
0.0 0.05739282220462867 0.64175744579542 0.007971225306198426 0.009565470367438423
0.0 0.061378434857727884 0.6294020465708126 0.010362592898057943 0.010362592898058054
0.0 0.09465830051110631 0.7025380387551831 0.01076115416336787 0.009166909102128428
0.0 0.08848060089880254 0.7328286949187367 0.010362592898057965 0.00996403163274806
0.0 0.06715757320472174 0.7322308530207724 0.0075726640408885215 0.010362592898058054
0.0 0.07492951787826521 0.7344229399799769 0.007174102775578594 0.00996403163274806
0.0 0.11259355745005277 0.7274481178370531 0.008369786571508308 0.00876834783681808
0.0 0.13471370767475338 0.732230853020772 0.011159715428677774 0.008768347836818435
0.0 0.16859141522609672 0.7208718569594394 0.008768347836818258 0.009166909102128428
0.0 0.182341778879289 0.6939689715510197 0.01474676681646705 0.007971225306198449
0.0 0.1919072492467271 0.6724466632242839 0.008369786571508308 0.011159715428677686
0.0 0.21303099630815292 0.6505257936322385 0.009166909102128163 0.007971225306198449
0.0 0.22578495679807045 0.6720481019589741 0.011558276693987768 0.009565470367438067
0.0 0.20207056151213004 0.6895847976326106 0.008768347836818258 0.00637698024495883
0.0 0.23056769198178945 0.723861066449264 0.011558276693987768 0.008768347836818435
0.0 0.23375618210426885 0.7358179044085613 0.007572664040888455 0.00637698024495883
0.0 0.27600367622712046 0.7101107027960716 0.008369786571508353 0.009166909102128074
0.0 0.015344608714431971 0.46997754044684414 0.011558276693987717 0.010362592898058054
0.0 0.10103528075606505 0.48173509777348666 0.011558276693987735 0.009166909102128074
0.0 0.10003887759279025 0.5311566946719168 0.00956547036743811 0.00996403163274806
0.0 0.1245503954093504 0.5875531137132708 0.015543889347086948 0.009565470367438423
0.0 0.1412899685523671 0.6188401730400998 0.01076115416336787 0.00996403163274806
0.0 0.16560220573627232 0.627010678978953 0.009166909102128206 0.00637698024495883
0.0 0.16898997649140662 0.6154524022849653 0.008768347836818301 0.007971225306198449
0.0 0.18752307532831797 0.6391667975709057 0.010761154163367915 0.009166909102128074
0.0 0.15663457746881632 0.5941293696788332 0.012753960489917482 0.008369786571508442
0.0 0.1590259448586586 0.5809768528356571 0.00956547036743811 0.010761154163368047
0.0 0.14846407132794567 0.5634401571620204 0.008369786571508353 0.008369786571508442
0.0 0.13571011083802823 0.5399250425087352 0.012355399224607534 0.010761154163368047
0.0 0.04703022930657071 0.5530775642639629 0.010362592898057948 0.008369786571508086
0.0 0.05858850600055844 0.5678243310804296 0.008768347836818258 0.007572664040888455
0.0 0.04782735183719056 0.5787847658764527 0.005579857714338904 0.00637698024495883
0.0 0.19908135202230565 0.6146552797543455 0.013152521755227343 0.007174102775578816
0.0 0.2214007828796613 0.5973178647133637 0.00996403163274806 0.009166909102128428
0.0 0.23515114653285357 0.6160502441829301 0.009565470367438156 0.008369786571508442
0.0 0.2439194943696718 0.6003070742031882 0.008768347836818258 0.009565470367438067
0.0 0.20505977100195455 0.5241818725289932 0.013949644285847284 0.007174102775578462
0.0 0.29573245885996163 0.5301602915086423 0.011159715428677774 0.010362592898058054
0.0 0.3142655576968729 0.4805394139775567 0.011558276693987679 0.011558276693987679
0.0 0.024112956551250238 0.45387374066501246 0.012355399224607561 0.0063769802449584745
0.0 0.025707201612489926 0.4104305627462308 0.01394964428584724 0.013551083020537646
0.0 0.03626907514320283 0.39289386707259444 0.01195683795929764 0.008768347836818435
0.0 0.06396908308224238 0.3777485389908174 0.009964031632748015 0.010362592898058054
0.0 0.08290074318446364 0.38930681568480524 0.011159715428677797 0.007971225306198449
0.0 0.0958539843070361 0.386118325562326 0.009166909102128173 0.007174102775578462
0.0 0.12634392110324505 0.41561185919525984 0.00956547036743811 0.007971225306198449
0.0 0.14427917804219154 0.45746079205280166 0.010362592898057965 0.005579857714338843
0.0 0.08429570761304836 0.4305579066443819 0.01076115416336787 0.009166909102128074
0.0 0.060182751061798115 0.4391269738485454 0.010362592898057965 0.007971225306198449
0.0 0.18971516228752255 0.4453046734608492 0.011956837959297629 0.00996403163274806
0.0 0.17536695673636538 0.4506852505425332 0.008768347836818301 0.007174102775578462
0.0 0.18453386583849357 0.45766007268545666 0.008768347836818258 0.006775541510268468
0.0 0.21422668010408272 0.4431125865016446 0.009166909102128163 0.00876834783681808
0.0 0.2419266880431222 0.4397248157465102 0.008768347836818258 0.007572664040888455
0.0 0.23853891728798787 0.45387374066501246 0.005978418979648836 0.007971225306198093
0.0 0.2494993520840107 0.45447158256297726 0.006376980244958741 0.00996403163274806
0.0 0.2694274153495068 0.4168075429911896 0.009565470367438156 0.009565470367438067
0.0 0.29114900430889756 0.409832720848266 0.01076115416336787 0.010761154163367693
0.0 0.32781664071741023 0.4184017880524292 0.011558276693987768 0.010362592898057698
0.0 0.01793525693894646 0.3382909737251353 0.00956547036743811 0.008768347836818435
0.0 0.021721588959390713 0.3645960172355901 0.007572664040888505 0.009565470367438067
0.0 0.03407698818399828 0.3695780330519639 0.005978418979648825 0.00996403163274806
0.0 0.10601729657243908 0.3333089579087611 0.00956547036743811 0.010761154163367693
0.0 0.14985903575653042 0.34646147966398855 0.007971225306198449 0.008369786571508442
0.0 0.14447845867484646 0.3673859460927593 0.011558276693987724 0.010362592898058054
0.0 0.16918925712406158 0.3634003334396603 0.013152521755227386 0.010362592898058054
0.0 0.20107415834885534 0.3510449342150528 0.0075726640408885215 0.009565470367438423
0.0 0.18194321761397908 0.3990715666848983 0.00996403163274806 0.010761154163367693
0.0 0.20047631645089042 0.38850969315418543 0.007971225306198449 0.00637698024495883
0.0 0.21283171574283705 0.39568380575386614 0.007971225306198449 0.012753960489917305
0.0 0.2439194943696718 0.40006796984817294 0.011159715428677774 0.007971225306198449
0.0 0.2122338737775331 0.3233449262760132 0.009166909102128163 0.006775541510268468
0.0 0.23754251412471308 0.3303197484189365 0.008768347836818258 0.007971225306198449
0.0 0.24511517816560166 0.29843484719414304 0.011159715428677774 0.00876834783681808
0.0 0.2656410833290625 0.2753182938061677 0.009964031632747972 0.010362592898058054
0.0 0.30669289365598446 0.21633122654029932 0.006775541510268645 0.0063769802449584745
0.0 0.4093224194732891 0.23207439652004141 0.009565470367438067 0.010761154163367693
0.0 0.43323609539188446 0.2456254795405785 0.009565470367438067 0.008369786571508442
0.0 0.4445950914532172 0.2707348392551035 0.006775541510268645 0.006775541510268468
0.0 0.4716972574942918 0.26694850723465924 0.008369786571508442 0.007174102775578462
0.0 0.39716630088133653 0.17687366127461707 0.006775541510268601 0.011956837959297672
0.0 0.4465878979144451 0.10832111709190909 0.0075726640408886325 0.008768347836818435
0.0 0.48166128912703987 0.1451880406824783 0.008369786571508265 0.012355399224607665
0.0 0.42885192147347534 0.16471754268266459 0.007174102775578639 0.00996403163274806
0.0 0.44559149461649206 0.16132977192753017 0.007971225306198449 0.008768347836818435
0.0 0.4623310677595088 0.17468157431541265 0.008768347836818435 0.00757266404088881
0.0 0.29114900430889745 0.12844846753946176 0.009166909102128163 0.010761154163368047
0.0 0.2347525852675436 0.17049668102965843 0.005579857714338843 0.008768347836818435
0.0 0.20765041922646899 0.19241755062170415 0.006376980244958741 0.010362592898058054
0.0 0.182341778879289 0.1818556770909911 0.008369786571508308 0.008369786571508086
0.0 0.1887187591242477 0.16352185888673496 0.008369786571508353 0.00996403163274806
0.0 0.19071156545079734 0.14120242802937924 0.00996403163274806 0.010761154163368047
0.0 0.17855544685884475 0.10573047541679621 0.011956837959297584 0.007572664040888455
0.0 0.2016720002468202 0.1041362303555566 0.010362592898057965 0.005181296449028849
0.0 0.11099931238881308 0.15136574029478211 0.011558276693987724 0.007971225306198449
0.0 0.1245503954093504 0.16969955849903845 0.009166909102128206 0.008768347836818435
0.0 0.14726838753201593 0.20776215933613607 0.01076115416336787 0.009166909102128074
0.0 0.1739719926444762 0.20995424138328947 0.009166909102128251 0.007971225306198449
0.0 0.14866335196060065 0.23067943209145642 0.00956547036743811 0.009565470367438067
0.0 0.17138134408326616 0.22709238070366702 0.008768347836818258 0.007971225306198449
0.0 0.18174393698132413 0.24602404080588852 0.010362592898057965 0.010761154163367693
0.0 0.1464712650013961 0.29763772466352345 0.007572664040888499 0.011159715428677686
0.0 0.10422377087854443 0.2384513767649999 0.008369786571508353 0.009166909102128074
0.0 0.043443177918781425 0.22868662576490664 0.011956837959297629 0.008768347836818435
0.0 0.055400015878079065 0.1956060407441834 0.00956547036743811 0.010362592898058054
0.0 0.04125109095957685 0.17408373241744765 0.011558276693987724 0.010362592898058054
0.0 0.019529502000186143 0.283090238479711 0.011159715428677797 0.00757266404088881
0.0 0.03248274312275859 0.2962427536855371 0.011558276693987724 0.006775541510268468
0.0 0.06337124118427748 0.31736650729636456 0.009565470367438133 0.008369786571508086
0.0 0.06277339928631262 0.330120467786282 0.013152521755227409 0.005978418979648836
0.0 0.081107217490569 0.26316217521421503 0.008369786571508353 0.00996403163274806
0.0 0.08549139140897812 0.2804995902551969 0.005978418979648814 0.011956837959297672
0.0 0.07791872736808961 0.29763772466352345 0.008369786571508353 0.01275396048991766
0.0 0.05739282220462867 0.29424995390838904 0.011956837959297629 0.008369786571508442
0.0 0.060780592959763 0.2727276455816531 0.011558276693987724 0.015543889347087258
0.0 0.030489936796208976 0.09417219872280853 0.01155827669398772 0.007572664040888455
0.0 0.03467483008196316 0.06487794572252917 0.007174102775578584 0.010362592898057698
0.0 0.07273743091906064 0.05790312357960552 0.01076115416336787 0.008369786571508086
0.0 0.09027412659269718 0.09556716315139316 0.008369786571508353 0.011956837959297672
0.0 0.19629142316513626 0.09636428568201313 0.00677554151026869 0.005579857714339198
0.0 0.19908135202230565 0.08440744772271547 0.009166909102128206 0.007971225306198449
0.0 0.21303099630815292 0.08620097341661008 0.00996403163274806 0.008369786571508442
0.0 0.23395546273692386 0.0901865860697093 0.009565470367438067 0.007572664040888455
0.0 0.2550792097983497 0.06069305243677494 0.011159715428677863 0.010761154163367693
0.0 0.2997180715130608 0.017249874517993646 0.008768347836818258 0.009166909102128074
0.0 0.3174540478193523 0.013463542497549419 0.011558276693987768 0.014348205551157279
0.0 0.3654806802891978 0.03398944766101035 0.011159715428677774 0.008369786571508442
0.0 0.38680370798327873 0.027413186783396704 0.005978418979648836 0.010362592898057698
0.0 0.3971663008813366 0.00015551037116097178 0.007572664040888544 0.00031102074232194357
0.0 0.4922231626577528 0.04235923423251862 0.007174102775578639 0.008369786571508086
0.0 0.4842519373515544 0.05969664927350031 0.005579857714338843 0.011956837959297672
0.0 0.4388159531062234 0.08420816709006047 0.007971225306198449 0.015543889347086903
0.0 0.5255030283111314 0.0891901829064345 0.005978418979648836 0.009565470367438067
0.0 0.44638861714711175 0.01984052274250825 0.009565470367438067 0.01355108302053729
0.0 0.45455912308596524 0.010075771742415186 0.00996403163274806 0.008369786571508086
0.0 0.5549965619440654 0.0021483166977105837 0.009166909102128074 0.004296633395421167
0.0 0.22717992122665512 0.007086562252590767 0.008768347836818258 0.005579857714339198
0.0 0.20286768404274996 0.004340403656915281 0.012753960489917482 0.008680807313830563
0.0 0.7060512814965255 0.01764843578330364 0.008369786571508265 0.011558276693987679
0.0 0.7108340166802447 0.03897146347738438 0.00996403163274806 0.011159715428677686
0.0 0.6386944276591487 0.06906283900828339 0.01076115416336787 0.012355399224607665
0.0 0.6867210601289944 0.08062111570227107 0.015942450612396897 0.006775541510268468
0.0 0.7024642301087363 0.09357435682484354 0.01076115416336787 0.014348205551156923
0.0 0.8144599456608242 0.10154558213104199 0.00996403163274806 0.013551083020537646
0.0 0.6717750126798724 0.1473801276416829 0.006775541510268645 0.007971225306198093
0.0 0.6871196213943043 0.15774272053974076 0.010362592898058232 0.008768347836818435
0.0 0.7110332973128997 0.1822542383563011 0.011956837959297672 0.008369786571508086
0.0 0.6873189020269592 0.2147369814790597 0.006775541510268645 0.011159715428677686
0.0 0.6472634948633122 0.2743218906428929 0.009565470367438067 0.013152521755227298
0.0 0.6570282458634054 0.2753182938061677 0.009166909102128074 0.01275396048991766
0.0 0.6899095502514737 0.2757168550714777 0.007971225306198449 0.009565470367438423
0.0 0.916491629580164 0.21174777198923547 0.006775541510268823 0.00996403163274806
0.0 0.9880333767032949 0.7240982785451389 0.007971225306198449 0.004782735183718856
