0.0 0.16248404861352092 0.8249522013200845 0.01147727222291337 0.009640908667247317
0.0 0.14503859483469234 0.8485953820992862 0.007804545111581263 0.006427272444830834
0.0 0.15972950328002167 0.8699431084339058 0.009640908667247317 0.005049999778081826
0.0 0.08374996116433468 0.7420862958706496 0.011936363111830061 0.010099999556164007
0.0 0.07709314327504498 0.7143112970911989 0.010559090445080344 0.008722726889413935
0.0 0.18589768394826436 0.6583022086433813 0.012395454000746398 0.006886363333748591
0.0 0.2503999538410378 0.7195908423137395 0.01101818133399668 0.008263636000497598
0.0 0.4184272191844906 0.7671067493166008 0.009181817778330626 0.007804545111581263
0.0 0.44895676329744044 0.7912090209847193 0.008722726889414289 0.010099999556163652
0.0 0.3796340390710432 0.854104472766285 0.009640908667246961 0.008263636000497598
0.0 0.597931756750857 0.8474476548769949 0.011936363111830061 0.005968181555915208
0.0 0.5926522115283165 0.7264772056474875 0.008722726889414644 0.006427272444831544
0.0 0.16592723028039486 0.5488090316367872 0.009181817778330626 0.006427272444831544
0.0 0.2855204068431531 0.5506453951924536 0.01147727222291337 0.008263636000497598
0.0 0.31214767840031216 0.6229522101968084 0.010559090445080344 0.006886363333748235
0.0 0.39891585640553784 0.6183613013076427 0.008722726889414289 0.008722726889414289
0.0 0.41888631007340693 0.6071135745291875 0.012854544889663089 0.006427272444831544
0.0 0.5348067595248329 0.5690090307491152 0.009640908667247317 0.009181817778330626
0.0 0.6339703915308048 0.26991131661999057 0.006886363333748235 0.007804545111581263
0.0 0.6084908471959369 0.4898158524110121 0.009181817778330626 0.008722726889414289
0.0 0.3649431306257139 0.512770396856839 0.008722726889414289 0.007804545111581263
0.0 0.10027723316533006 0.4735181258544749 0.008263636000497598 0.0055090906669985175
0.0 0.09316132438712366 0.32339540517876736 0.00688636333374788 0.008263636000497598
0.0 0.6371840277532206 0.1732726845030596 0.00688636333374788 0.009181817778330981
0.0 0.5371022139694155 0.020165873049394455 0.007804545111581263 0.006886363333748235
0.0 0.22285450050604555 0.1266749592780311 0.007345454222664571 0.004131818000248799
0.0 0.7572362952048952 0.614548880643359 0.010099999556163652 0.009181817778330981
0.0 0.7632044767608104 0.6510466063122239 0.008263636000497598 0.006886363333748591
0.0 0.7843226576509711 0.6476034246453498 0.01101818133399668 0.009181817778330626
0.0 0.767336294761059 0.8610806879915398 0.011936363111829707 0.008263636000497598
0.0 0.8864703804349006 0.862228415213831 0.009640908667247317 0.007804545111581263
0.0 0.9328385602154707 0.8984965954382375 0.00688636333374788 0.009640908667247317
0.0 0.9509726503276739 0.9177784127727321 0.011936363111830417 0.008722726889413935
0.0 0.9863226487742474 0.8854125051041158 0.0073454542226642165 0.008263636000497598
0.0 0.9629090134395042 0.8422579615459614 0.006427272444831544 0.009181817778330981
0.0 0.9859345992148711 0.5765475127086155 0.009549090489464618 0.008355454178281008
0.0 0.7394487009555821 0.22621525537640572 0.010742726800646807 0.007161817867098108
0.0 0.9438589192456703 0.25844343577834683 0.011339544956238257 0.008355454178280652
0.0 0.970417327169492 0.28440502554657704 0.011936363111830417 0.011339544956238257
0.0 0.6827947075670784 0.1626676849690874 0.008952272333872458 0.009549090489463907
0.0 0.6842867529560571 0.03882791768385143 0.011936363111830061 0.007758636022689558
0.0 0.7899235664957522 0.091646324453699 0.007161817867097753 0.005968181555915208
0.0 0.843040382343396 0.06538632560767291 0.007161817867098108 0.008355454178281008
0.0 0.8857128804681877 0.06598314376326471 0.0077586360226888475 0.008355454178281008
0.0 0.8594528816221618 0.1053731420323036 0.006564999711505948 0.007161817867097753
0.0 0.8337897009317274 0.13461723165628695 0.008952272333872458 0.010742726800647162
0.0 0.9522581048166401 0.1450615493791382 0.011936363111830417 0.007758636022689558
