0.0 0.6371840277532206 0.9732726845030596 0.00688636333374788 0.009181817778330981
0.0 0.5371022139694155 0.8201658730493945 0.007804545111581263 0.006886363333748235
0.0 0.22285450050604555 0.9266749592780311 0.007345454222664571 0.004131818000248799
0.0 0.15881132150218846 0.7278886043771704 0.008722726889414289 0.008722726889414289
0.0 0.07112496171912994 0.6943749694862632 0.010559090445080344 0.008722726889414112
0.0 0.12805223194478063 0.5297908858096844 0.008722726889414289 0.010099999556163652
0.0 0.1503181400572327 0.6018681553695806 0.011936363111830061 0.008263636000497598
0.0 0.21160677372759054 0.5929158830357083 0.008722726889413935 0.009640908667247317
0.0 0.20655677398829136 0.6587954490668319 0.009640908667247317 0.0064272724448313666
0.0 0.23938177250704093 0.6548931530394408 0.006427272444831544 0.007804545111581263
0.0 0.3823885844045426 0.6847340608190158 0.011477272222913726 0.005968181555914854
0.0 0.43036358229632066 0.5431045215882639 0.008263636000497598 0.006427272444831544
0.0 0.5063431244120075 0.5488431576997206 0.005968181555914498 0.008722726889414289
0.0 0.4686976715208514 0.5309386130319755 0.008722726889413935 0.0059681815559150305
0.0 0.6261658464192237 0.5908499740355839 0.005968181555914854 0.007345454222664749
0.0 0.6142294833073938 0.6486954260390674 0.007804545111580907 0.007345454222664571
0.0 0.6257067555303074 0.6842749699300993 0.01147727222291337 0.008722726889414289
0.0 0.573370394193822 0.6890954242637227 0.00688636333374788 0.008263636000497598
0.0 0.12805223194478063 0.28578407835054465 0.01147727222291337 0.006886363333748058
0.0 0.16294313950243744 0.3475318029098189 0.009640908667247317 0.010099999556163742
0.0 0.1893408656151383 0.3918340736902647 0.008263636000497598 0.0087227268894142
0.0 0.12392041394453165 0.4051477094688444 0.010559090445080344 0.007804545111581085
0.0 0.11680450516632526 0.4652886159169108 0.009181817778330981 0.007804545111581263
0.0 0.13264314083394596 0.4744704336952415 0.010559090445080344 0.006886363333748058
0.0 0.32339540517876736 0.48250452425128093 0.010099999556163652 0.007345454222664571
0.0 0.28276586150965366 0.4528931619161643 0.008722726889414289 0.011477272222913549
0.0 0.3107704057335628 0.40078634602413726 0.008722726889414289 0.009181817778330803
0.0 0.3477272222913438 0.434759071803961 0.010099999556164007 0.008263636000497777
0.0 0.3034249515108982 0.3312340763532818 0.01147727222291337 0.009640908667247317
0.0 0.3821590389600839 0.33972725779823776 0.01101818133399668 0.007345454222664571
0.0 0.40235903807241175 0.28004544223908795 0.010099999556164363 0.01009999955616383
0.0 0.4312817640741537 0.3036886230182895 0.010099999556163652 0.0087227268894142
0.0 0.43518403662994415 0.32457725846399205 0.007804545111580907 0.007345454222664571
0.0 0.5315931233024171 0.3360545306869054 0.009640908667247317 0.0073454542226646605
0.0 0.5600567584152424 0.49558861458540227 0.005968181555915208 0.007804545111581085
0.0 0.6013749384177309 0.4958181600298605 0.010559090445079989 0.008263636000497598
0.0 0.628920391752723 0.37852043791168516 0.007804545111581263 0.009640908667247228
0.0 0.6371840277532206 0.3695681655778127 0.00688636333374788 0.006427272444831456
0.0 0.5846181209722771 0.2704045335718406 0.007345454222664571 0.008263636000497687
0.0 0.6337408460863466 0.26627271557159177 0.008263636000497954 0.007345454222664571
0.0 0.6488948278603257 0.3121594859883296 0.00643523732429756 0.010055362606331997
0.0 0.10280223305437115 0.19924544578977726 0.005968181555914854 0.0073454542226646154
0.0 0.24534995406295595 0.2320704443473097 0.010099999556164007 0.009640908667247317
0.0 0.24029995428487397 0.11867499478492494 0.007345454222664571 0.007804545111581129
0.0 0.2602704079527435 0.10834544978430286 0.008722726889414289 0.008263636000497687
0.0 0.25774540806370255 0.0727659058932712 0.012854544889662733 0.007804545111581152
0.0 0.4567613084090212 0.22357726290235375 0.007804545111581263 0.011936363111829973
0.0 0.5371022139694155 0.21692044501306396 0.010559090445080344 0.009640908667247317
0.0 0.58691357541686 0.08034090556039405 0.006427272444831544 0.006427272444831522
0.0 0.6413158457534696 0.1549431750093314 0.007804545111581263 0.006886363333748058
0.0 0.6498090271984257 0.4088204365801767 0.009181817778330981 0.004131818000248799
0.0 0.8520385637661605 0.415936345358383 0.00688636333374788 0.006427272444831544
0.0 0.741627204981733 0.2926704416842926 0.008263636000497954 0.006886363333748147
0.0 0.7133931153133662 0.27843862412787995 0.009640908667247317 0.006886363333748058
0.0 0.678961298644626 0.25112271623734606 0.009640908667247317 0.009181817778330714
0.0 0.6865362983117486 0.23528408056972552 0.010099999556163652 0.0059681815559150305
0.0 0.6589908449767563 0.21118180890160726 0.010099999556163652 0.009181817778330714
0.0 0.6977840250902039 0.21141135434606553 0.007804545111581263 0.004131818000248888
0.0 0.6993908432014116 0.17606135589949215 0.008263636000497598 0.005968181555914986
0.0 0.7014567522015362 0.16573181089887 0.010559090445079989 0.0073454542226646154
0.0 0.6913567526453722 0.09962272289488863 0.008722726889414289 0.007345454222664594
0.0 0.8375772007652895 0.27706135146113037 0.008263636000497598 0.0059681815559150305
0.0 0.8635158359890738 0.3103454409075793 0.00688636333374788 0.0073454542226646605
0.0 0.8906021984351498 0.2926704416842926 0.007804545111580552 0.006886363333748147
0.0 0.9009317434357719 0.27889771501679655 0.006427272444830834 0.006886363333748058
0.0 0.7836340213175964 0.19442499145615366 0.008722726889414289 0.005968181555914986
0.0 0.7850112939843459 0.1875386281224056 0.00688636333374788 0.007804545111581129
0.0 0.7492022046488562 0.1997045366786938 0.006886363333748235 0.007345454222664594
0.0 0.7310681145366527 0.21141135434606553 0.010099999556163652 0.006886363333748058
0.0 0.7462181138708983 0.27843862412787995 0.007345454222664927 0.007804545111581085
0.0 0.7521862954268134 0.26787953368279965 0.011936363111830061 0.006886363333748058
0.0 0.8970294708799813 0.1916704461226544 0.009640908667247317 0.005968181555914986
0.0 0.8811908352123605 0.08355454178280983 0.007345454222664927 0.007345454222664594
0.0 0.9468408323274253 0.08814545067197521 0.014690908445329142 0.007345454222664594
0.0 0.9778294673292915 0.10122954100609652 0.005968181555915208 0.009640908667247284
0.0 0.9351340146600539 0.13795681211941951 0.008722726889414644 0.0087227268894142
0.0 0.9573999227725057 0.17445453778828424 0.010099999556163652 0.008263636000497643
0.0 0.9436271961050096 0.2300045353471853 0.011018181333997035 0.009181817778330714
0.0 0.9711726494400018 0.3640590749108143 0.006427272444831544 0.005509090666998428
0.0 0.998440869609664 0.3658954384664804 0.0031182607806719887 0.009181817778330803
0.0 0.6827947075670784 0.9626676849690874 0.008952272333872458 0.009549090489463907
0.0 0.6842867529560571 0.8388279176838515 0.011936363111830061 0.007758636022689558
0.0 0.7899235664957522 0.891646324453699 0.007161817867097753 0.005968181555915208
0.0 0.843040382343396 0.8653863256076729 0.007161817867098108 0.008355454178281008
0.0 0.8857128804681877 0.8659831437632647 0.0077586360226888475 0.008355454178281008
0.0 0.8594528816221618 0.9053731420323036 0.006564999711505948 0.007161817867097753
0.0 0.8337897009317274 0.934617231656287 0.008952272333872458 0.010742726800647162
0.0 0.9522581048166401 0.9450615493791382 0.011936363111830417 0.007758636022689558
0.0 0.7570985679382198 0.6129322457924693 0.008355454178281008 0.009549090489463907
0.0 0.7469526592931647 0.6523222440615081 0.008355454178280652 0.009549090489463907
0.0 0.8260310649090382 0.6606776982397891 0.007758636022689558 0.007161817867097931
0.0 0.8791478807566815 0.6585888346952189 0.008952272333872458 0.010145908645055357
0.0 0.9146585610143756 0.6735092885850065 0.011936363111830417 0.00775863602268938
0.0 0.9412169689381973 0.6758965612073722 0.010145908645055357 0.005371363400323581
0.0 0.8821319715346391 0.7102136051538835 0.007758636022689558 0.009549090489463907
0.0 0.8943667437242648 0.7618383756125483 0.007161817867097397 0.005371363400323403
0.0 0.9743403765735256 0.7949617832478764 0.015517272045379116 0.009549090489463907
0.0 0.9624040134616951 0.5711549749010643 0.009549090489463907 0.009549090489464085
0.0 0.9806069672072362 0.5532504302333193 0.010145908645055357 0.009549090489463907
0.0 0.9770260582736874 0.5389267944991233 0.008952272333873168 0.009549090489464085
0.0 0.9650896951618574 0.49744793268551407 0.013726817578604767 0.012533181267421511
0.0 0.9689690131732022 0.47924497893997353 0.009549090489463907 0.010742726800646984
0.0 0.9862767396853556 0.4401533897487303 0.007161817867098108 0.008952272333872458
0.0 0.9967192787762269 0.5117715684197102 0.006561442447546284 0.014920453889787489
0.0 0.8585576543887751 0.4371692989707728 0.009549090489464618 0.010145908645055535
0.0 0.8839224260014138 0.4347820263484069 0.013726817578604056 0.007758636022689558
0.0 0.9054078796027077 0.43537884450399833 0.013726817578604056 0.010145908645055535
0.0 0.6550426633320738 0.5627995207227832 0.011936363111830061 0.004774545244731953
0.0 0.6762297078555719 0.5422092943548766 0.008952272333872458 0.006564999711506481
0.0 0.6538490270208909 0.5052065687082037 0.011936363111830061 0.007758636022689558
0.0 0.6592203904212143 0.46402611597239024 0.011936363111830061 0.008952272333872458
0.0 0.6896581163563807 0.4568642981052923 0.013129999423012961 0.007758636022689558
0.0 0.6962231160678873 0.4744704336952415 0.009549090489464262 0.004774545244731953
0.0 0.713232433502245 0.4511945256271731 0.012533181267421867 0.007161817867097931
0.0 0.7508319773045093 0.48282588787352243 0.008952272333872458 0.009549090489463907
0.0 0.8612433360889369 0.5541456574667065 0.008952272333872458 0.010145908645055535
0.0 0.8782526535232943 0.5795104290793452 0.010742726800646807 0.011936363111829884
0.0 0.8394594734098468 0.6001006554472519 0.011936363111829707 0.006564999711506481
0.0 0.8287167466091997 0.522812704298153 0.010742726800647518 0.010742726800646984
0.0 0.8394594734098468 0.5093842957973441 0.010742726800646807 0.010145908645055535
0.0 0.881833562456843 0.4729783883062627 0.010742726800646807 0.012533181267421511
0.0 0.8961571981910392 0.48730202404045864 0.010742726800646807 0.010145908645055535
0.0 0.924804469659431 0.506101795941591 0.015517272045379116 0.008355454178281008
0.0 0.8970524254244264 0.5344506583321871 0.008952272333872458 0.0065649997115066585
0.0 0.9164490154811503 0.5472822486774044 0.008355454178281008 0.007161817867097931
