0.0 0.21547457542576803 0.36968279833948825 0.007543967629786152 0.00801546560664832
0.0 0.24400020302589712 0.3145175350466765 0.008958461560371056 0.008958461560371233
0.0 0.3093026728212338 0.31451753504667684 0.009429959537232779 0.00801546560664761
0.0 0.3774341304777404 0.32936972131781844 0.008015465606647875 0.008486963583509777
0.0 0.41114623582334736 0.3614315837444096 0.005657975722339614 0.006600971676063239
0.0 0.3239191101039446 0.3762837700155515 0.00942995953723269 0.005186477745477447
0.0 0.4891791509939482 0.3182895188615699 0.008958461560371233 0.00801546560664761
0.0 0.6079966411630807 0.35035138128816107 0.008015465606647787 0.007072469652924696
0.0 0.12070348207657906 0.24897931626290948 0.00848696358350951 0.008958461560371233
0.0 0.1975576523050259 0.21951069270905704 0.006600971676062906 0.005657975722339614
0.0 0.15771607326021758 0.30202283865984325 0.008958461560371144 0.007543967629786152
0.0 0.3121316606824037 0.24119959964469223 0.009429959537232779 0.008486963583509777
0.0 0.3156678955088659 0.18084785860640268 0.008015465606647875 0.00942995953723269
0.0 0.32085437325434396 0.0790042956042889 0.008015465606647787 0.00942995953723269
0.0 0.23433449450023355 0.06933858707862547 0.010372955490956048 0.00801546560664832
0.0 0.17728323929997547 0.10517243332011006 0.006600971676062883 0.007072469652924696
0.0 0.4750342116880992 0.19475704892382098 0.008015465606647787 0.007072469652924696
0.0 0.49035789593610246 0.16175219054350656 0.006600971676062883 0.007072469652924696
0.0 0.48705741009807096 0.13487680586239287 0.007543967629786152 0.008958461560370523
0.0 0.5554246167430084 0.16835316221956909 0.005657975722339614 0.006129473699201781
0.0 0.5179405275825082 0.2683107333142363 0.007072469652924696 0.00801546560664761
0.0 0.5587251025810397 0.06438785832157841 0.008486963583509421 0.004714979768616701
0.0 0.6586826736757068 0.06061587450668533 0.009429959537232867 0.008486963583509777
0.0 0.8508180992468241 0.10399368837795606 0.011787449421540686 0.006600971676063239
0.0 0.8883021884073241 0.09880721063247791 0.01037295549095596 0.007543967629786152
0.0 0.9422887067579813 0.05118591496945264 0.009901457514094502 0.007543967629786152
0.0 0.7230421475173202 0.17353963996504723 0.013673441328987578 0.006129473699201071
0.0 0.7991890707804747 0.232241138084321 0.010372955490956048 0.009429959537233402
0.0 0.9719930793002647 0.16811741323113835 0.006129473699201427 0.005657975722338904
0.0 0.8890094353726165 0.1815551055716952 0.00707246965292434 0.006129473699201071
0.0 0.8659060345063964 0.26406725152248145 0.008958461560371233 0.007072469652924696
0.0 0.6961667628362069 0.33502769704015806 0.008015465606647787 0.007543967629786152
0.0 0.7645339694811444 0.38995721134453876 0.007072469652924518 0.008958461560370523
0.0 0.9352162371050567 0.36685381047831844 0.010844453467817771 0.008958461560370523
0.0 0.992031743316884 0.4220190737711299 0.008486963583509421 0.009901457514094858
