0.0 0.05103503561685692 0.37849500092567906 0.009561978970754125 0.01434296845613101
0.0 0.18928531490234235 0.5876632909109227 0.011952473713442657 0.010358810551650065
0.0 0.3542294521478485 0.5414470592189453 0.008765147389857475 0.011952473713442302
0.0 0.531524478897245 0.8581876126251714 0.012749305294338598 0.011155642132546361
0.0 0.9283466061835363 0.5860696277491306 0.009561978970754125 0.007171484228065417
0.0 0.903246411385307 0.5462280487043222 0.011952473713442657 0.010358810551650065
0.0 0.7363101951875606 0.5267056749723661 0.012749305294338598 0.009561978970754125
0.0 0.5167830946506665 0.48487201697531734 0.011952473713441946 0.01513980003702713
0.0 0.8669905744545321 0.3725187640689579 0.012749305294338598 0.008765147389857831
0.0 0.7207719793600849 0.3792918325065754 0.011952473713443369 0.009561978970754037
0.0 0.6817272318961727 0.39483004833405055 0.013546136875234538 0.008765147389857831
0.0 0.5669834842471246 0.3677377745835809 0.01513980003702713 0.01195247371344248
0.0 0.5375007157539666 0.3765029219734387 0.011952473713442657 0.007171484228065505
