0.0 0.2430714466128329 0.44100846558652584 0.01434296845613119 0.011952473713441946
0.0 0.3506437100338157 0.955040464143558 0.007968315808961535 0.01673346319881972
0.0 0.3717597469275642 0.9590246220480385 0.013546136875234538 0.01513980003702784
0.0 0.23390788343252744 0.14824848848618935 0.011952473713441946 0.017530294779715662
0.0 0.3701660837657716 0.15820888324739144 0.010358810551650065 0.011952473713442657
0.0 0.4446698365795633 0.010396624991152592 0.011155642132546006 0.01434296845613119
0.0 0.7068274266944016 0.009599793410256652 0.011155642132546006 0.012749305294338598
0.0 0.47096527874913685 0.05183186719775321 0.009561978970754125 0.009561978970754125
0.0 0.480128841929443 0.06697166723478035 0.010358810551650065 0.012749305294338598
0.0 0.5124005209557371 0.08768928833808047 0.007968315808961535 0.009561978970753416
0.0 0.4769415156058582 0.20482353072981674 0.011952473713442657 0.011155642132546006
0.0 0.4992527998709512 0.194863135968615 0.018327126360611602 0.008765147389857475
0.0 0.5717644737325017 0.1450611621626045 0.011952473713442657 0.01593663161792378
0.0 0.6749541634585554 0.1546231411333583 0.012749305294339309 0.011155642132546717
0.0 0.7128036635511237 0.1554199727142546 0.008765147389858185 0.012749305294338598
0.0 0.6080203106632769 0.24785243609820995 0.011155642132546717 0.012749305294338598
0.0 0.6060282317110367 0.2745462940582314 0.011952473713442657 0.011952473713442657
0.0 0.704835347742162 0.2625938203447891 0.013546136875234538 0.010358810551650065
0.0 0.5335165578494863 0.40044568383982587 0.013546136875234538 0.01513980003702713
0.0 0.915597300889198 0.5155878472793219 0.009561978970754125 0.01434296845613119
0.0 0.9084258166611324 0.09924334626107516 0.011155642132546717 0.01513980003702713
