0.0 0.04626513738407638 0.07622456291347794 0.007389733820276944 0.00719779268208851
0.0 0.13584074307761612 0.16901738275113098 0.007221400154665503 0.011460048071534733
0.0 0.25207895667776015 0.24114060563963813 0.00880811970952422 0.0075498168938775475
0.0 0.468942289108859 0.12845184791066291 0.011280713052671842 0.008986330736874003
0.0 0.5220954794248375 0.15913921138445614 0.007839139578975108 0.010324720421089274
0.0 0.7548965428656664 0.1408383878024148 0.009961845623089261 0.010428807136671603
0.0 0.7050776848801498 0.18600633624362073 0.00933923027164596 0.009961845623089305
0.0 0.9415158645906601 0.25029137128011886 0.00871661492020337 0.010584460974532384
0.0 0.536345507460539 0.28575005202379833 0.008691936580223825 0.008923721555703156
0.0 0.47837656107194987 0.41236332479595567 0.009595405571948845 0.009697484354628827
0.0 0.47761097020184734 0.4247658968916125 0.010309957050711204 0.006533042091539443
0.0 0.24262616851876045 0.5044430000418785 0.006323643405412582 0.007636097697102428
0.0 0.943160750540736 0.9945665559474494 0.007404014293003058 0.007511221773798482
0.0 0.7054722534315416 0.9484044780088461 0.01450010054968942 0.007900054782244226
0.0 0.15043210204918686 0.9490756825571163 0.01034185119440636 0.008172232062712581
