0.0 0.01784208153778799 0.4118076964736328 0.005248792614003151 0.023776128322287003
0.0 0.08295074185867861 0.0774661276559545 0.008630748371317765 0.03211441254443555
0.0 0.14361629403534798 0.18067535562423903 0.008411754500153279 0.051552202682195236
0.0 0.1533887735281727 0.13894262011960085 0.007174731779542043 0.04664246909341407
0.0 0.1691280438814573 0.32601770884166786 0.008040647683970548 0.03498185182006143
0.0 0.19384789740962524 0.08572990625614609 0.0062466050889923965 0.04024793372550906
0.0 0.24478313191407394 0.3023242993794343 0.007545838595725485 0.031299551628477314
0.0 0.25621444341245336 0.2213790117307802 0.007793243139847306 0.031913268327074085
0.0 0.2712442694678739 0.30607191613724655 0.0074221363236645745 0.039277868710245835
0.0 0.27773863875108057 0.401198004419872 0.00878286131633601 0.04050530210743937
0.0 0.3415706811152674 0.4055673078818853 0.00890656358839692 0.029458401532683497
0.0 0.3697129480091618 0.39544098235502456 0.007793243139847306 0.0460287523948173
0.0 0.3779391491012213 0.38303636956061027 0.0064325181471758695 0.042607009848159426
0.0 0.32202405214894475 0.24715511307187957 0.006308815875114959 0.044187602299023486
0.0 0.30179095018521557 0.01570582659523161 0.00634569566190848 0.030006777936155547
0.0 0.39096010766976264 0.3088921946516585 0.006017258711656837 0.048440824848565295
0.0 0.3930833448636193 0.0974870389892598 0.007513908545546855 0.04233299151662654
0.0 0.35990752831929845 0.06147240441541268 0.006877136634907544 0.04612400568229243
0.0 0.38075873539958566 0.07474703645978606 0.004550031551799094 0.03160331992567151
0.0 0.3923973237522514 0.011395528925174064 0.005033211262584558 0.02279105785034813
0.0 0.48166993870906116 0.17821307218556925 0.004082174978015729 0.03252698502567085
0.0 0.4873602432238705 0.17115533015169765 0.0035873658897706663 0.024548667943902328
0.0 0.5054387225623433 0.003774386748445554 0.006216699567281126 0.007548773496891108
0.0 0.5336727950186979 0.22230163701344155 0.009804612171322447 0.03731520656473965
0.0 0.5366063500376044 0.1104726340990947 0.008313694409027761 0.02991840526343621
0.0 0.551313091979625 0.2961820907681144 0.0062717051934967575 0.02696671173637788
0.0 0.5962603125330161 0.3913166766665675 0.008780387270895317 0.037338523942676255
0.0 0.6393792322058317 0.38968615721616634 0.005550457047617386 0.030290866368393256
0.0 0.6138691741552875 0.2877067948472884 0.006244264178569381 0.04750158589588815
0.0 0.6305899260112348 0.23435356431205284 0.007215594161902317 0.04405944199038987
0.0 0.6461312057445638 0.24949899749624946 0.007215594161902317 0.02753715124399323
0.0 0.5955380924914522 0.20696067461552914 0.008141893057332794 0.034453610383969824
0.0 0.5947905382702643 0.25855205675785403 0.007158709982621758 0.026853621867123662
0.0 0.6012160183148744 0.061796082678466174 0.0076825180301305805 0.03118485120052877
0.0 0.713399389480464 0.01955837498510673 0.006185113603053338 0.03911674997021346
0.0 0.7379612551450453 0.25140567646504264 0.007707603105343708 0.03635091214770254
0.0 0.7516636606656573 0.24078365668162244 0.006946358354198168 0.02832538608912051
0.0 0.7687916675664208 0.25353008042172454 0.006185113603053338 0.04343225866998267
0.0 0.7777877194676588 0.007758704365857224 0.00766295817160696 0.015517408731714448
0.0 0.7559405697441918 0.1084185979461078 0.008980029107352294 0.029107360496801245
0.0 0.7600339508604488 0.06569095195059056 0.007093251183991356 0.04563874792800618
0.0 0.767934114870257 0.06373819679357234 0.009075682697901044 0.03392418296337826
0.0 0.8740335814063901 0.34765947391981855 0.007719021776610902 0.03350893174342849
0.0 0.9305535355729475 0.3869594240594437 0.008539164688642131 0.02688538435064726
0.0 0.8777897976716382 0.19232844687760128 0.005982804535803865 0.05306805244818798
0.0 0.884111874996982 0.16821959198856248 0.004506878123081748 0.033067169982654056
0.0 0.8890313546383741 0.1464897374285348 0.005966852726334082 0.02487910884409116
0.0 0.8936700788092917 0.2535174663625125 0.006517966929401098 0.022554517835308003
0.0 0.8761946174265614 0.028233523315649538 0.00613586578115175 0.024222272517744028
0.0 0.8864111594461896 0.030979498209851304 0.007785292066407834 0.029132192622691663
0.0 0.9471563233770531 0.2660840702990493 0.007947292848803045 0.03891637210971419
0.0 0.9465913000643852 0.2165316334447924 0.006915176894413122 0.03789225705419762
0.0 0.9410178739106783 0.12845773867017013 0.007121600085292101 0.03686814199867752
0.0 0.9915343345524423 0.17786476072369484 0.006694184180414453 0.033211456398955425
0.0 0.9675038920211865 0.049227494828484444 0.009186069052253032 0.038378354587952655
