0.0 0.24083360222661318 0.6999437534315937 0.006797876716516082 0.009970219184223517
0.0 0.3722428227640324 0.6474431083005496 0.005950007479402419 0.008043528629562324
0.0 0.43376253695688954 0.6296114722892366 0.008176546843695754 0.006465176574084986
0.0 0.46043223611441586 0.6638699604564405 0.007383490381767643 0.00605824851837351
0.0 0.20131803147910282 0.7770823084828361 0.006322445319312209 0.0046202485025741424
0.0 0.266531868381887 0.8648726085673711 0.0086409941157922 0.0050026808038794
0.0 0.33471962086396073 0.7586089142858582 0.006185873605948 0.007018587360594708
0.0 0.5007371645067431 0.9941581765423171 0.005005668588098544 0.007150955125855419
0.0 0.5246337183489319 0.9430777330960203 0.0051478968471151635 0.007388746062918017
0.0 0.560466932237417 0.984527071641455 0.004160884971410361 0.0066376022162973666
0.0 0.6313744895664837 0.7900416267275652 0.0055712334412893584 0.007047945919703302
0.0 0.6146154981201499 0.7795283735729442 0.004282527881040998 0.0033903345724908716
0.0 0.6935718129141197 0.6277942336856581 0.005828996282527754 0.006007434944237921
0.0 0.7388359589406577 0.6931576838628671 0.0060038706531463145 0.005263667421936092
0.0 0.6962966663344962 0.9351475288077458 0.006285503324427922 0.007616551087248169
0.0 0.7159720419977467 0.888406540414052 0.0039967071198166336 0.004627766138735012
0.0 0.7198635726144103 0.8880559520702084 0.003926589451047846 0.004207060126122997
0.0 0.7146284703140707 0.8637825852831934 0.003806691449814181 0.00404460966542679
0.0 0.8346316360921394 0.6559958463549319 0.004758364312267815 0.006185873605947911
0.0 0.8417242894944067 0.6926916694888319 0.006672042147070911 0.005205659257604545
0.0 0.8611903975926 0.7292563964331789 0.0035092936802989527 0.0051152416356876175
0.0 0.8648781299346066 0.7292266566562267 0.0037472118959108514 0.005055762081784288
0.0 0.9263280613538416 0.8668545128059071 0.006007434944237744 0.004460966542751165
0.0 0.9723150232309475 0.6425648661602802 0.0044310874765496775 0.004736679716311798
