0.0 0.007347169751596994 0.9922513140663269 0.014694339503193987 0.007112472213913179
0.0 0.054974422013466855 0.991043535765851 0.0339551108764265 0.008454448103330492
0.0 0.028373335445177533 0.989246007417336 0.030447986090677674 0.00463182807275615
0.0 0.1832314383409345 0.8393976301795402 0.033565820682030276 0.005969656527549461
0.0 0.16941021806009965 0.8433774011979057 0.02961690060179225 0.01472515276795434
0.0 0.36981791213223414 0.8764095006503438 0.04738704096287042 0.01472515276795434
0.0 0.19409096856159438 0.8873538709508502 0.05528488112334647 0.010347404647752256
0.0 0.2306184793038067 0.8982982412513565 0.04146366084250985 0.008357519138568392
0.0 0.025988830450325778 0.7442849126146598 0.051977660900651555 0.012951917515392352
0.0 0.07359157258243197 0.7312152503945821 0.04556446246429604 0.008006639918606239
0.0 0.07359157258243373 0.7367492515147953 0.036217906061365775 0.005887235234269284
0.0 0.0913630675355702 0.6196462340555332 0.05468610078492549 0.011887190106281764
0.0 0.23183128719880583 0.597384768947405 0.024662359177518526 0.008861359897409927
0.0 0.258638199348278 0.5977089650412118 0.0289514651214328 0.006051660417743321
0.0 0.10691107658226429 0.6172687960342766 0.030023741607410486 0.005835529688538443
0.0 0.2621741273128182 0.5557241839915259 0.04296587312760388 0.004053761567026015
0.0 0.2713158024463532 0.5602386002820774 0.03199586296736467 0.006817689908179858
0.0 0.19997173711898322 0.405540395588203 0.02978215811759061 0.006583898462891114
0.0 0.22879318045858937 0.4069927261314863 0.02786072856161816 0.006002966245577568
0.0 0.00020085719074813824 0.26581697469863597 0.0004017143814962765 0.010069491766774874
0.0 0.0018903147155163234 0.2073768679980647 0.003780629431032647 0.011529249145990761
0.0 0.010594567525432403 0.19852106792940508 0.021189135050864807 0.006182350991328178
0.0 0.03492114046070685 0.0015757301543209757 0.051111712722266285 0.0031514603086419514
0.0 0.08916214171699192 0.00041936025073532337 0.021905019738115636 0.0008387205014706467
0.0 0.06830021815688256 0.0003142357140457186 0.021905019738115636 0.0006284714280914372
