0.0 0.8958532613791773 0.5109937974224646 0.007730374066775525 0.010004013498180342
0.0 0.9184759737216531 0.5322523261060969 0.008412465896196864 0.01159556110016311
0.0 0.9666114558847758 0.33836412774072144 0.007998376362618843 0.00754563807794213
0.0 0.9043422667805971 0.274625830261294 0.0067713776555063275 0.008985097273652798
0.0 0.966516921458806 0.2873396424612725 0.007977737961428843 0.009775538065413513
0.0 0.8838571508531985 0.23797137342081384 0.008822428859175701 0.01066043487150381
0.0 0.8865222595710744 0.20828757632171174 0.007168223448080368 0.009006229460408832
0.0 0.9307263041675699 0.21453679676362788 0.006249220441916137 0.009006229460408122
0.0 0.8735460105564548 0.1508436425656477 0.00766957261477792 0.00932379415914184
0.0 0.9595167825554268 0.08962576337569458 0.0053202564925936 0.005450018846071459
0.0 0.9632150096295469 0.08573289277135743 0.004930969432159671 0.004152395311292878
0.0 0.8680502151510426 0.004786767487173016 0.00849900904815577 0.009573534974346033
0.0 0.8278521645193407 0.5968289137814977 0.006192155688294676 0.006784250750298782
0.0 0.8285857536086028 0.5639699740815953 0.007462557995464181 0.011390220098340365
0.0 0.8026631837296236 0.5643627402918827 0.007462557995468 0.007462557995464891
0.0 0.8003065864678958 0.571039765866772 0.008248090416039754 0.006284259364601752
0.0 0.8172482920559186 0.5020847574592224 0.008444473521183226 0.00981915525719046
0.0 0.7775547739678594 0.34471141950501405 0.007382416687406667 0.007933343305869301
0.0 0.741578473235653 0.2178854844156632 0.00867981539954723 0.009081658705081708
0.0 0.8035445634493316 0.11571863968981902 0.005478498545690158 0.006518719788542881
0.0 0.7061546395795881 0.13801038332083948 0.009642261251098816 0.010096014721738555
0.0 0.7897882416579335 0.011456679266297698 0.008915686770841447 0.007378499396558169
0.0 0.7418270294123896 0.5709207888745744 0.008791938601310001 0.009330220556492463
0.0 0.733857732231794 0.5158069385030106 0.010765639103644808 0.008612511282915847
0.0 0.7176195599171294 0.5006453300987104 0.008433083964521693 0.010945066422038963
0.0 0.7278469170655922 0.47723006504828297 0.010227357148462523 0.0075359473725512775
0.0 0.629745019300118 0.5950018712704714 0.011538824996457465 0.00952410952088556
0.0 0.6780066127376825 0.5797999272275192 0.00952410952088556 0.008425173806936925
0.0 0.6147237062738621 0.5733389965791261 0.012297613941802866 0.010204403058092027
0.0 0.6759662262445947 0.5330623986125392 0.01026478414127574 0.009660973309435406
0.0 0.6827087805334717 0.48757531594727865 0.006038108318397484 0.010063513863995866
0.0 0.6132705348719011 0.46191335559408986 0.008855892200316262 0.009459703032155885
0.0 0.6115597375150218 0.429609476090663 0.008252081368476638 0.010466054418555614
0.0 0.6027988149805694 0.43710409022168084 0.007492816580028361 0.009590805222435961
0.0 0.6078190020891886 0.4150752094763973 0.006443822258824561 0.010190230548838742
0.0 0.6571949422342865 0.36978655072365285 0.007942385574830091 0.007942385574830268
0.0 0.6536733184416732 0.36266837497262544 0.008991379896034069 0.008391954569631821
0.0 0.6677033609349223 0.3564373700118434 0.007241205126603134 0.009504081728666592
0.0 0.6972977229836995 0.30790984213233086 0.008092320829102207 0.008337542672408915
0.0 0.6223552485761832 0.303291756871608 0.006508261154055184 0.009925098259934373
0.0 0.6034936642519271 0.21627720408426293 0.008055751337889916 0.009038160037633247
0.0 0.630215180884928 0.22462767803207165 0.010020568737375335 0.009627605257477967
0.0 0.6378779687429209 0.2355324145992192 0.008841678297683942 0.0074663061180444855
0.0 0.6418076035418915 0.2514474355350508 0.002947226099227862 0.007073342638147295
0.0 0.6459337200808108 0.24840196856584845 0.005697970458507484 0.004126116538919433
0.0 0.6462284426907335 0.2524298442347934 0.003143707839176635 0.004322598278867673
0.0 0.6782549663023452 0.22708369978143034 0.005108525238662409 0.006287415678350783
0.0 0.6569440891523041 0.2252335677703087 0.011934050235661608 0.009517027403123279
0.0 0.6378345023825421 0.19539844218115476 0.006948940643549939 0.010272347038291229
0.0 0.5913013175162687 0.1465426879472133 0.0046106741392314635 0.008419491906423104
0.0 0.5946089750509349 0.15015104162139464 0.006414850976322129 0.004811138232241774
0.0 0.6042312515154183 0.15907169376034283 0.008419491906422927 0.005011602325251374
0.0 0.6418182689548064 0.1578689092022824 0.009421812371473237 0.012228309673614036
0.0 0.6193662905376786 0.10604894115917922 0.00501160232525173 0.009622276464483548
0.0 0.6703844022087414 0.09973432222936225 0.007216707348362483 0.009020884185452615
0.0 0.6541468106749256 0.10514685274063425 0.004009281860201419 0.007818099627392171
0.0 0.6566526118375516 0.10835427822879531 0.0046106741392314635 0.005412530511271996
0.0 0.5560712269801671 0.13182674924701274 0.00595882230529785 0.004841543123054492
0.0 0.5561643335786873 0.1367613989685875 0.006145035502338381 0.006517461896419263
0.0 0.6147012297503895 0.06450086110741005 0.005463074205101748 0.008676647266926806
0.0 0.6207266792413106 0.06474187908704679 0.006587824776740447 0.006587824776740803
0.0 0.6001598116456331 0.03943499122517764 0.0040169663272806135 0.005784431511284538
0.0 0.6052211892180069 0.04104177775609017 0.00642714612364923 0.008033932654561936
0.0 0.5998672834548311 0.5742335039218502 0.008534309662712047 0.0123950687958434
0.0 0.5743659533912517 0.5681375684484842 0.010363090304721646 0.007924716115375218
0.0 0.5404041725619328 0.5808497322872409 0.00927530334070834 0.009790597970747683
0.0 0.03478035838433862 0.5687141626836947 0.010390365187220696 0.009697674174739745
0.0 0.03633891316242172 0.4996182341886769 0.012122092718424137 0.006580564618572993
0.0 0.03928284996546758 0.5067183170666112 0.009004983162257918 0.007619601137295007
0.0 0.049673215152688265 0.5051597622885282 0.008312292149776551 0.010736710693461049
0.0 0.09781524052014409 0.553821305915345 0.009697674174739278 0.010390365187220852
0.0 0.09868110428574581 0.5742556907835461 0.007965946643535837 0.012468438224664879
0.0 0.1102836787448089 0.5368503761095511 0.006926910124813812 0.01246843822466417
0.0 0.1172105888696227 0.5339064393065055 0.006926910124813812 0.007273255631054099
0.0 0.1286673555684161 0.58509379887251 0.013507474743386894 0.009697674174739745
0.0 0.18581436409812985 0.5812839983038621 0.0086586376560172 0.012468438224664879
0.0 0.1695361253048175 0.5296785178739991 0.012814783730905522 0.009697674174739036
0.0 0.1234721729748058 0.49590983101553227 0.007273255631054454 0.013507474743386894
0.0 0.08901079510385719 0.45244346998232565 0.009697674174739301 0.011083056199701957
0.0 0.11342815329382579 0.46785584501003646 0.009351328668498615 0.011429401705942865
0.0 0.12381851848104646 0.44413117783254885 0.009351328668498615 0.011083056199701957
0.0 0.15654816882079162 0.43876282248581794 0.01385382024962758 0.011429401705942154
0.0 0.03931021495831825 0.42421631122370906 0.009351328668498615 0.011429401705942865
0.0 0.08191071222592303 0.4046477901211102 0.013507474743386916 0.010390365187220852
0.0 0.0375784874271148 0.38802320582155725 0.011429401705942754 0.007619601137295007
0.0 0.046756643342493076 0.38317436873418736 0.007619601137295162 0.009004983162257929
0.0 0.10754027968773405 0.3958159797119727 0.011429401705942732 0.00865863765601702
0.0 0.12676245528409233 0.39997212578686037 0.012468438224664835 0.008658637656017732
0.0 0.1111769075032613 0.40378192635550825 0.01385382024962758 0.008658637656017732
0.0 0.17144102558914126 0.5056075051902713 0.011775747212183463 0.010044019680980653
0.0 0.192914446976064 0.5059538506965119 0.009697674174739301 0.007965946643535915
0.0 0.1866802278637316 0.5085514419933169 0.0048488370873696505 0.010390365187220852
0.0 0.20174625738520158 0.4638728716882682 0.007965946643535848 0.009697674174739745
0.0 0.21613643982746716 0.5969938321511357 0.010606284750281515 0.010062372711805522
0.0 0.2238871863757498 0.5665347579964812 0.00924650465409158 0.010606284750281959
0.0 0.23925270146269612 0.5662628019772438 0.012238020865709399 0.011150196788757682
0.0 0.2582896228093552 0.5940023159395178 0.010062372711805522 0.008974548634853363
0.0 0.27270329182896846 0.5862515693912357 0.00897454863485354 0.01250997688494664
0.0 0.2317065283907648 0.5344468169893399 0.008158680577139598 0.011150196788757682
0.0 0.21130982694791575 0.5122824014214438 0.007614768538663608 0.011966064846471624
0.0 0.24693606546809202 0.49841264444030636 0.01359780096189942 0.0114221528079959
0.0 0.21470927718839064 0.5101067532675397 0.005167164365521781 0.0054391203847593775
0.0 0.2395932529486664 0.5260161803929624 0.012509976884947437 0.011150196788757682
0.0 0.26474918472818015 0.5215289060755353 0.005167164365521693 0.006526944461711537
0.0 0.2703242831225589 0.5235685762198201 0.009246504654091492 0.008430636596377638
0.0 0.33246623351843907 0.5028376057182058 0.00951846067332962 0.011274822867813583
0.0 0.3618417047743549 0.5952416504691318 0.014276955538578485 0.010311134555640677
0.0 0.37532549611634564 0.6075356955162409 0.01110429875222776 0.00793164196587739
0.0 0.5137177297864357 0.5848341288774158 0.01437242737400073 0.013003624766952982
0.0 0.39497410362504903 0.5482186591388902 0.01368802607047681 0.01026601955285784
0.0 0.4172171459895739 0.5526672676117951 0.012319223463429018 0.0075284143387619904
0.0 0.503451710233578 0.5487319601165332 0.012319223463429018 0.011292621508143696
0.0 0.39130644528975667 0.5062450115946241 0.01129262150814343 0.013003624766952271
0.0 0.3974660570214711 0.4858840728147896 0.009239417597571808 0.010608220204619555
0.0 0.42313110590361525 0.5059028109428617 0.009239417597571808 0.01095042085638127
0.0 0.4518759606516166 0.5136023256075049 0.009923818901095593 0.008555016294047845
0.0 0.4558112681468788 0.5026519047511236 0.00821281564228613 0.011977022811667126
0.0 0.5014950551570952 0.5115491216969339 0.010608220204619555 0.010608220204619555
0.0 0.3827975456494697 0.41548774262672516 0.013230064317881762 0.008614925602341117
0.0 0.5390124802673912 0.4518688535893361 0.007178734859083491 0.011665444146009918
0.0 0.5369934610882746 0.3652753643516501 0.008524747645161136 0.010768102288623993
0.0 0.49500249795238965 0.3594426422786494 0.013540590467018809 0.00987076043123949
0.0 0.41655197837147995 0.35934121731569457 0.012599451573177056 0.008475994694683209
0.0 0.45263222605830516 0.3320805857300929 0.016493827513977342 0.01443209907472962
0.0 0.22206383871335725 0.42671526959686473 0.01463429118688353 0.007538877278091149
0.0 0.2157444857008394 0.42017418489969993 0.010864852547837867 0.0073171455934414095
0.0 0.16995689282066562 0.37638217718137384 0.010643120863188128 0.007095413908792381
0.0 0.16640918586626957 0.3832558594055161 0.009312730755289555 0.010199657493888736
0.0 0.24556739728623106 0.39811188227704974 0.007538877278091505 0.012416974340386133
0.0 0.23848879209821452 0.4130834882045928 0.01044937894694753 0.00897763543329333
0.0 0.2903182266401715 0.37273874941785684 0.00600930978033345 0.009013964670500484
0.0 0.03231506506357987 0.349756922699887 0.011893205393746465 0.010466020746496696
0.0 0.0480140961833252 0.3419074071400143 0.009514564314997165 0.008563107883497168
0.0 0.04908448466876236 0.33132245433957974 0.011179613070121674 0.00927670020712199
0.0 0.12068158113911609 0.33822051346795307 0.011655341285871534 0.008800971991372109
0.0 0.09597816752753394 0.2718715969217552 0.010228156638621954 0.01117961307012152
0.0 0.012131069501621388 0.3176604376876796 0.0057087385889982994 0.012844661825246106
0.0 0.009990292530747026 0.2667575186024447 0.006184466804748159 0.009990292530746814
0.0 0.021764565870556023 0.22132547399833413 0.00832524377562252 0.011893205393747053
0.0 0.01902912862999434 0.23191042679876722 0.007135923236247876 0.006422330912622698
0.0 0.050189326761610066 0.23964101030470247 0.005708738588998297 0.00903883609924776
0.0 0.05708738588998301 0.23381333966176676 0.007135923236247899 0.009276700207122702
0.0 0.1486797457448475 0.23447540560832075 0.007470987754327219 0.010672839649038934
0.0 0.18850903030114793 0.29522950067806625 0.008271450728005059 0.010139197666586598
0.0 0.21425725595445416 0.33365172341460686 0.004269135859615592 0.006403703789423787
0.0 0.22853217898504347 0.2832225560728993 0.005069598833293565 0.0069373457718775455
0.0 0.22973287344556031 0.32111113682698544 0.008538271719231095 0.009071913701683343
0.0 0.24067253408582512 0.3192433898884037 0.006937345771875237 0.007470987754327041
0.0 0.23546952475691868 0.31657517997614415 0.006136882798197352 0.005870061806971449
0.0 0.23640339822620965 0.3232457047567937 0.0074709877543271295 0.004802777842067485
0.0 0.21492430843251897 0.33738721729177 0.005069598833293387 0.006937345771874703
0.0 0.18824220930992203 0.2198525706567299 0.00773780874555321 0.011473302622717086
0.0 0.3138280354490429 0.3480128330920465 0.007542435629613031 0.011313653444419458
0.0 0.2937148737700747 0.30977687469192433 0.007123411427967863 0.004818778318919215
0.0 0.29560048267747796 0.3147004090612551 0.007542435629613031 0.005028290419741665
0.0 0.3373981467915838 0.3337660102361106 0.005656826722209818 0.007961459831258821
0.0 0.21184862686309222 0.4958658465438049 0.008478708033053017 0.007845968627601252
0.0 0.2179072537567984 0.5005721439965736 0.004813740193630967 0.00802290032271813
0.0 0.07175209807898508 0.5311607071034004 0.009305693156604034 0.008326146508540688
0.0 0.2935275583199705 0.2845704513514679 0.012467083529235357 0.009297486021802826
0.0 0.24240647852152 0.2583805202235624 0.0057354621563068696 0.009055992878379016
0.0 0.26851792465418006 0.24660772948166923 0.012074657171172287 0.010263458595496645
0.0 0.2789323164643161 0.25626745521860705 0.004527996439189596 0.00664106144414447
0.0 0.28361124611814537 0.2604935852285177 0.00965972573693783 0.007244794302702928
0.0 0.2970443022210745 0.2710589102532932 0.008150393590541238 0.010263458595496645
0.0 0.3042890965237778 0.2668327802433829 0.008754126449099875 0.005433595727027551
0.0 0.3085152265336881 0.27060611060937384 0.008754126449099875 0.007546660731983223
0.0 0.39426397767722865 0.2745230183245386 0.00674624808477402 0.007657903231365282
0.0 0.4310948455995086 0.27488768038317524 0.01002820661250201 0.008022565290001893
0.0 0.4175111839153014 0.25738390156862606 0.005834592938182936 0.008387227348637793
0.0 0.3977282672342747 0.2821809215559039 0.007475572202046932 0.005105268820910424
0.0 0.4484162933847394 0.24972599833726114 0.006381586026137498 0.011669185876365873
0.0 0.5438422268023285 0.2601108923939218 0.006915552916668588 0.011064884666669883
0.0 0.5520333296658849 0.17940904944063368 0.004765002714512434 0.006706300116721309
0.0 0.5485919388165147 0.1780854375754913 0.005294447460569529 0.007941671190853584
0.0 0.5474448085333914 0.18479173769221227 0.0054709290425885015 0.005470929042589034
0.0 0.5127661776666614 0.15814301880734655 0.010941858085177003 0.009706487011043662
0.0 0.47201593902659383 0.23772968868630356 0.01049219458375017 0.010888126454835145
0.0 0.4267264057188199 0.23382933380281656 0.008001501213488815 0.010949422713195388
0.0 0.43557017021793937 0.22898631991044205 0.006738106285043344 0.011791685998825584
0.0 0.45610033780518056 0.2273017933391806 0.013265646748678962 0.008001501213488638
0.0 0.4464143100204308 0.22098481869695236 0.005264145535189968 0.009264896141934287
0.0 0.44315053978861296 0.2245644376608819 0.005474711356597694 0.0054747113565973395
0.0 0.44178186194946356 0.21519425860824376 0.00484301389237487 0.006948672106451425
0.0 0.4316599338855852 0.18549288262576588 0.00884376449911919 0.009896593606156755
0.0 0.45145312109789987 0.18528231680435886 0.009264896141934464 0.007790935392081621
0.0 0.4589282077578697 0.18801967248265755 0.007790935392081444 0.004421882249559417
0.0 0.45924405648998123 0.19391551548207034 0.004632448070967321 0.0040007506067446744
0.0 0.4552433058832369 0.19128344271447517 0.004632448070967321 0.008001501213489349
0.0 0.4931451537366052 0.14664348857606307 0.011791685998825763 0.00968602778474903
0.0 0.4411353958489273 0.14243217214791173 0.01347621257008651 0.010949422713194679
0.0 0.4467751354981022 0.14987249147461199 0.011934050235661608 0.01148085845456066
0.0 0.4768038452244511 0.11266497863153191 0.0046106741392316405 0.009822740557493149
0.0 0.4807128950381475 0.11587240411969298 0.00601392279030204 0.006615315069332439
0.0 0.5088781001060624 0.10915685700385573 0.005011602325251907 0.007216707348362661
0.0 0.5046683541528508 0.11416845932910782 0.004209745953211374 0.004811138232241774
0.0 0.4151611366238548 0.09051369635391922 0.004811138232241596 0.004410210046221152
0.0 0.44493005443585004 0.08319675695905211 0.007818099627392706 0.006615315069332439
0.0 0.3887143540551853 0.19118763982784373 0.007266174890320531 0.01040830457262203
0.0 0.37064710838195575 0.1808775268077941 0.008444473521183316 0.010997453888052889
0.0 0.3158538067529137 0.203791687282952 0.0064335732697728965 0.008041966587216365
0.0 0.3102244301418624 0.2034992521343259 0.006287355695459862 0.008334401735842078
0.0 0.242621523256509 0.19855058533884035 0.015307989968398505 0.009242559980919652
0.0 0.2807470831778033 0.18800829036060343 0.009531389980323634 0.010109049979131157
0.0 0.22269225329765058 0.1832425953704419 0.009531389980323546 0.010397879978535229
0.0 0.2045991169064303 0.17789511461638413 0.010315357121562308 0.006601828557799649
0.0 0.2037738883367053 0.1842906360317528 0.00866489998211233 0.0070144428426623055
0.0 0.24818749234478918 0.16248191779013615 0.008664899982112307 0.007839671412387617
0.0 0.3595933492576621 0.12245833215847454 0.011965814261012309 0.00949012855183753
0.0 0.2981138208131508 0.12452140358278711 0.010315357121562308 0.00949012855183753
0.0 0.27224861451697885 0.14375687235894147 0.007136705882919703 0.007887938081122314
0.0 0.2830475773661337 0.14385077638371654 0.009578210527076525 0.009953826626178141
0.0 0.07781052202332255 0.17877253983176972 0.012584969404300761 0.009588548117562823
0.0 0.09459048122905686 0.15929580146797093 0.010587355213141914 0.004594512639665283
0.0 0.09209346349010833 0.16269174559294122 0.00958854811756249 0.006192603992592183
0.0 0.12135851139058543 0.14011870523284636 0.012185446566068991 0.010187832374909788
0.0 0.040384349621077856 0.11794185538084676 0.007928977261383686 0.005860548410588251
0.0 0.04831332688246153 0.09975691840093433 0.010342144253978714 0.011203989608477372
0.0 0.07511671740735636 0.08838055972155771 0.008446084474082616 0.008446084474081772
0.0 0.08933716575657707 0.08863911332790728 0.006205286552387235 0.008963191686780902
0.0 0.11872609234496659 0.08114105874377273 0.010169775183079066 0.007411870048684222
0.0 0.027677976642973345 0.11141721072915978 0.007565894254142303 0.008093747341640523
0.0 0.1740124903259584 0.08554701096743748 0.010776445392329404 0.009159978583480211
0.0 0.23545202598141524 0.10674116260566677 0.007485989522864589 0.009544636641652459
0.0 0.24733603434896273 0.11375927778335182 0.007673139260936157 0.005614492142148464
0.0 0.22897770453062005 0.0817275463115255 0.009918936117795596 0.010854684808153792
0.0 0.23730586787480687 0.06413547093279384 0.00823458847515104 0.010480385332010655
0.0 0.2691213233469813 0.08387976829934943 0.007485989522864589 0.007298839784792932
0.0 0.2687470238708381 0.08921353583439 0.00823458847515104 0.0041172942375759195
0.0 0.32152325000703325 0.08855851175113968 0.008983187427437488 0.009918936117796307
0.0 0.3455541118517845 0.09469804566051465 0.011876034695906057 0.00750783802614805
0.0 0.4731662342252978 0.06051521250937242 0.012758792945754216 0.016087173714211644
0.0 0.4330407549611143 0.06079257757341026 0.010539872433449027 0.01072478247614086
0.0 0.4392414367674645 0.03148607625772222 0.00996236284742764 0.012882365750984092
0.0 0.4549579229836649 0.035264903544677394 0.00979059797074786 0.008416478957310148
0.0 0.42137788959276684 0.021609595848634554 0.005840005807112724 0.006870595067191232
0.0 0.4253284817564019 0.02014959439685633 0.006183535560472286 0.006698830190511984
0.0 0.42300965592122486 0.026419012395668063 0.010134127724107244 0.0041223570403147395
0.0 0.4182002393741908 0.004878909678864574 0.010821187230826545 0.009757819357729148
0.0 0.05787763473016531 0.05589160518980805 0.010725538819392089 0.011631922381593541
0.0 0.07177551601726491 0.03043733348463107 0.006193621008381345 0.008761707767953908
0.0 0.07819573291619678 0.03474265540509158 0.007553196351684588 0.007402132424650887
0.0 0.07215317583484913 0.03587563485784458 0.003927662102875984 0.0051361735191456145
0.0 0.07668509364585986 0.029682013849462764 0.004834045665078124 0.004229789956943364
0.0 0.105009579964677 0.044486278698764536 0.009214899549055166 0.009970219184223339
0.0 0.11324256398801316 0.05045330381659561 0.004531917811010766 0.007402132424650177
0.0 0.11195852060822678 0.058233096058830466 0.004682981738044445 0.007251068497617297
0.0 0.11138778855404072 0.004438010950478066 0.01237014267940415 0.008876021900956132
0.0 0.11888479547310307 0.05118423343266123 0.006860978486995561 0.0067485034298314876
0.0 0.2745575853603009 0.04554702943777329 0.012166853651770015 0.009620302887446286
0.0 0.33991905497794883 0.04116130312143795 0.015562254670868558 0.011035053312070886
0.0 0.2490920777170614 0.0022596335618327856 0.012166853651769926 0.004519267123665571
0.0 0.2819142875683478 0.012158919416637205 0.011035053312070442 0.007922602377897192
0.0 0.2786603615917117 0.01894972145483429 0.008488502547746534 0.010186203057295984
0.0 0.37995649199481984 0.013007769671412105 0.014147504246244136 0.010752103227145681
0.0 0.3782587914852704 0.003532908943994606 0.008488502547746446 0.007065817887989212
0.0 0.44151608624606914 0.0010052523826452387 0.011763800905911736 0.0020105047652904775
