0.0 0.7654536016968893 0.9854743358247677 0.009259633636981946 0.008857040870156397
0.0 0.8008146663830444 0.9922513140663269 0.004294322846136111 0.007112472213913179
0.0 0.8110807819370894 0.991043535765851 0.006844077036029716 0.008454448103330492
0.0 0.8057190004256686 0.989246007417336 0.006137172196402219 0.00463182807275615
0.0 0.6736423473104963 0.9964206782203175 0.008855925605548976 0.007158643559364819
0.0 0.7034112691244155 0.9357080888239974 0.009551450444078213 0.00915347334224208
0.0 0.7467907732246051 0.8921295961728891 0.00795954203673226 0.010347404647751546
0.0 0.7682815367237813 0.8690469242663671 0.01193931305509821 0.008755496240405591
0.0 0.720325295952471 0.8270603400226051 0.009949427545915056 0.010745381749588745
0.0 0.8369325867905946 0.8393976301795402 0.006765610731221727 0.005969656527549461
0.0 0.8341467470777388 0.8433774011979057 0.00596965652754875 0.01472515276795434
0.0 0.8745414229141535 0.8764095006503438 0.009551450444078569 0.01472515276795434
0.0 0.8391214608506964 0.8873538709508502 0.011143358851424524 0.010347404647752256
0.0 0.8464840372346736 0.8982982412513565 0.008357519138568392 0.008357519138568392
0.0 0.7330077962745853 0.7660398957270234 0.009551450444078213 0.011939313055097855
0.0 0.7550955254265169 0.8100163654799676 0.007561564934895415 0.00915347334224208
0.0 0.7614631590559023 0.8116082738873143 0.00756156493489577 0.008357519138568392
0.0 0.8048250014503889 0.7442849126146598 0.01130349164979716 0.012951917515392352
0.0 0.8148333013486464 0.7312152503945821 0.00918408696545967 0.008006639918606239
0.0 0.8148333013486468 0.7367492515147953 0.00730017169049404 0.005887235234269284
0.0 0.633644543000307 0.6913364763202393 0.009615322219988797 0.012499918885985294
0.0 0.7377175897954116 0.6543216954866515 0.008760008710669353 0.010477657477466807
0.0 0.743908594036251 0.6273661252090165 0.005668240930432944 0.0054964760537533405
0.0 0.7451968306113494 0.6334637783311485 0.0072141248205511484 0.0046376516703542595
0.0 0.7463133023097678 0.6294273037291738 0.0046376516703542595 0.00652706531383167
0.0 0.8184153683001384 0.6196462340555332 0.011022667189461544 0.011887190106281764
0.0 0.8467284938260093 0.597384768947405 0.004971006771718578 0.008861359897409927
0.0 0.8521317620561373 0.5977089650412118 0.005835529688538799 0.006051660417743321
0.0 0.8215492638736126 0.6172687960342766 0.006051660417743676 0.005835529688538443
0.0 0.5668979702006244 0.6234502428507118 0.011780046929312605 0.008835035196984364
0.0 0.8528444725364899 0.5557241839915259 0.008660308802282657 0.004053761567026015
0.0 0.8546870914305931 0.5602386002820774 0.006449166129359441 0.006817689908179858
0.0 0.6306297928439412 0.5058674532321252 0.009085423950925531 0.013303656499569527
0.0 0.7272108755544862 0.5084121555387803 0.012927106797493693 0.010464800740828294
0.0 0.6537398773277046 0.4460117684201901 0.006710079562996185 0.006710079562996185
0.0 0.6547609763916388 0.45272184798318627 0.007585307332082536 0.008460535101168887
0.0 0.6674652261682809 0.38184923085640265 0.009919248049646612 0.011669703587819314
0.0 0.6664441271043465 0.3284603369421292 0.009044020280559905 0.009919248049646612
0.0 0.6630890873228488 0.29403471135806214 0.008168792511473556 0.010502733229037275
0.0 0.8403068032630451 0.405540395588203 0.006002966245576858 0.006583898462891114
0.0 0.8461161254361844 0.4069927261314863 0.00561567810070116 0.006002966245577568
0.0 0.7953366907802898 0.26581697469863597 0.00948855954946115 0.010069491766774874
0.0 0.7949974085466972 0.2073768679980647 0.011529249145990583 0.011529249145990761
0.0 0.7996759444320269 0.19852106792940508 0.009189981203325991 0.006182350991328178
0.0 0.7786489816269582 0.05579009107501136 0.009040710155306542 0.012614944402753635
0.0 0.8070387923741112 0.0015757301543209757 0.010302204595581798 0.0031514603086419514
0.0 0.8179717441898312 0.00041936025073532337 0.0044152305409639325 0.0008387205014706467
0.0 0.8137667627222467 0.0003142357140457186 0.0044152305409639325 0.0006284714280914372
0.0 0.5641029685283291 0.07130964572316074 0.007053099184807366 0.00923620131343803
0.0 0.5503326320246572 0.06056206601297802 0.004702066123204673 0.005877582654006374
0.0 0.5462183241668532 0.061653617077293534 0.0055417207880630315 0.006045513586978047
0.0 0.5480655644295409 0.06526413213618287 0.00755689198372238 0.004534135190233357
0.0 0.4920351376557216 0.09547464166574215 0.009554067053094428 0.011305646012828064
0.0 0.4767418271951728 0.1401201980244826 0.004458564624777494 0.006369378035396167
0.0 0.48112077459450797 0.14051828415169468 0.007484019191590719 0.007484019191590363
0.0 0.5767163738685521 0.19252948737722164 0.011129349463643124 0.010717151335360242
0.0 0.5526774803787511 0.2723161359471808 0.010018188424077933 0.014025463793709036
0.0 0.4279499876125808 0.4231065473880614 0.007596734878963218 0.006135824325315298
0.0 0.4282421697233113 0.42836582538118756 0.0070123706575017765 0.007304552768231077
0.0 0.42385943806237253 0.42559009532925957 0.0046749137716677325 0.00993419176479442
0.0 0.4702617263954094 0.45980536518077936 0.010810738096981964 0.013272584526066921
0.0 0.37624974415651896 0.022656288754200737 0.008824079100948979 0.012605827287070426
0.0 0.38053828104072396 0.1510848693912811 0.011066295796823411 0.007978027202361205
0.0 0.40846137624898765 0.12573533134506948 0.009264805783386976 0.009264805783386976
0.0 0.40249806253675635 0.5532414413690001 0.004612134426742287 0.00922426885348493
0.0 0.40659773758274953 0.5569994768278272 0.008370169885569467 0.010249187614983057
0.0 0.40624055161632916 0.631779216455247 0.0068981363093129746 0.009005900181603365
0.0 0.47166649373443514 0.6510495917495647 0.004822157861332954 0.008266556333713737
0.0 0.46632767610224557 0.6563884093817546 0.007922116486475516 0.0113665149588563
0.0 0.5016327604441472 0.6737826216672771 0.005511037555809039 0.008266556333713381
0.0 0.4950884033466242 0.6775714599868958 0.008266556333713737 0.013088714195046692
0.0 0.43705028908700944 0.6792936592230863 0.008610996180951602 0.012399834500570606
0.0 0.3996839879301966 0.7408516566195044 0.008266556333713737 0.012744274347808471
0.0 0.42035037876448095 0.7386127976124571 0.008955436028190178 0.010333195417141994
0.0 0.5250323855211046 0.8296707817253864 0.006172790333990363 0.006172790333990719
0.0 0.5218316794219986 0.8344718408740459 0.00663003406243412 0.008001765247765035
0.0 0.5004011636939509 0.8667677011094874 0.007315899655100466 0.011202471346871334
0.0 0.44531640554043006 0.9167640415484243 0.005918160548369755 0.00650997660320698
0.0 0.4479795777871967 0.9208081179231435 0.005720888530090918 0.0063127045849277865
0.0 0.22169664052231752 0.9912809600217496 0.01048958170647083 0.008704120990475416
0.0 0.2395845018881028 0.8981963235007676 0.006695477684981554 0.005356382147985528
0.0 0.2399192757723519 0.9019904275222572 0.004686834379486982 0.004017286610988435
0.0 0.23601358045611268 0.9017672449327577 0.0053563821479851725 0.005356382147985528
0.0 0.23712949340360973 0.9054497576594975 0.004017286610988791 0.005133199558486012
0.0 0.2843138401547135 0.9852036760916775 0.010976980532602454 0.009628930291756177
0.0 0.2852767331838891 0.9676790229606809 0.007895722839240449 0.01039924471509721
0.0 0.28132887176426885 0.950058080526766 0.01001408750342705 0.00828088005091061
0.0 0.3250065866718117 0.7930153569360282 0.009860804930307766 0.009412586524384637
0.0 0.2864936883172719 0.6810642649480629 0.007834294570955792 0.010214333427954969
0.0 0.23582912543017046 0.63577143854009 0.010329497641514251 0.008883367971701972
0.0 0.24338255676934448 0.5853922236798785 0.007643828254720475 0.005784518679248052
0.0 0.24865060056651683 0.583429619127991 0.004958158867927054 0.007643828254720475
0.0 0.20950180450517825 0.5300261163213627 0.0076438282547208304 0.004131799056606056
0.0 0.21466655332593518 0.533228260590232 0.004338389009435772 0.007643828254720475
0.0 0.21032816431649923 0.5352941601185348 0.00557792872641798 0.0055779287264172694
0.0 0.2483521892698226 0.5054187993657546 0.005095037967535276 0.010008110293373562
0.0 0.2534472272373581 0.5088761465580109 0.005095037967535632 0.011099904143559058
0.0 0.2619086295763008 0.5066015760367895 0.004913072325837575 0.011281869785257114
0.0 0.23777076568517366 0.44144772065306803 0.010001762824623128 0.00814429258576439
0.0 0.29789898789280933 0.44087535010961465 0.005128844930522547 0.006250779759074732
0.0 0.29789898789280933 0.44792751188908325 0.005128844930522547 0.007532990991705546
0.0 0.2742090219687391 0.4039189730883292 0.008809611336645418 0.00616672793565165
0.0 0.2485887932117304 0.35682850145044276 0.009176205767255396 0.01157613650638396
0.0 0.2597811799198091 0.34568458314096323 0.004235171892579359 0.008329171388739454
0.0 0.2642281104070177 0.3473080656997851 0.006352757838869394 0.0064939302352886585
0.0 0.2371935964927184 0.33446137762562744 0.00790565419948166 0.005929240649611245
0.0 0.24121700979066904 0.3367201359683364 0.005505723460353096 0.006493930235288303
0.0 0.25999293851443817 0.3269086544171939 0.005505723460353096 0.0060704130460305095
0.0 0.2488494487829403 0.2940591978805857 0.007771191824371471 0.012752725045122659
0.0 0.17134460722641887 0.254437326932009 0.008729137440870716 0.0109775516301859
0.0 0.2424543957949979 0.16574884198619877 0.011773226015648675 0.0081900702717558
0.0 0.27942566784776784 0.10372306654901439 0.0074222511837785275 0.012796984799617661
0.0 0.24768914554471558 0.06853135835006512 0.011005406927671402 0.011005406927671402
0.0 0.25831064292839834 0.02796491653527653 0.010749467231679332 0.006654432095801255
0.0 0.3055315168389884 0.0020812624039935556 0.005886613007824337 0.004162524807987111
0.0 0.31180203939080114 0.0008015639240317896 0.004606914527862216 0.0016031278480635792
0.0 0.07354601055645471 0.9508436425656477 0.00766957261477792 0.00932379415914184
0.0 0.15951678255542684 0.8896257633756945 0.0053202564925936 0.005450018846071459
0.0 0.16321500962954688 0.8857328927713575 0.004930969432159671 0.004152395311292878
0.0 0.06805021515104262 0.8047445525606214 0.00849900904815577 0.009657964827449383
0.0 0.05608993630323713 0.6956733896995898 0.006038120993565243 0.00885591079056205
0.0 0.050957533458706725 0.6958746603993751 0.005836850293779605 0.008855910790562405
0.0 0.08327646600868768 0.6471363314577792 0.008252098691205845 0.008453369390991127
0.0 0.09712300415382255 0.5615785142396461 0.00973323180199479 0.011260013261131263
0.0 0.12221947438837741 0.5597654612569217 0.006107125836545535 0.00610712583654589
0.0 0.12575015651263044 0.5563302029738649 0.006679668883721845 0.005343735106977476
0.0 0.16952482128329613 0.5255800601897885 0.012034134731135992 0.007853856350846655
0.0 0.09813851009171089 0.44932549377653463 0.009993576106827362 0.014521915280233699
0.0 0.08603972403066766 0.40632273803309643 0.008057306051023972 0.014538182657281951
0.0 0.08135706430946676 0.23039617027536358 0.0086365781275628 0.013170781644533136
0.0 0.10835210456640443 0.172370739936963 0.01036389375307536 0.007988834767995456
0.0 0.07531719322847721 0.14106314422454816 0.00993206484669713 0.008420663674373685
0.0 0.08168666959755466 0.1474326205936256 0.005397861329726794 0.006045604689293782
0.0 0.07812408111993499 0.14969972235211076 0.006909262502050239 0.00669334804886077
0.0 0.052768011030327425 0.008259812130063438 0.010658367615894804 0.008568491612778218
0.0 0.003544563449331584 0.915718639689819 0.005478498545690158 0.006518719788542881
0.0 0.00340888824715897 0.7236782428717421 0.005391086748340612 0.00786807255163211
0.0 0.009164237613630633 0.7222211923992177 0.005828201890097873 0.006411022079107908
0.0 0.0209663464410788 0.7244796206316305 0.005245381701088192 0.009470828071409088
0.0 0.01593952231086959 0.7255724084860237 0.003934036275816055 0.006702432173612749
0.0 0.0032149036092098625 0.694651306993906 0.0037755276432026364 0.005262856714767139
0.0 0.0010067996795499745 0.6985412445656907 0.002013599359099949 0.005034036857603752
0.0 0.007898009491670344 0.5628870844395552 0.009877763175419574 0.007493475512387704
0.0 0.028760526543203647 0.5655268314950554 0.007663781774032685 0.010388681960355228
0.0 0.012190561785810594 0.533242569289205 0.00987776317541993 0.009366844390484274
0.0 0.014660002579665665 0.5225132748055593 0.009366844390484274 0.009707456913774948
0.0 0.028496881250454287 0.4070820123259164 0.00896299354176051 0.00842788944971531
0.0 0.01695921103090665 0.33711765609909 0.008822882440625079 0.009630611114766907
0.0 0.04180202108376481 0.17708820330878705 0.009397769516728615 0.008208178438661663
0.0 0.016219486509790215 0.155288452872532 0.009809903568838152 0.007329238298557072
0.0 0.027326101469911813 0.1432797778141266 0.008569570933697434 0.0087950859582687
0.0 0.003297799180659666 0.10436481721637332 0.006595598361319332 0.008606918682901466
