0.0 0.02270632834794526 0.9414556198600892 0.007208305883545307 0.0074675974620905805
0.0 0.015007639872088774 0.8718541373074062 0.005626210686416755 0.006453594610889369
0.0 0.24264506630525523 0.9883772220096627 0.006068058110223973 0.006674863921246654
0.0 0.23982205501045756 0.964313932719457 0.005538049115612153 0.006998080246091476
0.0 0.9075229507433292 0.993079605655509 0.008160184429208784 0.006649039164540227
0.0 0.9511852437801348 0.9595864561439559 0.007955437678540988 0.00731040219109147
0.0 0.7902668258600205 0.9676568003347359 0.005641183552947382 0.008461775329420718
0.0 0.7861502865105734 0.960452856473202 0.006860898915746816 0.004878861451197381
0.0 0.8792222972095359 0.9714162128485961 0.0051307498379514985 0.008123687243423206
0.0 0.9068548493653523 0.9609293832497865 0.00864356949655587 0.006851609966782135
0.0 0.8939949045046227 0.9476478008526394 0.007167838119094938 0.005586697357530213
0.0 0.9440398251082097 0.9294948867227619 0.006564155890161061 0.008708880091896987
0.0 0.9331862208145771 0.92458801771576 0.009553771444095815 0.007734005454744164
0.0 0.864813674423527 0.9140895900911629 0.00880371158613542 0.00716873657728172
0.0 0.8885836957060921 0.9157874487542033 0.007294503885654535 0.008552176969388725
0.0 0.9346611371393496 0.8967567174329272 0.006146183899076618 0.007430461131719568
0.0 0.91140654581971 0.8888217188169556 0.008072599748040688 0.007889131571948838
0.0 0.588798927794377 0.9672736625238774 0.006732513777080129 0.0096596936801582
0.0 0.5373421302376965 0.9442185029541799 0.007177621567059589 0.007460948734179951
0.0 0.1618672502708634 0.9532809349852587 0.0072503547848690175 0.006401214134389122
0.0 0.11912011287569299 0.9273105804787161 0.005450361218487387 0.008051669981856335
0.0 0.09199485465049087 0.8961285237860211 0.006453681895813901 0.006311842733268236
0.0 0.09433520083248936 0.8852069082700286 0.005177129432905758 0.008013912683812663
0.0 0.08188447793443032 0.8741619738387921 0.006731418221463059 0.007894117732443107
0.0 0.11591685205911162 0.8793444977167268 0.0041714659815262674 0.005069123218057569
0.0 0.11850421703499521 0.8825126997280128 0.004065859247816661 0.0032738087449956767
0.0 0.031002334869680938 0.46038872774761613 0.007319633458377694 0.0055281147797542115
0.0 0.37851699742545153 0.9511955574153912 0.007026874625955059 0.006734088183206666
0.0 0.3763923213983613 0.8969336869050724 0.004164362778126929 0.0038867385929187035
0.0 0.37774573930125294 0.8995017106182503 0.0036785204540123575 0.0038867385929183484
0.0 0.37521241861122545 0.9019656252619758 0.003470302315106011 0.003956144639220583
0.0 0.272112460714612 0.8894114663147601 0.006002612931018803 0.007015101859142803
0.0 0.23334952585242022 0.902694381753952 0.004188736681887661 0.005016742770167326
0.0 0.1254143093796209 0.8150952209258249 0.005253152104597802 0.007879728156897414
0.0 0.15741476095013204 0.8221869762670325 0.007091755341208028 0.008405043367357123
0.0 0.03674974048383213 0.7404829191477778 0.006258320245488136 0.006130599424152195
0.0 0.2572329754516023 0.8623878190755194 0.007471740918473557 0.005538493268239719
0.0 0.2155806820786374 0.8585839354322994 0.006526636225266458 0.0058447488584473465
0.0 0.20599315159034504 0.8236124265870373 0.004983246693015531 0.008885789283930735
0.0 0.21277042818293274 0.7910515861539725 0.005484059889415249 0.010198427162773171
0.0 0.34425342366454786 0.8376671433874596 0.005994779802411898 0.0064792064531115304
0.0 0.6094091262667216 0.9401850095124449 0.005614180039695072 0.006851202760305597
0.0 0.6162127512300802 0.9356175410055746 0.004757779694656961 0.006089958009160767
0.0 0.77728962936452 0.9377286100283303 0.008781989532104717 0.007365539607571847
0.0 0.7686583863003271 0.9167972136539912 0.006090734675492371 0.008357054554744892
0.0 0.7379922454341876 0.9148141837596452 0.006232379667945054 0.006374024660398448
0.0 0.8002452196174132 0.9024910694162076 0.00892363452455811 0.006090734675492015
0.0 0.980964155287636 0.8411272072577761 0.005871816022145993 0.009089249458938298
0.0 0.9571551478553729 0.8381108634107832 0.005550072678466478 0.005952251858065694
0.0 0.9670694854627498 0.8152171970472659 0.006354431037664909 0.004343535139669541
0.0 0.954382400724542 0.7873881695578175 0.008467537648858325 0.005274859518960895
0.0 0.9598471476996547 0.751628303332144 0.006277431354367024 0.004353702390931779
0.0 0.9587169998072878 0.7405079677754082 0.009167095779949364 0.006489979313238514
0.0 0.9634660360328045 0.6872993307297249 0.008200056862582983 0.0073000506215676
0.0 0.9587711457727263 0.6484576945125142 0.008695182086690068 0.0073012979353881844
0.0 0.943333222330135 0.6298517381170164 0.005435272517289036 0.007892313518254567
0.0 0.9544584171965702 0.6118975848598727 0.005762867480782319 0.005595827843657908
0.0 0.9476933118930436 0.6043808011892875 0.006431026029278542 0.005428788206533674
0.0 0.962058720685717 0.5964464184258922 0.00659806566640313 0.006598065666402597
0.0 0.9592946987108586 0.5856469957131509 0.006213734537549698 0.007493032824691781
0.0 0.9315325301041877 0.5897925242751998 0.009531095072968298 0.006007478106598185
0.0 0.9719506178247539 0.5662428646508574 0.006337216585980343 0.006835649351170226
0.0 0.9285098075698006 0.5703838945636954 0.0058368680406580605 0.004055087270351443
0.0 0.9368700657300455 0.5618705055072304 0.008058377042652864 0.005089501290096265
0.0 0.9481423963614425 0.5333053617002064 0.0057307990584462235 0.009450791429718918
0.0 0.938639124415458 0.5371486125533453 0.008620889569725421 0.008928778482929722
0.0 0.9561649255862605 0.5267044034162265 0.006721461187214573 0.006575342465753487
0.0 0.9781502324060188 0.5337522999950639 0.006993356322920618 0.0054089240310089435
0.0 0.9730904754676395 0.5187694570637913 0.005260273972601937 0.00516286149162859
0.0 0.9333038596882861 0.5157121441595272 0.009294038338904898 0.008418512988138182
0.0 0.9501745597165151 0.5199214006535963 0.0069368547022257586 0.0070042028061310544
0.0 0.9364075960557219 0.5013799349453658 0.008767123287671551 0.007013698630137099
0.0 0.9667641553234215 0.47315157742999103 0.007745046065047489 0.0059438725615480695
0.0 0.9417836523173232 0.4723169622149392 0.009428734546715844 0.0084858610920433
0.0 0.9489534154987933 0.4829668178184474 0.006799217923848744 0.007403592850413076
0.0 0.9522319461950556 0.4112056667169589 0.008430840322118627 0.007549183817845062
0.0 0.9575494369864568 0.4139332915270562 0.004298075458334693 0.004518489584403618
0.0 0.9421446031886038 0.39779642685156863 0.007016420043322568 0.0075389194082506
0.0 0.9524826263375413 0.40067017335867394 0.006195349612720946 0.0046278515179359655
0.0 0.9651345752454464 0.38921250871346147 0.005822135780628912 0.0072403483425772745
0.0 0.9723250467473818 0.38077987829504684 0.006696622532564334 0.00533552039179872
0.0 0.9351483341554843 0.37251370970647363 0.010120494565448012 0.004798510354307339
0.0 0.9414219521053319 0.35164356332791635 0.00671791449602992 0.008986301208975344
0.0 0.9333752100382118 0.36667597287110426 0.01042366932690868 0.008603663571416753
0.0 0.9733240010255877 0.2896130362366074 0.005608703166554108 0.008158113696805813
0.0 0.9732730128149825 0.32040991544204944 0.006118585272604093 0.00856601938164614
0.0 0.9397274179221924 0.31191165150204425 0.00544499891776411 0.008087424863149905
0.0 0.9518985919736658 0.30330374880116684 0.005124704863777652 0.007046469187694982
0.0 0.9376054698145339 0.3029834547471807 0.006325807566226161 0.0057652929717504795
0.0 0.9369093379070413 0.28801903098162335 0.0076002748202178335 0.006978434153109081
0.0 0.9362307570188427 0.2733287380908743 0.006246873785760698 0.007858970246602138
0.0 0.9255002399513664 0.2529760202727508 0.005340069526537405 0.006851409958576226
0.0 0.2641849365905866 0.7729517223526226 0.00688489468945761 0.008243755483429992
0.0 0.08474360895401212 0.7007123950931311 0.005756095687127783 0.008314360436962787
0.0 0.0751659085296577 0.6625503304132779 0.006731545846693621 0.00679219040387089
0.0 0.07491170240452227 0.6386478316353903 0.006488967617983832 0.006064455717741879
0.0 0.041159351766767924 0.6163105897839614 0.005117857267555337 0.007360513823001113
0.0 0.0571526482994912 0.6011550647829021 0.007591669970231862 0.006351201020847341
0.0 0.07626607651399801 0.5970617785964032 0.006599590973467429 0.0069176435505024616
0.0 0.07435776105179066 0.602945751271543 0.007394722416054123 0.006599590973467606
0.0 0.028129013805281745 0.5829449767031286 0.007939117199391176 0.006721461187214573
0.0 0.030457691511209008 0.5719502250332064 0.004286149162862074 0.0036529680365296356
0.0 0.026853429715166043 0.5692470286861743 0.0037990867579907215 0.0037990867579908993
0.0 0.003063369639781932 0.543576209768258 0.006126739279563864 0.0072572298325722425
0.0 0.0484847413521603 0.5495703911237965 0.0061738223788282195 0.007812890267013017
0.0 0.07332154544907646 0.548489595242686 0.006435111328133303 0.006373824553579333
0.0 0.01882911595061394 0.5389049481841727 0.007157980096880579 0.007789566576017393
0.0 0.02105591047166655 0.5024801744736254 0.006920380724285025 0.007186549213680315
0.0 0.05014433025833291 0.5172950333173213 0.007703119454799179 0.006112257828264767
0.0 0.03519860392483629 0.5150343352164563 0.005107503116769152 0.007451930776925408
0.0 0.05703654647868639 0.505341203589352 0.005707601227777559 0.008019540965610972
0.0 0.04831518608243286 0.4823398338541251 0.003241735680587965 0.004800262450101478
0.0 0.04953083696265352 0.4865790266672018 0.0043015338838571894 0.0035534410344906673
0.0 0.062271262071670816 0.4484529340178708 0.006857069961609596 0.008334886763680948
0.0 0.004238719562939508 0.4120495867679742 0.005238950675275333 0.007668608959460599
0.0 0.010388792094784449 0.413074598856615 0.004783389746990707 0.0053148774966558674
0.0 0.021767779915548503 0.38412603710050247 0.006537298098359656 0.009002180987905284
0.0 0.015995861647260766 0.2551329587662396 0.005064987289275536 0.005478455639420865
0.0 0.020388962867551187 0.25730366760450074 0.003721215151304591 0.005064987289275802
0.0 0.03604907662929193 0.26304054096276214 0.007959265740290534 0.0066154936023195
0.0 0.029238465932361634 0.3252987402558393 0.007465337839787622 0.0047716592378025165
0.0 0.03874330328508151 0.31494731819963867 0.0063109041532229074 0.007619262331329768
0.0 0.051488623264456024 0.3168304441739379 0.006232207956666258 0.006589793659097953
0.0 0.06580723901133893 0.3310747343149701 0.007346089405024969 0.00897070533113622
0.0 0.05233757898333202 0.25753712501472925 0.006491669435823866 0.007573614341794421
0.0 0.0637100794453179 0.2339967993360704 0.005894908954907407 0.010287194058564176
0.0 0.05577163354279548 0.19059517825683325 0.007617247452067488 0.007452846427921633
0.0 0.05025330556875822 0.2085567560907776 0.0049546089653190965 0.00863060916539471
0.0 0.04046395720986169 0.202523320979784 0.003116608865281023 0.005194348108802394
0.0 0.0672348282321508 0.2003257121645215 0.00631313077839053 0.008790435261050233
0.0 0.0757792245633496 0.19639746012514042 0.00576476745880683 0.00832688632938794
0.0 0.21421412908746618 0.7033736785959657 0.003658752969030843 0.006552990392294511
0.0 0.26742171366626516 0.6961534731152758 0.006184191812106832 0.00831430232516528
0.0 0.3030177296331118 0.7196055134224546 0.005706456806554172 0.007867993475703194
0.0 0.28771831041168416 0.7531627045692899 0.006821066111950813 0.0082065951659402
0.0 0.4398775305273112 0.887927032298016 0.006688391845622732 0.007481929861204861
0.0 0.4132626268191906 0.847838688362889 0.007368567287549865 0.0061215789773495285
0.0 0.5840014815522462 0.9065595970990186 0.0076319300212489335 0.008491865798290732
0.0 0.6153303506311929 0.8930424730970279 0.006829000858899548 0.008255956262251018
0.0 0.6026916027729318 0.8835634122033325 0.00580974699936192 0.008052105490343565
0.0 0.6498243920697441 0.8710881524742632 0.006572000852931126 0.007151883281131077
0.0 0.7664405453693799 0.8801048423157207 0.0076979363931087615 0.0072397258935190225
0.0 0.8506331134655749 0.8534817579156065 0.009549045740919837 0.009938802709936922
0.0 0.8805191356753607 0.8429120011829404 0.007369096434622691 0.008256117301752752
0.0 0.9081607458612897 0.8282882778673695 0.007359498540643728 0.006947366622368278
0.0 0.9354535966436824 0.7983958119935585 0.007567080761614164 0.005778498036141588
0.0 0.9271298078059071 0.789728064939346 0.006328831182440808 0.0077046640481887255
0.0 0.9407254748938485 0.7633944413572306 0.010697587951681697 0.006783836262041909
0.0 0.930875866474922 0.7581761057710444 0.007175211431005124 0.007044753041351192
0.0 0.9420952879852219 0.7476089762090176 0.008479795327552608 0.006783836262041909
0.0 0.9470254498539671 0.6995473478719096 0.006807295306921901 0.007612459267956062
0.0 0.9239447975092976 0.715924685009879 0.007299354934687585 0.007184404463275307
0.0 0.897161558591501 0.7300348426730239 0.010683948566224899 0.007091931375856397
0.0 0.8985451568429973 0.7042727148309041 0.007336001631134792 0.00864600192240914
0.0 0.8771484854188533 0.7042727148309041 0.010829335741199486 0.007598001689389733
0.0 0.8778656107035381 0.6792346469676974 0.006860058164919991 0.0069580589958459175
0.0 0.8797276264911599 0.6726195908800963 0.00852607229068525 0.0033320282515319375
0.0 0.880499521267987 0.600227259495 0.007294015196164594 0.007877536411857377
0.0 0.8771925473468614 0.5798670397401552 0.006136475513409323 0.009654721474429983
0.0 0.8948246869887229 0.5664486132841676 0.008836524739308516 0.006218295186921097
0.0 0.8871718820099431 0.5572526652499772 0.00655310357686858 0.007259810825354052
0.0 0.8759127163645963 0.5513700506091753 0.006033470014393316 0.0053120768604985715
0.0 0.8865123060660818 0.5164888675017403 0.012240255545760447 0.00675842330747507
0.0 0.890802848506507 0.5030247439577623 0.007227385943608056 0.008760467810433426
0.0 0.9102368359042703 0.4805086180822224 0.007181226578300226 0.00859857392928145
0.0 0.9266294727205164 0.44098734478737694 0.005268278159117301 0.00827872282147002
0.0 0.9146057838660582 0.4179238964992389 0.005942161339421404 0.008231354642313527
0.0 0.9171385083713854 0.40584474885844746 0.006818873668188985 0.006770167427701601
0.0 0.8905933148026278 0.3703011194567325 0.008641435212064152 0.006618971651793792
0.0 0.9030088332973737 0.34326696840659915 0.006381156677770861 0.007882605307834734
0.0 0.8940608676822634 0.30944119453638735 0.008210624228775743 0.007579037749638573
0.0 0.8781264736176873 0.3284994941771059 0.007084739766487047 0.007690273079861409
0.0 0.8951425262560335 0.2948930575077535 0.008046490219895475 0.007523990854966911
0.0 0.881359646486105 0.27368036860294637 0.007326336437988345 0.006212733299414274
0.0 0.8812543194722029 0.26316200485254787 0.006857450905957308 0.006798840214453339
0.0 0.8982094050550906 0.2687513671828927 0.007100544919822482 0.005851374980223678
0.0 0.8920621740365412 0.26585855258592817 0.004273476109152341 0.007034799133527425
0.0 0.8922824274646523 0.24347421923451829 0.006523993057183475 0.005162464071336537
0.0 0.8930766527063962 0.24812610993616216 0.005843228564260272 0.0044816995784129786
0.0 0.8892491063775761 0.22906728986982722 0.007572751220403973 0.0060454736633476
0.0 0.8734755727851162 0.2359310164888857 0.005261677405176357 0.006236062109838425
0.0 0.8554732324297593 0.2389215639546613 0.005050790851319676 0.0037572956332989627
0.0 0.8563047650699165 0.242956037134679 0.005605145944757339 0.005297170892847624
0.0 0.8425640130664253 0.2542089326758692 0.008173073102545203 0.007767709543256007
0.0 0.8198201489601544 0.23856395151924908 0.006223956522691765 0.007206686499957815
0.0 0.8444866713895554 0.23633643023744394 0.007468747827229549 0.006420502518144211
0.0 0.8380087291739248 0.29222357801171595 0.009448839951437549 0.008156690898249063
0.0 0.8549002732890709 0.37641169577737277 0.009307063981081143 0.007009750719928131
0.0 0.9011561302118224 0.45583879375058284 0.007671992949602924 0.00963917062898858
0.0 0.904758159719453 0.4386806225029455 0.006983480761818583 0.007671992949603102
0.0 0.8955124246263413 0.43346760165257414 0.008950658441203529 0.006294968574033355
0.0 0.8936436058309255 0.44025436464645384 0.008163787369449694 0.004721226430524972
0.0 0.8678046187237036 0.40513595385256185 0.0066420350345907766 0.00733713172425734
0.0 0.8614328990684275 0.4071440109560428 0.00579247241388714 0.008727325103590288
0.0 0.8732298501015905 0.42001036646335804 0.006530952311414495 0.0053313896419707515
0.0 0.8657324644938807 0.4465557608079188 0.010787178031693401 0.008746360566238209
0.0 0.8606790117222769 0.4353312647479132 0.009232269486584243 0.008066088077753086
0.0 0.12292851939896536 0.5963546953216164 0.007041513948091449 0.0086591590442751
0.0 0.1106596892138203 0.6087579119313262 0.007136669541985441 0.008468847856488892
0.0 0.1061251047906957 0.5463464307351836 0.008325685571426078 0.005230238371793305
0.0 0.09486408135754906 0.5603826826921393 0.0039493636684966305 0.005123498813185278
0.0 0.12982128680167762 0.575646439573087 0.007258289985345811 0.0064043735164815985
0.0 0.1308886823877579 0.5646522650364603 0.008325685571426078 0.0064043735164815985
0.0 0.0862546636300685 0.5039069940581868 0.011411544681035224 0.0072208644309377235
0.0 0.11311218812505999 0.5062224742857921 0.004339238263387557 0.00781062887409707
0.0 0.11882551850518652 0.5072711235327774 0.007087422496865514 0.0048454827274492015
0.0 0.08592821177509044 0.45695739536071667 0.0073012267273931284 0.008576044092493618
0.0 0.08959657870898355 0.428512473405341 0.008344259117021125 0.007764796678338825
0.0 0.09150880475663392 0.40857896551468 0.004751591997192861 0.008691936580230042
0.0 0.10715429060104817 0.40185720122596874 0.007533011702865622 0.0068376567764476094
0.0 0.11144609813464612 0.3728436936055935 0.006568092883148325 0.007692361034317763
0.0 0.1005288626667106 0.3661276707025545 0.005207136700153825 0.006804780914973474
0.0 0.0826557940170634 0.30785859208143396 0.007434048806940296 0.005044533118995354
0.0 0.08995178258134331 0.2698825218662532 0.008296929472032134 0.006106540091415447
0.0 0.10742253665870649 0.2025701196984465 0.005406392694064266 0.005455098934551028
0.0 0.1212736600230965 0.2996593653207857 0.008897797107287175 0.006478220700919657
0.0 0.12589946083238565 0.23501111482493217 0.006478220700919479 0.006556271552738036
0.0 0.14180334508592446 0.23316729754228893 0.006061329351459222 0.0051288171435427184
0.0 0.13947206456613195 0.22625116533357228 0.007304678962015032 0.0060095231176863885
0.0 0.15485147228840254 0.21716750678538724 0.005439374339078285 0.009065623898464992
0.0 0.1831271049082485 0.6664928686693635 0.005123762748092275 0.00651449835114537
0.0 0.19111325268633514 0.635610161127847 0.007759595976577316 0.008391190997926045
0.0 0.19657203822799688 0.6477006943936757 0.007488912395998426 0.006225722353299901
0.0 0.21933127132300143 0.6477418394553436 0.004311987847093235 0.004791097607881411
0.0 0.22085843368551358 0.6515447731815994 0.0040125442466006685 0.0032938796054184038
0.0 0.23798404518930596 0.6635995735312155 0.00679176335130407 0.005905881175046979
0.0 0.2984705167550004 0.6888877809191065 0.007152660302408265 0.005852176611061921
0.0 0.4328092086457286 0.8034833631996042 0.008037540247860875 0.005865232072762794
0.0 0.4604497623158242 0.8255340905101933 0.006628911166248486 0.006305549645943742
0.0 0.6003336216641341 0.8580309345008368 0.0066118632116968 0.009067698118899159
0.0 0.588052274337992 0.8315523756555259 0.0051591363899063936 0.008069418456007327
0.0 0.6505559871732413 0.818956296652557 0.007032686731638193 0.006383515648717619
0.0 0.6872772159970847 0.8090939867312169 0.005745161963354661 0.007899597699612926
0.0 0.8240735419362057 0.7990299427101528 0.007974287964166393 0.007638528470937977
0.0 0.7928479090659977 0.7939515803750787 0.006631249991254151 0.005204272145034672
0.0 0.8493817094595343 0.7714466078047275 0.010792009125548674 0.006880811187430247
0.0 0.7717575476149878 0.7715018869196302 0.006015089972916598 0.007655569056438693
0.0 0.8357140280241101 0.7294703746600322 0.010917351606351388 0.007545816551448326
0.0 0.8610140839902989 0.7044211033186962 0.007520412584752734 0.00860889335359829
0.0 0.8339513543317899 0.6986867611376426 0.008905536946539172 0.006753863590328102
0.0 0.8105252988099846 0.6848018947491725 0.006235163818135448 0.008313551757514226
0.0 0.8282251186808217 0.6883552676777873 0.01025785015241638 0.005899939956945488
0.0 0.8432863577901017 0.6594463842206171 0.010453718434190051 0.006994214491940376
0.0 0.8560087980971354 0.6388304697288698 0.00930043587646665 0.008525399553427704
0.0 0.8033970544675295 0.6371440166850143 0.009370059743727666 0.007727884324723533
0.0 0.8264107801321515 0.6180375488697774 0.00743808866254696 0.007148293000369321
0.0 0.8400602707390948 0.6024529613299328 0.009954895014817566 0.00807835943721411
0.0 0.8530536828097635 0.5874108005127435 0.007666961502912528 0.006825465728202218
0.0 0.8432046574365568 0.5684890508373578 0.009991706767106479 0.00875050095752794
0.0 0.8644953999494316 0.5555854661961007 0.006211829392317725 0.008996442568184548
0.0 0.8657481921032254 0.569908571618477 0.007015083193048355 0.0033736659630690725
0.0 0.8656678667231528 0.5665349056554077 0.006854432432902513 0.0029452639360126654
0.0 0.8029657612912142 0.5748318878655981 0.008698291886297227 0.007137060009269547
0.0 0.6571331476520982 0.787084668689953 0.0065095488324175225 0.008485661870829553
0.0 0.6804977782827386 0.7768553776675831 0.00860190381426591 0.007090758549597354
0.0 0.6446371387327261 0.7722638209018602 0.00592833911523698 0.00674203271928917
0.0 0.6286538715102733 0.7772622244696091 0.006509548832416811 0.007904452153649544
0.0 0.5514258793058684 0.7935429893079886 0.007538352984318664 0.00888850575762934
0.0 0.5146479069745183 0.7542362630497983 0.0064416217597838 0.008116443417328156
0.0 0.4988659336630473 0.7389052032615118 0.005024464972631648 0.0047668001022403315
0.0 0.3885945670776742 0.7446837226258896 0.009592253953494634 0.006166448970103921
0.0 0.36887864005453463 0.690025639754636 0.006851609966782491 0.0078108353621319185
0.0 0.36027560676182946 0.692826369499345 0.007276407099062254 0.006639721477894156
0.0 0.38342378451688114 0.7158822182043885 0.007553584540904268 0.007210239789044693
0.0 0.22454666569954895 0.6218431735490916 0.009922258502925274 0.00842455910625759
0.0 0.2676991295660468 0.6180053188451298 0.004867523039170862 0.00748849698334002
0.0 0.35648864635971156 0.656288088552522 0.009854839007030592 0.006342223123336055
0.0 0.3460867722298918 0.639881526812917 0.005073778498668702 0.005464069152412776
0.0 0.4719988295853977 0.7028292921382098 0.006226970705950663 0.007472364847141044
0.0 0.4757350120089686 0.6879883452890272 0.007057233466744606 0.0058118393255540465
0.0 0.5120675608149021 0.7035247466916534 0.006441301740458272 0.007100071236641447
0.0 0.5571010241254388 0.7170233445002371 0.008210735277540949 0.006897017633134083
0.0 0.564737007933552 0.7062672812866589 0.005090655872075444 0.0073896617497863915
0.0 0.7194665562035688 0.7594383390593857 0.008733321787600801 0.00784216650315166
0.0 0.7544758099517128 0.7415917339565168 0.0050960353380148146 0.008281057424274253
0.0 0.741371719082532 0.7341751825270842 0.009828068151885815 0.008008055531166213
0.0 0.6194897068709896 0.7326138394306827 0.007751145344380461 0.004492141051857068
0.0 0.6249507410908948 0.7357407219275636 0.006870333373428394 0.0047563846431428304
0.0 0.6103976411049807 0.7164084165741127 0.005813359008285346 0.007486901753095054
0.0 0.7179456122720204 0.7287245698012876 0.010473628701362259 0.005896265046692939
0.0 0.7196524258381679 0.7218585243192834 0.005818682611868553 0.007835825917315553
0.0 0.6776445143189086 0.7063193630482087 0.007466924696382904 0.006788113360348014
0.0 0.662880367760151 0.691159243210098 0.006674978137674969 0.007466924696382904
0.0 0.7550603819414825 0.7114449838236057 0.006123006531724684 0.006873941295050123
0.0 0.7710272556290121 0.6880340828803417 0.0060627161874172945 0.006904760102336027
0.0 0.7290449525437197 0.6768595279524986 0.008088225480916122 0.0036159125679391833
0.0 0.7293779971223457 0.6808560628960102 0.0074221363236645745 0.004567468506870398
0.0 0.7009264745482987 0.6835204195250179 0.004757779694656961 0.00837369226259579
0.0 0.6138801678042818 0.6789748249005344 0.010584460974532561 0.006070499676570229
0.0 0.6286672824010548 0.6706473445749832 0.008405307244481719 0.006537461190152349
0.0 0.6273442247792381 0.6772626326840656 0.00482526897368416 0.006381807352291702
0.0 0.6750521260835644 0.6624755180872925 0.009961845623089261 0.006693115028013175
0.0 0.6350490897533465 0.6634872680333876 0.006537461190152527 0.0049809228115448075
0.0 0.6364499742940936 0.6680790562502805 0.005292230487266636 0.006070499676570052
0.0 0.5436220664663207 0.66666338886576 0.006602391271425745 0.0064189915138864965
0.0 0.5545037854136716 0.6678554872897675 0.006113325251320134 0.0034234621407394526
0.0 0.5552679510700862 0.6711261162992239 0.005563125978701322 0.00421819442341107
0.0 0.49027100691463976 0.6608837111064342 0.0062000429936603044 0.007100049234675332
0.0 0.4631974649863668 0.6300933200269674 0.008181954715171713 0.007282838812405679
0.0 0.4858551857360734 0.6438947491344276 0.008541601076278483 0.0070131040415756015
0.0 0.4130396578069465 0.6183223742769116 0.00457838660578389 0.006624048706240515
0.0 0.397112717167677 0.6145232875189207 0.004480974124810189 0.0033120243531202576
0.0 0.39840343254058475 0.6185415523591031 0.00472450532724551 0.005796042617960495
0.0 0.3439930995300884 0.6167731081182949 0.005455196416313868 0.007812380052992296
0.0 0.31349510779686407 0.600125382921349 0.006874764789669285 0.006980530401818008
0.0 0.201535169624405 0.5763207709702265 0.005746511143927791 0.008029371735351454
0.0 0.21618366597759148 0.5870637296587018 0.006705063108047682 0.005257379027900555
0.0 0.1763075240769904 0.5669700239432771 0.005719883407634541 0.00486518818580386
0.0 0.1862022649143352 0.5688437788526746 0.00539115447616112 0.004273476109152163
0.0 0.18605003048042335 0.5761303253000055 0.0061801039116971875 0.0052596629035718935
0.0 0.15467416707259432 0.5194838291524126 0.006323692724991048 0.008356308243738475
0.0 0.16931447387330004 0.5425417337136935 0.004247317943399764 0.005746371335187561
0.0 0.17657900044046748 0.5227722412785442 0.0066333088103633035 0.00791935847767924
0.0 0.2509546284128323 0.5875194419544065 0.006420171785669737 0.006821432522274229
0.0 0.19313446984323795 0.545976934772552 0.00394520547945163 0.0058447488584475234
0.0 0.19885175580262135 0.5166481734704045 0.007648983478193827 0.006064551186282685
0.0 0.2332689170377069 0.527148725297285 0.008084049665701799 0.007913259884031909
0.0 0.18408248838000887 0.4616145808864179 0.007449997461114322 0.00782249733416993
0.0 0.1932498705622475 0.4396760928359768 0.00903401401960977 0.006384942239423275
0.0 0.12191381432064965 0.4295395080288416 0.00638051750380555 0.005211567732115618
0.0 0.14613296163583875 0.37505501224073734 0.007865124298614034 0.005103324926581898
0.0 0.14638780943469243 0.3565723145761113 0.007144654897214764 0.008285398116097475
0.0 0.16508927933693088 0.3116081166439576 0.006867579908676191 0.008328767123287673
0.0 0.1575783362863504 0.27305027406196003 0.005967493238288313 0.007305996394540148
0.0 0.17313262333697246 0.20908943596850044 0.005844748858447701 0.006867579908675836
0.0 0.7533020245945934 0.647718967267381 0.006660891572519034 0.010467115328244781
0.0 0.7415978865457383 0.6385840302536401 0.0058996468213742045 0.010467115328244781
0.0 0.7824214996811921 0.6246844655278163 0.007635983808112456 0.00796441321921435
0.0 0.7745446422647128 0.6124387443517462 0.008210735277540949 0.006732802927583137
0.0 0.7832890753352931 0.612849281115623 0.004680119108198255 0.007553876455337338
0.0 0.7805474712560198 0.5833361434668486 0.010985504870141227 0.007289920282490492
0.0 0.7728581240320928 0.5612858609054255 0.006133030451010768 0.004656560157248535
0.0 0.7856068771455351 0.5620808833712971 0.006189817770001582 0.007950224658717175
0.0 0.8122237422001831 0.540059574375223 0.010259697837653192 0.007855081156953325
0.0 0.8021243521412433 0.5297197226482131 0.006252003369819903 0.004809233361399911
0.0 0.7961929643288499 0.5297998765375698 0.005290156697540027 0.008175696714379833
0.0 0.8336810110260118 0.5291461312837001 0.006708787889870393 0.009129484551163535
0.0 0.82216541119443 0.5331229900843963 0.00484139332258735 0.004080602943323086
0.0 0.8778124671913137 0.4993798244054367 0.0068831469473927594 0.010898316000038832
0.0 0.8620385887702049 0.5063585706159878 0.010133521894773168 0.00803033810529179
0.0 0.806143432054699 0.4723927907887594 0.008493072173203586 0.008004964577042273
0.0 0.7939138274570865 0.5022394783850779 0.008650948602458897 0.01029353378014033
0.0 0.7803898761608388 0.5007063988859078 0.007884408852873292 0.008979465637994722
0.0 0.796324820283181 0.42957871803007297 0.0070288179352758105 0.008466530694763996
0.0 0.7877384801917924 0.4274620853563819 0.007907420177185287 0.005670978106870272
0.0 0.8089020013919761 0.4065354492713024 0.008063678606496438 0.0073055549768257675
0.0 0.827860671842058 0.4012125536822918 0.007885669990723442 0.005875597247989939
0.0 0.829470610862926 0.3769095714771248 0.007953796924449108 0.008261685837653498
0.0 0.8210588115739711 0.3682094827831208 0.0077485376489789815 0.008159056199918524
0.0 0.8071275205342865 0.3645591866551408 0.008156497903874538 0.008156497903874982
0.0 0.8264952855504124 0.33978569097038586 0.007102604664439127 0.008542993022962086
0.0 0.7791428762668055 0.34031428022202737 0.008174196748976926 0.006622134075120823
0.0 0.7715377691649088 0.32158605729082623 0.007656842524358609 0.007242959144663441
0.0 0.8019204586377778 0.3063771718192629 0.006725604920045214 0.00786378421420606
0.0 0.7944188223808052 0.28583820910189595 0.006208250695425477 0.0087950218185199
0.0 0.7670775179242654 0.28535968534073847 0.007623341024603292 0.005288263593643805
0.0 0.7686227897535772 0.2784231317958291 0.00727994728475565 0.004738833609888538
0.0 0.8037871977248532 0.2679943988267118 0.007227842568423881 0.008659098522566832
0.0 0.7848588377313085 0.2698192501682445 0.008587535724859662 0.007728782152373803
0.0 0.8091258034128369 0.2558012204042592 0.0072278425684231705 0.009088475308809851
0.0 0.7961729370278399 0.2427410098227017 0.006655340186765812 0.006870028579887766
0.0 0.7827906938566003 0.2346186322829385 0.0040790794693087665 0.006512214591352006
0.0 0.7764216048606627 0.2447805495573559 0.00822972173632408 0.008086596140909563
0.0 0.8083386126380578 0.2249934359913249 0.006225963400522972 0.006870028579887766
0.0 0.709089360558546 0.6434104142313762 0.006241251918380186 0.0086862784431057
0.0 0.7208418999743653 0.6227807331646669 0.009245708279011921 0.005709098554799752
0.0 0.7355188303298466 0.6220481497217942 0.006062759527221573 0.007477403416905837
0.0 0.24088565085470534 0.1991784348700994 0.0056457673375575725 0.00915003671949024
0.0 0.22875049577282774 0.2001842899704689 0.008111734680399251 0.004931934685682715
0.0 0.2990430987887468 0.22156170046294177 0.0056260696320102 0.008173723804996235
0.0 0.3536007675689362 0.23087191767680754 0.007695730589226457 0.008343035031311351
0.0 0.46737844622877633 0.20794480728389764 0.0065949831688747905 0.008168785970537851
0.0 0.5543031393700222 0.2189740463882809 0.006721461187214573 0.009546423135464189
0.0 0.5681152935318963 0.22452829685810216 0.007867525863285606 0.009834407329107097
0.0 0.5974624679933548 0.21045266127233564 0.006136986301370229 0.009059360730593546
0.0 0.6182053111383503 0.2139405676686951 0.008417610229007267 0.008198020396946948
0.0 0.6280502552757554 0.21416015750075618 0.007319661068702033 0.008198020396946948
0.0 0.6798486388822405 0.21781352839628454 0.007016875010763357 0.0077795788162813295
0.0 0.7273322375021365 0.21733030951889587 0.005462940086918167 0.009670880424139393
0.0 0.8004835332077977 0.2487800500935405 0.008280060882800911 0.008572298325722993
0.0 0.7342774461563117 0.237012592474729 0.006803624963359312 0.007793243139847661
0.0 0.7372307283219417 0.2561874054384853 0.007916945411908216 0.007174731779542309
0.0 0.7355607476491169 0.2705987201336005 0.006803624963359312 0.007298434051603397
0.0 0.7597688040492979 0.2688339215079557 0.006105502752379266 0.008048162719045227
0.0 0.7666374946457246 0.2646016980091475 0.006799309883331261 0.007909401292854756
0.0 0.7553978191242994 0.24364872265439189 0.008186924145235964 0.007354355588093053
0.0 0.7215480408790643 0.28272640586301023 0.0076318784404740825 0.007631878440473905
0.0 0.730775675720728 0.31970632594276116 0.0058279798999983255 0.0077706398666642865
0.0 0.8090155255523221 0.33395294857441116 0.006769560404003982 0.006576144392460926
0.0 0.7723115872006243 0.4054601372053478 0.007685323173088676 0.00829665569822069
0.0 0.7581715490879425 0.3912091494755735 0.004017328022295885 0.005152659854684316
0.0 0.7594815473560825 0.3814714956823987 0.006113325251320134 0.004715993765304382
0.0 0.7610098786689121 0.43614209007277915 0.009169987876980912 0.008383988916096641
0.0 0.6737021894822565 0.6395048728968573 0.008362273591328063 0.00878038727089514
0.0 0.5722829664309792 0.6394553275406912 0.006814910280358788 0.00812862792476512
0.0 0.7493740428992147 0.6033490391440047 0.011571302035699204 0.007304384410035248
0.0 0.7520449946627913 0.5789044843050029 0.00775146904224897 0.009154115821322861
0.0 0.7418296648572177 0.506998178475437 0.0077013834045743575 0.008777920869730593
0.0 0.7396471540801869 0.5137982078890919 0.007452951681847253 0.006045171919720182
0.0 0.7478039956430965 0.5140466396118203 0.006542035365176701 0.007370141107604056
0.0 0.7228518463635261 0.4826537696867169 0.010397367112319245 0.009805647032756682
0.0 0.7392395723218183 0.42648080040210135 0.00809634436391633 0.007585764088714875
0.0 0.7580865668791891 0.4147308403972768 0.008339048245702686 0.008115680881978804
0.0 0.7300368519687428 0.3904161406159507 0.008480473884763029 0.008223489827648756
0.0 0.7423473928180002 0.3962431284732074 0.007638885890452229 0.00841471023870155
0.0 0.7211513261612954 0.379615741744001 0.0060918966054401835 0.008702709436343613
0.0 0.7132753741214046 0.37983330947990945 0.0061789236998038176 0.00966000747434137
0.0 0.7082024175437656 0.3949326158630807 0.005632010724936265 0.004505608579948817
0.0 0.7112061565970652 0.3966222190805616 0.0035293933876268113 0.004730889008946271
0.0 0.7092912729505869 0.3987623831560372 0.005106356390608369 0.0036044868639589557
0.0 0.7216157006425803 0.3640224418676348 0.007547468303605598 0.007252645322995743
0.0 0.7153626062715993 0.3437725061505627 0.00800525996500454 0.00890810883323807
0.0 0.6998227896884132 0.2632989581613333 0.005736996749376999 0.010273226737256013
0.0 0.6987054782240947 0.28206852218019807 0.006585062527899055 0.007782346623880621
0.0 0.6647517333302577 0.24646324216573662 0.008031180692245243 0.008109153320324757
0.0 0.6421052321141861 0.23325530532115085 0.007879702805733047 0.009153190127871368
0.0 0.6282528620985885 0.22715710319803595 0.006455802309123726 0.007760698520542153
0.0 0.6533906279400619 0.26450786243357316 0.007440595196941046 0.0088319260061251
0.0 0.6160842640797565 0.23881058396129978 0.0065537198739590964 0.008365317237492852
0.0 0.5970976678974221 0.2494672696937556 0.00725722983257171 0.009010654490106606
0.0 0.4706197150202719 0.23372814076737009 0.006818873668188985 0.008231354642313615
0.0 0.4928629569172845 0.2349154355172119 0.004675799086757593 0.0060882800608828445
0.0 0.5858725405782834 0.26610069091465854 0.0047706483327402795 0.006496201985007932
0.0 0.5676844659046083 0.25722333943326803 0.005994721336607967 0.009103095362997849
0.0 0.5599505352913294 0.25840748191951163 0.006216748052779053 0.009991202227680596
0.0 0.5935270781208001 0.26842112617768515 0.00708780382142109 0.008280800504234787
0.0 0.6791158448250467 0.3010280180037208 0.008580407050522609 0.00873784571200007
0.0 0.6395986435875258 0.2834011593810456 0.006710981843138342 0.007240796199175836
0.0 0.6830164273828278 0.2683043487202106 0.006380517503804839 0.00677016742770169
0.0 0.7335798617101886 0.2861937500237527 0.00725747565512691 0.006069888729741813
0.0 0.5704018438243093 0.2848192048907047 0.008957131970198873 0.007837490473923925
0.0 0.5250359651561076 0.2694374254899596 0.00637632797679899 0.008179733869226791
0.0 0.4940135786756176 0.2491474482649088 0.006168266946355061 0.003114669448159457
0.0 0.49657860057410197 0.2464908184414787 0.0038475328477261426 0.005740763296607554
0.0 0.4711139374568461 0.2978165953790815 0.0064058810797220644 0.007637781287361723
0.0 0.4654973609450391 0.2698140604093923 0.007175084620485705 0.0076534235951844385
0.0 0.4355102576201748 0.2691199491212427 0.008227415369678682 0.008823604889221048
0.0 0.4370007314190296 0.2568980639706324 0.0059618951954199416 0.0071542742345036105
0.0 0.42078031989672515 0.2577513054321186 0.005699903288978447 0.007629129977925242
0.0 0.41345847423127324 0.257991613561802 0.006279322913817964 0.009878447022957548
0.0 0.39184737447878426 0.2602369215312786 0.0075696821868156405 0.010512373272610898
0.0 0.3808881209396514 0.2598286638896992 0.00961121703416481 0.007167687279715817
0.0 0.3627462951146686 0.26582318848598935 0.007239045858048599 0.007941865844267149
0.0 0.34265408193327823 0.2608921324336297 0.0076638726103325895 0.007930442092431544
0.0 0.3107572535223667 0.2524341562897053 0.007064778892613077 0.010350722563595482
0.0 0.26957008314346603 0.24182832340623958 0.004944320100250366 0.005920172751616093
0.0 0.27288798215810817 0.24452818240835023 0.0050744337870995086 0.005464774847645515
0.0 0.25588908396373 0.23309989273452927 0.00501585464800911 0.00501585464800911
0.0 0.2581552833528889 0.2366351637816197 0.005197150599145317 0.00725183804531433
0.0 0.2277691648373267 0.22768685520345264 0.006866521078224963 0.008835988364227453
0.0 0.24166167678438163 0.24261969596710548 0.008328767123287405 0.005747336377473378
0.0 0.24068755197464037 0.24929245091383292 0.00725722983257242 0.00516286149162859
0.0 0.235363290718756 0.2619969186182498 0.006039573820395816 0.007208523592085214
0.0 0.2111662206663091 0.28801279639724686 0.006721461187214573 0.007744292237442885
0.0 0.19053607300018563 0.2865168604398092 0.007109730142981619 0.00795494281732223
0.0 0.18600025522445307 0.3025099333749516 0.008815829528158048 0.005893455098934552
0.0 0.18764079147640764 0.309820395738204 0.008815829528158759 0.006916286149162865
0.0 0.17877891293929124 0.3564822559009363 0.006484224612598411 0.00966629780211381
0.0 0.19173430410093212 0.3713931873880098 0.00814097959292539 0.007628610247915635
0.0 0.18785061940342124 0.3849553727997038 0.005649190174499807 0.005600066781677437
0.0 0.18901187283036833 0.42048814789316574 0.009648607740589909 0.006853838601935891
0.0 0.18695931239416802 0.49245407865458946 0.0039939117199395465 0.004724505327245154
0.0 0.20003693796494454 0.4926489036165377 0.007841704718416765 0.005503805175038146
0.0 0.26977368809839886 0.5902112637381332 0.007432271238990751 0.00501115257780409
0.0 0.2757138745810771 0.5829197552120025 0.00489854240751626 0.005180067833235569
0.0 0.2570228310502284 0.5632633181126332 0.005162861491628945 0.005406392694063911
0.0 0.2668614916286153 0.5562983257229832 0.007792998477929558 0.005990867579908609
0.0 0.25579325238400374 0.5402478818790224 0.007062404870624306 0.007598173515981621
0.0 0.3978623340384697 0.7355126835248067 0.008133578702385336 0.006527585455417828
0.0 0.30218777154604554 0.570384017014542 0.007326094690839113 0.006709160401084269
0.0 0.3173911210276298 0.578607958932483 0.0076468797564686495 0.0038964992389649566
0.0 0.3135220700152207 0.5835251141552511 0.004480974124809478 0.004334855403348392
0.0 0.3115007610350077 0.5640669710806697 0.004821917808219211 0.006818873668188808
0.0 0.30435320996907117 0.5609505814142837 0.007606914069064175 0.006562827824290807
0.0 0.4743302407879604 0.6219812426933301 0.008077703345426812 0.006508653055308145
0.0 0.477945600880836 0.6122782909886312 0.006508653055308145 0.0041841341069838835
0.0 0.4796018206315168 0.6164333686087609 0.005520732502270675 0.004242247080691897
0.0 0.4894299419188233 0.6236466948284906 0.005997247956197782 0.005475748133918934
0.0 0.49210262850799824 0.6189531964279886 0.004954248311641152 0.0073009975118919716
0.0 0.521121406653829 0.6140942917703697 0.007841704718417475 0.007013698630136922
0.0 0.5223744292237441 0.6074885844748857 0.005260273972602647 0.0049193302891934465
0.0 0.558504611401555 0.6000880794804553 0.007947076260801822 0.006600114182700345
0.0 0.5539922884399126 0.5941614463368061 0.008755253507663952 0.007677683845181882
0.0 0.6412903657666724 0.6278419698674425 0.009386996801003989 0.008604747067586871
0.0 0.6690614014135946 0.6160769066103037 0.010502237235058231 0.005590743204732363
0.0 0.6394193165248317 0.6096225794532507 0.00778684901409008 0.007200742099051638
0.0 0.6716965014872744 0.5981114689376231 0.006574578629464867 0.007730548498381928
0.0 0.6683161047362074 0.6082611998398522 0.011034369528155707 0.004987285662443242
0.0 0.7237904298349711 0.5844617937335793 0.007845046083694029 0.007095519387795868
0.0 0.7168982800833803 0.5367779800251127 0.00837692141194495 0.00843851642232707
0.0 0.7285685699843935 0.5598370493615351 0.006837046152396909 0.006405881079722775
0.0 0.7165350914383144 0.5447490068050417 0.008488125106034517 0.006539000081685664
0.0 0.7194587789748376 0.5507850068804439 0.005784500072260812 0.005155750064406028
0.0 0.2944988464337694 0.5471013700683769 0.006196501246675012 0.004516094128932657
0.0 0.29518151182535207 0.5513549005851622 0.005671374022379894 0.0044110686840737046
0.0 0.28374736469695316 0.5374028775757894 0.007290140748725094 0.007022120868257353
0.0 0.27374919772146206 0.5098336706112083 0.005953773219239622 0.003928262742591037
0.0 0.27344230219469734 0.5141915870912703 0.005462740376415809 0.004296537374709075
0.0 0.27841545067009826 0.4967410996217133 0.0036213672158261546 0.0045420537961209815
0.0 0.28093199398957047 0.5001476399688041 0.004971707533591285 0.004112400058649967
0.0 0.2887271403693997 0.5045362460015425 0.0036213672158261546 0.006015152324592599
0.0 0.28495232539019105 0.5036769385266007 0.003928262742590505 0.0050330866389449724
0.0 0.26677655439946335 0.49371048538491324 0.0050314352184287255 0.00481958531449429
0.0 0.22865715912914766 0.4514587042162277 0.0070269905403961275 0.007251256195940847
0.0 0.23280607375672205 0.4575886321344457 0.00934440231435687 0.006952235321881517
0.0 0.24035635082672258 0.4415910153722666 0.005905662262673417 0.008447339692178701
0.0 0.24702943104387848 0.46876012046803706 0.007088393996481557 0.009051333872430156
0.0 0.21684582811389178 0.4016184164002989 0.009208200138152734 0.006654100829759857
0.0 0.2204753376573972 0.3952331681293171 0.0069229533885376785 0.0069229533885382995
0.0 0.2393263801816179 0.3296936259141495 0.006677884615052676 0.009909119106207686
0.0 0.231302147861917 0.3334633994871633 0.007001008064168701 0.009909119106207776
0.0 0.23351015809753975 0.3510736274639564 0.006677884615052676 0.010232242555323267
0.0 0.15744921983058263 0.42180384760186385 0.006734088183205955 0.008124823786259939
0.0 0.29147529342446565 0.47694916982363367 0.006048760729950686 0.004252099126994579
0.0 0.29084646186343155 0.48138093511092395 0.0027548811245317493 0.0036532119260094475
0.0 0.2672302668356156 0.46505798557878475 0.00947565413954692 0.0065412580189128985
0.0 0.2695838970573735 0.4548792990353361 0.007458256806611274 0.0064801247663996975
0.0 0.25652079559909174 0.42536272691332877 0.007198149914945873 0.007962555215648237
0.0 0.26349272222859066 0.4126196112748922 0.006752246822870234 0.0066885463811445335
0.0 0.25766413181073594 0.41768379639204445 0.007580352565296522 0.007134449473220883
0.0 0.2474366780505271 0.39728830003604965 0.005260273972602647 0.005406392694063999
0.0 0.25936073059360715 0.3762070015220701 0.006818873668188985 0.007111111111111068
0.0 0.2619840651442349 0.3671030338783067 0.008501845136012775 0.006761701394723829
0.0 0.2674898582741626 0.3308270190021333 0.010247525496183841 0.009661952610687497
0.0 0.27291827595428586 0.318441854793908 0.007978430564885031 0.006807284793893409
0.0 0.25901759229833593 0.2552943949237932 0.005402663812621711 0.005345188665678879
0.0 0.27093098328148885 0.27254714680267933 0.007241868514790894 0.008621272041417516
0.0 0.2766336251011417 0.2563055498502699 0.008683089478202533 0.006688325679155937
0.0 0.2838793112535605 0.25680424080003145 0.007685707578679058 0.007099012343665478
0.0 0.2882199443680051 0.27527740426841535 0.0065709866321533635 0.00915244566621327
0.0 0.2885580342794235 0.3009160222230444 0.008278536668702685 0.006756047166412582
0.0 0.3033089456606877 0.29250491732238587 0.008952508537874593 0.007657491579565879
0.0 0.2957077591662657 0.3087489343863914 0.007263355983558739 0.008051627175572928
0.0 0.30612419991788115 0.3189401547974312 0.007939017005284654 0.007038135642983256
0.0 0.2927517421962126 0.31832079886084863 0.00653138987668882 0.00816423734586067
0.0 0.2939341489842338 0.326991781973004 0.009459254304169917 0.008276847516148322
0.0 0.33567606728103705 0.293914048128124 0.006672754946727366 0.006624048706240515
0.0 0.3577341525960673 0.2777751359205333 0.01032572298325718 0.008621004566210021
0.0 0.3662820978015464 0.2814768101975501 0.006088280060882312 0.004432267884322627
0.0 0.4072318904926657 0.2934270423114659 0.008231354642313704 0.007744292237442885
0.0 0.36580457782529086 0.28534986153009967 0.007013698630137099 0.0050654490106545325
0.0 0.365248097412481 0.2932602739726028 0.005552511415525175 0.0052602739726027355
0.0 0.3663439878234399 0.2970837138508372 0.005893455098934197 0.0036529680365297245
0.0 0.44930443624207295 0.29626753550890916 0.006587694961832824 0.0071000712366415366
0.0 0.6126884201719971 0.28991130695898687 0.006575342465752953 0.008377473363774701
0.0 0.6616465343942209 0.3052791403258116 0.006786616624283681 0.008340803637478444
0.0 0.6466809400405591 0.29420760159776643 0.00932512207916858 0.010879309092363343
0.0 0.699973993137316 0.343187910818351 0.005795301916609219 0.007740441815313304
0.0 0.6933606559452808 0.33477029216358234 0.008735122023156095 0.006453560300690153
0.0 0.6901664695338283 0.3402786340363937 0.007431372467461017 0.008083247245309
0.0 0.69520929260887 0.3635092840751877 0.009086316206039413 0.007231965959908493
0.0 0.7222627943357057 0.42056460504516907 0.0056002515731982784 0.008693723870774762
0.0 0.7161825211990909 0.42229801624639707 0.00666696615856992 0.009173745434191893
0.0 0.6983944183112563 0.4380522903923299 0.007330698981297701 0.007640446825578096
0.0 0.7025502018886826 0.4426468834158195 0.0071758250591578586 0.005781959759896793
0.0 0.6823168187644271 0.43122253457668014 0.00789041095890397 0.006283105022831137
0.0 0.6691705560871017 0.40245683932834425 0.006916286149163398 0.0070136986301369665
0.0 0.6557188208501785 0.4014629484225097 0.012007823356663038 0.009426141334980409
0.0 0.6693767099199821 0.3742744301338664 0.007677683845182059 0.00761033574127703
0.0 0.6460954903052489 0.3588185561607161 0.010053544451503171 0.011796933662746057
0.0 0.6409439265412885 0.30708241437808853 0.007205846429161511 0.008659126381261206
0.0 0.622034770094919 0.3137873629908811 0.007205846429161511 0.0062975464590991235
0.0 0.6182816356534857 0.321886466493629 0.008509275371688574 0.005971421313465797
0.0 0.5954021372269107 0.31960680037905975 0.007922104456022793 0.008244141222527724
0.0 0.5719694132583737 0.3290239954062747 0.006549538893741413 0.00797989796248908
0.0 0.6074728371898364 0.34074287711638307 0.006795708709439907 0.004647065514543058
0.0 0.6185429936548982 0.35650767184953547 0.00852542698197567 0.006412286960802494
0.0 0.6092524642514633 0.3581836104870179 0.0071409559336210295 0.0072866897281845585
0.0 0.610162294904303 0.3676499302355526 0.005465017296138086 0.008379693187412229
0.0 0.6363892193276144 0.37106122708702816 0.008982142969347962 0.006018035789463472
0.0 0.6157679237658822 0.3783490916671623 0.0067027224090516315 0.0038301270908866593
0.0 0.6159191129931543 0.38172565107623335 0.006097965499964886 0.0043340911817927544
0.0 0.6321240970213463 0.3978532617112515 0.0059637648608678265 0.006522867816573763
0.0 0.6269989865940377 0.39859873231886 0.005404661905161134 0.006647112917841902
0.0 0.6659944145814407 0.44233965169376804 0.006705772944754074 0.00888366267050351
0.0 0.6673562962274854 0.4551934784202748 0.006371215444264067 0.009656373407712948
0.0 0.6478942240500846 0.45793111005648185 0.007068067133480582 0.0069685168921639114
0.0 0.6633902890087903 0.4831162118138915 0.007079619459176456 0.008684333203256678
0.0 0.6694787617436824 0.4868920088587858 0.005663695567341876 0.008495543351012103
0.0 0.6868586777032732 0.5239390374421405 0.010100257095092501 0.008589938277134479
0.0 0.6959205906110195 0.5347472564831504 0.006135670197952692 0.007929173794277844
0.0 0.6955902083695914 0.5602338865361868 0.008117963646522952 0.007362804237543763
0.0 0.6898793153391889 0.5456026729872215 0.006324460050198155 0.00943949261223569
0.0 0.6670357432175787 0.5512191710915018 0.008589938277134479 0.008401148424889548
0.0 0.6895489330977608 0.5567412742696597 0.006041275271831381 0.007929173794277844
0.0 0.6794340649793756 0.5824004686414691 0.008925813824973261 0.006044251881477614
0.0 0.6795966252991466 0.5688273558458037 0.00660650787045256 0.007660737849779764
0.0 0.6618855616464444 0.5719900457837861 0.00759045585115814 0.007239045858048776
0.0 0.6422397983691084 0.5763621588122642 0.008854105347902675 0.007277346861290113
0.0 0.5929863256948508 0.6025770045464801 0.009211548752474385 0.006802374463365801
0.0 0.608929390843364 0.6015849916039058 0.00821953580989998 0.006518942194058752
0.0 0.6385480629859359 0.5965540688237081 0.005952077655445009 0.009494981021781434
0.0 0.6164109964846538 0.5950834911600187 0.008063048170997433 0.004450802590390701
0.0 0.6209690493809813 0.5765372240096773 0.006020099178110883 0.009876725214087934
0.0 0.6308242704038711 0.5547570910968698 0.009087216486702942 0.007689183181055981
0.0 0.6061606923092185 0.5740948963891787 0.004391032257846206 0.008095965725404497
0.0 0.6014609155957423 0.5787260632236262 0.0072040372980296755 0.008027355846375529
0.0 0.6051422760148316 0.5645958430796979 0.007255692682306858 0.005147619808393955
0.0 0.6079307289358884 0.5568784975117353 0.006855990422412361 0.004704110216837698
0.0 0.59451901044533 0.5554522513289708 0.005454766102503328 0.007856864936633378
0.0 0.5789467275494662 0.5802861491628615 0.00813394216133929 0.007305936073059449
0.0 0.5820337445977263 0.5627227065742116 0.005081110453372162 0.004698661279462257
0.0 0.5861587321163239 0.5646895880400331 0.004043034124188693 0.007211898708011866
0.0 0.5946117385687184 0.530722614839479 0.01120672448980926 0.007091755341207673
0.0 0.6182509230394106 0.5281398150547181 0.00980588392858337 0.006829097735977818
0.0 0.6286866451419109 0.512842208138061 0.008524708339189857 0.007768484212326144
0.0 0.6535412967363964 0.5085546825878803 0.009134937013740796 0.00789791429313027
0.0 0.6323691770951736 0.5226852882810105 0.006375424790840611 0.007041513948091982
0.0 0.6435023815806697 0.5236368442199419 0.005423868851908509 0.008183381074809582
0.0 0.6110895421283132 0.49126063750571947 0.007013698630137099 0.009205479452054632
0.0 0.6252879082327454 0.47782218815337574 0.00905936073059337 0.007987823439878205
0.0 0.6183220097468031 0.46401930768190625 0.006720178341556249 0.007047991919193563
0.0 0.6017521678167022 0.4332810185517122 0.006477929984779962 0.00920547945205481
0.0 0.6094447964983442 0.4014730396770716 0.00822535899931438 0.007685006948264394
0.0 0.6024976301229632 0.391418272126359 0.005552511415525175 0.00516286149162859
0.0 0.5843860079301848 0.3767480989272044 0.006064551186283041 0.00764898347819436
0.0 0.5795507576600404 0.381719938188031 0.00611918678255563 0.008632424211105239
0.0 0.4726616677128689 0.5979250080316144 0.0067369747680110946 0.005675783306115001
0.0 0.4305907720453721 0.589864943730222 0.005057201298515679 0.005522996154958016
0.0 0.4495220058536315 0.5814140941919128 0.006188417378447042 0.007120007091331359
0.0 0.3649247999034152 0.565390414749736 0.007765682181501888 0.006448289668568386
0.0 0.32913311932670164 0.5493807158596657 0.005683723225173054 0.008017041180769447
0.0 0.33665390314557725 0.5404921643811289 0.006940125201262503 0.007179439863375592
0.0 0.34832049292356226 0.5375007311047224 0.004188006586969805 0.008495670504994557
0.0 0.3451675118351524 0.5819915534852627 0.008249790499473875 0.0053266363854870494
0.0 0.5258618303432776 0.5784881411300264 0.006287500078543928 0.009790535836589776
0.0 0.5205754120710914 0.5626639110570703 0.010085678483139304 0.007617155777476015
0.0 0.5307668843844734 0.5485933316347883 0.006347629814563049 0.00430228242987063
0.0 0.5320364103473864 0.5528250848444971 0.005501279172621309 0.0050075746314888646
0.0 0.5528246166687947 0.535853386167531 0.007607234798124552 0.005416351176264556
0.0 0.5451484510084181 0.5201573943268344 0.01006017989629555 0.009066581881846147
0.0 0.5235677301100978 0.5330758733511299 0.0077442922374430625 0.006818873668188808
0.0 0.5394628645978937 0.5408328020072541 0.0075494672754942375 0.007939117199391176
0.0 0.5606689372808823 0.4962802400433306 0.009376876506708242 0.008825295535724998
0.0 0.5793803213503352 0.47808410813304586 0.007111111111110802 0.0072572298325722425
0.0 0.5862900808072744 0.4671819754570623 0.007111111111111512 0.00813394216133947
0.0 0.5681935526141924 0.43396210085451303 0.011287353955263058 0.00930606310141382
0.0 0.5461430745814304 0.42177168949771693 0.007013698630137099 0.006672754946727544
0.0 0.5315224137981787 0.3961089624946043 0.005698630136986793 0.006818873668188718
0.0 0.5155547748746467 0.38543756568676335 0.007500761035007741 0.005308980213089764
0.0 0.47036199516790944 0.5631611952774146 0.007354642313546833 0.007744292237442885
0.0 0.4688939291479507 0.5512918986686197 0.009756356477289074 0.005775763034555048
0.0 0.48071863319842445 0.5439160931717893 0.008273390292740856 0.007727034330012828
0.0 0.4921530829898071 0.5531651191122591 0.009912458180925654 0.0071806783672844435
0.0 0.4138396336781671 0.5449952319472062 0.006672754946727366 0.0054550989345509395
0.0 0.38456393265018035 0.5220600098964273 0.005698630136986083 0.006721461187214573
0.0 0.3550057634699737 0.5008906605354988 0.006392364763919289 0.007922161459558551
0.0 0.3732136255380837 0.48179738010692097 0.00725722983257242 0.00891324200913246
0.0 0.47003965083678134 0.5426136526701006 0.010112317801351623 0.00594481713170385
0.0 0.46792924873252667 0.5080451179565555 0.006134405504627694 0.008778545808344519
0.0 0.4614246635853586 0.5014347671972594 0.005288280607437912 0.005499811831735535
0.0 0.45380953951064845 0.5047135011738709 0.007403592850413076 0.0061344055046280484
0.0 0.48882186226620516 0.4856408563861514 0.0059913810831965005 0.008126922855424646
0.0 0.4629763601064024 0.48647989203287906 0.006903079772474285 0.007629719748523911
0.0 0.30385513122203456 0.4519170261536772 0.008838492278789545 0.007238420400732614
0.0 0.290193029720335 0.4068210675309558 0.0077249909509347955 0.008447472119008204
0.0 0.29619658472964866 0.38396493915204016 0.00813394216133929 0.007500761035007653
0.0 0.31702552745837664 0.3744796583495372 0.009545931380786498 0.010590017625560133
0.0 0.3305787471492991 0.38862245974021603 0.009562797822430014 0.007685987034850239
0.0 0.34280787440758936 0.40329578016480544 0.007020189915280639 0.008073218402572867
0.0 0.4167408870978896 0.47757036584650026 0.008658560904525815 0.008359989838852222
0.0 0.37741905905411033 0.4580517328179202 0.009017029462140159 0.0068271794499057846
0.0 0.36607897887362845 0.4426800176841037 0.006986631075871941 0.009130256519604706
0.0 0.36973108148147027 0.4329940064198274 0.008733288844839393 0.007066024610824506
0.0 0.38471472871210927 0.42676523969578284 0.006088280060882312 0.007792998477930091
0.0 0.43546789475162556 0.46544501796072923 0.008046953498893571 0.007568916657375446
0.0 0.42829734212884885 0.456920027620317 0.006612842974337951 0.008365644726572797
0.0 0.41558952942515004 0.4511437491186359 0.007329898236616117 0.006692515781258202
0.0 0.4516414745563324 0.45568509911306104 0.006931534202017531 0.008126626305813466
0.0 0.47478843226788425 0.5831354642313546 0.007598173515981443 0.006283105022830959
0.0 0.5037552686843018 0.4268632748637879 0.007783420368313187 0.007170552622776505
0.0 0.48849049738353545 0.43664655716289574 0.008524708339189857 0.007218503029152679
0.0 0.47171607129674237 0.4393964630787635 0.009624670705537141 0.008318465395499786
0.0 0.3438530275620778 0.3424712880321722 0.006428414186585485 0.008900881181425912
0.0 0.35164265764027186 0.35393233660151907 0.006818873668188985 0.007452054794520535
0.0 0.40838654712015626 0.4322473430113217 0.0075619851231728315 0.006039437782937007
0.0 0.4395918878672013 0.4283519155226033 0.005503805175037968 0.007013698630136922
0.0 0.4112902002469408 0.41322989250064895 0.010146610736380523 0.008105280765747657
0.0 0.3999428071748941 0.40962754549365005 0.007745046065047489 0.007144654897214586
0.0 0.4273163874018852 0.41250091605030964 0.00853637216997214 0.008308735578772897
0.0 0.4458713036037064 0.39868254029904654 0.005455098934550762 0.004383561643835599
0.0 0.4763718845688555 0.4130002492849042 0.006556271552737769 0.0072587292191029105
0.0 0.48499650369477865 0.41288317300717664 0.005697712182736581 0.006712373256374704
0.0 0.4941927868021839 0.4076380538620724 0.005649923896499587 0.007646879756468827
0.0 0.5177178603180564 0.3923909655876833 0.006736922444122939 0.007438685198719241
0.0 0.50139348050049 0.39712754282597046 0.007649214025098416 0.007438685198719241
0.0 0.5489233900383692 0.4316654361627224 0.008935656429708417 0.006083851186184397
0.0 0.5534862784280076 0.41769159046945514 0.006464091885320755 0.004753008739206521
0.0 0.5510449646328623 0.3765646646629711 0.006374492252124497 0.0037097454909907233
0.0 0.5419664415775618 0.34818990285722146 0.0075607792040045755 0.007795221970019828
0.0 0.5155465332359974 0.3378376222619849 0.005724273870117003 0.00878092496581102
0.0 0.5221878024348225 0.33558681554606495 0.005557547446715461 0.00405700963610256
0.0 0.5064419679959936 0.3431178029481883 0.007601870170979197 0.0060701500619011915
0.0 0.5085693570363798 0.3509182294296032 0.007998982791851716 0.006807644929234869
0.0 0.5041823106969343 0.3731064046053779 0.008767123287671551 0.0071111111111111566
0.0 0.3637319692592893 0.3759913668628875 0.00922264821016654 0.007116240902906412
0.0 0.36461438313124966 0.3667971836163324 0.005863782503994486 0.007287030684576035
0.0 0.3776033469176806 0.3686782086977733 0.008254839447371865 0.005123693450092582
0.0 0.36966162207003705 0.3428320217384173 0.007173170830130004 0.007742470102362109
0.0 0.36804280008087353 0.32648347019426743 0.007939117199391176 0.007792998477929913
0.0 0.38440492427365847 0.3092414694939974 0.007084615780431136 0.007204694013997948
0.0 0.39829811765879375 0.34312902283702984 0.006091502212888145 0.008197909520148183
0.0 0.4025987954433489 0.3676717135115802 0.006693737043840286 0.004426503528991166
0.0 0.40435320232983935 0.3720982170405714 0.004048631276516801 0.005937992538890669
0.0 0.39790238316258986 0.3712345090349146 0.005937992538891023 0.007341518048083006
0.0 0.46038986063366244 0.32193859671837927 0.008516739648330685 0.0073149911089956275
0.0 0.43611979707581766 0.3526871113321298 0.0066727549467280765 0.007500761035007564
0.0 0.43606697108067005 0.37333333333333335 0.0037990867579907215 0.006721461187214661
0.0 0.4421171785892817 0.37369715517620056 0.0037990867579907215 0.004286149162861452
0.0 0.44244748858447486 0.37830136986301377 0.005455098934551472 0.003506849315068461
0.0 0.4432024353120244 0.38441400304414014 0.004724505327244799 0.003360730593607375
0.0 0.44122983257229825 0.3808584474885845 0.0039939117199395465 0.004432267884322716
