0.0 0.1344036884291615 0.993079605655509 0.010200230536510979 0.006649039164540227
0.0 0.18898155472516853 0.9595864561439559 0.009944297098176236 0.00731040219109147
0.0 0.09902787151191994 0.9714162128485961 0.006413437297439373 0.008123687243423206
0.0 0.1335685617066904 0.9609293832497865 0.010804461870694837 0.006851609966782135
0.0 0.11749363063077833 0.9476478008526394 0.008959797648868673 0.005586697357530213
0.0 0.18004978138526218 0.9294948867227619 0.008205194862701326 0.008708880091896987
0.0 0.16648277601822148 0.92458801771576 0.01194221430511977 0.007734005454744164
0.0 0.08101709302940874 0.9140895900911629 0.011004639482669276 0.00716873657728172
0.0 0.11072961963261507 0.9157874487542033 0.009118129857068169 0.008552176969388725
0.0 0.16832642142418708 0.8967567174329272 0.007682729873845773 0.007430461131719568
0.0 0.1392581822746375 0.8888217188169556 0.01009074968505086 0.007889131571948838
0.0 0.002941898049807712 0.9024910694162076 0.005883796099615424 0.006090734675492015
0.0 0.2262051941095451 0.8411272072577761 0.007339770027682491 0.009089249458938298
0.0 0.19644393481921618 0.8381108634107832 0.006937590848083097 0.005952251858065694
0.0 0.20883685682843733 0.8152171970472659 0.007943038797081137 0.004343535139669541
0.0 0.1929780009056774 0.7873881695578175 0.010584422061072907 0.005274859518960895
0.0 0.1998089346245684 0.751628303332144 0.00784678919295878 0.004353702390931779
0.0 0.19839624975910963 0.7405079677754082 0.011458869724936704 0.006489979313238514
0.0 0.20433254504100562 0.6872993307297249 0.010250071078228729 0.0073000506215676
0.0 0.19846393221590786 0.6484576945125142 0.010868977608362584 0.0073012979353881844
0.0 0.17916652791266863 0.6298517381170164 0.006794090646611295 0.007892313518254567
0.0 0.19307302149571282 0.6118975848598727 0.0072035843509778985 0.005595827843657908
0.0 0.1846166398663045 0.6043808011892875 0.008038782536598177 0.005428788206533674
0.0 0.20257340085714626 0.5964464184258922 0.008247582083003913 0.006598065666402597
0.0 0.1991183733885733 0.5856469957131509 0.007767168171937122 0.007493032824691781
0.0 0.16441566263023466 0.5897925242751998 0.011913868841210373 0.006007478106598185
0.0 0.2149382722809423 0.5662428646508574 0.007921520732475429 0.006835649351170226
0.0 0.16063725946225071 0.5703838945636954 0.007296085050822576 0.004055087270351443
0.0 0.17108758216255682 0.5618705055072304 0.01007297130331608 0.005089501290096265
0.0 0.18517799545180313 0.5333053617002064 0.007163498823057779 0.009450791429718918
0.0 0.1732989055193226 0.5371486125533453 0.010776111962156776 0.008928778482929722
0.0 0.19520615698282562 0.5267044034162265 0.008401826484018216 0.006575342465753487
0.0 0.22268779050752352 0.5337522999950639 0.008741695403650773 0.0054089240310089435
0.0 0.21636309433454937 0.5187694570637913 0.006575342465752421 0.00516286149162859
0.0 0.1666298246103577 0.5157121441595272 0.011617547923631122 0.008418512988138182
0.0 0.18771819964564385 0.5199214006535963 0.008671068377782198 0.0070042028061310544
0.0 0.1705094950696524 0.5013799349453658 0.01095890410958944 0.007013698630137099
0.0 0.20845519415427693 0.47315157742999103 0.009681307581309362 0.0059438725615480695
0.0 0.17722956539665402 0.4723169622149392 0.011785918183394806 0.0084858610920433
0.0 0.18619176937349158 0.4829668178184474 0.00849902240481093 0.007403592850413076
0.0 0.19028993274381945 0.4112056667169589 0.010538550402648283 0.007549183817845062
0.0 0.19693679623307103 0.4139332915270562 0.005372594322918367 0.004518489584403618
0.0 0.17768075398575478 0.39779642685156863 0.008770525054153211 0.0075389194082506
0.0 0.19060328292192663 0.40067017335867394 0.007744187015901183 0.0046278515179359655
0.0 0.20641821905680802 0.38921250871346147 0.00727766972578614 0.0072403483425772745
0.0 0.21540630843422726 0.38077987829504684 0.008370778165705417 0.00533552039179872
0.0 0.16893541769435538 0.37251370970647363 0.012650618206810016 0.004798510354307339
0.0 0.17677744013166485 0.35164356332791635 0.0083973931200374 0.008986301208975344
0.0 0.16671901254776467 0.36667597287110426 0.01302958665863585 0.008603663571416753
0.0 0.21665500128198456 0.2896130362366074 0.0070108789581926345 0.008158113696805813
0.0 0.21659126601872813 0.32040991544204944 0.007648231590755117 0.00856601938164614
0.0 0.17465927240274048 0.31191165150204425 0.0068062486472051376 0.008087424863149905
0.0 0.18987323996708216 0.30330374880116684 0.0064058810797220644 0.007046469187694982
0.0 0.17200683726816735 0.3029834547471807 0.0079072594577827 0.0057652929717504795
0.0 0.1711366723838017 0.28801903098162335 0.009500343525272292 0.006978434153109081
0.0 0.17028844627355344 0.2733287380908743 0.007808592232200873 0.007858970246602138
0.0 0.156875299939208 0.2529760202727508 0.006675086908171757 0.006851409958576226
0.0 0.06329139183196864 0.8534817579156065 0.011936307176149796 0.009938802709936922
0.0 0.10064891959420086 0.8429120011829404 0.009211370543278363 0.008256117301752752
0.0 0.13520093232661212 0.8282882778673695 0.00919937317580466 0.006947366622368278
0.0 0.16931699580460302 0.7983958119935585 0.009458850952017706 0.005778498036141588
0.0 0.158912259757384 0.789728064939346 0.00791103897805101 0.0077046640481887255
0.0 0.17590684361731057 0.7633944413572306 0.013371984939602122 0.006783836262041909
0.0 0.16359483309365253 0.7581761057710444 0.008969014288756405 0.007044753041351192
0.0 0.1776191099815274 0.7476089762090176 0.01059974415944076 0.006783836262041909
0.0 0.18378181231745883 0.6995473478719096 0.008509119133652376 0.007612459267956062
0.0 0.15493099688662193 0.715924685009879 0.009124193668359482 0.007184404463275307
0.0 0.12145194823937633 0.7300348426730239 0.013354935707781124 0.007091931375856397
0.0 0.12318144605374659 0.7042727148309041 0.00917000203891849 0.00864600192240914
0.0 0.09643560677356655 0.7042727148309041 0.013536669676499358 0.007598001689389733
0.0 0.09733201337942265 0.6792346469676974 0.008575072706149989 0.0069580589958459175
0.0 0.09965953311394982 0.6726195908800963 0.010657590363356562 0.0033320282515319375
0.0 0.10062440158498376 0.600227259495 0.009117518995205742 0.007877536411857377
0.0 0.09649068418357665 0.5798670397401552 0.007670594391761654 0.009654721474429983
0.0 0.11853085873590352 0.5664486132841676 0.011045655924135644 0.006218295186921097
0.0 0.10896485251242893 0.5572526652499772 0.008191379471085725 0.007259810825354052
0.0 0.09489089545574547 0.5513700506091753 0.007541837517991645 0.0053120768604985715
0.0 0.10814038258260217 0.5164888675017403 0.01530031943220056 0.00675842330747507
0.0 0.11350356063313383 0.5030247439577623 0.00903423242951007 0.008760467810433426
0.0 0.13779604488033792 0.4805086180822224 0.008976533222875283 0.00859857392928145
0.0 0.1582868409006455 0.44098734478737694 0.006585347698896626 0.00827872282147002
0.0 0.14325722983257272 0.4179238964992389 0.007427701674276754 0.008231354642313527
0.0 0.1464231354642318 0.40584474885844746 0.008523592085236231 0.006770167427701601
0.0 0.1132416435032848 0.3703011194567325 0.01080179401508019 0.006618971651793792
0.0 0.1287610416217171 0.34326696840659915 0.007976445847213576 0.007882605307834734
0.0 0.11757608460282931 0.30944119453638735 0.010263280285969678 0.007579037749638573
0.0 0.09765809202210907 0.3284994941771059 0.008855924708108809 0.007690273079861409
0.0 0.11892815782004185 0.2948930575077535 0.010058112774869343 0.007523990854966911
0.0 0.1016995581076312 0.27368036860294637 0.009157920547485432 0.006212733299414274
0.0 0.10156789934025356 0.26316200485254787 0.008571813632446634 0.006798840214453339
0.0 0.12276175631886321 0.2687513671828927 0.008875681149778103 0.005851374980223678
0.0 0.11507771754567653 0.26585855258592817 0.005341845136440426 0.007034799133527425
0.0 0.11535303433081534 0.24347421923451829 0.008154991321479343 0.005162464071336537
0.0 0.11634581588299531 0.24812610993616216 0.00730403570532534 0.0044816995784129786
0.0 0.11156138297197016 0.22906728986982722 0.009465939025504966 0.0060454736633476
0.0 0.09184446598139528 0.2359310164888857 0.006577096756470446 0.006236062109838425
0.0 0.0693415405371991 0.2389215639546613 0.006313488564149594 0.0037572956332989627
0.0 0.0703809563373956 0.242956037134679 0.007006432430946674 0.005297170892847624
0.0 0.05320501633303154 0.2542089326758692 0.010216341378181504 0.007767709543256007
0.0 0.024775186200193033 0.23856395151924908 0.007779945653364706 0.007206686499957815
0.0 0.05560833923694419 0.23633643023744394 0.009335934784036937 0.006420502518144211
0.0 0.047510911467405936 0.29222357801171595 0.011811049939296936 0.008156690898249063
0.0 0.06862534161133871 0.37641169577737277 0.011633829976351429 0.007009750719928131
0.0 0.12644516276477802 0.45583879375058284 0.009589991187003655 0.00963917062898858
0.0 0.13094769964931618 0.4386806225029455 0.00872935095227323 0.007671992949603102
0.0 0.11939053078292661 0.43346760165257414 0.011188323051504412 0.006294968574033355
0.0 0.11705450728865685 0.44025436464645384 0.010204734211812116 0.004721226430524972
0.0 0.08475577340462959 0.40513595385256185 0.00830254379323847 0.00733713172425734
0.0 0.07679112383553433 0.4071440109560428 0.007240590517358925 0.008727325103590288
0.0 0.09153731262698805 0.42001036646335804 0.008163690389268119 0.0053313896419707515
0.0 0.08216558061735091 0.4465557608079188 0.013483972539616751 0.008746360566238209
0.0 0.07584876465284607 0.4353312647479132 0.011540336858230305 0.008066088077753086
0.0 0.030091927420257125 0.7990299427101528 0.009967859955207992 0.007638528470937977
0.0 0.06172713682441788 0.7714466078047275 0.013490011406935842 0.006880811187430247
0.0 0.0446425350301376 0.7294703746600322 0.013646689507939236 0.007545816551448326
0.0 0.07626760498787366 0.7044211033186962 0.009400515730940917 0.00860889335359829
0.0 0.04243919291473741 0.6986867611376426 0.011131921183173965 0.006753863590328102
0.0 0.013156623512480703 0.6848018947491725 0.007793954772669309 0.008313551757514226
0.0 0.03528139835102717 0.6883552676777873 0.012822312690520477 0.005899939956945488
0.0 0.05410794723762713 0.6594463842206171 0.013067148042737564 0.006994214491940376
0.0 0.07001099762141916 0.6388304697288698 0.011625544845583313 0.008525399553427704
0.0 0.005051302712120842 0.6371440166850143 0.010102605424241684 0.007727884324723533
0.0 0.033013475165189377 0.6180375488697774 0.0092976108281837 0.007148293000369321
0.0 0.050075338423868576 0.6024529613299328 0.012443618768521958 0.00807835943721411
0.0 0.06631710351220432 0.5874108005127435 0.00958370187864066 0.006825465728202218
0.0 0.05400582179569602 0.5684890508373578 0.012489633458883098 0.00875050095752794
0.0 0.08061924993678948 0.5555854661961007 0.007764786740397156 0.008996442568184548
0.0 0.08218524012903172 0.569908571618477 0.008768853991310444 0.0033736659630690725
0.0 0.08208483340394102 0.5665349056554077 0.008568040541128141 0.0029452639360126654
0.0 0.004571817021476798 0.5748318878655981 0.009143634042953597 0.007137060009269547
0.0 0.01527967775022887 0.540059574375223 0.01282462229706649 0.007855081156953325
0.0 0.003281471141345804 0.5297197226482131 0.006562942282691608 0.004809233361399911
0.0 0.042101263782514664 0.5291461312837001 0.008385984862337992 0.009129484551163535
0.0 0.02770676399303751 0.5331229900843963 0.006051741653234188 0.004080602943323086
0.0 0.09726558398914209 0.4993798244054367 0.00860393368424095 0.010898316000038832
0.0 0.07754823596275617 0.5063585706159878 0.01266690236846646 0.00803033810529179
0.0 0.007679290068373756 0.4723927907887594 0.010616340216504483 0.008004964577042273
0.0 0.011127501739970125 0.4065354492713024 0.010079598258120548 0.0073055549768257675
0.0 0.03482583980257248 0.4012125536822918 0.009857087488404304 0.005875597247989939
0.0 0.03683826357865749 0.3769095714771248 0.009942246155561385 0.008261685837653498
0.0 0.026323514467463838 0.3682094827831208 0.009685672061223727 0.008159056199918524
0.0 0.008909400667858058 0.3645591866551408 0.010195622379843172 0.008156497903874982
0.0 0.03311910693801545 0.33978569097038586 0.008878255830548909 0.008542993022962086
0.0 0.003302038186125289 0.3063771718192629 0.006604076372250578 0.00786378421420606
0.0 0.004733997156066483 0.2679943988267118 0.009034803210529851 0.008659098522566832
0.0 0.011407254266046163 0.2558012204042592 0.009034803210528963 0.009088475308809851
0.0 0.010423265797572245 0.2249934359913249 0.007782454250653714 0.006870028579887766
0.0 0.002889727280748877 0.2487800500935405 0.005779454561497754 0.008572298325722993
0.0 0.011269406940402682 0.33395294857441116 0.008461950505004978 0.006576144392460926
