0.0 0.001030654805926723 0.18148889583388747 0.002061309611853446 0.008786434076311878
0.0 0.16176644416455233 0.053150141816868945 0.01421346792273539 0.011370774338188384
0.0 0.15096420854327341 0.0058234077412402385 0.013076390488916446 0.011646815482480477
0.0 0.10574940139358446 0.001408694428017654 0.010801070782909506 0.002817388856035308
0.0 0.09805964392400064 0.036825735374069704 0.013892161645597412 0.011646963803885057
0.0 0.2315946367751966 0.22930731967858123 0.007065376800608192 0.009588725657968667
0.0 0.21406163914858567 0.3033379051212899 0.014063791203366805 0.008706156459227187
0.0 0.04542822167541445 0.16658044084585466 0.012753425949939157 0.008150685757480148
0.0 0.04612546438799505 0.13275131172066423 0.010669257394979325 0.012529036206948164
0.0 0.09457817771477614 0.24343270094128772 0.016685423339207972 0.013178296140521083
0.0 0.156384238377127 0.5077425555129796 0.012659225999689027 0.013939372449096155
0.0 0.2181017352488997 0.42437754758020996 0.01236781031947629 0.017938045501530553
0.0 0.21479815995392784 0.22714566956269824 0.014460437230972189 0.008334835348407666
0.0 0.1855767005169721 0.06088346393631987 0.01046366613190699 0.01529305050047931
0.0 0.2940832635362668 0.17557541742030747 0.012110747837568426 0.013735360352364622
0.0 0.32986879655735385 0.052792019995263575 0.010745270513555028 0.011838009887814494
0.0 0.42091384500133344 0.09180104916030682 0.012865537893114265 0.012865537893113909
0.0 0.5256107250868756 0.11021179938413059 0.012110970486103411 0.018772004253461105
0.0 0.6470070456434864 0.00919020887158517 0.012807644719268296 0.011459471590923798
0.0 0.9830439824282475 0.07001854130861443 0.010425226780149899 0.007797730599786589
0.0 0.8965446655420252 0.36882663292956525 0.01197784983580732 0.01591087515502778
0.0 0.2155598064912109 0.7718259741711174 0.012175478268036244 0.01733215141685136
0.0 0.5195256824728475 0.7216913016459102 0.011620302079514033 0.015687407807344657
0.0 0.12466008942477132 0.988725895255152 0.013039048596859715 0.017770030831118788
0.0 0.06050442016520776 0.608987173775166 0.013751128396840784 0.016472705892049078
0.0 0.0434198465215367 0.6540497646240929 0.013288641911540822 0.010227774954388735
0.0 0.30433104155046886 0.032674236429431146 0.009041096806616623 0.010958905220141446
0.0 0.06513831742399781 0.4479358658395777 0.00966809133015616 0.01163192238159425
0.0 0.3534147697859602 0.9502387707239158 0.013014738329056285 0.015455001765754872
