0.0 0.1727039924254255 0.010646236286452648 0.014447648833506577 0.01660649291207683
0.0 0.25829653314576095 0.016722048499594598 0.01403007198180788 0.011641974623202244
0.0 0.7175813372287335 0.05671107525148855 0.011970965131437339 0.012623926865879298
0.0 0.7685123525152123 0.025368911998270783 0.013712196423282563 0.01131800339699538
0.0 0.7094818696487483 0.18377180615821836 0.011906681078857773 0.016828109258119284
0.0 0.2521244058028687 0.3939613024050013 0.010033227855153726 0.014776208295772619
0.0 0.24683415838833297 0.36149012861923036 0.011857451101545635 0.015505897594328744
0.0 0.22973767519349408 0.30998164489398106 0.01042341096532482 0.013595753433031987
0.0 0.19616829524077684 0.2928982163615819 0.012370142679403884 0.009658878530493808
0.0 0.23604181290242376 0.2673908046242014 0.014911952819007724 0.0118617806514834
0.0 0.28120130638271446 0.3281400669607274 0.012709050698018132 0.009997786549107702
0.0 0.0182786175816263 0.15682525869784403 0.01136478475122118 0.01469106321499325
0.0 0.014799628688172107 0.07051479295635481 0.01524544295895538 0.013027923983107214
0.0 0.7948009404014271 0.18148889583388747 0.01452073842085273 0.008786434076311878
0.0 0.7939516302227656 0.15411425190774342 0.009988788213070521 0.009988788213070521
0.0 0.7445494822534693 0.12871310431026703 0.011079193687868739 0.01360459813142718
0.0 0.764752717801936 0.13983303032787048 0.013034345515139734 0.01629293189392449
0.0 0.687480474204609 0.14466354135349563 0.013397364205309615 0.011664371820543095
0.0 0.6082551187247432 0.06735723333277192 0.013607031833373284 0.016016610387200102
0.0 0.35732148475012926 0.22892162483774162 0.011481045081582408 0.01333656751900989
0.0 0.21341708450138305 0.1938237212289348 0.010875611331843515 0.012774527596133822
0.0 0.24457657411087208 0.19503212248803176 0.014846072611721084 0.014500815109124687
0.0 0.9617664441645524 0.053150141816868945 0.01421346792273539 0.011370774338188384
0.0 0.9509642085432735 0.0058234077412402385 0.013076390488916446 0.011646815482480477
0.0 0.9057494013935845 0.001408694428017654 0.010801070782909506 0.002817388856035308
0.0 0.8980596439240006 0.036825735374069704 0.013892161645597412 0.011646963803885057
0.0 0.8454282216754144 0.16658044084585466 0.012753425949939157 0.008150685757480148
0.0 0.8461254643879951 0.13275131172066423 0.010669257394979325 0.012529036206948164
0.0 0.8945781777147761 0.24343270094128772 0.016685423339207972 0.013178296140521083
0.0 0.7108402944893921 0.5143950453826098 0.017632885823744004 0.013659277750787523
0.0 0.6980502435045637 0.4813644282761597 0.010430721191510273 0.01316257674166792
0.0 0.956384238377127 0.5077425555129796 0.012659225999689027 0.013939372449096155
0.0 0.9855767005169721 0.06088346393631987 0.01046366613190699 0.01529305050047931
0.0 0.4680044349173613 0.4110092680988341 0.012549926245876008 0.013595753433031987
0.0 0.0890135807839835 0.4149849338771382 0.014931058327574576 0.014931058327574576
0.0 0.05282197510158877 0.7712464793606051 0.012722612878164341 0.01759510291661002
0.0 0.08374788072311486 0.7401128929854235 0.01854253153519636 0.012181225096114546
0.0 0.1041999775417933 0.6387012536030265 0.014862457147512132 0.014320031704172464
0.0 0.3965762040122181 0.9691833587343008 0.011368934412281817 0.0151123640358378
0.0 0.7217737483324186 0.8271030633355909 0.015332891814488292 0.013773614680811619
0.0 0.9246600894247713 0.988725895255152 0.013039048596859715 0.017770030831118788
0.0 0.8605044201652078 0.608987173775166 0.013751128396840784 0.016472705892049078
0.0 0.8434198465215367 0.6540497646240929 0.013288641911540822 0.010227774954388735
0.0 0.3690558642059264 0.4113139616047482 0.014179328066720842 0.012537511132679313
0.0 0.2935884285265592 0.3010132704937732 0.01378045475055174 0.01880323732318274
0.0 0.8651383174239978 0.4479358658395777 0.00966809133015616 0.01163192238159425
0.0 0.3179358301063676 0.6956637695305495 0.013779998901931378 0.014335644018945003
0.0 0.2698551343406548 0.5461243947167954 0.01150933099367677 0.017532906093171263
0.0 0.2588836225522895 0.5159527372987922 0.01753290609317091 0.010326128741990103
0.0 0.6592903341197639 0.4354137787618589 0.015514265306360287 0.01826362877837333
0.0 0.5171147387033284 0.23249680288148866 0.011018532369264023 0.014391552482303638
0.0 0.5550802820279055 0.26503107360425293 0.012912136562411192 0.011809881002205458
0.0 0.4806301985084799 0.042313193012598484 0.011463662676334608 0.013586563171952193
0.0 0.5078033248523843 0.03113258373567973 0.013445036472244353 0.012737402973705158
0.0 0.48565439634810803 0.023348615251748583 0.007359388384807275 0.013020456373120836
0.0 0.46966187928112274 0.016909150415042262 0.01245434957428948 0.01118060927691893
0.0 0.48088155448927183 0.6440307279877835 0.01506258416452937 0.013020199871034066
0.0 0.43354004712717364 0.5690498874278515 0.013878283362235778 0.01708096413813607
0.0 0.4442929903429739 0.5164107642472882 0.014124617678637819 0.013817560772580251
0.0 0.31083761444989816 0.4038419659606511 0.01299002074498965 0.015396853133845312
0.0 0.381129772620781 0.399108599778207 0.012737527200079413 0.015632419745552184
0.0 0.6120951460768319 0.48245838665394203 0.013280345233731339 0.011109519570524995
0.0 0.24716429240983687 0.9763862423984211 0.01276891096192223 0.014494439470289677
0.0 0.3421867477501307 0.9300961085790963 0.00995445289343735 0.01548061672983323
0.0 0.20536375331917983 0.9342256684837075 0.01203269699903764 0.0178415852054691
0.0 0.2272972569417659 0.9678296049698826 0.017442217703501583 0.013245593895140928
0.0 0.21378633600912575 0.7978340024413851 0.015553385515884699 0.010624495739724082
0.0 0.17929719337125966 0.0632502680864258 0.010698276751880797 0.0124238052602486
0.0 0.15004948515442446 0.06437186161686484 0.011215935304391068 0.010180618199370172
0.0 0.39215472003975743 0.10428734593405195 0.011039286975539042 0.014525377599393607
0.0 0.33965102463350494 0.20618317490532762 0.014539246854117139 0.012844088028076683
