0.0 0.005769784492881324 0.7376419594366098 0.011539568985762649 0.014822256956316693
0.0 0.0008290321741091233 0.6503553351383009 0.0016580643482182467 0.011528422077135048
0.0 0.013735458905217079 0.6830191976901838 0.012077394556999011 0.012077394556998656
0.0 0.032126036980646866 0.6876854637690242 0.011528422077135048 0.012626367036862263
0.0 0.039537165458805215 0.7099188492034991 0.012077394556999011 0.012077394556998656
0.0 0.040086137938668644 0.7497193539936085 0.01317533951672587 0.012626367036862263
0.0 0.06451541329259794 0.7250155923997476 0.010430477117407832 0.008234587197953757
0.0 0.0672602756919158 0.7560325375120397 0.010430477117407832 0.009881504637544402
0.0 0.07082859681102924 0.7749720880673331 0.01317533951672587 0.011528422077135225
0.0 0.11666779887963781 0.7952840698222856 0.009332532157680973 0.017018146875770856
0.0 0.1216085511984101 0.751640757673131 0.010430477117407832 0.010979449597271618
0.0 0.12243200991820533 0.6961945372069096 0.00548972479863572 0.008783559677817188
0.0 0.15537035871002 0.7961075285420809 0.014273284476453086 0.015371229436180123
0.0 0.0642409270526663 0.6649031058546857 0.01097944959727144 0.008783559677817188
0.0 0.05847671601409843 0.6764315279318207 0.011528422077135048 0.01317533951672587
0.0 0.09388544096529916 0.6624327296952998 0.01317533951672587 0.011528422077135048
0.0 0.12215752367827352 0.6772549866516162 0.009332532157680618 0.011528422077135048
0.0 0.12901967967656844 0.6709418031331851 0.01097944959727144 0.008783559677817188
0.0 0.15921316606906508 0.6687459132137308 0.010979449597271795 0.012077394556998656
0.0 0.2489701665267603 0.706076041844454 0.009332532157680973 0.010979449597271618
0.0 0.18336795518306256 0.7477979503140859 0.01317533951672587 0.007685614718089972
0.0 0.19215151486087995 0.7955585560622171 0.013175339516725514 0.01097944959727153
0.0 0.18913216622163026 0.8079104368591477 0.011528422077135048 0.013724311996589833
0.0 0.18995562494142568 0.8375549507717809 0.01317533951672587 0.014822256956316693
0.0 0.29343693739571003 0.7799128403861053 0.011528422077135048 0.011528422077135225
0.0 0.29151553371618755 0.8205368038960101 0.014273284476453086 0.009332532157680973
0.0 0.3497066165817264 0.6832936839301154 0.01097944959727144 0.010430477117407832
0.0 0.38566431401279094 0.6690203994536625 0.012626367036862263 0.011528422077135048
0.0 0.50671274582271 0.6714907756130486 0.012077394556998656 0.009881504637544402
0.0 0.4334249197609227 0.8054400606997616 0.013724311996589477 0.010979449597271707
0.0 0.33104155226636517 0.8886093913990936 0.014273284476453086 0.010430477117408188
0.0 0.37358691945579264 0.8894328501188891 0.012626367036862263 0.00768561471809015
0.0 0.460050085034306 0.8787278867615491 0.01317533951672587 0.010430477117408188
0.0 0.5190646266196406 0.8935501437178658 0.014822256956316693 0.013724311996589477
0.0 0.5764322507653844 0.6717652618529802 0.008783559677817365 0.013724311996589477
0.0 0.6159582693155622 0.6599623535359135 0.010979449597271086 0.012077394556998656
0.0 0.6274866913926973 0.6610602984956407 0.008783559677817365 0.008783559677817188
0.0 0.6461517557080588 0.668471426973799 0.010979449597271086 0.009332532157680795
0.0 0.6944613339360537 0.6539236562574141 0.00988150463754458 0.01097944959727144
0.0 0.7433198846439124 0.7011352895256818 0.013175339516726225 0.009881504637544402
0.0 0.7625339214391372 0.790617803743445 0.014273284476453086 0.012077394556998656
0.0 0.5511795166916608 0.9182539053117269 0.01317533951672516 0.009332532157680973
0.0 0.5536498928510462 0.9503687953837462 0.013724311996589477 0.00878355967781701
0.0 0.6285846363524245 0.9745235844977435 0.01317533951672587 0.01097944959727144
0.0 0.019176247284126903 0.8205368038960102 0.011528422077135048 0.012626367036862263
0.0 0.027685320722011398 0.8488088866089845 0.009881504637545646 0.01427328447645273
0.0 0.017254843604604275 0.8680229234042098 0.010979449597271795 0.012077394556998656
0.0 0.017529329844536257 0.8814727491608674 0.010430477117407832 0.013724311996589477
0.0 0.041958605198465546 0.9083724006741827 0.01097944959727144 0.011528422077135048
0.0 0.06803479799198549 0.9168814741120681 0.013724311996589477 0.014273284476453086
0.0 0.08560191734762004 0.8518282352482339 0.011528422077135048 0.011528422077135402
0.0 0.08587640358755184 0.8658270334847552 0.009881504637544225 0.01097944959727144
0.0 0.09685585318482345 0.8633566573253694 0.01317533951672587 0.010430477117407832
0.0 0.1273238258172519 0.8927266849980706 0.011528422077135048 0.012077394556999011
0.0 0.13583289925513747 0.9179794190717953 0.014273284476453086 0.012077394556998656
0.0 0.17535891780531507 0.9522901990632688 0.01317533951672587 0.018116091835498338
0.0 0.13665635797493286 0.9605247862612225 0.01592020191604391 0.012626367036861907
0.0 0.12704933957732029 0.9322527035482484 0.01317533951672587 0.0120773945569983
0.0 0.09960071558414132 0.9393893457864747 0.014273284476453086 0.012077394556998656
0.0 0.10591389910257246 0.9646420798601995 0.014822256956316693 0.01427328447645273
0.0 0.10481595414284524 0.991267245133583 0.014822256956316693 0.014822256956316338
0.0 0.1531255323708402 0.9943984344870984 0.014822256956316693 0.011203131025803259
0.0 0.33099261584663964 0.9193518502714542 0.010430477117407832 0.011528422077135402
0.0 0.4051039006282224 0.9344485934677026 0.013724311996589477 0.012077394556998656
0.0 0.36173507471899935 0.988522382734265 0.012626367036862263 0.013724311996589477
