0.0 0.21389512087127374 0.041030451578177106 0.016020829770438016 0.010907798992639073
0.0 0.15134571102286143 0.08772946601541172 0.010907798992638672 0.012271273866718247
0.0 0.14878919563396173 0.16851535230464165 0.012612142585238484 0.01363474874079813
0.0 0.23298376910839141 0.19834136517513806 0.010566930274118657 0.011930405148198986
0.0 0.2561628419677485 0.19493267798993835 0.011930405148198542 0.012612142585238217
0.0 0.20213515008233518 0.22697433753081456 0.01363474874079824 0.009203455400038507
0.0 0.2653662973677874 0.24964210731239156 0.011930405148198453 0.010907798992639073
0.0 0.27866017739006577 0.09471727474507005 0.010566930274118657 0.011930405148198275
0.0 0.36899038779785465 0.2871376663495873 0.012612142585238484 0.010907798992639073
0.0 0.3253591918273001 0.32667843769790217 0.012612142585238484 0.010907798992638362
0.0 0.3817729647423532 0.3597427033943383 0.016361698488958076 0.012271273866718956
0.0 0.41807548326472876 0.3154297699867435 0.014657354896358221 0.012953011303758899
0.0 0.2459367804121498 0.3343479838646008 0.009885192837078805 0.015339092333398696
0.0 0.12833707252276422 0.3979199998685736 0.012612142585238439 0.012271273866718247
0.0 0.014998223614878159 0.5013504338829765 0.0097488453496708 0.012373534482274096
0.0 0.06955426201399746 0.5581562058243279 0.014623268024506197 0.01724795715710954
0.0 0.24709573405511773 0.48935185499107414 0.01274849007264649 0.015373179205249698
0.0 0.3014642946590513 0.461980096893922 0.0112486677111586 0.012373534482274805
0.0 0.30877592867130416 0.5350964370164529 0.013873356843762341 0.015373179205249698
0.0 0.37964253525160346 0.5446578045709376 0.016123090385993955 0.011998578891903122
0.0 0.3907037251675764 0.5262849806427127 0.011998578891902945 0.01349840125339199
0.0 0.4536962643500644 0.5328467034742207 0.014248312434134292 0.013123445663018884
0.0 0.5384362277741259 0.5094119790759741 0.01199857889190259 0.01274849007264649
0.0 0.6807318743202825 0.5002255671118612 0.01162362330153055 0.012373534482274805
0.0 0.6053658006555197 0.4452945731223693 0.012373534482274452 0.01274849007264649
0.0 0.906080184133827 0.4314212162786067 0.010873712120786649 0.014248312434133936
0.0 0.6456735266205047 0.2561294777797187 0.00974884534967071 0.013123445663018174
0.0 0.6029285893181021 0.40986126983222027 0.01199857889190259 0.012373534482274096
0.0 0.5318745049426168 0.4385453724956747 0.013123445663018351 0.01274849007264649
0.0 0.49550381267653726 0.20382317292283147 0.014623268024506152 0.010498756530414965
0.0 0.48406766717019273 0.1612657134156148 0.011248667711158688 0.01012380094004257
0.0 0.5075023915684398 0.12489502114953517 0.015373179205250054 0.01012380094004257
0.0 0.4536962643500645 0.06902663818411377 0.009748845349671242 0.012373534482274805
0.0 0.4591331204104576 0.02853143442394277 0.010123800940042749 0.01012380094004257
0.0 0.5622459077627451 0.004798088555079616 0.01162362330153055 0.009596177110159232
0.0 0.6593594056690815 0.008283832543856917 0.009373889759298848 0.011623623301530727
0.0 0.660671750235383 0.05984022622000111 0.010498756530414788 0.00899893416892752
0.0 0.799967752058564 0.09939804100424218 0.008623978578554948 0.009373889759299203
0.0 0.9647607340270378 0.004235655169521735 0.011248667711158688 0.00847131033904347
0.0 0.3399315143642977 0.0021088110811563255 0.0141460106967215 0.004217622162312651
