0.0 0.046980087107361256 0.23989386843757093 0.007758636022689558 0.032570541204374116
0.0 0.11859826577834127 0.09332643301789091 0.0077586360226888475 0.03553149949568054
0.0 0.20267878038469966 0.2575491267416051 0.004346422616961121 0.03234547063785197
0.0 0.20036974336943913 0.4334276233349228 0.005161376857640931 0.028302286808119147
0.0 0.27616048775270163 0.2184650163875324 0.0057046796847615155 0.035040926524338156
0.0 0.3680685299852353 0.2988414572143092 0.0024262196797508297 0.01805558831442478
0.0 0.46531950238769326 0.218594261281359 0.004448069412875811 0.03009264719070444
0.0 0.4515709242024396 0.28881043805967055 0.004448069412876521 0.018055588314421254
0.0 0.5146526358759551 0.009489850791508672 0.0060655491993763634 0.018979701583017344
0.0 0.5694447635753359 0.21859446641796126 0.006469919146001502 0.026080294231946903
0.0 0.6830727186453085 0.0004620566342962831 0.005661179252751225 0.0009241132685925662
0.0 0.7766843612890199 0.06411867236907223 0.0060655491993763634 0.026080294231943375
0.0 0.9058805592357384 0.1303224961886227 0.009704878719002608 0.03009264719070444
0.0 0.9685579009626292 0.5044744095930564 0.006469919146001502 0.03611117662884603
0.0 0.9153832529814284 0.300847496935952 0.005256809306126087 0.026080294231946903
0.0 0.9145745130881778 0.46334779176575913 0.005256809306126797 0.026080294231943375
0.0 0.9463175538982483 0.15038426098242624 0.005661179252751225 0.03811735310822656
