0.0 0.1876121871520158 0.9706811422407761 0.006506234260578658 0.008632033573440622
0.0 0.25283570347679013 0.9577229014269768 0.005888475836431173 0.006721189591078059
0.0 0.1887368553462423 0.8433364796398486 0.005987421692452877 0.008532075911745096
0.0 0.15924111192018922 0.674436457594544 0.005867778113004896 0.007823704150673193
0.0 0.32312385495517754 0.7266793336408932 0.00642379182156132 0.008267657992565347
0.0 0.2974040676655465 0.589724836665629 0.003904569824022275 0.005515979592666298
0.0 0.30130863748956865 0.5877105744548239 0.0032847968360821154 0.006817502867340508
0.0 0.30457530411318695 0.6494453224946183 0.009124323248434507 0.009046337579644615
0.0 0.14754440991934192 0.45461139364263997 0.0091658868379493 0.006577871730764073
0.0 0.3444358197863493 0.40928285092261946 0.007514963340793113 0.007932461304170246
0.0 0.42273307787902625 0.5719758239663779 0.005384686004257766 0.00656669024909462
0.0 0.1598338401062926 0.1327789758315209 0.007822795296241258 0.006243192399884734
0.0 0.2819554649057903 0.2789264517802231 0.007751659457561466 0.007997743884785535
0.0 0.3142752507582419 5.407645305606223e-05 0.006666876664619892 0.00010815290611212446
0.0 0.5640190010081114 0.7014373897824002 0.0056222739176241985 0.007055402563293356
0.0 0.6506225921313137 0.9012405164396412 0.005089308438584972 0.007409434344410215
0.0 0.5469145850006109 0.5339938152017363 0.005719808025229334 0.007536688221478727
0.0 0.6153898223782911 0.49990944535329884 0.005234200743494455 0.006542750929368069
0.0 0.7078495680667578 0.5818441891576676 0.006126394052044759 0.0061858736059477335
0.0 0.8001921570845564 0.680065480134701 0.005639643666360694 0.004213600904105874
0.0 0.6871005650871461 0.4345805341270662 0.004866556418210521 0.0046679214623654985
0.0 0.6373959981413495 0.34106517685145193 0.006344684935415223 0.007855324205752013
0.0 0.7247387327740926 0.3051281046346084 0.006500934097865496 0.006611119421558342
0.0 0.6258343065059396 0.19159291167970646 0.007393916821836477 0.0050632256497358695
0.0 0.7466233812947483 0.20745156985578017 0.004049141548309265 0.008650438762296986
0.0 0.8639151376670957 0.009681166489477455 0.00760826025069612 0.005926434300542027
0.0 0.8828716495053068 0.10723935399814125 0.006201411439059612 0.005658787938141785
0.0 0.9486633026938229 0.08116983977668397 0.005924366733360031 0.006402138244114753
0.0 0.9355643464181356 0.024567516504164288 0.0036786003893165995 0.006786383476842417
0.0 0.9140447979153817 0.9095983994771248 0.005607293337928354 0.009345488896547493
0.0 0.9719394216504222 0.8920847379851935 0.005472118959107775 0.0046394052044611556
0.0 0.9159262496249705 0.6068190193088954 0.006509017285561569 0.008437614999802534
