0.0 0.0046112975143834944 0.5134896812822877 0.00801546560664761 0.008958461560370523
0.0 0.2512047394130194 0.4147108551297748 0.006129473699201071 0.007543967629786152
0.0 0.3261729177340197 0.43309927622737837 0.00707246965292434 0.006600971676063239
0.0 0.4273092337708409 0.56606170570236 0.005657975722339614 0.007543967629786152
0.0 0.1809515408606357 0.08041878953487398 0.006129473699201427 0.007543967629786152
0.0 0.3697864805937213 0.03515498375615707 0.00942995953723269 0.011315951444679229
0.0 0.7821114613592227 0.10493668433167898 0.007072469652924696 0.008486963583509066
0.0 0.9094159151118646 0.1266255912673145 0.00801546560664761 0.010372955490956315
0.0 0.5442407320325268 0.2848131625043937 0.006600971676062883 0.00801546560664761
0.0 0.5713518657020709 0.4224905717479917 0.005186477745477802 0.008958461560371233
0.0 0.9414777775384561 0.3835919886569066 0.007072469652924696 0.010372955490956315
