0.0 0.9166403783395026 0.9391733601278561 0.011368394510319036 0.009573384850794397
0.0 0.8756543244470386 0.9382758552980942 0.010770057957144275 0.008975048297619637
0.0 0.9339921383815671 0.9116498786818218 0.008975048297619992 0.013163404169842607
0.0 0.919931229381963 0.7118054699214854 0.009573384850794042 0.009573384850794574
0.0 0.995267471328287 0.3545985476762138 0.009465057343426153 0.01077005795714392
0.0 0.9728840143379205 0.388404562930582 0.011368394510318324 0.011368394510318592
0.0 0.957626432231967 0.4347756458016182 0.013163404169842607 0.009573384850794574
0.0 0.9256154266371233 0.5685038654361546 0.008975048297619992 0.014958413829366534
0.0 0.8977927769145009 0.575384735797663 0.009573384850794753 0.009573384850794574
0.0 0.8529175354264016 0.612481602094492 0.010770057957144275 0.011966731063493264
0.0 0.7658595669394884 0.5460662446921047 0.011368394510318324 0.01077005795714392
0.0 0.8523191988732268 0.5239277922246423 0.011966731063493085 0.014360077276191773
0.0 0.8723634734045781 0.504481854246466 0.010171721403969514 0.011368394510318503
0.0 0.9154437052331531 0.5233294556714676 0.010171721403969514 0.011966731063493264
0.0 0.8962969355315646 0.4548199203329692 0.010171721403970223 0.01136839451031868
0.0 0.11026984581949506 0.8733977694463944 0.010770057957143564 0.009573384850794753
0.0 0.37862378991832984 0.8958353901904443 0.011368394510318324 0.008975048297619992
0.0 0.3923855306413472 0.8072815803205948 0.010171721403968803 0.008975048297619992
0.0 0.06270208984210975 0.75402962708805 0.011368394510319036 0.011368394510318503
0.0 0.21886793022069567 0.728600323578127 0.011368394510318324 0.01077005795714392
0.0 0.022314372502820135 0.44199711460746505 0.009573384850794753 0.011966731063493264
0.0 0.021444430736236343 0.18345193163854928 0.010470106955624914 0.011483343112621247
0.0 0.029381447299371644 0.21418676173409437 0.010807852341290669 0.008105889255967913
0.0 0.018404722265248454 0.21688872481941704 0.011145597726955715 0.008105889255967913
0.0 0.010636578394946028 0.22938530408903426 0.011145597726956424 0.008105889255967913
0.0 0.02532850267138791 0.2636664607340653 0.012158833883951559 0.009794616184294646
0.0 0.014182904944432195 0.15254822885017147 0.012834324655282359 0.009119125412963936
0.0 0.042215771954654716 0.14461121228703624 0.010807852341290669 0.009456870798629247
0.0 0.017898104186750884 0.16588917158395206 0.010807852341290669 0.010132361569959957
0.0 0.06433809471573397 0.11792932681947507 0.009794616184294114 0.00945687079862929
0.0 0.12344353720716654 0.10458838408569453 0.009794616184294114 0.01047010695562527
0.0 0.11111583063038175 0.1346477234099089 0.008105889255968179 0.011145597726955937
0.0 0.11955946527201533 0.12198227144745906 0.010807852341290669 0.010807852341290624
0.0 0.1300295722276406 0.130088160703427 0.012834324655282359 0.008781380027298624
0.0 0.13306928069862883 0.12096903529046306 0.01215883388395227 0.008781380027298624
0.0 0.11685750218669355 0.1559256827068247 0.012158833883951559 0.00911912541296398
0.0 0.05741431430959487 0.15322371962150214 0.011483343112620758 0.008443634641633313
0.0 0.08173198207749835 0.16504480811978872 0.010807852341290669 0.007768143870302646
0.0 0.07143074781470524 0.17382618814708733 0.009794616184294114 0.010470106955625313
0.0 0.08612267209114713 0.19240218435868053 0.00878138002729898 0.011821088498286603
0.0 0.12513226413549283 0.17669702392524264 0.007768143870302424 0.011483343112621247
0.0 0.1041920502242423 0.18649164010953723 0.008443634641633224 0.009456870798629247
0.0 0.11162244870887968 0.1856472766453739 0.009119125412964025 0.008443634641633313
0.0 0.1362778618624489 0.20641861786379176 0.011145597726955715 0.010132361569959957
0.0 0.1545161126883766 0.18666051280236995 0.008443634641633224 0.011145597726955891
0.0 0.16616832849382987 0.19594851090816645 0.010132361569959869 0.010132361569959869
0.0 0.1744430904426313 0.16757789851227872 0.010470106955624914 0.01215883388395187
0.0 0.19234359588289357 0.18666051280236995 0.009119125412964025 0.007092653098971935
0.0 0.1975786493607064 0.18108771393889195 0.008105889255968179 0.006754907713306624
0.0 0.20348919360984966 0.1682533892836094 0.009119125412964025 0.01080785234129058
0.0 0.2078798836234988 0.15727666424948614 0.010470106955625624 0.009794616184294603
0.0 0.1938634501183877 0.09327391366590593 0.010807852341289958 0.008105889255967936
0.0 0.21615464557229913 0.12941266993209638 0.00878138002729827 0.010132361569959914
0.0 0.20872424708766282 0.14562444844403222 0.00945687079862978 0.010132361569959914
0.0 0.21649239095796524 0.14038939496621958 0.010807852341290669 0.007768143870302602
0.0 0.25448874684531475 0.09901558522221657 0.009119125412964025 0.012158833883951914
0.0 0.26495885380094003 0.11472074565565446 0.009794616184294825 0.00844363464163327
0.0 0.28218386846987187 0.13802517726656227 0.007768143870302424 0.009794616184294603
0.0 0.24266765834702825 0.12552859799694502 0.009119125412964025 0.010470106955625225
0.0 0.23506838716955833 0.14089601304471758 0.007430398484637379 0.006754907713306624
0.0 0.23169093331290505 0.130088160703427 0.010807852341290669 0.007430398484637291
0.0 0.24013456795453791 0.13481659610274163 0.008105889255968179 0.0074303984846372465
0.0 0.1504631680603925 0.23039854024603024 0.007768143870302424 0.009456870798629335
0.0 0.23270416946990088 0.16707128043378072 0.008105889255968179 0.010470106955625225
0.0 0.2332107875483988 0.22364363253272365 0.009794616184294114 0.013509815426613248
0.0 0.2506046749101632 0.1603163727204741 0.00945687079862978 0.009119125412963936
0.0 0.26445223572244175 0.16166735426313544 0.009456870798629068 0.008443634641633224
0.0 0.2507735476029961 0.1782168781607366 0.009119125412964025 0.009119125412963936
0.0 0.2595549276302947 0.1787234962392346 0.008443634641633224 0.010807852341290624
0.0 0.2967069200534812 0.2077695994064531 0.011145597726956424 0.008781380027298624
0.0 0.3183226247360622 0.222461523682895 0.010470106955624914 0.008443634641633313
0.0 0.2948493204323217 0.17652815123240997 0.010807852341290669 0.007768143870302557
0.0 0.3005909919886324 0.18497178587404328 0.009456870798629068 0.008443634641633224
0.0 0.31578953434357226 0.1910512028160192 0.01148334311262147 0.007768143870302602
0.0 0.3097101174015961 0.1723063339115934 0.00878138002729827 0.010132361569959957
0.0 0.31460742549374354 0.16166735426313544 0.009794616184294825 0.01047010695562527
0.0 0.3368986209476553 0.14055826765905224 0.008443634641633224 0.009456870798629247
0.0 0.3328456763196712 0.1567700461709881 0.011821088498286513 0.00878138002729858
0.0 0.3360542574834923 0.1657202988911194 0.007430398484636669 0.00844363464163327
0.0 0.3404449474971415 0.17213746121876067 0.010132361569959869 0.008443634641633224
0.0 0.326090768606365 0.09428714982290191 0.010470106955625624 0.008105889255967957
0.0 0.36645134219337194 0.09732685829388991 0.00675490771330658 0.007430398484637291
0.0 0.3762459583776668 0.09850896714371855 0.00878138002729827 0.006417162327641312
0.0 0.3885736649544512 0.09969107599354723 0.009119125412964025 0.006754907713306635
0.0 0.3806366483913163 0.10492612947135985 0.00945687079862978 0.007092653098971935
0.0 0.3865471926404595 0.10745921986384983 0.009119125412964734 0.007430398484637291
0.0 0.3745572314493401 0.11759158143380977 0.010132361569959869 0.009456870798629247
0.0 0.3835074841694713 0.1419092492017136 0.009119125412964025 0.010132361569959957
0.0 0.3845207203264671 0.1528859742358368 0.010470106955624914 0.009794616184294603
0.0 0.4144111869578492 0.12282663491162238 0.010132361569959869 0.007092653098971935
0.0 0.4392354728042509 0.09800234906522057 0.009119125412964025 0.00878138002729858
0.0 0.45375852438786024 0.12485310722561438 0.008443634641633224 0.009794616184294603
0.0 0.45071881591687235 0.14157150381604827 0.009119125412964025 0.00945687079862929
0.0 0.45021219783837374 0.16065411810613944 0.010132361569959869 0.009119125412963936
0.0 0.42724551161313185 0.1414026311232156 0.009456870798629068 0.006417162327641268
0.0 0.42133496736398823 0.1569389188638208 0.011145597726955715 0.009794616184294603
0.0 0.37996115761998545 0.16943549813343806 0.007430398484637379 0.013172070040947892
0.0 0.3537858902309221 0.1599786273348088 0.011145597726955715 0.01249657926961727
0.0 0.36476261526504566 0.1642004446556254 0.01013236156996058 0.010807852341290624
0.0 0.3264285139920304 0.18649164010953728 0.010470106955624914 0.008781380027298624
0.0 0.3360542574834923 0.1937531659013419 0.00878138002729827 0.009794616184294603
0.0 0.3556434898520813 0.1883492397306966 0.010132361569959869 0.009119125412963936
0.0 0.3672957056575356 0.19729949245082784 0.011145597726955715 0.010132361569959936
0.0 0.35969643448006466 0.21925294251907435 0.010807852341290669 0.01080785234129058
0.0 0.3970172995960848 0.18530953125970864 0.008443634641633224 0.011145597726955937
0.0 0.4142423142650163 0.20371665477846915 0.010470106955624914 0.009456870798629313
0.0 0.4248812939134744 0.21503112519825768 0.007430398484637379 0.01047010695562527
0.0 0.43298718316944224 0.23022966755319757 0.01215883388395227 0.007768143870302602
0.0 0.42859649315579273 0.18885585780919456 0.00878138002729827 0.009456870798629247
0.0 0.42842762046296023 0.17450167891841803 0.008443634641633224 0.008443634641633313
0.0 0.427414384305964 0.16572029889111942 0.012496579269617314 0.01047010695562527
0.0 0.48280462755507864 0.1560945553996575 0.011821088498286513 0.011483343112621247
0.0 0.4806092825482537 0.20861396287061643 0.01148334311262147 0.009119125412963936
0.0 0.49580782490319386 0.2054053817067958 0.007430398484637379 0.012158833883951914
0.0 0.5130328395721253 0.10593936562835585 0.010132361569959869 0.009794616184294603
0.0 0.5299201088553922 0.10729034717101715 0.00810588925596747 0.009794616184294603
0.0 0.5711250459065628 0.11438300026998911 0.00878138002729898 0.011821088498286603
0.0 0.5545755220089614 0.1329589964815823 0.010807852341290669 0.010470106955625225
0.0 0.5498470866096469 0.14342910343720755 0.009456870798629068 0.011145597726955937
0.0 0.5363372711830333 0.1582899004064821 0.00878138002729898 0.011145597726955891
0.0 0.5199566199782648 0.1642004446556254 0.011145597726956424 0.010132361569960002
0.0 0.4848310998690703 0.18936247588769256 0.013847560812278203 0.011145597726955937
0.0 0.4405864543469121 0.15339259231433486 0.009794616184294114 0.009456870798629247
0.0 0.42386805775647823 0.1486641569150202 0.010807852341290669 0.0074303984846372465
0.0 0.41322907810802045 0.1393761588092236 0.008443634641633224 0.009794616184294558
0.0 0.505602441087488 0.214355634426927 0.008105889255968179 0.009794616184294558
0.0 0.5047580776233254 0.22178603291156435 0.009119125412964025 0.005741671556310645
0.0 0.5071222953229825 0.2271899590822096 0.010470106955624914 0.0070926530989718906
0.0 0.5219830922922565 0.22702108638937696 0.009119125412964025 0.008781380027298624
0.0 0.5388703615755233 0.2327627579456876 0.013172070040948114 0.008105889255967913
0.0 0.5478206142956548 0.18024335047472864 0.00878138002729898 0.00844363464163327
0.0 0.5648767562717538 0.17551491507541403 0.009794616184294825 0.01047010695562527
0.0 0.5625125385720967 0.18632276741670462 0.008443634641633224 0.01047010695562527
0.0 0.5625125385720967 0.1979749832221585 0.010470106955625624 0.008105889255967957
0.0 0.6126677283433981 0.21705759751224968 0.009456870798629068 0.009119125412963936
0.0 0.6413760861249511 0.23799781142350024 0.010132361569959869 0.007768143870302602
0.0 0.6138498371932265 0.19476640205833787 0.010470106955625624 0.011145597726955891
0.0 0.6263464164628442 0.20219680054297515 0.009119125412963313 0.008443634641633224
0.0 0.5922341325106455 0.13650532303106827 0.009119125412964025 0.01080785234129058
0.0 0.6042240937017649 0.12316438029728771 0.006079416941975779 0.009794616184294603
0.0 0.6060816933229244 0.14207812189454622 0.008443634641633224 0.009794616184294603
0.0 0.541741197353679 0.1148896183484871 0.00607941694197649 0.009456870798629247
0.0 0.6469488849884296 0.13802517726656227 0.008443634641633224 0.007768143870302646
0.0 0.5841282432546777 0.2634975880412327 0.011821088498286513 0.009456870798629247
0.0 0.541741197353679 0.26687504189788597 0.00878138002729827 0.009456870798629158
0.0 0.5228274557564205 0.27498093115385397 0.009456870798629068 0.006754907713306668
0.0 0.5295823634697271 0.21925294251907435 0.010132361569959869 0.012834324655282624
0.0 0.5947672229031358 0.2856199108023119 0.01148334311262147 0.009794616184294646
0.0 0.6525216838519071 0.28342456579548725 0.009456870798628359 0.010132361569959957
0.0 0.6417138315106168 0.19527302013683587 0.010807852341290669 0.00945687079862927
0.0 0.6439091765174417 0.18277644086721861 0.008443634641633935 0.010132361569959914
0.0 0.6580944827153854 0.17078647967609936 0.009119125412964025 0.00844363464163327
0.0 0.6606275731078753 0.17517716968974867 0.00810588925596747 0.00844363464163327
0.0 0.6690712077495086 0.17703476931090797 0.007430398484637379 0.012834324655282581
0.0 0.6847763681829466 0.18210095009588795 0.009119125412963313 0.00878138002729858
0.0 0.6893359308894287 0.18986909396619056 0.010132361569959869 0.008781380027298624
0.0 0.718382034056647 0.18885585780919453 0.010132361569959869 0.010132361569959914
0.0 0.7347626852614152 0.2172264702050824 0.010470106955624914 0.008105889255967913
0.0 0.7364514121897419 0.27920274847467064 0.009794616184294114 0.009119125412963936
0.0 0.7207462517563045 0.30943096049171775 0.010132361569959869 0.008105889255968002
0.0 0.7197330155993076 0.322940775918331 0.010807852341290669 0.008105889255967913
0.0 0.42538791199197235 0.318887831290347 0.011821088498286513 0.010132361569959869
0.0 0.48820855372572397 0.355702078327868 0.011145597726956424 0.008781380027298714
0.0 0.45730485093734574 0.3918408345940584 0.00945687079862978 0.01080785234129058
0.0 0.5697740643639009 0.34472535329374476 0.00945687079862978 0.012496579269617225
0.0 0.6021976213877729 0.3759668014677879 0.009456870798629068 0.012158833883952003
0.0 0.47503648368477586 0.4315259174097347 0.011821088498286513 0.008443634641633224
0.0 0.4272455116131315 0.5580115643414013 0.01013236156996058 0.007430398484637379
0.0 0.4833112456335765 0.5615578908908871 0.010807852341290669 0.012496579269617137
0.0 0.56082381164377 0.5073497564916015 0.009794616184294825 0.008781380027298624
0.0 0.11377402295547193 0.23038134719743306 0.011847063752858133 0.010530723335874015
0.0 0.08557580578480391 0.373809047402648 0.006428409248984223 0.010384353402204737
0.0 0.09101522899548264 0.3745507869313769 0.00543942321067874 0.012856818497967914
0.0 0.1357668472287937 0.3654026660770536 0.008900874344746512 0.011373339440510045
0.0 0.18966658631642835 0.3658971590962062 0.009889860383051997 0.01236232547881535
0.0 0.18422716310574963 0.4084235587433308 0.006922902268136966 0.011373339440510045
0.0 0.16123323771515316 0.42894501903816407 0.007417395287288997 0.011867832459662608
0.0 0.2321929859635528 0.3614467219238327 0.009889860383051997 0.011373339440510045
0.0 0.260131841545676 0.41707718657850146 0.009395367363899964 0.009889860383052174
0.0 0.2762028646681355 0.41954965167426445 0.008900874344747223 0.009889860383052174
0.0 0.2037596373622776 0.4524334374479132 0.008406381325594481 0.010384353402204916
0.0 0.21488573029321287 0.4722131582140176 0.01087884642135819 0.010384353402204916
0.0 0.18397991659617396 0.5132560788036843 0.010384353402204737 0.012362325478815172
0.0 0.3516130500889087 0.33746381049493107 0.010384353402204737 0.012856818497967826
0.0 0.3634808825485713 0.3194148152958607 0.008406381325594481 0.01335131151712048
0.0 0.3323278223419571 0.27936088074449916 0.010384353402204737 0.00939536736389961
0.0 0.3872165474678969 0.2652678296986498 0.010384353402204737 0.011867832459662697
0.0 0.3722334419043449 0.682825498018441 0.009247019458153715 0.0103349041002895
0.0 0.38556002877050766 0.7432030956569747 0.01087884642135748 0.011422788742425461
0.0 0.4078616639342901 0.7383076147673636 0.009790961779221874 0.009247019458153715
0.0 0.42825950097433607 0.7075748736270289 0.011422788742425638 0.00870307713708609
0.0 0.4453936840879738 0.6939763156003321 0.008703077137085558 0.01087884642135748
0.0 0.4546407035461275 0.7127423256771739 0.011966731063493085 0.012510673384561067
0.0 0.5438472442012585 0.7364038166436263 0.013054615705628691 0.009790961779221697
0.0 0.6703138338495386 0.7516342016335267 0.010334904100289321 0.01087884642135748
0.0 0.7948766253740818 0.7233492009379973 0.010334904100289321 0.01087884642135748
0.0 0.7214444120299184 0.6811936710552373 0.010334904100289321 0.011422788742425105
0.0 0.8315927320461626 0.6531806415202419 0.01087884642135748 0.008703077137085912
0.0 0.6510038814516296 0.469056165838767 0.01087884642135748 0.009247019458153894
0.0 0.7005026326688057 0.5340572732063779 0.008703077137086268 0.009790961779221697
0.0 0.7198125850667146 0.473951646728378 0.009247019458154426 0.011422788742425282
0.0 0.625438592361439 0.42907640524027846 0.011966731063493085 0.00870307713708609
0.0 0.779374269223647 0.42254909738746405 0.008703077137085558 0.011966731063493264
0.0 0.8060274429559723 0.41167025096610665 0.011966731063493797 0.009790961779221697
0.0 0.8011319620663617 0.35917981698305684 0.01087884642135748 0.009247019458153805
0.0 0.8503587421230041 0.34503731663529225 0.010334904100289321 0.012510673384561067
0.0 0.807659269919176 0.3102250080869484 0.01087884642135748 0.0103349041002895
0.0 0.762512057270543 0.5003328493001697 0.01087884642135748 0.009790961779221697
0.0 0.931406147962117 0.4160217895346495 0.01359855802669685 0.009790961779221697
0.0 0.9199833592196913 0.37930568286256827 0.009247019458153715 0.010334904100289588
0.0 0.7255239794379271 0.2370647659033196 0.01087884642135748 0.009790961779221608
0.0 0.6714017184916738 0.15003399453246005 0.011422788742425638 0.011966731063493174
0.0 0.6820085937524972 0.1261005324054737 0.01087884642135748 0.009790961779221697
0.0 0.6931594113343891 0.11413380134198048 0.009247019458153006 0.010878846421357436
0.0 0.6945192671370581 0.12664447472654156 0.008703077137085558 0.008703077137085957
0.0 0.685272247678905 0.1549294754220709 0.011966731063492376 0.01196673106349313
0.0 0.7255239794379271 0.1367074076662972 0.008703077137086268 0.012510673384561067
0.0 0.7127413348928322 0.1353475518636275 0.009247019458153715 0.008703077137085957
0.0 0.7059420558794838 0.12882024401081307 0.008703077137086268 0.011966731063493219
0.0 0.7002306615082705 0.16417649488022473 0.010334904100290032 0.010878846421357436
0.0 0.7029503731136103 0.17342351433837855 0.010334904100290032 0.008703077137085957
0.0 0.7130133060533652 0.1660802930039623 0.009790961779221874 0.009247019458153849
0.0 0.7214444120299177 0.16880000460930158 0.009247019458153715 0.009247019458153894
0.0 0.7230762389931218 0.1813106779938627 0.00815913481601811 0.010334904100289543
0.0 0.7328672007723434 0.1851182742413378 0.009247019458153715 0.012510673384561022
0.0 0.7361308546987505 0.16064086979328357 0.011422788742424927 0.012510673384561067
0.0 0.7597923456652029 0.14133091739537412 0.011966731063493085 0.008703077137085957
0.0 0.7619681149494746 0.15465750426153702 0.008703077137086268 0.010334904100289543
0.0 0.7869894617185971 0.16254466791702113 0.011966731063493085 0.009790961779221697
0.0 0.8402958091832478 0.15084990801406187 0.009790961779221874 0.011422788742425282
0.0 0.7959645100162167 0.13208389793722025 0.011422788742424927 0.011966731063493174
0.0 0.8941460989689677 0.1353475518636275 0.008703077137086268 0.009790961779221697
0.0 0.8734762907683884 0.15166582149566368 0.01087884642135748 0.011966731063493174
0.0 0.882451339066008 0.15547341774313878 0.010334904100289321 0.007615192494950218
0.0 0.8628694155075649 0.17587125478318394 0.009247019458153715 0.01251067338456111
0.0 0.8519905690862075 0.19218952441522014 0.011422788742425638 0.01251067338456111
0.0 0.8027637890295647 0.2017085150339079 0.009790961779221874 0.010878846421357457
0.0 0.8106509526850492 0.21041159217099387 0.00815913481601811 0.009790961779221785
0.0 0.8337685013304335 0.22509803483982638 0.011966731063492376 0.009790961779221697
0.0 0.8683088387182434 0.24087236215079472 0.011422788742425638 0.01087884642135748
0.0 0.8337685013304335 0.25610274714069514 0.008703077137086268 0.01087884642135748
0.0 0.8598777327416919 0.21041159217099387 0.007615192494950662 0.009790961779221785
0.0 0.8571580211363518 0.20116457271283994 0.008703077137086268 0.010878846421357391
0.0 0.8152744624141264 0.27976423810714757 0.01087884642135748 0.010334904100289588
0.0 0.8160903758957282 0.2892832287258353 0.009247019458154426 0.008703077137086002
0.0 0.9137280225274107 0.27051721864899375 0.011966731063493797 0.009247019458153805
0.0 0.9599631198181804 0.2914589980101068 0.009790961779221874 0.009790961779221608
0.0 0.9330379749253208 0.24304813143506615 0.011422788742425638 0.01087884642135748
0.0 0.9401092250992032 0.22917760224783543 0.007071250173882504 0.0103349041002895
0.0 0.9553396100891032 0.2188426981475459 0.010334904100290032 0.011422788742425282
0.0 0.9754654759686148 0.2286336599267676 0.009247019458154426 0.009247019458153805
0.0 0.9893360051558453 0.23380111197691233 0.011966731063493085 0.007615192494950218
0.0 0.9727457643632758 0.23788067938492144 0.014686442668832456 0.009247019458153805
0.0 0.9713859085606054 0.20116457271284002 0.009790961779221874 0.009790961779221629
0.0 0.9074726858351305 0.18185462031493055 0.009247019458154426 0.00815913481601811
0.0 0.9039370607481896 0.18838192816774502 0.008703077137086268 0.010334904100289588
0.0 0.9123681667247414 0.19871683226803466 0.010334904100290032 0.01033490410028961
0.0 0.9004014356612483 0.20524414012084907 0.00815913481601811 0.010334904100289588
0.0 0.9120961955642077 0.2114994768131296 0.01087884642135819 0.008703077137086002
0.0 0.9023052337849858 0.21639495770274048 0.011966731063493085 0.007615192494950218
0.0 0.9640426872261898 0.15193779265619758 0.010334904100289321 0.011422788742425328
0.0 0.9855284089083707 0.16580832184342836 0.01087884642135748 0.008703077137085957
0.0 0.9936875437243884 0.18158264915439665 0.009790961779221874 0.007615192494950263
0.0 0.9692101392763345 0.17151971621464102 0.009790961779221874 0.010334904100289588
0.0 0.8414710568079201 0.5566265612652088 0.009198500950461153 0.009616614630027876
