0.0 0.04599506076055846 0.8585388778965498 0.01078893859969341 0.01348617324961623
0.0 0.16287522892390277 0.8470756306343759 0.014385251466257642 0.01123847770801376
0.0 0.281805295421189 0.787226241448119 0.009247019458153715 0.01359855802669685
0.0 0.2801734684579852 0.8176870114279197 0.010334904100290032 0.012510673384560533
0.0 0.2880606321134692 0.8380848484679653 0.008703077137086268 0.011966731063493085
0.0 0.3106342384377864 0.8465159544445168 0.010334904100290032 0.012510673384561244
0.0 0.4194227026513605 0.8108877324145712 0.011422788742425638 0.01087884642135748
0.0 0.4953026564403288 0.7358236921072049 0.008703077137085558 0.010878846421357835
0.0 0.5486090039049806 0.8233984057991325 0.008703077137086268 0.01087884642135748
0.0 0.6685482857004462 0.7651965774448698 0.007071250173882504 0.011966731063493085
0.0 0.8039899236463462 0.8103437900935034 0.010334904100290032 0.01087884642135748
0.0 0.8676311752112873 0.8277499443676757 0.010334904100289321 0.01087884642135748
0.0 0.8651834347664817 0.8399886465917025 0.009790961779221874 0.011422788742424927
0.0 0.894828291264681 0.8636501375581549 0.009247019458154426 0.011966731063493797
0.0 0.9432391578397208 0.5571386396364091 0.012510673384561244 0.009247019458153715
0.0 0.7799204759390932 0.5218095858830509 0.009573384850794042 0.01136839451031868
0.0 0.9543355811895061 0.5101420230961446 0.0077783751912704705 0.010770057957143564
0.0 0.8636875933835455 0.4162031842477232 0.010770057957143564 0.01077005795714392
0.0 0.8529175354264016 0.2866633204854095 0.010770057957144275 0.012565067616667846
0.0 0.9166403783395026 0.13917336012785614 0.011368394510319036 0.009573384850794397
0.0 0.8756543244470386 0.1382758552980942 0.010770057957144275 0.008975048297619637
0.0 0.9339921383815671 0.11164987868182177 0.008975048297619992 0.013163404169842607
0.0 0.7071105576112178 0.2804222168448266 0.011368394510318324 0.01077005795714392
0.0 0.684074600313993 0.28909809686585924 0.010770057957144275 0.012565067616667846
0.0 0.5551330731048548 0.4787707842222261 0.011368394510318324 0.01136839451031868
0.0 0.47914433085167263 0.5368094298801683 0.011368394510318324 0.01136839451031868
0.0 0.7112989134834408 0.8787587700194862 0.011368394510318324 0.011966731063493085
0.0 0.47884516257508525 0.3330758335241967 0.011966731063493085 0.011966731063493085
0.0 0.379521294748092 0.3582059687575322 0.011966731063493797 0.008376711744445231
0.0 0.11026984581949506 0.07339776944639435 0.010770057957143564 0.009573384850794753
0.0 0.37862378991832984 0.09583539019044433 0.011368394510318324 0.008975048297619992
0.0 0.3923855306413472 0.007281580320594827 0.010171721403968803 0.008975048297619992
