0.0 0.001927728648401228 0.8780684352269794 0.0032671932880383283 0.005056370564821578
0.0 0.05240867263392399 0.6042990708806008 0.006558167389574265 0.007830647629342736
0.0 0.07614532326036887 0.6144299712510628 0.008417946201543458 0.007341232152508681
0.0 0.05529274426797546 0.511043462489473 0.007685936871414967 0.0063345633555620395
0.0 0.17936855839454874 0.950334123279941 0.009058627107230066 0.007530665908421952
0.0 0.15833092074245111 0.6987271030307756 0.006629373967091468 0.00820244575589264
0.0 0.15277587379577556 0.6530127026345982 0.006179924884576593 0.010000242085951783
0.0 0.13423170008774826 0.5618541988015708 0.007224762313042987 0.008511363820845119
0.0 0.21439576779442504 0.5951494417951381 0.008381566388829854 0.007124331430505393
0.0 0.6954823954155426 0.9968692026044552 0.006414107737491648 0.006261594791089564
0.0 0.7456893766710818 0.9374490804091984 0.007298812253007725 0.008183516768523446
0.0 0.6303460254606688 0.9238467484831379 0.010616454186193636 0.009289397412918987
0.0 0.5809459466307032 0.9383858798560404 0.011719761645936088 0.007202666219512821
0.0 0.36814626072822937 0.8172209041188747 0.010971463946977168 0.010971463946977877
0.0 0.3906666340930773 0.7896960033396155 0.005966936532565725 0.006351900179829073
0.0 0.38845309312131937 0.7947005307540262 0.008084236592510053 0.00673686382709171
0.0 0.34572212827519644 0.8060569583482661 0.010009054828821463 0.0055819728853045095
0.0 0.31194156822792307 0.7942193261949482 0.006351900179829073 0.00962409118155918
0.0 0.29155155489981655 0.7509069447249335 0.010246869816533888 0.009315336196847568
0.0 0.7574886447609475 0.8341428939290406 0.007947393036494077 0.008066010843008797
0.0 0.6548684764441394 0.8157332444682488 0.010238967425021528 0.007940423717363388
0.0 0.6458571435045901 0.681283713629697 0.008420838632615713 0.00782642649384364
0.0 0.3973387572009083 0.558850961090226 0.007105480172109324 0.00959863110969117
0.0 0.24812144991669563 0.549662901131476 0.0079996485804525 0.004668210500498304
0.0 0.24809482744417774 0.5457695576991635 0.005116164437223958 0.0035658115774591438
0.0 0.7799238513100997 0.591125461011689 0.010066108832942433 0.0063460251338110394
0.0 0.6368593369877995 0.5059521912879201 0.009443003330075328 0.011722348961473016
0.0 0.7805023173538768 0.39582776644246226 0.008948892842738232 0.008181844884788703
0.0 0.7292379454976198 0.4028590393903279 0.009204575495387602 0.006903431621541145
0.0 0.6944651047372661 0.4275324153710203 0.00971594080068705 0.008181844884789059
0.0 0.05392414275551953 0.408634168373338 0.009194833010436554 0.00812876541502341
0.0 0.11845737123702822 0.432924637956461 0.007773009126559672 0.01029923709269127
0.0 0.21164141753467386 0.46951916922355286 0.008784667151444481 0.007934538072273156
0.0 0.20002298678598845 0.4078848109835723 0.007084408993101121 0.011051678029237877
0.0 0.19886027654632077 0.4046886900074632 0.003571845856260225 0.003968717618067075
0.0 0.2736477230266203 0.40774424138112764 0.009085423950925885 0.010675373142337463
0.0 0.3454699542986431 0.45576591610761846 0.009128845810958807 0.011833689014205362
0.0 0.3709969120292868 0.4850120332427267 0.008790740410552899 0.010143162012176177
0.0 0.42695335579645893 0.4713187645262888 0.008452635010146991 0.011833689014205362
0.0 0.43253209490315586 0.4324366434796131 0.006762108008117806 0.00980505661177027
0.0 0.24162308758856615 0.3328629709189322 0.007699929980966047 0.009544704872238796
0.0 0.44587384093539056 0.3254823599808354 0.00964286350146466 0.007098218966356029
0.0 0.5457255967542565 0.3240877110657211 0.01059278886556001 0.007463101246190007
0.0 0.4358722864095979 0.2128149929664355 0.008879645069323771 0.006563215920804666
0.0 0.5303562425865994 0.21423411453022806 0.01005709890005626 0.008415123569434612
0.0 0.6356771357365316 0.2640090721023368 0.00644652617915682 0.008554044353111223
0.0 0.5338923570637162 0.2140134505310364 0.005238813434113254 0.004458564624777494
0.0 0.7493076038498412 0.21834016249188046 0.007301630947124238 0.010451354100785081
0.0 0.7453910584110016 0.0021450254703280435 0.006791617350655343 0.004290050940656087
0.0 0.6602616478260661 0.00944231237908415 0.008899360666375599 0.00843097326288209
0.0 0.4654653756389548 0.07207900788320742 0.006168822104147864 0.008425708239811768
0.0 0.0024018920058309413 0.22015180663072584 0.004803784011661883 0.009071634318528865
0.0 0.014127408172372036 0.23753910574123935 0.008063674949803357 0.0070557155810782035
0.0 0.03542054983669658 0.21133216215437844 0.00680372573889656 0.01058357337161695
0.0 0.04260226033886507 0.23690913113578577 0.007055715581077848 0.008315664791985
0.0 0.06931318361008873 0.29524477960076984 0.00755969526544078 0.010079593687254019
0.0 0.05003596068321521 0.31792386539709144 0.008819644476347577 0.008567654634165933
0.0 0.16801299388513743 0.3072634075804226 0.005628591642081559 0.011444803005565163
0.0 0.018742013280339264 0.15567781199272357 0.010670321977588415 0.008755135981611062
0.0 0.04035625523494133 0.16689532996916245 0.008481537982185827 0.01039672397816318
0.0 0.02777074726137574 0.13543156003524803 0.007387145984484178 0.012038311974714944
0.0 0.06306488918724504 0.14186111302174353 0.006839949985633353 0.009575929979887121
0.0 0.06689526117919975 0.13392677103840853 0.008481537982185473 0.008481537982185473
0.0 0.06456967818408436 0.11997327306771624 0.006566351986208118 0.010123125978737591
0.0 0.013543651291257851 0.07236722116770658 0.007387145984484533 0.009028733981036296
0.0 0.11778448907231365 0.08194315114759335 0.009028733981036296 0.007934341983335003
0.0 0.025674072821150952 0.012115184851274208 0.009023007664567118 0.00730433953798304
0.0 0.04146433623414332 0.014800603799062095 0.00880817414874393 0.008808174148744286
0.0 0.27710295395396667 0.2675945763973765 0.007633891270654658 0.011450836905981986
0.0 0.21984876942405726 0.25682533692627435 0.009269725114366167 0.011178197932030186
0.0 0.2277126123118732 0.21857920668448294 0.008451808192510412 0.011996114853885942
0.0 0.23425594768672015 0.14224029397793725 0.006815974348798904 0.010905558958078033
0.0 0.21803392873657934 0.15900759087598199 0.009815003062270478 0.009542364088318323
0.0 0.22362302770259426 0.16077974420666977 0.006815974348798548 0.009269725114366523
0.0 0.23589178153043058 0.1733211370084545 0.008451808192509703 0.009815003062271187
0.0 0.2506142861238372 0.1760475267479789 0.005180140505087039 0.010905558958078033
0.0 0.2545675512461406 0.17659280469588284 0.006543335374847104 0.009815003062270122
0.0 0.2654731102042181 0.18340877904468034 0.0076338912706539475 0.01036028101017621
0.0 0.3185013906378725 0.1512373801183516 0.008451808192510412 0.011450836905981632
0.0 0.3215004193513442 0.16827731599034834 0.007906530244606459 0.012814031775741697
0.0 0.33963091111914884 0.1729121785475316 0.0070886133227507035 0.010632919984125877
0.0 0.1767905024881724 0.17196634063879976 0.009090815807512698 0.010795343771421172
0.0 0.38844794014274164 0.029498936354253935 0.008081285846153108 0.011852552574358554
0.0 0.28083215029146374 0.035829276933740675 0.008350662041025103 0.01104442398974328
0.0 0.29793753866582157 0.0672116036363036 0.007003781066666192 0.008620038235897099
0.0 0.2899909409171045 0.06923192509784215 0.009966919210256008 0.008889414430768738
0.0 0.23234285505577718 0.057720789000839726 0.009543398797500302 0.010385463397279793
0.0 0.229255284856586 0.032037818707566855 0.0072978931980884456 0.010666151597206408
0.0 0.16694250447290776 0.026564398809000522 0.010104775197353177 0.006455828598308955
