0.0 0.0017589196782350491 0.23941839860351238 0.0035178393564700983 0.00407617892342742
0.0 0.0030762533064319086 0.23588571020320828 0.0026495163002280718 0.003940306292647478
0.0 0.001927728648401228 0.07806843522697945 0.0032671932880383283 0.005056370564821578
0.0 0.16972030695886337 0.2723146661611892 0.00938604736411861 0.006984965480275207
0.0 0.17936855839454874 0.15033412327994106 0.009058627107230066 0.007530665908421952
0.0 0.22155791366668875 0.23310300424820268 0.008590400701960732 0.007545622238208693
0.0 0.5894066834653531 0.2901964107486791 0.007450414369873215 0.009933885826497147
0.0 0.7298159020903829 0.3071363627771035 0.008404692897402555 0.007519988381886833
0.0 0.6654024418879947 0.22381835873645847 0.006414107737492003 0.008404692897403265
0.0 0.6692730241433781 0.22238071389874497 0.0044235225775803855 0.006414107737492003
0.0 0.6954823954155426 0.19904663230200725 0.006414107737491648 0.010616454186193636
0.0 0.7456893766710818 0.1374490804091984 0.007298812253007725 0.008183516768523446
0.0 0.6303460254606688 0.12384674848313786 0.010616454186193636 0.009289397412918987
0.0 0.5809459466307032 0.13838587985604037 0.011719761645936088 0.007202666219512821
0.0 0.36814626072822937 0.017220904118874714 0.010971463946977168 0.010971463946977877
0.0 0.34572212827519644 0.006056958348266051 0.010009054828821463 0.0055819728853045095
0.0 0.7574886447609475 0.034142893929040595 0.007947393036494077 0.008066010843008797
0.0 0.6548684764441394 0.015733244468248843 0.010238967425021528 0.007940423717363388
