0.0 0.7453910584110016 0.7998403706074683 0.006791617350655343 0.00889936066637569
0.0 0.6602616478260661 0.8094423123790842 0.008899360666375599 0.00843097326288209
0.0 0.6754203210043805 0.7538695259227145 0.007962585859388938 0.00796258585938876
0.0 0.5334462746104789 0.714695390502338 0.0050221019313418935 0.005141675786849831
0.0 0.5377509334087719 0.7155324074908948 0.0045438065093090785 0.007054857474980025
0.0 0.4654653756389548 0.8720790078832075 0.006168822104147864 0.008425708239811768
0.0 0.44722910076826616 0.6171339079143877 0.00432042831316366 0.010015538362333843
0.0 0.45174591218657356 0.6153664599680935 0.005891493154314276 0.007266174890320443
0.0 0.46244879141691053 0.6090822006034919 0.007658941100608274 0.008444473521183405
0.0 0.4491929318197053 0.5894438900891121 0.007855324205753078 0.009622772152045832
0.0 0.4309293030413309 0.44402220073012905 0.006677025574888873 0.01021192146747758
0.0 0.43191121856705 0.4174122899831443 0.006284259364601752 0.010408304572621496
0.0 0.3893942763034174 0.3774483280863813 0.009230005941758535 0.007069791785176793
0.0 0.40353385987377133 0.39718483015333306 0.0076589411006079185 0.006087876259457703
0.0 0.4042212007417742 0.37872481826981597 0.007069791785176705 0.008444473521183316
0.0 0.3689276080790366 0.3526430872674193 0.006647811134347137 0.008081652751560054
0.0 0.6281254816486642 0.6668300172297361 0.007005897863256294 0.009442731902649725
0.0 0.7445675490055702 0.612637535572614 0.00767882999703815 0.00607907374765535
0.0 0.7219043354726462 0.5888663854568728 0.007998781246914888 0.008828198996415893
0.0 0.6918188190067669 0.5920152594360133 0.006065429987478765 0.00886485921246898
0.0 0.5113999905863501 0.42143442421939037 0.007470513878262963 0.009419343585635787
0.0 0.6288262844410852 0.38312951643196735 0.007810259877042114 0.007810259877042469
0.0 0.7340788342126585 0.43482599847524905 0.007810259877042469 0.01004176269905468
0.0 0.6141355575295053 0.4681125822369305 0.007438342740040227 0.011901348384064824
0.0 0.6530008983462168 0.47387729786046184 0.007810259877042469 0.00706642560303834
0.0 0.018742013280339264 0.9556778119927236 0.010670321977588415 0.008755135981611062
0.0 0.04035625523494133 0.9668953299691625 0.008481537982185827 0.01039672397816318
0.0 0.02777074726137574 0.9354315600352481 0.007387145984484178 0.012038311974714944
0.0 0.06306488918724504 0.9418611130217436 0.006839949985633353 0.009575929979887121
0.0 0.06689526117919975 0.9339267710384085 0.008481537982185473 0.008481537982185473
0.0 0.06456967818408436 0.9199732730677163 0.006566351986208118 0.010123125978737591
0.0 0.013543651291257851 0.8723672211677066 0.007387145984484533 0.009028733981036296
0.0 0.11778448907231365 0.8819431511475934 0.009028733981036296 0.007934341983335003
0.0 0.025674072821150952 0.8121151848512742 0.009023007664567118 0.00730433953798304
0.0 0.04146433623414332 0.814800603799062 0.00880817414874393 0.008808174148744286
0.0 0.006377601641730735 0.7611551465609836 0.005800504927221795 0.00730433953798304
0.0 0.037206211162335204 0.7033649308045894 0.00730433953798304 0.009452674696213314
0.0 0.06513456821932877 0.6936974225925533 0.007734006569629059 0.006445005474690646
0.0 0.055252226491469436 0.667702567177967 0.0060153384430446264 0.006874672506336843
0.0 0.04064354741550371 0.6643726476827101 0.007304339537982684 0.009667508212036147
0.0 0.017978611496174145 0.619794693149432 0.007089506022159853 0.010312008759505175
0.0 0.021415947749342655 0.6306437856984949 0.007089506022159853 0.00880817414874393
0.0 0.017441527706616534 0.6431041296162305 0.0060153384430446264 0.009237841180390127
0.0 0.00788143625249198 0.5866029149547745 0.007089506022159853 0.007519173053805872
0.0 0.021953031538900093 0.5813394938171103 0.006445005474690646 0.012890010949381647
0.0 0.0486998042588672 0.5779021575639418 0.008808174148744286 0.006015338443044804
0.0 0.0679274039250279 0.5960555896509876 0.00730433953798304 0.009237841180390127
0.0 0.020439295080868548 0.5237846402873454 0.009880455602383976 0.008434535270327715
0.0 0.004857692975725936 0.5019753419454983 0.009715385951451872 0.006265654772243501
0.0 0.0006404253405620786 0.4329326460898166 0.0012808506811241571 0.008434535270327536
0.0 0.003489999527146104 0.32832556545040137 0.005385680732014819 0.007423505873858094
0.0 0.0003985795805693471 0.3289805806745653 0.0007971591611386942 0.0055312396707177134
0.0 0.01360634576701134 0.32803444757299527 0.006986829057748878 0.010625802525326212
0.0 0.01695420135718262 0.3578740300071305 0.005822357548124301 0.006841270119045628
0.0 0.020884292702166362 0.3562001022120449 0.004075650283686727 0.00524012179331157
0.0 0.08823438683894089 0.3371359527587846 0.006666876664619892 0.010238417734951977
0.0 0.1324024447420477 0.32939761377306503 0.008809801306819054 0.010000314996929837
0.0 0.06716229452398163 0.36177958614407596 0.006904979402641942 0.010476520472974116
0.0 0.11561620171148679 0.3680893087016627 0.008571698568797003 0.010714623210996255
0.0 0.11144940379609843 0.3898757092306885 0.007857390354730497 0.013333753329239872
0.0 0.13478347212226788 0.3961854317882752 0.007381184878686398 0.00928600678286351
0.0 0.08633744228741413 0.41346540457544523 0.00928600678286351 0.00738118487868622
0.0 0.046336182299694606 0.42858492843985097 0.006904979402641942 0.005238260236487058
0.0 0.053717367178381006 0.4289420825468843 0.0064287739265978415 0.008809801306819232
0.0 0.06812258282872037 0.4328707777242496 0.008571698568797003 0.007619287616708626
0.0 0.23425594768672015 0.9422402939779373 0.006815974348798904 0.010905558958078033
0.0 0.21803392873657934 0.959007590875982 0.009815003062270478 0.009542364088318323
0.0 0.22362302770259426 0.9607797442066698 0.006815974348798548 0.009269725114366523
0.0 0.23589178153043058 0.9733211370084545 0.008451808192509703 0.009815003062271187
0.0 0.2506142861238372 0.9760475267479789 0.005180140505087039 0.010905558958078033
0.0 0.2545675512461406 0.9765928046958828 0.006543335374847104 0.009815003062270122
0.0 0.2654731102042181 0.9834087790446804 0.0076338912706539475 0.01036028101017621
0.0 0.3185013906378725 0.9512373801183516 0.008451808192510412 0.011450836905981632
0.0 0.3215004193513442 0.9682773159903484 0.007906530244606459 0.012814031775741697
0.0 0.33963091111914884 0.9729121785475316 0.0070886133227507035 0.010632919984125877
0.0 0.1767905024881724 0.9719663406387997 0.009090815807512698 0.010795343771421172
0.0 0.38844794014274164 0.829498936354254 0.008081285846153108 0.011852552574358554
0.0 0.28083215029146374 0.8358292769337407 0.008350662041025103 0.01104442398974328
0.0 0.29793753866582157 0.8672116036363036 0.007003781066666192 0.008620038235897099
0.0 0.2899909409171045 0.8692319250978422 0.009966919210256008 0.008889414430768738
0.0 0.23234285505577718 0.8577207890008397 0.009543398797500302 0.010385463397279793
0.0 0.229255284856586 0.8320378187075669 0.0072978931980884456 0.010666151597206408
0.0 0.16694250447290776 0.8265643988090006 0.010104775197353177 0.006455828598308955
0.0 0.2164482867292982 0.7610955626499961 0.009414265067258398 0.009823580939747778
0.0 0.3049598170430142 0.7511154944147592 0.009186248861838563 0.007119342867924772
0.0 0.307256379258474 0.7431923547714234 0.009186248861838563 0.008267623975654814
0.0 0.1413690939063196 0.7301195635307202 0.007889019310414724 0.007100117379373039
0.0 0.10100361176803219 0.7057950873236083 0.0060482481379846575 0.007889019310414368
0.0 0.10521108873358642 0.7060580546339554 0.003944509655207184 0.006837150069025988
0.0 0.34473598553284096 0.6878506240119568 0.010467219504164404 0.0074036430639212725
0.0 0.30337770358955696 0.6461093950136424 0.006893046990547447 0.009190729320729929
0.0 0.2959740605256361 0.689254763213735 0.00893543128404275 0.009701325394103576
0.0 0.20791365650895238 0.6922204829636719 0.007401751126525369 0.011256829838257865
0.0 0.11519063600533049 0.6465942271424506 0.005738523324686895 0.007345309855599247
0.0 0.11989622513157379 0.6467089976089443 0.005049900525724382 0.007115768922611743
0.0 0.152709642364505 0.5937076231720978 0.00849301452053659 0.009870260118461437
0.0 0.2958313151331364 0.5375361484813783 0.008673564882094453 0.010250576678838996
0.0 0.3125818226032068 0.48874223934104977 0.006308047186977817 0.007622223684264818
0.0 0.34201937614243433 0.45956752110127724 0.006833717785892546 0.007622223684265172
0.0 0.25962050976253936 0.43446675000309504 0.0076222236842649945 0.007359388384807453
0.0 0.2265032620309059 0.43959203834251437 0.008673564882094453 0.008147894283179547
0.0 0.3329608392146593 0.3909692823283418 0.006803817759347552 0.007152731490596054
0.0 0.15643199111582842 0.5188419318016682 0.00998807095579437 0.009131950588154681
0.0 0.2516040386517536 0.5332532913235998 0.0074197098528756555 0.010558817867553926
0.0 0.17626259256491766 0.49469488576769544 0.007990456764635213 0.011129564779313839
0.0 0.18097125458693258 0.4527449877533596 0.007705083308755789 0.009988070955794192
