0.0 0.5730373622572106 0.02883706230762275 0.009114827393397463 0.011963210953834036
0.0 0.6648026518001477 0.038345484568497845 0.00831342512733695 0.0073435255291474984
0.0 0.8569447597919883 0.011600340359584571 0.01120803828013841 0.01310030448327879
0.0 0.8320271836068214 0.041061303307087016 0.007245470199822535 0.009327535168159073
0.0 0.28072600123473335 0.08395175531768011 0.0073778697885408025 0.00908045512435791
0.0 0.39593041184616873 0.1194197399304258 0.005671742411571934 0.0069214483666641515
0.0 0.39033699840491154 0.1847893859401463 0.005613816494826373 0.009356360824710207
0.0 0.6445655134542598 0.7286537037822093 0.008822410339214848 0.008638610123814417
0.0 0.7883857382631863 0.878558645606428 0.00974591690260702 0.008952644596580938
0.0 0.8023813282337903 0.8767454517640825 0.0075927492148218255 0.007592749214821737
0.0 0.8069005340386857 0.9149603143299228 0.007403716976799757 0.009778494120301674
0.0 0.83810554280288 0.8191077580908818 0.0109688994997434 0.009281376499782824
0.0 0.8483130921123149 0.7240887847697908 0.003943903953691574 0.00641686878969665
0.0 0.8119949909402694 0.5998474288675674 0.006990808294759532 0.006826318687824085
0.0 0.9940770201297129 0.8998241091101082 0.006137609128559163 0.008799704654199303
0.0 0.928374482046866 0.9562504399016749 0.0073833905213454894 0.01011797960332501
0.0 0.9078698066607401 0.22133434441299188 0.006166960410019229 0.00696269723711822
0.0 0.695083388683428 0.1021855579515865 0.009512073994388536 0.00788500870587434
0.0 0.7429702959759932 0.08363647823824163 0.0057491893476063535 0.008432144376489249
0.0 0.8750944974477617 0.12094106517980645 0.0074196625422541015 0.008408950881221244
0.0 0.9876174074413052 0.10117987029295179 0.008286494846554148 0.008418026510785381
0.0 0.9808996549478822 0.041399699379454445 0.008109770272089279 0.00868903957723859
