0.0 0.2128994710906007 0.857038245633883 0.007253815028640531 0.0050776705200487274
0.0 0.21942790461637718 0.830924511530777 0.005803052022912425 0.006528433525776478
0.0 0.2825360953655501 0.8550434465010068 0.0065284335257765665 0.005440361271480398
0.0 0.3023027413185956 0.8456134869637741 0.00834188728293661 0.008341887282936966
0.0 0.3802812528764818 0.9206904725102041 0.0061657427743444515 0.005440361271480754
0.0 0.3987784811995152 0.8991103727999983 0.006891124277208593 0.005803052022912425
0.0 0.5594504840839037 0.9070895693315029 0.01051803179152877 0.007253815028640531
0.0 0.6370663048903579 0.7988263800290424 0.004714979768616345 0.003989598265752204
0.0 0.395876955188059 0.7959248540175861 0.007616505780072646 0.005440361271480576
0.0 0.4185451272444786 0.7788783797603476 0.007253815028640531 0.006165742774344629
0.0 0.06655375288777722 0.881157180604113 0.006165742774344496 0.007616505780072913
0.0 0.22940190028075796 0.676962287547881 0.007616505780072646 0.0061657427743444515
0.0 0.2593238872739002 0.7582050158686553 0.007979196531504584 0.0076165057800727355
0.0 0.32352015027736936 0.7748887904345285 0.007253815028640531 0.006891124277208682
0.0 0.37248340172069316 0.691469917605162 0.007979196531504673 0.00834188728293661
0.0 0.3947888829337629 0.727194956621217 0.007616505780072558 0.006528433525776478
0.0 0.4020426979624035 0.6515739349476389 0.009067268785800664 0.0061657427743444515
0.0 0.4192705086554248 0.6530246979533669 0.008704578034368637 0.010518031791528947
0.0 0.5012386184790631 0.7631013410129877 0.005803052022912425 0.006528433525776478
0.0 0.4644255072087124 0.6479470274333187 0.00834188728293661 0.0061657427743444515
0.0 0.48727502454893007 0.6134914060472759 0.0061657427743444515 0.006891124277208505
0.0 0.5416786372637343 0.7007185317666788 0.00834188728293661 0.01015534104009692
0.0 0.09792650288664767 0.6158488959315841 0.008704578034368703 0.006528433525776478
0.0 0.24808047397950742 0.6202011849487685 0.00725381502864062 0.004352289017184319
0.0 0.28942721964275864 0.5895538164527621 0.005803052022912425 0.005440361271480398
0.0 0.39732771819378715 0.5846574913084298 0.006891124277208505 0.004352289017184319
0.0 0.574864841019765 0.7268322658697848 0.007253815028640531 0.0065284335257763
0.0 0.5993464667414268 0.6448641560461466 0.0061657427743444515 0.00507767052004855
0.0 0.56235201009536 0.6192944580701883 0.0076165057800727355 0.0061657427743444515
0.0 0.48981385980895426 0.5578183757024597 0.009067268785800664 0.00507767052004855
0.0 0.5364196213679698 0.5665229537368281 0.0065284335257763 0.005803052022912425
0.0 0.5534660866852752 0.5721446603840248 0.006528433525776478 0.005440361271480576
0.0 0.5554608858181513 0.5561862673210155 0.0061657427743444515 0.0076165057800727355
0.0 0.5801238569155294 0.5657975722339643 0.0061657427743444515 0.006528433525776478
0.0 0.5815746199212575 0.5496578337952389 0.006891124277208682 0.006891124277208505
0.0 0.5924553424642184 0.5416786372637343 0.006891124277208682 0.006891124277208327
0.0 0.5973516676085509 0.5529220505581273 0.00507767052004855 0.0061657427743444515
0.0 0.6006158843714389 0.5449428540266227 0.007979196531504584 0.006891124277208505
0.0 0.61421678755014 0.5817559652969735 0.007616505780072558 0.005803052022912603
0.0 0.7204851777197244 0.6211079118273485 0.006165742774344629 0.007616505780072558
0.0 0.7393450967941897 0.7188530693382802 0.009067268785800664 0.007979196531504584
0.0 0.8242147326292845 0.6921952991080261 0.01051803179152877 0.009792650288664894
0.0 0.8597584262696232 0.7358995346555856 0.01269417630012093 0.0029015260114562125
0.0 0.8934886661528019 0.6606412037334397 0.009792650288664717 0.009067268785800664
0.0 0.8169609176006439 0.6421439754104062 0.009067268785800664 0.006891124277208682
0.0 0.7377129884127457 0.5585437572053236 0.0065284335257763 0.005077670520048372
0.0 0.7652774855215799 0.5688804436211365 0.007253815028640531 0.0061657427743444515
0.0 0.7703551560416282 0.5458495809052026 0.007253815028640531 0.007253815028640531
0.0 0.8225826242478403 0.5986210852385627 0.008704578034368637 0.003989598265752292
0.0 0.8392663988137136 0.5904605433313421 0.006528433525776478 0.005803052022912425
0.0 0.8262095317621606 0.5326113684779337 0.007979196531504584 0.0061657427743444515
0.0 0.9473482427404581 0.7553034898571991 0.006528433525776478 0.004714979768616345
0.0 0.9658454710634917 0.7232053583554646 0.007253815028640531 0.006528433525776478
0.0 0.9847053901379571 0.650304517317627 0.007253815028640531 0.005803052022912425
0.0 0.9908711329123016 0.574864841019765 0.006528433525776478 0.007979196531504584
0.0 0.9985184378433232 0.574502150268333 0.002963124313353838 0.005803052022912425
0.0 0.8283856762707528 0.9837986632593768 0.007979196531504584 0.004714979768616345
0.0 0.8196810982363841 0.8356394912993933 0.005077670520048372 0.004352289017184319
0.0 0.8378156358079856 0.8557688280038711 0.008704578034368637 0.0061657427743444515
0.0 0.8662868597953997 0.8233079997907489 0.009792650288664717 0.004352289017184319
0.0 0.9896017152822895 0.895120774534246 0.009067268785800664 0.007253815028640531
0.0 0.9935913135480418 0.9863374910694563 0.01051803179152877 0.006891124277208149
0.0 0.6555045746571887 0.9344105280137786 0.011715561726360946 0.00718050557422103
0.0 0.735812860684662 0.9763597974210706 0.0068025842282095185 0.006424662882198007
