0.0 0.14137537453779073 0.9938269198549687 0.014803704140082762 0.00962240769105378
0.0 0.2653563967109842 0.9298008994491109 0.015543889347086903 0.01036259289805841
0.0 0.8649064143843376 0.8983430281514352 0.011102778105062328 0.00962240769105378
0.0 0.87785965550691 0.7763646070867907 0.010362592898057698 0.011102778105062328
0.0 0.9966642738997779 0.8548242390292298 0.00667145220044425 0.00962240769105378
0.0 0.9215305827201543 0.7215909017684847 0.010362592898057698 0.006661666863036686
0.0 0.8930334522504948 0.35593940950844 0.00814203727704559 0.012583148519070164
0.0 0.9985147369172884 0.22603690567921292 0.0029705261654232374 0.005921481656032767
0.0 0.8119831720835414 0.0798503272958957 0.008882222484049507 0.00962240769105378
0.0 0.9067268785800714 0.07429893824336417 0.01628407455409118 0.008882222484049861
0.0 0.9777846584524689 0.11278856900758001 0.010362592898058054 0.010362592898057698
0.0 0.30347593487169744 0.12389134711264198 0.016284074554091088 0.011842963312065535
0.0 0.4452214020129902 0.07429893824336417 0.00962240769105378 0.01036259289805841
