0.0 0.609864700758501 0.9717476877098357 0.013381140998852814 0.0064598611718604815
0.0 0.5900236985877874 0.990435143242717 0.008766954447524355 0.005998442516727209
0.0 0.6442403905659002 0.9747469089681993 0.00738269848212596 0.006921279826993398
0.0 0.6712333818911734 0.9823603167778918 0.009689791757790545 0.006459861171860126
0.0 0.7658242061934132 0.9835138634157239 0.006921279826993043 0.006921279826993043
0.0 0.8246550847228544 0.9899737245875843 0.010151210412923462 0.006921279826993043
0.0 0.8105818157413018 0.9964335857594444 0.007844117137258877 0.005075605206461375
0.0 0.5865630586742906 0.9055341106982681 0.010151210412923462 0.007844117137258877
0.0 0.6054812235347384 0.9011506334745059 0.011074047723189295 0.00738269848212596
0.0 0.6084804447931026 0.9316042647132756 0.010612629068056023 0.008305535792391794
0.0 0.6437789719107674 0.9062262386809674 0.008305535792391794 0.008305535792391794
0.0 0.6689262886155094 0.8974592842334428 0.008766954447524355 0.00738269848212596
0.0 0.6862294881829918 0.9558287441077515 0.009228373102657273 0.005998442516727209
0.0 0.6887672907862225 0.9327578113511079 0.007844117137258877 0.005075605206461375
0.0 0.7157602821114958 0.9579051280558495 0.008305535792391794 0.009228373102657627
0.0 0.7049169437158731 0.9207609263176529 0.006921279826993043 0.006921279826993043
0.0 0.705839781026139 0.9064569480085339 0.007844117137258877 0.011535466378321858
0.0 0.7792053471922664 0.9062262386809674 0.005075605206461375 0.008305535792391794
0.0 0.7722840673652733 0.8757726074421976 0.007844117137258877 0.010151210412923106
0.0 0.8341141671530785 0.878541119372995 0.010612629068056378 0.010151210412923462
0.0 0.8087361411207702 0.9085333319566319 0.007844117137258877 0.00738269848212596
0.0 0.8241936660677215 0.9447546963845624 0.011074047723188585 0.007844117137258877
0.0 0.8299613992568826 0.9733626530028007 0.006921279826993043 0.009689791757790545
0.0 0.5445739610571991 0.8845395618897222 0.0073826984821263155 0.005537023861594293
0.0 0.5459582170225976 0.8192488221884204 0.006459861171860126 0.007844117137258877
0.0 0.5508031129014931 0.6974342972333412 0.010612629068056023 0.007844117137258699
0.0 0.5514952408841923 0.6732098178388652 0.009228373102657273 0.011996885033454951
0.0 0.6140174686546969 0.6944350759749776 0.00876695444752471 0.008305535792391617
0.0 0.6087111541206689 0.7112768568873276 0.0073826984821263155 0.005998442516727387
0.0 0.6361655641010749 0.7200438113348523 0.008766954447524355 0.006921279826993043
0.0 0.6550837289615228 0.7177367180591878 0.005998442516727209 0.005998442516727565
0.0 0.6271679003259838 0.750497442573622 0.0073826984821263155 0.010612629068056201
0.0 0.6140174686546971 0.7774904338988954 0.007844117137258877 0.00553702386159447
0.0 0.5927922105185847 0.7874109349842521 0.005075605206461731 0.005075605206461731
0.0 0.593484338501284 0.8026377506036371 0.006459861171859771 0.005998442516727565
0.0 0.5604929046592831 0.8035605879139027 0.008766954447524355 0.006921279826993043
0.0 0.554494462142556 0.7892566096047835 0.006921279826993043 0.006921279826993043
0.0 0.5674141844862766 0.793178668173413 0.007844117137258877 0.008305535792391617
0.0 0.6800003363386982 0.8393205336867003 0.007844117137258877 0.0064598611718604815
0.0 0.7321406443687127 0.8363213124283367 0.008766954447524355 0.004152767896195897
0.0 0.7589029263664198 0.7885644816220843 0.006921279826993043 0.010151210412923283
0.0 0.7450603667124337 0.7747219219680981 0.006921279826993043 0.010151210412923462
0.0 0.7309870977308808 0.7654935488654404 0.0046141865513288135 0.0036913492410628026
0.0 0.7222201432833563 0.7539580824871186 0.013842559653986087 0.008305535792391617
0.0 0.6855373602002925 0.7518816985390206 0.005998442516727209 0.005075605206461731
0.0 0.6760782777700685 0.7666470955032725 0.007382698482125605 0.00876695444752471
0.0 0.6728483471841384 0.79271724951828 0.009228373102657273 0.009228373102657627
0.0 0.655314438289089 0.8164803102576231 0.008305535792391794 0.00876695444752471
0.0 0.8165802582580295 0.8559316052714842 0.005075605206461375 0.008305535792391438
0.0 0.8214251541369247 0.8294000326013438 0.006459861171860126 0.006921279826993043
0.0 0.8290385619466167 0.8220173341192176 0.006921279826993043 0.006921279826993043
0.0 0.8027376986040426 0.8051755532068677 0.010612629068056378 0.008305535792391794
0.0 0.8177338048958613 0.7941015054836786 0.006459861171860126 0.006459861171860126
0.0 0.8525709133583934 0.7666470955032727 0.00599844251672792 0.007844117137259054
0.0 0.85603155327189 0.7765675965886294 0.009228373102657627 0.00553702386159447
0.0 0.7067626183364049 0.7269650911618453 0.006921279826993043 0.005998442516727387
0.0 0.6774625337354673 0.7232737419207822 0.00738269848212596 0.007844117137258877
0.0 0.6513923797204597 0.6706720152356345 0.008766954447524355 0.009689791757790367
0.0 0.6541608916512571 0.6858988308550192 0.007844117137258877 0.007844117137258877
0.0 0.5450353797123318 0.6450632798757598 0.008305535792391794 0.00738269848212596
0.0 0.5676448938138426 0.5959221931041087 0.011996885033454774 0.008766954447524533
0.0 0.5902544079153536 0.5920001345354792 0.011996885033454774 0.008305535792391617
0.0 0.6430868439280681 0.639295546686599 0.008766954447524355 0.00876695444752471
0.0 0.6091725727758014 0.619915963171018 0.011074047723189295 0.007844117137258877
0.0 0.6195544925162914 0.629836464256375 0.00968979175779019 0.009228373102657627
0.0 0.7238351085763213 0.6270679523255775 0.009689791757790545 0.008305535792391617
0.0 0.7242965272314542 0.6579830022194804 0.006921279826993043 0.00738269848212596
0.0 0.7102232582499013 0.6702105965805015 0.006459861171860126 0.007844117137258877
0.0 0.6710026725636071 0.6637507354086413 0.0073826984821263155 0.005998442516727387
0.0 0.7798974751749655 0.6642121540637743 0.005537023861594293 0.007844117137258877
0.0 0.7805896031576649 0.64829321046169 0.007844117137258877 0.007382698482126138
0.0 0.8297306899293158 0.617147451240221 0.008305535792391794 0.008766954447524533
0.0 0.8172723862407285 0.6732098178388652 0.008305535792391794 0.008305535792391794
0.0 0.8094282691034695 0.68843663345825 0.006459861171860126 0.008305535792391794
0.0 0.8038912452418753 0.655675908943816 0.00738269848212596 0.009228373102657627
0.0 0.8576465185648552 0.6685956312875365 0.007844117137258877 0.00922837310265745
0.0 0.6834609762521943 0.5816182147949895 0.006459861171859771 0.007844117137259054
0.0 0.7090697116120692 0.5647764338826395 0.006921279826993043 0.010151210412923283
0.0 0.754288739815091 0.5783882842090593 0.008766954447524355 0.005998442516727565
0.0 0.6421640066178023 0.5788497028641924 0.007844117137259233 0.00876695444752471
0.0 0.6594672061852851 0.5553173514524156 0.006459861171860126 0.010612629068056201
0.0 0.6800003363386979 0.5255558481963452 0.005998442516727565 0.00738269848212596
0.0 0.6560065662717885 0.5075605206461631 0.007844117137258877 0.00738269848212596
0.0 0.6585443688750194 0.4888730651132815 0.008305535792391794 0.011535466378321858
0.0 0.6470089024966976 0.48033681999332334 0.009228373102657627 0.00922837310265745
0.0 0.5683370217965422 0.5467811063324572 0.007844117137258877 0.00553702386159447
0.0 0.5747968829684023 0.5181731497142191 0.008766954447524355 0.00738269848212596
0.0 0.563030707262514 0.5160967657661212 0.0073826984821263155 0.00876695444752471
0.0 0.5450353797123318 0.4969478915781069 0.009228373102657627 0.008305535792391794
0.0 0.5563401367630874 0.4888730651132815 0.008766954447524355 0.004152767896195719
0.0 0.5611850326419825 0.46833993495986864 0.005537023861594293 0.00738269848212596
0.0 0.583563837415927 0.480106110665757 0.007844117137258877 0.004152767896195897
0.0 0.597175687742347 0.4669556789944699 0.0055370238615946475 0.00738269848212596
0.0 0.6211694578092561 0.49094944906137944 0.011996885033454774 0.00738269848212596
0.0 0.7143760261460972 0.5151739284558554 0.00738269848212596 0.006921279826993221
0.0 0.6866909068381247 0.48910377444084807 0.00738269848212596 0.00738269848212596
0.0 0.7035326877504747 0.49994711283647064 0.006921279826993043 0.006921279826993043
0.0 0.7116075142152998 0.5043305900602328 0.005537023861594293 0.008305535792391794
0.0 0.7033019784229081 0.4683399349598685 0.006459861171859771 0.0046141865513286365
0.0 0.7226815619384892 0.4757226334419946 0.006459861171860837 0.00738269848212596
0.0 0.8311149458947149 0.4429619089275604 0.005537023861594293 0.006459861171860126
0.0 0.8168109675855956 0.43234927985950433 0.008305535792391794 0.0036913492410631577
0.0 0.8507252387378618 0.5640843058999402 0.006921279826993043 0.009689791757790367
0.0 0.8541858786513583 0.5327078373509047 0.006459861171860126 0.005998442516727387
0.0 0.8126581996894 0.5668528178307375 0.008305535792392505 0.005075605206461553
0.0 0.7953550001219168 0.5673142364858704 0.006921279826993043 0.005075605206461731
0.0 0.7942014534840848 0.5966143210868079 0.004614186551328459 0.0046141865513288135
0.0 0.8048140825521408 0.598690705034906 0.011074047723188762 0.006921279826993043
0.0 0.7697462647620423 0.5557787701075486 0.00738269848212596 0.007844117137258877
0.0 0.7794360565198328 0.5479346529702895 0.008305535792391438 0.005075605206461731
0.0 0.8011227333110774 0.5423976291086952 0.009228373102657627 0.005998442516727387
0.0 0.7639785315728812 0.5290164881098417 0.00968979175779019 0.006921279826993043
0.0 0.7630556942626153 0.5160967657661212 0.006921279826993043 0.00876695444752471
0.0 0.7762061259339024 0.5186345683693521 0.009228373102657273 0.00553702386159447
0.0 0.7999691866732457 0.4856431345273514 0.005998442516727565 0.008766954447524533
0.0 0.74852100662593 0.488642355785715 0.00738269848212596 0.00738269848212596
0.0 0.7475981693156643 0.4669556789944699 0.00738269848212596 0.00738269848212596
0.0 0.7524430651945597 0.45518950328858165 0.007844117137258877 0.013381140998853347
0.0 0.7935093255013854 0.4519595727026515 0.005998442516727209 0.010612629068056201
0.0 0.7655934968658462 0.46649426033933705 0.006459861171859771 0.006459861171860304
0.0 0.8038912452418749 0.4697241909252671 0.00922837310265745 0.00553702386159447
0.0 0.7794360565198326 0.4923337050267781 0.0046141865513288135 0.009228373102657627
0.0 0.8345755858082115 0.46949348159770077 0.005998442516727209 0.007844117137258877
0.0 0.8228094101023231 0.5954607744489758 0.00738269848212596 0.00876695444752471
0.0 0.8364212604287428 0.583463889415521 0.006921279826993043 0.007844117137258877
0.0 0.81588813027533 0.5490881996081218 0.00738269848212596 0.00553702386159447
0.0 0.8461110521865329 0.5054841366980651 0.006921279826993043 0.006921279826993221
0.0 0.02415627129388369 0.9214209767967023 0.004755163380137617 0.004755163380137972
0.0 0.0181042451737083 0.9155850944665334 0.006484313700187627 0.004322875800125558
0.0 0.023723983713871098 0.9047779049662201 0.004755163380137617 0.00518745096015003
0.0 0.033234310474146864 0.9168819572065707 0.0056197385401628 0.005187450960150386
0.0 0.04425764376446608 0.9158012382565396 0.004322875800125558 0.007348888860213165
0.0 0.035611892164215675 0.9918838523387443 0.006916601280200396 0.003026013060087607
0.0 0.036044179744228265 0.9752407805082619 0.007781176440225579 0.008645751600250762
0.0 0.11147836245641436 0.9975630045944189 0.00734888886021281 0.00487399081116191
0.0 0.11082993108639556 0.9778345059883373 0.005187450960150386 0.006052026120175214
0.0 0.11126221866640798 0.9668111726980179 0.006916601280200751 0.0064843137001879825
0.0 0.12682457154685894 0.9527618263476108 0.0060520261201755686 0.0060520261201755686
0.0 0.1462775126474229 0.9830219569484875 0.005187450960150386 0.007781176440225223
0.0 0.18086051904842507 0.9969145732244004 0.006052026120175214 0.006170853551199329
0.0 0.2472166625803478 0.9968551595088883 0.00907803918026282 0.005187450960150386
0.0 0.02912757846402787 0.8855411076556626 0.008645751600250407 0.010807189500313185
0.0 0.0902962710358004 0.9181788199466083 0.004755163380137617 0.004322875800125558
0.0 0.0833796697556 0.9043456173862076 0.005619738540163155 0.006052026120175214
0.0 0.09288999651587578 0.875166205735362 0.010807189500313185 0.008213464020237638
0.0 0.07905679395547463 0.8781922187954496 0.0056197385401628 0.008213464020237992
0.0 0.07105947372524302 0.8762469246853932 0.0060520261201755686 0.006916601280200396
0.0 0.12315012711675237 0.9231501271167524 0.004755163380137617 0.004755163380137617
0.0 0.12725685912687154 0.9032648984361764 0.006916601280200751 0.003026013060087607
0.0 0.13547032314710972 0.8872702579757126 0.006916601280200396 0.008213464020237992
0.0 0.16119143415785492 0.9205564016366772 0.0056197385401628 0.0064843137001879825
0.0 0.17761836219833088 0.9086684931863328 0.008213464020237992 0.005187450960150386
0.0 0.19577444055885707 0.9300667283969528 0.00907803918026282 0.009942614340288003
0.0 0.17977980009839367 0.9538425452976419 0.004755163380137972 0.007348888860213165
0.0 0.18626411379858182 0.9657304537479865 0.008213464020237992 0.007781176440225579
0.0 0.21846953850951464 0.9352541793571032 0.006916601280200751 0.0064843137001879825
0.0 0.22689914631975902 0.9294182970269341 0.00734888886021281 0.007781176440225579
0.0 0.23965162993012878 0.9250954212268088 0.008645751600250407 0.006916601280200396
0.0 0.2519718259604858 0.9421707806373038 0.007348888860213165 0.0064843137001879825
0.0 0.2383547671900912 0.9417384930572912 0.006052026120175214 0.0064843137001879825
0.0 0.24051620509015362 0.9741600615582306 0.006052026120175214 0.0064843137001879825
0.0 0.375704748753755 0.9968466082702733 0.0081621527927755 0.006306783459453591
0.0 0.39766482650574647 0.9705671169610157 0.008550826735288553 0.006607457022723295
0.0 0.39766482650574647 0.962599301139497 0.010105522505341113 0.0069961309652359915
0.0 0.47423359318083164 0.9742595194148904 0.004664087310157328 0.007773478850262449
0.0 0.46529409250302967 0.9666803775358848 0.007773478850262449 0.007384804907749043
0.0 0.5241781947937676 0.9934988795692901 0.005052761252670734 0.0066074570227229405
0.0 0.5323403475865434 0.9692067581622201 0.005830109137696837 0.007773478850262449
0.0 0.32556581016956193 0.9913611728854679 0.0081621527927755 0.0062187830802098885
0.0 0.3537446710017633 0.9787292697537915 0.0054414351951837855 0.005052761252670734
0.0 0.27911927403924375 0.9995673258678652 0.007773478850262449 0.0008653482642696275
0.0 0.29466623173976886 0.9940818904830598 0.0038867394251312247 0.0054414351951837855
0.0 0.29486056871102556 0.9841707049489752 0.004275413367644631 0.00893950067780196
0.0 0.27367783884406016 0.9865027486040538 0.007773478850262449 0.004275413367644277
0.0 0.2810626437518094 0.9828103461501791 0.006996130965236347 0.004664087310157328
0.0 0.2997189929924392 0.969984106047246 0.007773478850262449 0.0054414351951837855
0.0 0.3152659506929643 0.9806726394663571 0.0054414351951837855 0.007384804907749398
0.0 0.2894191335158416 0.9678463993634239 0.007384804907749398 0.0034980654826181736
0.0 0.3094358415552675 0.9552144962317476 0.0069961309652359915 0.006218783080210244
0.0 0.318958353146839 0.9557975071455171 0.007384804907749398 0.004275413367644277
0.0 0.3278978538246406 0.9493843870940507 0.0066074570227229405 0.004664087310157328
0.0 0.253695058153076 0.8694636094018557 0.007773478850262449 0.0062187830802098885
0.0 0.23562171982621577 0.8939500677801824 0.004275413367644277 0.0069961309652359915
0.0 0.2443668835327612 0.8923953720101299 0.007773478850262095 0.005441435195184141
0.0 0.25194602541176697 0.8848162301311241 0.004275413367644277 0.005830109137697192
0.0 0.25291771026804993 0.928736385635107 0.0062187830802098885 0.005830109137696837
0.0 0.31277349741507054 0.9289307226063634 0.004664087310157328 0.0054414351951837855
0.0 0.30849808404742624 0.9227119395261536 0.0054414351951837855 0.0038867394251312247
0.0 0.31355084530009697 0.9166874934172002 0.0038867394251312247 0.005052761252670379
0.0 0.3205469762653335 0.90483293817055 0.004664087310157328 0.0038867394251312247
0.0 0.3699085669644999 0.9297080704913897 0.0038867394251315803 0.0054414351951837855
0.0 0.38506685072251157 0.8988084920615966 0.0062187830802098885 0.008162152792775856
0.0 0.39556104717036594 0.9137724388483516 0.0054414351951837855 0.004664087310157328
0.0 0.3980874277967013 0.9223232655836403 0.004275413367644631 0.0054414351951837855
0.0 0.42976435411152086 0.9297080704913897 0.0054414351951837855 0.0038867394251312247
0.0 0.4950615764537254 0.9186308631297656 0.006996130965236347 0.005052761252670734
0.0 0.5115802190105333 0.928736385635107 0.0081621527927755 0.005830109137696837
0.0 0.5331516228200114 0.9250439831812323 0.006218783080210244 0.004664087310157683
0.0 0.5397590798427345 0.9196025479860485 0.004664087310157328 0.0069961309652359915
0.0 0.005518887942371542 0.7946628382396441 0.005131950768562277 0.006316247099768723
0.0 0.03098125906331415 0.805124122498636 0.0031581235498844506 0.004342419881091075
0.0 0.04203469148790902 0.8061110361079749 0.007105777987239747 0.006316247099768901
0.0 0.047364024978339005 0.8203225920824544 0.005131950768561921 0.00789530887471095
0.0 0.05525933385304978 0.8104534559890657 0.004342419881091075 0.007105777987239747
0.0 0.05407503752184315 0.7958471345708507 0.004342419881091075 0.006316247099768546
0.0 0.04006086426923154 0.7909125665241564 0.007105777987239747 0.006711012543504325
0.0 0.054864568409314175 0.7875570602524045 0.004342419881091075 0.004737185324826676
0.0 0.0858536557425543 0.7978209617895284 0.003947654437355652 0.006316247099768546
0.0 0.06690491444324813 0.7713716770592474 0.006316247099768546 0.007105777987239747
0.0 0.0037424434455616052 0.7360401698449163 0.006316247099768546 0.005921481656032945
0.0 0.010650838710933641 0.7370270834542552 0.005131950768561921 0.004737185324826499
0.0 0.047956173143942314 0.7522255530380735 0.0055267162122976995 0.006711012543504325
0.0 0.06631276627764482 0.7423564169446849 0.005131950768561921 0.005921481656033123
0.0 0.06295726000589283 0.7318951326856931 0.0031581235498844506 0.006316247099768546
0.0 0.04460066687219015 0.6912342919809322 0.005921481656033123 0.008684839762181974
0.0 0.019533061194983325 0.6993269835775109 0.006316247099768546 0.006711012543504147
0.0 0.021704271135528863 0.6687326616880066 0.005921481656033123 0.006316247099768723
0.0 0.0018712217227808913 0.6918264401465357 0.0037424434455617826 0.005921481656033123
0.0 0.04939298208990852 0.6475759773966809 0.009245755748901985 0.011678849367033806
0.0 0.05815211911518414 0.6166756884464035 0.007299280854396528 0.0072992808543963505
0.0 0.101461185517935 0.6205686382354147 0.011192230643407441 0.007299280854396173
0.0 0.16715471320750125 0.605726767164809 0.012165468090660169 0.010705611919781078
0.0 0.15450262639321438 0.5855320901343127 0.010218993196154713 0.009245755748901806
0.0 0.11192348807590288 0.6521988552711317 0.009732374472528348 0.006326043407143445
0.0 0.12433226552837659 0.6556051863365167 0.008272518301649257 0.006326043407143445
0.0 0.16715471320750108 0.6616879203818469 0.005352805959890361 0.005839424683516903
0.0 0.1781036344890957 0.6434667515881115 0.005839424683517081 0.0131927722224237
0.0 0.06058521273331614 0.5801792841744222 0.008272518301649257 0.008272518301649257
0.0 0.046959888471776526 0.5643641756565637 0.005352805959890716 0.005839424683517081
0.0 0.06399154379870105 0.5315174118117807 0.007299280854395818 0.008272518301649079
0.0 0.10511082594513325 0.5519553982040902 0.00875913702527562 0.005352805959890539
0.0 0.12262909999568414 0.5648507943801901 0.012652086814286534 0.011678849367033806
0.0 0.08661931444732929 0.5830989965161807 0.010705611919781432 0.009245755748901806
0.0 0.010706793561608663 0.5794493560889826 0.008759137025275265 0.005839424683516903
0.0 0.02360218973770838 0.5784761186417298 0.008272518301648902 0.004866187236264352
0.0 0.027495139526719826 0.5225149654246921 0.005352805959890716 0.0029197123417583626
0.0 0.028711686335785913 0.513025900313977 0.007785899578022892 0.011192230643407441
0.0 0.00024390018272679725 0.4945343888161732 0.0004878003654535945 0.004379568512637632
0.0 0.003650822069025317 0.5066998569068335 0.004379568512637988 0.008272518301649079
0.0 0.3029132309569455 0.8448274233630284 0.006006633380427928 0.007371777330525475
0.0 0.32598416371358924 0.8508340567434562 0.006279662170447509 0.005187547010369542
0.0 0.3112406090525388 0.8840070547308198 0.007917834910563925 0.005460575800389123
0.0 0.3042783749070429 0.8990236381818898 0.008190863700583506 0.006006633380427928
0.0 0.2768389815100877 0.9016174116870743 0.004095431850291931 0.00791783491056428
0.0 0.28366470126057414 0.9028460412421622 0.006279662170447509 0.0043684606403115115
0.0 0.21281373025052605 0.8931535191964715 0.004914518220350317 0.008463892490603087
0.0 0.0977320952573267 0.8538373734336704 0.006279662170447509 0.006825719750486315
0.0 0.09199849066691819 0.8206643754463068 0.006825719750486315 0.006006633380427928
0.0 0.10851673246309498 0.8246232929015889 0.009282978860661473 0.00737177733052512
0.0 0.13445446751494322 0.8306299262820168 0.004914518220349962 0.004641489430330381
0.0 0.14988059415104207 0.8588884060490303 0.00737177733052512 0.006552690960466734
0.0 0.16694489352725803 0.8620282371342538 0.004914518220349962 0.006279662170447153
0.0 0.1765009011779389 0.8739049895001001 0.006552690960466734 0.007098748540505895
0.0 0.18018678984320147 0.8849626554958879 0.005733604590408703 0.004641489430330737
0.0 0.1710403253775498 0.8861912850509756 0.005460575800389123 0.0032763454802335447
0.0 0.1922000566040573 0.8322680990221336 0.008463892490603087 0.007371777330525475
0.0 0.20557846731501056 0.8501514847684076 0.006279662170447153 0.006552690960466734
0.0 0.24189129638759788 0.8681713849096916 0.005733604590408348 0.004914518220349962
0.0 0.11192959233833832 0.7937710396293908 0.008463892490603087 0.010102065230719682
0.0 0.13513703948999164 0.7907677229391769 0.005187547010369542 0.005733604590408703
0.0 0.25935170527547663 0.8286423777090393 0.005460575800389123 0.006552690960466734
0.0 0.27013634248124524 0.8286423777090393 0.009009950070641893 0.004914518220350317
0.0 0.27996537892194534 0.8057079593474054 0.0051875470103698975 0.008736921280622312
0.0 0.2968931639031515 0.8016125274971134 0.005187547010369542 0.006552690960466734
0.0 0.3202371254498148 0.7934216637965299 0.007098748540505895 0.007098748540505895
0.0 0.32528815806517475 0.780862339455635 0.009009950070641893 0.007098748540505717
0.0 0.32733587399032055 0.7689855870897888 0.006006633380427928 0.008463892490603087
0.0 0.3310217626555831 0.7386793913976296 0.005733604590408703 0.007371777330525298
0.0 0.2605803348305642 0.8013394987070941 0.006279662170447509 0.005460575800389211
0.0 0.23737288767891068 0.7926025774264714 0.005187547010369542 0.007098748540505717
0.0 0.23177579748351212 0.78837063118117 0.006006633380427928 0.007917834910564104
0.0 0.20174263058137232 0.783865656145849 0.006552690960466734 0.004368460640311156
0.0 0.20911440791189745 0.7706237598299055 0.006006633380427928 0.007917834910564104
0.0 0.22631522168312285 0.7762208500253044 0.0065526909604670894 0.006552690960466734
0.0 0.23996666118409546 0.7762208500253044 0.008190863700583506 0.006006633380427928
0.0 0.25402764387009746 0.779360681110528 0.006279662170447509 0.006279662170447509
0.0 0.260716849225574 0.7804527962706058 0.005460575800389123 0.007917834910564104
0.0 0.2760064614666634 0.792329548636452 0.004914518220350317 0.004914518220350139
0.0 0.27860023497184816 0.7860498864660046 0.006825719750486669 0.006006633380428106
0.0 0.2846068683522761 0.783865656145849 0.00737177733052512 0.006552690960466912
0.0 0.1476829301575206 0.8197689420334072 0.0038224030602723503 0.004095431850291931
0.0 0.09034688425343536 0.7584739786740399 0.004914518220350317 0.004914518220350139
0.0 0.10386180935939855 0.7489179710233591 0.006825719750486315 0.004368460640311334
0.0 0.11328130261506945 0.7511022013435147 0.0065526909604670894 0.005460575800388945
0.0 0.12106262313062395 0.7480988846533008 0.004641489430330737 0.004368460640311156
0.0 0.12747879969608106 0.7527403740836315 0.00709874854050554 0.004368460640311334
0.0 0.19409782446082743 0.7536959748486995 0.007644806120544701 0.006279662170447509
0.0 0.21457498371228656 0.7381333338175907 0.007644806120544701 0.005187547010369542
0.0 0.23778243086394008 0.7317171572521335 0.004368460640311156 0.005460575800389123
0.0 0.22290236180787967 0.716018001826015 0.006279662170447509 0.00900995007064207
0.0 0.197374169941061 0.7235262935515501 0.008736921280622667 0.006552690960466912
0.0 0.19901234268117776 0.7089192532855093 0.005460575800389123 0.005733604590408703
0.0 0.20938743670191684 0.6857118061338557 0.005460575800389123 0.005733604590408526
0.0 0.23041065353341478 0.6816163742835639 0.009282978860661473 0.008463892490603087
0.0 0.2588056476954376 0.6836640902087099 0.007098748540505895 0.008190863700583506
0.0 0.25648490298027243 0.7044142782501882 0.006279662170447509 0.010921151600778067
0.0 0.2693172561111867 0.7132877139258206 0.005187547010369542 0.005733604590408703
0.0 0.28487989714229567 0.7104209116306162 0.007371777330525475 0.006006633380427928
0.0 0.29621059192810273 0.728986869351939 0.007098748540505895 0.005460575800389123
0.0 0.28897532899258727 0.7485084278383299 0.005733604590408348 0.005187547010369542
0.0 0.28597201230237346 0.757927921094001 0.004095431850291575 0.007644806120544701
0.0 0.2527990143150099 0.7569723203289329 0.007644806120544701 0.006279662170447509
0.0 0.2514338703649127 0.7487814566283493 0.005460575800389123 0.007371777330525298
0.0 0.24105877634417325 0.7461876831231645 0.006552690960466734 0.006552690960466912
0.0 0.258259590115399 0.7422287656678825 0.0027302879001943835 0.005187547010369542
0.0 0.26235502196569077 0.7371777330525227 0.0038224030602727055 0.005460575800388945
0.0 0.2701363424812451 0.737996819422581 0.005733604590408348 0.004914518220350139
0.0 0.09416928731370788 0.6880325508490212 0.007098748540505895 0.007098748540505717
0.0 0.1095954139498069 0.7049603358302272 0.007371777330525475 0.006552690960466912
0.0 0.11696719128033202 0.7287138405619195 0.006825719750486315 0.005460575800389123
0.0 0.15314350595790954 0.6817528886785736 0.005460575800389123 0.007644806120544701
0.0 0.18754513350036053 0.6803877447284765 0.005460575800388767 0.005460575800388945
0.0 0.15382607793295833 0.7083731957054702 0.006825719750486315 0.008463892490603087
0.0 0.15915013933833766 0.7111034836056648 0.004914518220349962 0.007371777330525298
0.0 0.1642011719536974 0.7213420632313944 0.003549374270253125 0.005460575800389123
0.0 0.2826956668221399 0.7003188463998965 0.004641489430330737 0.004368460640311156
0.0 0.2910230449177334 0.6959503857595852 0.004914518220350317 0.006552690960466912
0.0 0.30112511014845306 0.7049603358302271 0.0038224030602727055 0.004914518220350139
0.0 0.27518737509660485 0.6873499788739723 0.004368460640311156 0.004095431850291753
0.0 0.27300314477644905 0.6788860863833693 0.006006633380427928 0.004095431850291753
0.0 0.29634710632311256 0.6671458484125328 0.003003316690213964 0.005187547010369542
0.0 0.3217387837949216 0.6690570499426689 0.004095431850291931 0.005187547010369542
0.0 0.3289740467304373 0.667009334017523 0.006006633380427928 0.004914518220350139
0.0 0.33457113692583607 0.7052333646202464 0.004641489430330737 0.006552690960466912
0.0 0.1430414407271897 0.6754732265081261 0.0065526909604670894 0.005460575800389123
0.0 0.1976471987310804 0.6567707543917936 0.004368460640311156 0.006825719750486315
0.0 0.23655380130885248 0.6427097717057918 0.007917834910563925 0.007098748540505717
0.0 0.25730398935033083 0.661548758217134 0.004095431850291931 0.0038224030602723503
0.0 0.26098987801559337 0.6507641210113657 0.005460575800389123 0.005187547010369542
0.0 0.2910230449177334 0.6519927505664531 0.003276345480233189 0.0027302879001945613
0.0 0.3016711677284919 0.653084865726531 0.004914518220350317 0.004368460640311156
0.0 0.2836512675872081 0.6319251345000234 0.006006633380427928 0.004641489430330737
0.0 0.32051015423983403 0.6214135260842746 0.009829036440700278 0.007098748540505717
0.0 0.45963489998819507 0.9378340860606131 0.0062873213720187945 0.007396848672963685
0.0 0.4568610817358339 0.8731116601721833 0.00443810920377814 0.006657163805666855
0.0 0.4490943906292223 0.8690433934020534 0.005917478938370735 0.006657163805666855
0.0 0.44447136020862 0.8631259144636827 0.009246060841203985 0.006657163805666855
0.0 0.46222379702373234 0.8261416710988655 0.00850637597390822 0.00887621840755628
0.0 0.43319116598235097 0.7921161672032339 0.008876218407555925 0.0051777940710744375
0.0 0.4986532767380771 0.8157860829567168 0.008136533540259805 0.008136533540259805
0.0 0.5071596527119852 0.8161559253903649 0.00739684867296333 0.007396848672963685
0.0 0.5324938594168845 0.8015471492612622 0.008506375973907864 0.00776669110661139
0.0 0.4694357244798713 0.7677065665824545 0.00887621840755628 0.005917478938370735
0.0 0.5021667798577345 0.7566112935730095 0.005547636504722675 0.00739684867296333
0.0 0.5280557502131066 0.7810208941937888 0.00850637597390751 0.008136533540259805
0.0 0.5276859077794585 0.7651176695469173 0.0062873213720187945 0.006657163805667032
0.0 0.4799762338388442 0.8757005572077204 0.005547636504722675 0.008136533540259805
0.0 0.4773873368033074 0.8649751266319236 0.005547636504722675 0.012574642744037589
0.0 0.512152525566235 0.8751457935572482 0.007766691106611745 0.0070270062393152696
0.0 0.5337883079346533 0.8855013816993971 0.00665716380566721 0.005547636504722675
0.0 0.5071596527119848 0.8560989082243673 0.00591747893837109 0.006657163805666855
0.0 0.4047132985914418 0.8805085088451466 0.005917478938370735 0.007396848672963685
0.0 0.39306326193152435 0.8757005572077204 0.005547636504722319 0.008136533540259805
0.0 0.372721928080875 0.8781045330264335 0.00850637597390822 0.0048079516374262
0.0 0.34424406068996555 0.842044895745737 0.00776669110661139 0.00813653354025945
0.0 0.38881007394457023 0.850736192936469 0.00739684867296333 0.0062873213720187945
0.0 0.39028944367916285 0.8581330416094325 0.005917478938370735 0.0040682667701300804
0.0 0.34984012621216304 0.8031128446670026 0.007396848672963685 0.0048079516374262
0.0 0.34059406537095854 0.7838810381172977 0.005177794071074615 0.0070270062393152696
0.0 0.3431829624064958 0.7772238743116308 0.005917478938370735 0.007027006239315093
0.0 0.3409639078046068 0.7639095467002965 0.00443810920377814 0.009985745708500637
0.0 0.3442924897074402 0.7542936434254442 0.003698424336481665 0.0062873213720187945
0.0 0.3431829624064958 0.7472666371861288 0.005917478938370735 0.005547636504722497
0.0 0.371845751014229 0.7690873407713709 0.00776669110661139 0.004068266770129725
0.0 0.3796124421208402 0.7653889164348893 0.0048079516374262 0.0070270062393152696
0.0 0.3727703570983493 0.7576222253282776 0.005917478938370735 0.006287321372018972
0.0 0.3936664545994709 0.75817698897875 0.005547636504722675 0.00739684867296333
0.0 0.3949609031172397 0.7892437534051961 0.005917478938370735 0.008136533540259982
0.0 0.37628386021800714 0.7824016683827051 0.005547636504722319 0.005547636504722497
0.0 0.40013869718831413 0.780182613780816 0.00591747893837038 0.004807951637426378
0.0 0.40698078221080536 0.7766691106611585 0.00628732137201915 0.005917478938370557
0.0 0.42602766754368576 0.7428285279823508 0.008136533540259805 0.007766691106611745
0.0 0.3786878360367204 0.7093577877371913 0.0096159032748524 0.00739684867296333
0.0 0.40494664882574016 0.7132411332904971 0.00665716380566721 0.007027006239315447
0.0 0.3587163446197188 0.7178641637110993 0.0044381092037777846 0.005917478938370735
0.0 0.3465115443093293 0.6897561387538383 0.00739684867296333 0.008136533540259805
0.0 0.35427823541594117 0.7045498360997652 0.00739684867296333 0.008876218407556102
0.0 0.36555842964220986 0.6893862963201901 0.0062873213720187945 0.005917478938370735
0.0 0.4563547471028361 0.7137958969409695 0.006657163805666855 0.006657163805667032
0.0 0.4689293898468739 0.706399048268006 0.005917478938370735 0.006657163805667032
0.0 0.4933389904676531 0.7163847939765066 0.008876218407555925 0.006657163805667032
0.0 0.49666757237048687 0.7025157027147002 0.00517779407107426 0.007766691106611745
0.0 0.35520284150006115 0.6200408400111582 0.009246060841203985 0.006287321372018972
0.0 0.3470663079598017 0.6335400888393163 0.00776669110661139 0.006657163805667032
0.0 0.3648187447749137 0.6313210342374272 0.0070270062393152696 0.00739684867296333
0.0 0.37535925413388666 0.6481488649684191 0.008136533540259805 0.009246060841204162
0.0 0.43656817690265887 0.652217131738549 0.005547636504722319 0.007766691106611745
0.0 0.4484031347794003 0.6721886231555503 0.007027006239315625 0.007766691106611568
0.0 0.46319683212532714 0.68032515669581 0.00924606084120434 0.0070270062393152696
0.0 0.5042493422602743 0.6771814960098006 0.00776669110661139 0.00739684867296333
0.0 0.5207073305576178 0.6692298836863648 0.005917478938370735 0.007027006239315093
0.0 0.5097969787649965 0.6394575677776871 0.00924606084120434 0.006657163805667032
0.0 0.5305081550492943 0.6411218587291039 0.00776669110661139 0.0062873213720187945
0.0 0.4920445419498842 0.6834688173818194 0.007027006239315625 0.00517779407107426
0.0 0.2732827424469916 0.5935971060053139 0.008136533540259805 0.008136533540259805
0.0 0.2936240762976407 0.5960010818240271 0.01035558814214852 0.004068266770129903
0.0 0.30564395539120637 0.5745502206724332 0.0070270062393152696 0.0062873213720187945
0.0 0.3248757619409114 0.5752899055397295 0.00776669110661139 0.007766691106611568
0.0 0.31433525258193845 0.6022884031960459 0.006657163805666855 0.007766691106611568
0.0 0.4254729038932137 0.5710367175527755 0.0070270062393152696 0.0051777940710744375
0.0 0.4114188914145833 0.5725160872873682 0.0070270062393152696 0.00739684867296333
0.0 0.38811881809474846 0.5621604991452195 0.005547636504722675 0.005917478938370735
0.0 0.4204800310389635 0.5904534453193044 0.00591747893837109 0.00776669110661139
0.0 0.4184458976538984 0.6148630459400838 0.00776669110661139 0.0070270062393152696
0.0 0.46541588672721607 0.6128289125550188 0.007766691106611745 0.00665716380566721
0.0 0.48483261449374504 0.6156027308073801 0.008136533540259805 0.0070270062393152696
0.0 0.4635666745589752 0.597850293992268 0.01368417004498248 0.006287321372018972
0.0 0.4759563960861891 0.5645644749639326 0.00665716380566721 0.00924606084120434
0.0 0.5081326878135799 0.5473668017992926 0.0073968486729629745 0.0096159032748524
0.0 0.5227414639426827 0.5573525475077932 0.00776669110661139 0.008876218407556102
0.0 0.5081326878135799 0.6067265123998241 0.008136533540259805 0.008506375973907864
0.0 0.27883037895171425 0.5754748267565535 0.005917478938370735 0.010355588142148875
0.0 0.28067959111995505 0.5556882565563764 0.006657163805666855 0.006287321372018972
0.0 0.3002812401033079 0.5445929835469312 0.00443810920377814 0.0070270062393152696
0.0 0.2806795911199547 0.5379358197412643 0.01183495787674147 0.013684170044982302
0.0 0.29140502169575183 0.504834921929753 0.005917478938370735 0.00739684867296333
0.0 0.26828986959274115 0.5268405467318191 0.0062873213720187945 0.005547636504722675
0.0 0.26921447567686163 0.4954039398717246 0.008136533540259805 0.005547636504722675
0.0 0.27550179704888045 0.4597141450246761 0.00665716380566721 0.0051777940710744375
0.0 0.2919597853462241 0.45046808418347195 0.00776669110661139 0.004438109203777962
0.0 0.30804793120991947 0.45583079947137034 0.008136533540259805 0.0062873213720187945
0.0 0.3409639078046068 0.4473244234974625 0.008136533540259805 0.0062873213720187945
0.0 0.37221559344787725 0.45102284783394414 0.007027006239315625 0.0070270062393152696
0.0 0.38312594524049803 0.48245945469403867 0.0096159032748524 0.010725430575796936
0.0 0.3868243695769797 0.5144508252046054 0.00739684867296333 0.00739684867296333
0.0 0.3724005146647015 0.5299842074178287 0.00665716380566721 0.006657163805667032
0.0 0.34429248970744036 0.5235119648289855 0.00739684867296333 0.004068266770129903
0.0 0.3437377260569681 0.5076087401821143 0.0070270062393152696 0.0070270062393152696
0.0 0.35353855054864436 0.49373964892030786 0.00443810920377814 0.008136533540259805
0.0 0.341518671455079 0.4883769336324094 0.00998574570850046 0.0070270062393152696
0.0 0.3324575318306987 0.4820896122603905 0.008136533540259805 0.004068266770129903
0.0 0.33671071981765266 0.4754324484547234 0.0062873213720187945 0.005547636504722497
0.0 0.3537234717654686 0.47025465438364905 0.0062873213720187945 0.008506375973907864
0.0 0.30471934930708605 0.4796856364416774 0.0044381092037777846 0.006657163805667032
0.0 0.39644027285183225 0.4626728844938615 0.00591747893837038 0.006657163805667032
0.0 0.4032823578743233 0.49947220664185454 0.0048079516374262 0.008506375973907864
0.0 0.4178911340034265 0.5074238189652902 0.008136533540259805 0.006657163805667032
0.0 0.46467620185991976 0.539230268259033 0.010725430575796936 0.005917478938370735
0.0 0.41400778845012065 0.552359674653543 0.00628732137201915 0.007766691106611568
0.0 0.44322534070832625 0.5233270436121615 0.0048079516374262 0.004438109203777962
0.0 0.43453404351759384 0.5087182674830587 0.006657163805666855 0.0062873213720187945
0.0 0.5179335123052564 0.5096428735671792 0.0062873213720187945 0.0059174789383709125
0.0 0.49463343898542167 0.49521901865490053 0.0070270062393152696 0.006657163805667032
0.0 0.4526563227663544 0.4830142183445109 0.005917478938370735 0.008876218407556102
0.0 0.44599915896068704 0.48430866686227947 0.00443810920377814 0.007766691106611568
0.0 0.4282467221455752 0.4861578790305203 0.005917478938370735 0.0048079516374262
0.0 0.43675309811948304 0.46063875110879654 0.00591747893837038 0.0070270062393152696
0.0 0.4582039592710766 0.46766575734811183 0.005917478938370735 0.0070270062393152696
0.0 0.46597065037768814 0.4706244968172973 0.00443810920377814 0.004807951637426378
0.0 0.49555804506954215 0.4711792604677695 0.00295873946918519 0.005917478938370735
0.0 0.1861711626235129 0.5889161352546852 0.005744298098642986 0.00957383016440474
0.0 0.1990958333454591 0.589235262926832 0.006063425770789266 0.0070208087872302375
0.0 0.23435944111768342 0.605351210370247 0.011488596197285617 0.00989295783655173
0.0 0.2531879737743461 0.5846079116807033 0.007659064131523863 0.006701681115083425
0.0 0.2643574422994851 0.6208289024693678 0.00893557482011147 0.0070208087872302375
0.0 0.2503158247250248 0.5562055488596356 0.008297319475817489 0.009892957836551553
0.0 0.19446848209933024 0.5380152715472666 0.008935574820111114 0.006701681115083247
0.0 0.21776480216604863 0.5503016869249194 0.008297319475817489 0.006382553442936256
0.0 0.22893427069118744 0.5332283564650643 0.010212085508698366 0.005425170426495996
0.0 0.1995745248536794 0.5108894194147864 0.008935574820111114 0.007978191803670676
0.0 0.21664785531353453 0.5054642489882902 0.00478691508220237 0.006063425770789621
0.0 0.15234362937594917 0.5096129087261991 0.0070208087872302375 0.004148659737908567
0.0 0.1620770233764274 0.5196654303988242 0.011807723869432607 0.0070208087872302375
0.0 0.11835653229231209 0.5019538445946753 0.006063425770789976 0.00478691508220237
0.0 0.10654880842287966 0.4982838763649868 0.00542517042649635 0.005744298098642986
0.0 0.15100046299754197 0.45890559254713603 0.012126851541579598 0.0070208087872302375
0.0 0.16424426139163534 0.4665646566786599 0.006063425770789976 0.007659064131523863
0.0 0.1811580280154171 0.4762980506791381 0.006063425770789976 0.006701681115083425
0.0 0.22009160401732988 0.4849144978271024 0.007978191803670853 0.007978191803670676
0.0 0.23588842378859773 0.4928926896307731 0.004467787410055379 0.009254702492257927
0.0 0.06661998851506859 0.5498507073085659 0.0038537335122185825 0.005335938709225907
0.0 0.06691642955447019 0.5086454028317665 0.006225261827430018 0.005928820788028588
0.0 0.03919919237043619 0.4744064627809008 0.004743056630423226 0.0050394976698243
0.0 0.043201146402355305 0.4459481229983632 0.006225261827430018 0.006225261827430195
0.0 0.05520700849811355 0.44728210767566956 0.006521702866831447 0.004743056630422871
0.0 0.061876931884645714 0.45721288249561776 0.004446615591021797 0.004446615591021619
