0.0 0.26287475620323353 0.43182847668224406 0.050362594296674536 0.007844117137258877
0.0 0.4677589466374272 0.43921117516437 0.03891655013833861 0.007844117137258877
0.0 0.4334208141624229 0.3847637738586904 0.034338132475004245 0.005998442516727209
0.0 0.3830582198657501 0.35246446799938946 0.04349496780167298 0.00876695444752471
0.0 0.33727404323240995 0.3217801274330533 0.029759714811669877 0.006459861171860126
0.0 0.4288423964990903 0.2733311686441013 0.03891655013833861 0.009228373102657627
0.0 0.46546973780576173 0.2959406827456121 0.034338132475004245 0.008305535792391794
0.0 0.6222805427749498 0.3077068584515004 0.0412057589700058 0.009689791757789834
0.0 0.6943906209724591 0.27540755259219907 0.025181297148335505 0.011535466378322212
0.0 0.12323301747154759 0.21196248751142868 0.04578417663334017 0.006459861171860126
0.0 0.028230850957366473 0.23687909488860406 0.034338132475004245 0.011074047723189295
0.0 0.1406334708287375 0.1829216834334307 0.02747050598000269 0.011074047723189295
0.0 0.2951550669662584 0.1833831020885633 0.0297597148116734 0.009228373102657627
0.0 0.06852339263122649 0.11117108256026853 0.05265180312834172 0.010612629068056378
0.0 0.2859982316395914 0.02788501530878449 0.048073385465007355 0.008305535792391794
0.0 0.38328960698543796 0.032499201860113305 0.02747050598000269 0.009228373102657627
0.0 0.5091960927271207 0.044265377566001976 0.059519429623339754 0.00876695444752471
0.0 0.5973306327463003 0.037344097739008576 0.048073385465007355 0.007844117137258877
0.0 0.6316687652213046 0.08671589383822642 0.034338132475004245 0.008766954447524001
0.0 0.406181695302108 0.009428269103469588 0.050362594296674536 0.011074047723188585
