0.0 0.0024560075866684626 0.24518463068099622 0.004912015173336925 0.01015121041292275
0.0 0.044594019514764584 0.31185962634769665 0.0064598611718604815 0.009689791757789834
0.0 0.059359416479016505 0.2712547846960035 0.0073826984821263155 0.010612629068056378
0.0 0.07389410411570214 0.41452527711476106 0.006921279826993043 0.009228373102656917
0.0 0.12488086550788466 0.39999058947807564 0.008305535792391438 0.005998442516727209
0.0 0.17125344034873874 0.4389804658368039 0.006921279826993043 0.008305535792391794
0.0 0.22085594577552303 0.41683237039042564 0.0055370238615946475 0.008305535792391794
0.0 0.10227135140637404 0.37230547017010307 0.009228373102657627 0.006921279826993043
0.0 0.15348882212612286 0.27448471528193397 0.00738269848212596 0.009689791757789834
0.0 0.2531552516348242 0.39537640292674714 0.00738269848212596 0.00599844251672792
0.0 0.2716119978401393 0.40322052006400605 0.0073826984821263155 0.009689791757790545
0.0 0.29329867463138404 0.3423132575864667 0.006459861171860126 0.009689791757790545
0.0 0.13549349457594068 0.3543101426199211 0.01107404772318894 0.005998442516727209
0.0 0.33482635359334284 0.23226490833727526 0.006459861171860126 0.011996885033454419
0.0 0.35143742517812643 0.1997348931504078 0.006459861171860126 0.00876695444752471
0.0 0.35743586769485364 0.30147770660720674 0.006459861171860126 0.00738269848212596
0.0 0.43034001520584797 0.3903007977202854 0.009228373102657273 0.006921279826993043
0.0 0.46633067030621245 0.441748977767601 0.0073826984821263155 0.00738269848212596
0.0 0.3625114729013156 0.43898046583680356 0.008305535792391794 0.008305535792391794
0.0 0.45133456401439387 0.22026802330382084 0.008766954447524355 0.008305535792391794
0.0 0.5203166529567586 0.2207294419589534 0.0064598611718604815 0.00738269848212667
0.0 0.6052176855012078 0.35084950270642457 0.008305535792391794 0.010151210412923462
0.0 0.579378240813767 0.4191394636660899 0.010151210412923462 0.00738269848212596
0.0 0.5318521193350808 0.4302135113892792 0.009228373102657273 0.0073826984821252495
0.0 0.6437461432048032 0.4332127326476428 0.005998442516727565 0.006921279826993043
0.0 0.6785832516673349 0.42813712744118104 0.0073826984821263155 0.009689791757790545
0.0 0.721264477267126 0.43828833785410454 0.009689791757790545 0.008766954447525422
0.0 0.7014234750964127 0.22811214044107936 0.007844117137258877 0.009228373102657627
0.0 0.7459503753167349 0.25810435302471646 0.00738269848212596 0.006459861171860126
0.0 0.7459503753167349 0.2680248541100738 0.006459861171860126 0.006921279826993043
0.0 0.7362605835589446 0.3376990710351375 0.008305535792391794 0.00876695444752471
0.0 0.7623169273136039 0.3360841057421727 0.007844117137258877 0.00738269848212667
0.0 0.7904634652767095 0.39214647234081673 0.008766954447524355 0.00876695444752471
0.0 0.7927705585523738 0.42144655694175415 0.008766954447524355 0.008305535792391794
0.0 0.7784665802432545 0.4375962098714048 0.005998442516727209 0.009228373102657627
0.0 0.8529856930472143 0.43182847668224406 0.010151210412923462 0.007844117137258877
0.0 0.8942826626816064 0.43921117516437 0.007844117137258877 0.007844117137258877
0.0 0.8873613828546134 0.3847637738586904 0.006921279826993043 0.005998442516727209
0.0 0.8772101724416903 0.35246446799938946 0.00876695444752471 0.00876695444752471
0.0 0.8679817993390326 0.3217801274330533 0.005998442516727209 0.006459861171860126
0.0 0.8864385455443479 0.2733311686441013 0.007844117137258877 0.009228373102657627
0.0 0.8938212440264739 0.2959406827456121 0.006921279826993043 0.008305535792391794
0.0 0.9254284219030758 0.3077068584515004 0.008305535792391794 0.009689791757789834
0.0 0.9399631095397613 0.27540755259219907 0.005075605206461375 0.011535466378322212
0.0 0.7863106973805136 0.2650256328517095 0.008766954447524355 0.00738269848212596
0.0 0.8248391550841088 0.21196248751142868 0.009228373102657627 0.006459861171860126
0.0 0.8056902808960942 0.23687909488860406 0.006921279826993043 0.011074047723189295
0.0 0.7930012678799402 0.2207294419589534 0.009228373102657627 0.01015121041292275
0.0 0.5478038916431294 0.023732247412588593 0.006459861171860126 0.00738269848212596
0.0 0.6703105445809078 0.021886572792056923 0.007844117137258877 0.008305535792391794
0.0 0.7039941064056074 0.07010482225344283 0.005998442516727209 0.007844117137258877
0.0 0.7178366660595936 0.1374719459028423 0.006921279826993398 0.007844117137258877
0.0 0.7429839827643354 0.13816407388554203 0.008305535792391794 0.005537023861595003
0.0 0.7798974751749658 0.1658491931935142 0.006459861171860126 0.008305535792391794
0.0 0.7918943602084203 0.1510837962292623 0.00830553579239215 0.011074047723188585
0.0 0.8283464339639174 0.1829216834334307 0.005537023861594293 0.011074047723189295
0.0 0.8594921931853865 0.1833831020885633 0.00599844251672792 0.009228373102657627
0.0 0.7360627029373423 0.05833864654755452 0.008305535792391794 0.009228373102657627
0.0 0.7875108829846582 0.07956390468366656 0.006921279826993043 0.011074047723188585
0.0 0.8138117463272316 0.11117108256026853 0.010612629068056378 0.010612629068056378
0.0 0.8576465185648552 0.02788501530878449 0.009689791757790545 0.008305535792391794
0.0 0.8772568114080024 0.032499201860113305 0.005537023861594293 0.009228373102657627
0.0 0.9026348374403103 0.044265377566001976 0.011996885033454419 0.00876695444752471
0.0 0.9203994556629261 0.037344097739008576 0.009689791757790545 0.007844117137258877
0.0 0.9273207354899192 0.08671589383822642 0.006921279826993043 0.008766954447524001
0.0 0.8818709979593311 0.009428269103469588 0.010151210412923462 0.011074047723188585
0.0 0.0694218945957834 0.07852803590005486 0.007500404554384943 0.010625573118712595
0.0 0.08286011942238983 0.09196626072666128 0.008125438267250474 0.008750471980116003
0.0 0.11783796758466547 0.19895921055349036 0.007211927456139478 0.009135108111109957
0.0 0.11759757000279407 0.008323928129540904 0.0096159032748524 0.0096159032748524
0.0 0.17000424285073984 0.0012771930823147315 0.00576954196491144 0.002554386164629463
0.0 0.17865855579810716 0.00031560275482931386 0.00865431294736716 0.0006312055096586277
0.0 0.2060638801314365 0.0366908427903553 0.007692722619882275 0.012500674257307765
0.0 0.23659437302909278 0.11145449075233316 0.005288746801168998 0.009135108111109957
0.0 0.24428709564897505 0.1297247069745527 0.006250337128653883 0.012019879093565323
0.0 0.31073176983660655 0.18882083708501654 0.007294346791927353 0.010941520187891029
0.0 0.285657452739356 0.14414296298446097 0.010941520187891029 0.006382553442936256
0.0 0.3271440501184431 0.12362761263216485 0.010029726838900289 0.00820614014091845
0.0 0.3323868618751412 0.13388528780831307 0.00957383016440474 0.0050148634194499666
0.0 0.4887594212270859 0.18790904373602615 0.00957383016440474 0.006382553442936256
0.0 0.45667918324675283 0.01273448602771161 0.006838450117431805 0.00683845011743216
0.0 0.5157178025939155 0.0021501987747727823 0.006382553442936612 0.0043003975495455645
0.0 0.28435024028746625 0.01592576274917974 0.007750243466422902 0.010485623513395126
