0.0 0.006241498978041449 0.18339583835541612 0.00904384217923564 0.04736137850968871
0.0 0.3314883802144486 0.12888578031592182 0.007329484775172546 0.026573206579037775
0.0 0.33853596172903766 0.1330815497757711 0.0045104521693367875 0.020978847299244617
0.0 0.35347683453996803 0.09741750936705842 0.004510452169337498 0.02517461675909213
0.0 0.3598196579030983 0.12469001085607255 0.005919968472255022 0.0265732065790413
0.0 0.36644438452681244 0.11070411265657731 0.007329484775172546 0.0265732065790413
0.0 0.39392995243371126 0.10580904828675522 0.01155803368392654 0.02517461675909213
0.0 0.41253556763222754 0.08692808571743613 0.006483774993422742 0.03216756585883798
0.0 0.4321278442427861 0.0032545855351679355 0.005074258690504508 0.006509171070335871
0.0 0.44720966868400785 0.052662635128674376 0.005919968472255022 0.027971796398990473
0.0 0.4611638800828949 0.08133372643763767 0.006201871732838526 0.02377602693913943
0.0 0.4666609936642743 0.04357180129899948 0.004792355429921002 0.029370386218939643
0.0 0.47032573605186095 0.00045740589526871217 0.0070475815145890405 0.0009148117905374243
0.0 0.4779371240876177 0.028886608189529657 0.008175194556923771 0.027971796398993998
0.0 0.5023217561280973 0.010247534634916435 0.0056380652116715165 0.02049506926983287
0.0 0.5131750316605647 0.04636898093889959 0.007611388035756761 0.01818166765934275
0.0 0.517262628939027 0.010247534634915553 0.0056380652116715165 0.020495069269831107
0.0 0.5367251445711989 0.002990003601432589 0.006243283555684797 0.005980007202865178
0.0 0.5847389681065873 0.03990438296502305 0.005945984338747934 0.029499457184485874
0.0 0.5504009085503195 0.06276646228299564 0.013973063196056757 0.0280244843252607
0.0 0.6103067007632024 0.021467222224722464 0.004162189037123199 0.03097443004371105
0.0 0.6804693159604263 0.013314813616002645 0.005945984338747934 0.02662962723200529
0.0 0.717780367686068 0.007414922179106351 0.004459488254060773 0.014829844358212703
0.0 0.7237263520248163 4.005788298400148e-05 0.006837881989559947 8.011576596800296e-05
