0.0 0.3797576176117854 0.9714400563037584 0.007343290658353397 0.007343290658353397
0.0 0.2937638191126462 0.8966544382831586 0.006183823712297354 0.005410845748260585
0.0 0.49821649060048684 0.8431257142735822 0.006183823712297709 0.0073432906583537514
0.0 0.22342282438526037 0.7637022284687592 0.006956801676334834 0.0038648898201859793
0.0 0.27617857043079946 0.7095937709861548 0.00811626862239052 0.007729779640372136
0.0 0.48758804359497565 0.7016707468547734 0.008116268622390876 0.008889246586427823
0.0 0.5067192482048963 0.6804138528437502 0.01082169149652117 0.0081162686223907
0.0 0.5015016469476452 0.5959660102726856 0.004251378802204897 0.006956801676334834
0.0 0.537445122275375 0.6473046295593773 0.004251378802204542 0.006827971032769753
0.0 0.372414326953432 0.5754820942256996 0.008116268622390876 0.004637867784223282
0.0 0.3018800877350367 0.5857240522491927 0.008502757604409439 0.006570312694316271
0.0 0.22574175827737192 0.1876404007700317 0.006956801676334834 0.006570312694316227
0.0 0.4170538043765806 0.2295744553190501 0.007729779640372669 0.006956801676334834
0.0 0.4698095504221197 0.23421232310327333 0.006570312694315916 0.006956801676334834
0.0 0.49879622407351504 0.19189177957223633 0.0073432906583537514 0.010435202514502296
0.0 0.525657208323808 0.2181730303495013 0.010821691496520814 0.007343290658353485
0.0 0.5331937434731703 0.20445267148784096 0.005024356766241666 0.010048713532483688
0.0 0.5366721443113379 0.21701356340344552 0.005024356766241666 0.007343290658353485
0.0 0.6309368070256756 0.9207133774138168 0.006029228119490071 0.005526792442865869
0.0 0.681431592526406 0.9252352985034342 0.005526792442866224 0.005526792442865869
0.0 0.7432311807511806 0.9302596552696762 0.007536535149363033 0.00452192108961782
0.0 0.994951454739897 0.8837843551819393 0.005526792442866224 0.008038970825986879
0.0 0.7326800315420728 0.9697008558846747 0.007536535149363033 0.010048713532483688
0.0 0.7922186592220386 0.992561679171075 0.008038970825986525 0.009546277855859486
0.0 0.8082966008740126 0.9981649733728781 0.007034099472738831 0.0036700532542436547
0.0 0.8658254858474816 0.9516131715262042 0.009546277855859842 0.007034099472738475
0.0 0.9978525541274165 0.9418156758320324 0.004294891745167106 0.01055114920910789
0.0 0.5470300490294369 0.8609235318955392 0.010048713532483688 0.005526792442865869
0.0 0.6804267211731576 0.8327871340045849 0.008541406502611083 0.006531663796114628
0.0 0.7153460006985386 0.8636869281169721 0.00904384217923564 0.008038970825986879
0.0 0.8763766350565895 0.8677064135299656 0.00954627785585913 0.006029228119490071
0.0 0.7726236678336955 0.6411079233724586 0.009043842179234929 0.008038970825986879
0.0 0.8449744052675779 0.6079471687152623 0.008038970825986525 0.007034099472738653
0.0 0.8753717637033411 0.7270244240751941 0.00954627785585913 0.010048713532483688
0.0 0.951741986550217 0.6890905304900681 0.0075365351493623224 0.007536535149362677
0.0 0.9540029470950259 0.658693172054305 0.010048713532483333 0.008038970825986879
0.0 0.7721212321570713 0.5855887811054863 0.012058456238980497 0.009546277855859663
0.0 0.7331824672186971 0.3833584212642523 0.007536535149363033 0.007034099472738564
0.0 0.7909625700304781 0.39340713479673595 0.009546277855859486 0.007034099472738564
0.0 0.9055179043007922 0.3780828466596983 0.005526792442865513 0.0075365351493627665
0.0 0.7331824672186971 0.18791094305744474 0.009546277855859486 0.009043842179235284
0.0 0.8788888134397101 0.23740085720492682 0.010551149209108246 0.006531663796114362
0.0 0.949229808167096 0.19494504253018333 0.006531663796114628 0.008038970825986924
0.0 0.999359861157289 0.2529763631802765 0.0012802776854218933 0.0075365351493627665
0.0 0.9947002369015845 0.27382744376018014 0.010048713532483333 0.007034099472738564
