0.0 0.3406897580796949 0.09383264825924932 0.006956801676334834 0.04218422377381251
0.0 0.3617534075997087 0.11396602778765992 0.006570312694315916 0.03643182962283856
0.0 0.34300869197180645 0.29612517590185444 0.006956801676334478 0.024927041320887126
0.0 0.4152821316092849 0.3210522172227416 0.006183823712297709 0.028761970754873287
0.0 0.4168280875373599 0.2491472903355619 0.007729779640371959 0.030679435471864604
0.0 0.4369255146023271 0.23955996675060354 0.006956801676334834 0.026844506037878444
0.0 0.44291609382361496 0.20216940476926934 0.006570312694316627 0.028761970754873287
0.0 0.4715162784929916 0.12451208373111217 0.007343290658353397 0.04218422377381251
0.0 0.1986550571878583 0.027680115523041823 0.009662224550465125 0.03643182962283856
0.0 0.2631987171849651 0.13314067495757487 0.009662224550465125 0.028761970754873287
0.0 0.25991356083780703 0.04206110090047847 0.009275735568446209 0.034514364905847236
0.0 0.28522858916002514 0.20600433420325373 0.008889246586427646 0.04793661792478646
0.0 0.46977707807390845 0.26832193750547684 0.006956801676334834 0.03834929433982987
0.0 0.49064748310291273 0.28557911995840046 0.005410845748260585 0.030679435471864604
0.0 0.5010826856174149 0.1983344753352867 0.004637867784223459 0.03643182962283856
0.0 0.5660772455516814 0.08991943340207793 0.005024356766242022 0.03988326611342504
0.0 0.5841649299101519 0.16843961356287995 0.008038970825986879 0.027419745452979715
0.0 0.6256158732316471 0.13478810777967934 0.009546277855859842 0.029912449585068782
0.0 0.6522449640927286 0.07496320860954354 0.007536535149363033 0.03988326611342504
0.0 0.6386792008238759 0.27687224330875254 0.0065316637961142735 0.029912449585068782
0.0 0.5683382060964901 0.0038300985215702766 0.008541406502611436 0.007660197043140553
0.0 0.6989714820187778 0.016293619182016484 0.0065316637961142735 0.03258723836403297
0.0 0.7459492177831389 0.17467137389310264 0.012058456238980142 0.03988326611342504
0.0 0.7858928540747616 0.23200356893114937 0.00954627785585913 0.03489785784924691
0.0 0.8062414989780414 0.18339583835541612 0.00904384217923564 0.04736137850968871
0.0 0.7622783772734252 0.1310490515815475 0.007536535149362677 0.04237597024551058
0.0 0.7524808815792534 0.0013373943894820928 0.009043842179235284 0.0026747887789641857
0.0 0.7914196465176279 0.01006185885179294 0.011556020562356295 0.02012371770358588
