0.0 0.15865344754893282 0.7564951725687505 0.006956801676334834 0.005024356766241666
0.0 0.18338874239812347 0.6643175503573137 0.009275735568446564 0.008502757604409439
0.0 0.19749559024180244 0.7365909899947927 0.010435202514502251 0.007729779640371959
0.0 0.2160470613786954 0.7520505492755365 0.007343290658353397 0.010821691496520814
0.0 0.2937313467644344 0.7684763310113271 0.005797334730278792 0.008116268622390876
0.0 0.3406897580796949 0.8189131431647549 0.006956801676334834 0.008502757604409083
0.0 0.3617534075997087 0.8229712774759502 0.006570312694315916 0.007343290658353397
0.0 0.34300869197180645 0.8596877307677175 0.006956801676334478 0.0050243567662413115
0.0 0.4152821316092849 0.8647120875339589 0.006183823712297709 0.0057973347302791465
0.0 0.4168280875373599 0.8502187507082617 0.007729779640371959 0.006183823712297709
0.0 0.4369255146023271 0.8482863057981685 0.006956801676334834 0.005410845748259873
0.0 0.44291609382361496 0.8407497706488058 0.006570312694316627 0.0057973347302791465
0.0 0.4715162784929916 0.8250969668770523 0.007343290658353397 0.008502757604409083
0.0 0.3768264778984344 0.7392964128689223 0.011981158442576856 0.009275735568446564
0.0 0.3998225723285412 0.7302139217914855 0.0069568016763351895 0.00811626862239052
0.0 0.40581315154982944 0.7468329480182854 0.008889246586428002 0.0057973347302791465
0.0 0.4139294201722201 0.690792045625588 0.006570312694316271 0.006570312694316271
0.0 0.43093493538103844 0.6871204002964111 0.009662224550465125 0.006956801676334834
0.0 0.4952853508871359 0.7025799595771554 0.007729779640371959 0.006956801676334834
0.0 0.1986550571878583 0.8055792732851131 0.009662224550465125 0.007343290658353397
0.0 0.22126466263594652 0.7821966898729876 0.007729779640371959 0.007729779640371604
0.0 0.2631987171849651 0.8268361672961362 0.009662224550465125 0.0057973347302791465
0.0 0.25991356083780703 0.8084779406502527 0.009275735568446209 0.006956801676334834
0.0 0.28522858916002514 0.8415227486128434 0.008889246586427646 0.009662224550464771
0.0 0.46977707807390845 0.8540836405284477 0.006956801676334834 0.007729779640371959
0.0 0.49064748310291273 0.8575620413666151 0.005410845748260585 0.006183823712297709
0.0 0.5010826856174149 0.8399767926847688 0.004637867784223459 0.007343290658353397
0.0 0.22918768676732792 0.6670229732314438 0.008889246586427646 0.005410845748260585
0.0 0.244067512575044 0.6565877707169416 0.006956801676334834 0.004637867784223459
0.0 0.2885137455071833 0.7031596930501834 0.006956801676334478 0.00811626862239052
0.0 0.3115098399372901 0.689439334188523 0.008116268622390876 0.006183823712297354
0.0 0.30397330478792756 0.6737865304167693 0.006183823712298064 0.0057973347302791465
0.0 0.32059233101472734 0.6699216405965835 0.006183823712297709 0.006570312694316627
0.0 0.17105356732173965 0.6126172292779936 0.007343290658353397 0.007729779640371604
0.0 0.2294134036065488 0.6377390131092027 0.009662224550465125 0.0038648898201859793
0.0 0.2732799030656601 0.6365795461631467 0.013140625388632542 0.0038648898201859793
0.0 0.3190788474348647 0.6166753635891888 0.009662224550465125 0.0073432906583537514
0.0 0.33801680755377606 0.5501992586819892 0.008889246586427646 0.0073432906583537514
0.0 0.4721284843142312 0.4841096427568079 0.005024356766241666 0.006570312694316271
0.0 0.5016948914386544 0.6433431033484724 0.0038648898201859793 0.008889246586427646
0.0 0.42285113910685956 0.6334876343069983 0.009275735568446209 0.007729779640371959
0.0 0.38014410659380377 0.6296227444868123 0.009662224550465125 0.008502757604409083
0.0 0.5310680540720683 0.5158017392823334 0.006183823712298064 0.008889246586427646
0.0 0.5096179155700359 0.42671602892704535 0.0057973347302791465 0.009275735568446209
0.0 0.5044003143127848 0.2955030195317299 0.006956801676334834 0.005797334730278792
0.0 0.4099037582092359 0.2676758128263906 0.006570312694315916 0.007343290658353397
0.0 0.41724704886758984 0.27115421366455783 0.005797334730278792 0.007343290658353397
0.0 0.3797576176117854 0.17144005630375841 0.007343290658353397 0.007343290658353397
0.0 0.5314545430540869 0.21627277821791627 0.005410845748260585 0.005024356766242022
0.0 0.2937638191126462 0.09665443828315859 0.006183823712297354 0.005410845748260585
0.0 0.49821649060048684 0.04312571427358218 0.006183823712297709 0.0073432906583537514
0.0 0.5660772455516814 0.8181243857951064 0.005024356766242022 0.008038970825987235
0.0 0.5841649299101519 0.833951109608768 0.008038970825986879 0.005526792442866224
0.0 0.6256158732316471 0.8271682279743416 0.009546277855859842 0.006029228119490426
0.0 0.6223500413335898 0.7940074733171455 0.008038970825986879 0.009043842179235284
0.0 0.6522449640927286 0.8151097717353611 0.007536535149363033 0.008038970825987235
0.0 0.6386792008238759 0.8558070615419204 0.0065316637961142735 0.006029228119490426
0.0 0.5683382060964901 0.7955147803470177 0.008541406502611436 0.012058456238980497
0.0 0.5530139179594526 0.7477833910677205 0.008038970825986879 0.010048713532483688
0.0 0.5602992352705032 0.7068348834228498 0.012560891915604699 0.007536535149362677
0.0 0.5751210877309167 0.6917618131241243 0.010048713532483688 0.01055114920910789
0.0 0.631142665674513 0.5955453810505927 0.009546277855859486 0.010048713532483688
0.0 0.6437035575901178 0.6427743346532664 0.00954627785585913 0.009043842179235284
0.0 0.6331524083810098 0.6671424649695391 0.008541406502611083 0.009546277855859486
0.0 0.6323987548660733 0.7020617444949199 0.006029228119490426 0.008038970825986879
0.0 0.6067745353582399 0.7038202693631044 0.009043842179235284 0.007536535149363033
0.0 0.674854569540817 0.7404980737566698 0.007536535149363033 0.008541406502611083
0.0 0.696459303635657 0.7688856894859363 0.008541406502611083 0.012058456238980497
0.0 0.7140445523175035 0.786470938167783 0.007536535149362677 0.010048713532483688
0.0 0.6989714820187778 0.8028000976580689 0.0065316637961142735 0.007536535149363033
0.0 0.7459492177831389 0.8352071988003285 0.012058456238980142 0.008038970825987235
0.0 0.6866618079414855 0.630967096252598 0.004019485412993263 0.0065316637961142735
0.0 0.7057543636532044 0.6239329967798593 0.00904384217923564 0.007536535149363033
0.0 0.718566473407121 0.6475474735811959 0.011556020562356295 0.009546277855859486
0.0 0.7484613961662602 0.6754326536338382 0.005024356766242022 0.010048713532483688
0.0 0.7060055814915165 0.6761863071487746 0.005526792442865869 0.008541406502611083
0.0 0.7173103842155605 0.6666400292929147 0.007034099472738475 0.005526792442866224
0.0 0.7670515162013549 0.6663888114546029 0.006029228119490426 0.007034099472738475
0.0 0.7778538832487747 0.6347353638272792 0.007536535149362677 0.011053584885732094
0.0 0.8152853411572764 0.6955300806988056 0.006029228119489716 0.008038970825987235
0.0 0.8436729568865431 0.7008056553033594 0.0075365351493623224 0.006531663796114628
0.0 0.849199749329409 0.634484145988967 0.0075365351493623224 0.006531663796114628
0.0 0.8617606412450133 0.6234305611032352 0.007536535149363033 0.006531663796114628
0.0 0.8697996120710005 0.6412670276233937 0.006531663796114628 0.008038970825987235
0.0 0.7858928540747616 0.8467632193626848 0.00954627785585913 0.007034099472738831
0.0 0.8062414989780414 0.8369657236685135 0.00904384217923564 0.00954627785585913
0.0 0.7622783772734252 0.8264145744594057 0.007536535149362677 0.008541406502610727
0.0 0.7524808815792534 0.795012344670394 0.009043842179235284 0.011053584885732094
0.0 0.7738343978357813 0.7892343343892158 0.005526792442865869 0.008541406502611083
0.0 0.7914196465176279 0.7987806122450751 0.011556020562356295 0.010551149209107713
0.0 0.8223194406300148 0.7942586911554577 0.008038970825987235 0.006531663796114628
0.0 0.8316145006475623 0.767629600294376 0.00452192108961782 0.0065316637961142735
0.0 0.8522143633891538 0.7884806808742797 0.007536535149363033 0.010048713532483688
0.0 0.9220529224399151 0.7553199262170838 0.0075365351493623224 0.008038970825986879
0.0 0.8954238315788334 0.7173860326319572 0.006531663796114628 0.006531663796114628
0.0 0.898689663476891 0.6317207497675341 0.009043842179234929 0.009043842179235284
0.0 0.9177822191886097 0.6166476794688089 0.008038970825987235 0.006029228119490071
0.0 0.9373772105769529 0.5942892918590325 0.008038970825987235 0.009546277855859486
0.0 0.9527014987139907 0.628706135707789 0.006531663796113918 0.013063327592228547
0.0 0.9484307954626854 0.6490547806110684 0.00904384217923564 0.008541406502611083
0.0 0.9815915501198809 0.6380011957253366 0.00904384217923564 0.008541406502611083
0.0 0.999588399400864 0.617401332983745 0.0008232011982720166 0.008541406502611083
0.0 0.9939012241971739 0.6807082282383922 0.008541406502611436 0.011556020562356295
0.0 0.9770696290302634 0.692013030962436 0.00904384217923564 0.008038970825986879
0.0 0.9559673306120476 0.6992983482734869 0.010048713532484044 0.006531663796114628
0.0 0.9589819446717929 0.6661375936162909 0.008038970825987235 0.008541406502611083
0.0 0.9263236256912208 0.7073373190994736 0.007034099472738831 0.009546277855859486
0.0 0.5585860695917931 0.5010571846183242 0.006029228119490071 0.0065316637961142735
0.0 0.5560738912086721 0.5186424333001703 0.008038970825986879 0.007536535149363033
0.0 0.6218929648464403 0.5103522446358715 0.00904384217923564 0.007034099472738831
0.0 0.6633439081679352 0.4970376992053307 0.006531663796114628 0.008541406502611083
0.0 0.6128491226672048 0.5410008209099468 0.006029228119490071 0.006029228119490426
0.0 0.6095832907691479 0.5533104949872394 0.006531663796114628 0.0035170497363694155
0.0 0.6857022957777117 0.5716493971840217 0.008038970825986879 0.010048713532483688
0.0 0.7377043883083146 0.5060815413845658 0.008541406502611083 0.009546277855859486
0.0 0.7698602716122623 0.49201334243908884 0.008541406502611436 0.006531663796114628
0.0 0.7866918667791726 0.4925157781157129 0.010048713532483688 0.005526792442866224
0.0 0.8180940965681838 0.5038205808397571 0.009546277855859842 0.007034099472738831
0.0 0.8600474755663037 0.5284399289943421 0.007034099472738831 0.007034099472738831
0.0 0.8798936847929586 0.5148741657254888 0.005526792442866224 0.007034099472738475
0.0 0.8811497739845191 0.5683835652859648 0.008038970825987235 0.009546277855859486
0.0 0.9067739934923527 0.5794371501716966 0.005024356766242022 0.005526792442866224
0.0 0.9416932730177333 0.5854663782911869 0.0075365351493623224 0.008541406502611083
0.0 0.9670662746872545 0.5739103577288308 0.00904384217923564 0.007536535149363033
0.0 0.5781810609801363 0.440764903423422 0.008038970825986879 0.007536535149363033
0.0 0.6440001346179042 0.4259430509630084 0.008038970825986879 0.007034099472738475
0.0 0.6563098086951967 0.3932847319824367 0.007536535149362677 0.008038970825986879
0.0 0.6221441826847522 0.40609684173635296 0.005526792442866224 0.006531663796114628
0.0 0.6065686767094025 0.38901402873113095 0.007536535149362677 0.007536535149362677
0.0 0.585215160452875 0.46463059806307055 0.009043842179234929 0.008038970825987235
0.0 0.5945102204704223 0.46664034076956773 0.007536535149363033 0.008038970825986879
0.0 0.6138539940204533 0.4580989342669561 0.010048713532483688 0.007034099472738475
0.0 0.6794218498199094 0.4678964299611277 0.0065316637961142735 0.007536535149363033
0.0 0.6530439767971398 0.46061111265007726 0.006029228119490426 0.004019485412993617
0.0 0.6914803060588897 0.44679413154291225 0.008541406502611083 0.008541406502611083
0.0 0.6874608206458964 0.31138771669269455 0.007536535149363033 0.009043842179235284
0.0 0.7831748170428032 0.36640442328304274 0.008038970825986879 0.0065316637961142735
0.0 0.7859382132642363 0.3794677508752716 0.0065316637961142735 0.009546277855859486
0.0 0.7683529645823896 0.40207735632335967 0.005526792442866224 0.0065316637961142735
0.0 0.7781504602765615 0.4023285741616716 0.005024356766242022 0.006029228119490071
0.0 0.8012625014012738 0.4485526564110966 0.0040194854129934395 0.006029228119490071
0.0 0.8547719009617498 0.47166469753580936 0.006531663796114628 0.007034099472738831
0.0 0.8645693966559211 0.4766890543020509 0.00904384217923564 0.005024356766241666
0.0 0.875120545865029 0.4882450748644073 0.005024356766242022 0.005024356766242022
0.0 0.8803961204695827 0.4048407525447928 0.00954627785585913 0.009043842179235284
0.0 0.9047642507858559 0.4523209239857781 0.00904384217923564 0.01055114920910789
0.0 0.9246104600125108 0.48397437161310164 0.006531663796114628 0.007536535149362677
0.0 0.9241080243358866 0.5030669273248206 0.00954627785585913 0.007536535149363033
0.0 0.9833954341775406 0.4601086769734527 0.006531663796113918 0.006029228119490426
0.0 0.9442054514008543 0.4427746461299188 0.005526792442866224 0.006531663796114628
0.0 0.9316445594852499 0.427450357992881 0.00954627785585913 0.009043842179235284
0.0 0.962544353597637 0.33374610430247065 0.006029228119489716 0.012560891915604699
0.0 0.6309368070256756 0.12071337741381676 0.006029228119490071 0.005526792442865869
0.0 0.681431592526406 0.12523529850343423 0.005526792442866224 0.005526792442865869
0.0 0.7432311807511806 0.13025965526967626 0.007536535149363033 0.00452192108961782
0.0 0.994951454739897 0.08378435518193932 0.005526792442866224 0.008038970825986879
0.0 0.7326800315420728 0.1697008558846747 0.007536535149363033 0.010048713532483688
0.0 0.6326953318938603 0.2352687116841304 0.00954627785585913 0.006531663796114628
0.0 0.656561026533509 0.2367760187140032 0.005024356766242022 0.007536535149362677
0.0 0.6882144741608327 0.28877811124460634 0.006029228119490071 0.007034099472738475
0.0 0.7444872699427411 0.29204394314266346 0.008038970825986525 0.0065316637961142735
0.0 0.7610676472713391 0.24757838576142338 0.007034099472738475 0.007034099472738475
0.0 0.7922186592220386 0.192561679171075 0.008038970825986525 0.009546277855859486
0.0 0.8082966008740126 0.19959577864381367 0.007034099472738831 0.006531663796114628
0.0 0.8329159490285974 0.21341275975097868 0.008038970825986525 0.007034099472738475
0.0 0.8658254858474816 0.15161317152620413 0.009546277855859842 0.007034099472738475
0.0 0.9978525541274165 0.14181567583203236 0.004294891745167106 0.01055114920910789
0.0 0.9150641821566513 0.22974191924126472 0.007536535149363033 0.005526792442866224
0.0 0.914310528641715 0.23677601871400303 0.008038970825986525 0.004521921089617464
0.0 0.9944490190632724 0.2144176311042269 0.008541406502611436 0.008038970825986879
0.0 0.9978525541274162 0.23953941493543612 0.004294891745167462 0.008038970825986879
0.0 0.9970989006124803 0.2842561901549887 0.005802198775039358 0.009043842179235284
0.0 0.9921880585184638 0.30284631019008346 0.009043842179234929 0.006029228119490426
0.0 0.9896758801353431 0.2566222279406585 0.00904384217923564 0.010048713532483688
0.0 0.5470300490294369 0.06092353189553919 0.010048713532483688 0.005526792442865869
0.0 0.6804267211731576 0.032787134004584925 0.008541406502611083 0.006531663796114628
0.0 0.7153460006985386 0.06368692811697212 0.00904384217923564 0.008038970825986879
0.0 0.8763766350565895 0.06770641352996556 0.00954627785585913 0.006029228119490071
