0.0 0.2979867213765545 0.7464905619561286 0.008486963583509421 0.005657975722339614
0.0 0.003536234826462277 0.3802915028188753 0.005186477745478006 0.009429959537233402
0.0 0.08133340100863237 0.1355840528276854 0.008015465606647832 0.008486963583509777
0.0 0.4875289080749326 0.30697356741689036 0.007543967629786152 0.00801546560664761
0.0 0.6806073295997729 0.15302947797156605 0.005186477745477802 0.007543967629786152
0.0 0.6827290704956503 0.23672036886450626 0.004714979768616345 0.009901457514094148
0.0 0.7473242933256946 0.254401542996818 0.0066009716760627056 0.007543967629786152
0.0 0.6857938073452509 0.33573494400545056 0.010844453467817594 0.007072469652923985
0.0 0.7746711759836694 0.33243445816741896 0.009429959537232514 0.008958461560371233
0.0 0.9043331196206195 0.38924996437924586 0.007543967629786152 0.008486963583509066
0.0 0.8904239293032011 0.13558405282768576 0.005186477745478158 0.008486963583509066
0.0 0.6513744550343514 0.01912405254286149 0.011787449421540686 0.010372955490956315
0.0 0.8696780183212894 0.10493668433167898 0.00801546560664761 0.009429959537233402
0.0 0.9993163574964736 0.025253526242062563 0.0013672850070529207 0.008486963583509066
0.0 0.9828375327680823 0.328898223340957 0.01178744942154104 0.005657975722339614
