0.0 0.10433311962061946 0.38924996437924586 0.007543967629786152 0.008486963583509066
0.0 0.09042392930320116 0.13558405282768576 0.005186477745478158 0.008486963583509066
0.0 0.06967801832128942 0.10493668433167898 0.00801546560664761 0.009429959537233402
0.0 0.20264044779627105 0.025253526242062563 0.008015465606647964 0.008486963583509066
0.0 0.25238348435517377 0.02572502421892402 0.007543967629786152 0.005657975722339614
0.0 0.2776086261172711 0.08301202840761306 0.00707246965292434 0.006129473699201071
0.0 0.6194446593419579 0.03491923476772598 0.009901457514094502 0.008958461560371233
0.0 0.18283753276808223 0.328898223340957 0.01178744942154104 0.005657975722339614
0.0 0.49756243232322495 0.1853270893865883 0.010372955490956315 0.00801546560664761
0.0 0.6991278174315745 0.1320478180012234 0.007072469652924696 0.007072469652924696
0.0 0.6031779791402313 0.35978134082539376 0.011315951444679229 0.011787449421540686
0.0 0.7003065623737289 0.5068887096062245 0.007543967629786152 0.010844453467817062
0.0 0.7469535924947159 0.5431940538245709 0.008486963583509421 0.008958461560370523
