0.0 0.979475405622144 0.8197016366096335 0.01037434916316755 0.01394053168800582
0.0 0.9711253592730028 0.6948036586991797 0.007434944237918728 0.012431226765799153
0.0 0.9660915073085036 0.34326004174983976 0.01007608088814962 0.012954961141907261
0.0 0.9204384483448642 0.23843657012774883 0.013288805119470481 0.00784894337465758
0.0 0.9459699304462355 0.031182862875821372 0.010611057013531423 0.013263821266913922
0.0 0.47208538514757664 0.6660626011572504 0.0070883842685041994 0.0068559782269133505
0.0 0.5325376805666373 0.6545417569663072 0.007628214717183113 0.0069501511867667174
0.0 0.5320630570465547 0.5001459622889213 0.01211024646653982 0.011091643329055146
0.0 0.5342787652813069 0.48270861917064745 0.00981183832954855 0.008638683746668008
0.0 0.44682414788359426 0.34302842386448196 0.008221478411449823 0.011004132643016718
0.0 0.6612591014217774 0.0351407360270418 0.010352593710822333 0.012254090514851157
