0.0 0.3006094437165565 0.9192596886258361 0.01837735552417641 0.01176150753547205
0.0 0.2243442570276799 0.8197016366096335 0.012967936453959439 0.01394053168800582
0.0 0.26070828207419927 0.8074828844734725 0.0118191248898043 0.0139647506390304
0.0 0.21390669909125348 0.6948036586991797 0.00929368029739841 0.012431226765799153
0.0 0.3036134085736104 0.6062728506228785 0.01365880573590772 0.009355346394457698
0.0 0.282197756192446 0.5874247908533425 0.01672862453531554 0.01082527881040889
0.0 0.2890014142237227 0.5097722218522589 0.016494150146005637 0.011568499828432267
0.0 0.29172494281781614 0.44491613303207717 0.019121486097557927 0.010078147966712692
0.0 0.2713350399968766 0.3970825450126467 0.015712891096861803 0.009822703505360408
0.0 0.2076143841356295 0.34326004174983976 0.012595101110187024 0.012954961141907261
0.0 0.308404047308966 0.2603939630471716 0.014342390308225816 0.010654347086109794
0.0 0.15054806043108027 0.23843657012774883 0.016611006399338102 0.00784894337465758
0.0 0.18246241305779431 0.031182862875821372 0.013263821266914277 0.013263821266913922
0.0 0.27492148734811295 0.045551620704756955 0.013754646840149043 0.012847583643122818
0.0 0.2558973711475643 0.02899036128015613 0.006988847583643043 0.0074349442379180175
