0.0 0.29107080596309753 0.6609498839676338 0.019186510054184147 0.012846619775410772
0.0 0.35594258335939566 0.5767806558624592 0.014949831147732517 0.01450687318779984
0.0 0.2730586083345128 0.5541791123729336 0.015619453236215719 0.01550919827219559
0.0 0.14527474850374356 0.40651051246774583 0.012196322604481225 0.015143767233897876
0.0 0.1595673140558711 0.4088481409669381 0.01410199801143186 0.016160127450937978
0.0 0.18364234669700963 0.414438122160659 0.019564934178022853 0.01148487045255422
0.0 0.18536876649862277 0.3944267473083315 0.012287518249451956 0.013781294977816572
0.0 0.31491621651740687 0.38324988486888073 0.018691940651028638 0.012112377541866693
0.0 0.3656496170216257 0.3532762641430132 0.014838498149350343 0.013225617915725962
0.0 0.3659957350791716 0.30534079101127887 0.016799970323456925 0.013917135179194417
0.0 0.29543986581165305 0.41078755908398856 0.016869164090135946 0.01041744870127701
0.0 0.31068179014113984 0.4392434936942671 0.0077592577108731575 0.00848607425594139
0.0 0.029166454950269483 0.29675759418106545 0.011213865700149483 0.008362882895026758
0.0 0.30079598249549466 0.2563970172790683 0.01738497025504504 0.012671711652566132
0.0 0.3006094437165565 0.1192596886258361 0.01837735552417641 0.01176150753547205
0.0 0.2243442570276799 0.019701636609633512 0.012967936453959439 0.01394053168800582
0.0 0.26070828207419927 0.007482884473472495 0.0118191248898043 0.0139647506390304
0.0 0.0718662708392368 0.34143218866324754 0.003952898487472822 0.004242134962166233
0.0 0.03598093022108051 0.32500013498474944 0.00905251402577889 0.006358839120547799
0.0 0.016661540531917485 0.33983742626602725 0.0081693419257034 0.005475667020471064
