0.0 0.6928330238962441 0.9190895051869724 0.020897515801974898 0.018486263978670082
0.0 0.7848624684857104 0.9596789108792698 0.018486263978670082 0.016075012155365442
0.0 0.882572006756579 0.9830145982180618 0.015217422120572621 0.018486263978670082
0.0 0.993049490676639 0.6746771006884801 0.013901018646722108 0.01312344566301853
0.0 0.935854932243436 0.9277721241895496 0.020247601880085498 0.013873356843762253
0.0 0.8591765140123714 0.8569055176092494 0.016873001566737857 0.014623268024506331
0.0 0.75625120445527 0.8809026753930549 0.019497690699341597 0.010873712120786649
0.0 0.47334721151963055 0.8381577380906521 0.02212237983194516 0.016123090385993778
0.0 0.48069306685684515 0.7402943290035724 0.020247601880085498 0.017622912747481578
0.0 0.6211139354511419 0.7676660871007248 0.020622557470457537 0.019872646289713813
0.0 0.5901800992454558 0.6729898005318068 0.021747424241573478 0.01949769069934142
0.0 0.7935935070222409 0.7301705280635293 0.016123090385993865 0.017622912747481935
0.0 0.791718729070381 0.676739356435526 0.016873001566737943 0.018747779518597695
0.0 0.8460872896743142 0.7399193734132001 0.020622557470457537 0.012373534482274452
0.0 0.8595856909277044 0.7783523214263255 0.018372823928226013 0.01649804597636617
0.0 0.8862075378441133 0.780227099378185 0.016123090385993778 0.01499822361487837
0.0 0.137861718477283 0.7829976473352008 0.02232578436879078 0.021767639759571012
0.0 0.16269915358756276 0.678903677715714 0.025116507414889622 0.01451175983971389
0.0 0.2553511587180445 0.6242055060121766 0.022883928978010636 0.015628049058153338
0.0 0.08009375142303687 0.5739724911823973 0.020651350541131475 0.01674433827659314
0.0 0.2779560153914451 0.46429707547071253 0.022325784368790735 0.013953615230494164
0.0 0.428096915271563 0.4863437875348936 0.02120949515035129 0.012279181402834993
0.0 0.11330335567161316 0.2929466804402434 0.017860627495032633 0.012837326012054718
0.0 0.14511759839714 0.29517925887712265 0.017860627495032633 0.015069904448933968
0.0 0.35414275454994365 0.39173827627214275 0.01953506132269194 0.016186193667373415
0.0 0.35665440529143255 0.32950515234413835 0.018976916713472125 0.015628049058153338
0.0 0.3907012264538384 0.38448239635228576 0.01786062749503259 0.016186193667373415
0.0 0.4705159055722655 0.355179804368248 0.015628049058153515 0.012279181402835349
0.0 0.4512599165541834 0.36411011811576427 0.015069904448933613 0.013395470621274797
0.0 0.3636312129066797 0.22764376116153057 0.018418772104252402 0.016186193667373415
0.0 0.33851470549179 0.16541063723352617 0.016186193667373328 0.01674433827659314
0.0 0.7454021256130019 0.595181986332749 0.017302482885812865 0.013395470621274797
0.0 0.7892164774367537 0.4813204860519159 0.020093205931911662 0.015628049058153338
0.0 0.885217350222554 0.5379721638877225 0.01786062749503259 0.015069904448933968
0.0 0.6915411708232941 0.4405759295788725 0.01786062749503259 0.01674433827659314
0.0 0.8492170229278789 0.4051337468934172 0.021767639759571012 0.015069904448933968
0.0 0.3293053194396639 0.11043339322537893 0.01674433827659314 0.01618619366737306
0.0 0.7465718148256508 0.027855107678304236 0.01727067421650812 0.015942160815238537
0.0 0.7914091421185085 0.060403686009415834 0.013949390713333721 0.009299593808889029
0.0 0.8013729926280325 0.09461290609211463 0.017934930917142912 0.012620877312063784
0.0 0.9335600760543834 0.08431692723227346 0.01660641751587306 0.019927701019047818
0.0 0.8219649503477156 0.610740362485455 0.013949390713333542 0.01660641751587342
0.0 0.7860950885134294 0.4154488924987859 0.019263444318412936 0.015277904114603303
0.0 0.7057200277366028 0.33241680491941955 0.020591957719682873 0.013949390713333187
0.0 0.6977489473289833 0.31248910390037177 0.01527790411460277 0.015277904114602947
0.0 0.7429184029721589 0.30152886833989534 0.01660641751587324 0.014613647413968422
0.0 0.7103698246410475 0.24473492043560868 0.017934930917143176 0.015277904114603303
0.0 0.6426156411762844 0.26632326320624405 0.013949390713333365 0.014613647413968422
0.0 0.544305649482315 0.28027265391957756 0.019263444318412936 0.015942160815238537
0.0 0.5559301417434263 0.22281444931465622 0.019927701019047818 0.01660641751587342
0.0 0.5310205154696164 0.15506026584989333 0.015277904114603303 0.015277904114603303
0.0 0.21450219761707254 0.21982529416179908 0.01594216081523827 0.011956620611428903
0.0 0.9259211239970819 0.14011449008560745 0.019927701019047818 0.019927701019048172
0.0 0.9843757136529557 0.2128505988051323 0.017270674216508297 0.019263444318413293
0.0 0.9900218956083526 0.3217886977092608 0.017934930917143176 0.013949390713333542
0.0 0.8737769729972399 0.20753654520005255 0.02059195771968305 0.013949390713333542
0.0 0.8576887889240743 0.031658029794716214 0.016643471739505245 0.017786432665129227
0.0 0.6545962847722908 0.04574562367611321 0.01477284932185352 0.014772849321853698
0.0 0.8458704780224868 0.0044122384322322185 0.011690917931174738 0.008824476864464437
0.0 0.9996568879345779 0.009189818049813604 0.0006862241308443374 0.016805694526063418
0.0 0.7823637074818979 0.2683673195035935 0.01765156897250293 0.015298026442835778
0.0 0.8694447810795779 0.16951853325757787 0.02706573909117118 0.02235865403183652
0.0 0.8676796241823277 0.22011969764541917 0.0211818827670033 0.017651568972502574
