0.0 0.6238448868654423 0.3924991270654515 0.018486263978670082 0.014467510939828721
0.0 0.6459480285790697 0.46121980402963797 0.014467510939829254 0.013663760332060626
0.0 0.5511054568624146 0.3965178801042928 0.014467510939828543 0.016075012155365265
0.0 0.4884129094564898 0.3647697310974463 0.014467510939828543 0.013663760332060538
0.0 0.4851979070254163 0.3916953764576832 0.014467510939828543 0.012860009724292265
0.0 0.7955490616481526 0.7016090645524563 0.01630448265194815 0.016304482651948327
0.0 0.6992318400560876 0.712478719653755 0.01570061292409832 0.01630448265194815
0.0 0.944354240609805 0.9212502658300623 0.016469174395907515 0.0153712294361803
0.0 0.9696069746835292 0.8636081554443862 0.015371229436179589 0.015371229436179589
0.0 0.0010672226217200986 0.3691858558898856 0.0021344452434401973 0.01660641751587324
0.0 0.17949098431296662 0.48277375169845865 0.013285134012698308 0.013949390713333542
0.0 0.13332514361883874 0.6272495840865557 0.013949390713333542 0.01594216081523836
0.0 0.26584435539550705 0.65813752066608 0.014613647413968778 0.012620877312063605
0.0 0.3146672228921744 0.6790616067360802 0.013949390713333542 0.015942160815238183
0.0 0.34920857132519034 0.7292129876340174 0.01660641751587306 0.01660641751587324
0.0 0.08217737766994908 0.785342678837669 0.015277904114603303 0.014613647413968422
0.0 0.07320991221137767 0.8683747664170351 0.014613647413968778 0.017270674216508297
0.0 0.36647924554169864 0.9444321586397345 0.01660641751587306 0.01660641751587306
0.0 0.13996771062518648 0.9956311280172484 0.016606417515871642 0.008737743965503243
0.0 0.016083835956773384 0.9603743194549729 0.014613647413968778 0.01660641751587342
0.0 0.12120396590551011 0.7930711658171024 0.0238594415860085 0.019793751177589147
0.0 0.38230611757387434 0.8808311408155152 0.018466061652317477 0.025852486313243973
0.0 0.10624896951987921 0.7595034168423209 0.016805694526063775 0.015344329784666755
0.0 0.19920067921110096 0.5980608877895679 0.014977088825153828 0.013907296766214295
0.0 0.3420179190795324 0.47236032086416946 0.013907296766214472 0.017116672943032894
0.0 0.8517738351642329 0.30547275966959797 0.014977088825153828 0.017116672943032894
0.0 0.06440687978471615 0.9945349426659884 0.012837504707275117 0.010930114668022916
