0.0 0.7238332791914154 0.013318954521055559 0.005880196524891801 0.007227091695757792
0.0 0.8057920473671437 0.05043858691480185 0.007659390880879613 0.006612423782054222
0.0 0.7791837193430069 0.03686618938929005 0.004023245109947027 0.006635741934588779
0.0 0.7628395175100394 0.03960644432974299 0.009846596172656773 0.005568015692871598
0.0 0.39547992465279835 0.03208862373257641 0.005016742770167326 0.007452054794520535
0.0 0.39187566285675574 0.036715716578847334 0.007939117199391176 0.005893455098934552
0.0 0.24443260399515196 0.0426757875570047 0.00858014843751036 0.0074419654815141454
0.0 0.19272904766020282 0.049405063809405195 0.00977555517152453 0.005993053924251157
0.0 0.10631084678595251 0.046145724425627144 0.010596287120744563 0.00838872730392346
0.0 0.1270826010085752 0.07023599484566319 0.008038037691964206 0.008791603725586229
0.0 0.002870750941385758 0.8082076691920712 0.005741501882771516 0.005125909378795512
0.0 0.016548386693146355 0.8232339306551915 0.008368268213967411 0.0058112973708105645
0.0 0.002823301672639289 0.7836906095817635 0.005646603345278578 0.007659390880879258
0.0 0.0063682858045513765 0.7271132307242784 0.006672754946727366 0.006088280060882667
0.0 0.03392772976411642 0.7052904866852003 0.004862568068281092 0.00568210201237278
0.0 0.05291079060190569 0.6984119486948115 0.007476986495544935 0.0065576848772401775
0.0 0.03306658797643429 0.6619585344658112 0.0050654490106545325 0.004529680365296329
0.0 0.02710007351676893 0.6675597521218235 0.0066727549467280765 0.003555555555555401
0.0 0.015599595006277412 0.6298405346762485 0.005796042617959784 0.00516286149162859
0.0 0.020172227951787036 0.5928937040225977 0.006185692541857435 0.004968036529680475
0.0 0.007532131867112213 0.5801699136033017 0.0042069409130071735 0.0066655427452836594
0.0 0.040065041895503486 0.5669135072219452 0.005260273972602647 0.009156773211568136
0.0 0.05619727426459882 0.5535797789491415 0.007354642313546833 0.007111111111110802
0.0 0.04485844748858483 0.546386605783866 0.007305936073058916 0.007792998477929913
0.0 0.048608828006088345 0.5347458143074582 0.00662404870624016 0.007792998477929913
0.0 0.008791354303891552 0.24068873008905028 0.0065810890235162844 0.0063617193893993115
0.0 0.028252149760474764 0.24003619680434146 0.0070777311319773165 0.009691047242246498
0.0 0.00021791812229619013 0.6479775706471408 0.00043583624459238025 0.004821917808219211
0.0 0.003044140030441511 0.6377108066971081 0.005406392694064266 0.00535768645357706
0.0 0.02016482169735099 0.6139966674834781 0.0032146118721463777 0.00311719939117161
0.0 0.0030144094291628676 0.4477738478203902 0.005331949386167878 0.008396288113849692
0.0 0.009014479769508199 0.6848581393884517 0.004161359096777772 0.005216351543847609
0.0 0.042710098690501755 0.7970171679052573 0.007715330919799613 0.006694184180414275
0.0 0.04012416937783172 0.7594610947185148 0.006136986301369518 0.004773211567732005
0.0 0.05234885975996306 0.7580858195439344 0.003750380517504226 0.006039573820395816
0.0 0.058188448363730313 0.7760631003729742 0.0074033485540333285 0.0053089802130898535
0.0 0.07080221716154825 0.7651052137276579 0.011347393072046685 0.008465515466447115
0.0 0.0709675893846697 0.8114863543797476 0.008687889569362284 0.0059682023998227866
0.0 0.08493349994368024 0.8007756847266435 0.006059176060092142 0.007601511784479697
0.0 0.07629859873395155 0.7804534501470336 0.006389676572461411 0.007711678621936002
0.0 0.0842856944495292 0.7728519383625543 0.005838842385180243 0.007932012296848256
0.0 0.08246227010675682 0.740163151300664 0.006575342465752953 0.009643835616438067
0.0 0.10109765112165761 0.7211487943203805 0.006597705141023624 0.00541011821563977
0.0 0.11230819349816237 0.7997995076538527 0.006721461187214573 0.006477929984779074
0.0 0.14417224580375745 0.816698390804406 0.0037990867579914323 0.004968036529680831
0.0 0.14816615752369663 0.8166009783234316 0.004188736681886951 0.00457838660578389
0.0 0.11195581559808225 0.7732768934142152 0.00662404870624016 0.006575342465753309
0.0 0.1137534246575342 0.7661978691019785 0.0033607305936072863 0.005455098934551117
0.0 0.11367952326872946 0.7499940762387964 0.009124144577560145 0.009397322558924514
0.0 0.11543122214858208 0.734677525089767 0.006079035167976343 0.00764062218360273
0.0 0.12677885853445048 0.7447892196080925 0.006506277396943006 0.00819540710576483
0.0 0.09630218188026021 0.7004098661202537 0.0076219204794476525 0.00626802671007205
0.0 0.07315180109997535 0.6586803783695915 0.006818873668188985 0.007744292237442707
0.0 0.06551762688122338 0.6487564912808013 0.0065753424657536644 0.007111111111111512
0.0 0.05934184982105641 0.5822794738115791 0.006380517503804839 0.005016742770167326
0.0 0.05850236268200533 0.5925413334499252 0.00433485540334857 0.003068493150684759
0.0 0.09355781669059127 0.5674361987546035 0.006009911697083936 0.005457637461775633
0.0 0.10519361598547476 0.5649482796250582 0.005120994438650684 0.00765663246167243
0.0 0.03263060723585376 0.49531972467934243 0.007208523592085925 0.008426179604262174
0.0 0.03976512829687166 0.46874994182058083 0.004480974124809478 0.0037503805175038707
0.0 0.04098278430904827 0.47267079417978924 0.0029223744292238506 0.00516286149162859
0.0 0.029216261977034107 0.44385391070398567 0.003555555555555401 0.004286149162861364
0.0 0.026099062585862497 0.44738511313929763 0.0023866057838660025 0.004724505327245154
0.0 0.003126194993577869 0.28574888417694255 0.005911722273444298 0.006246348062507323
0.0 0.040433585921866924 0.3160836798324237 0.006828151602221055 0.006631658030933707
0.0 0.014773130937491885 0.3026827779466149 0.004432267884322982 0.004675799086757948
0.0 0.074459414855054 0.23819499063999192 0.005800180343756978 0.0052926645636784285
0.0 0.10430250582993957 0.22129215835549107 0.009431691421772826 0.0054526966032121035
0.0 0.12160545077764162 0.21737966554967247 0.007040247600752991 0.007170622556322215
0.0 0.09681709997743013 0.15280822984929188 0.009984962863778434 0.005841542899898045
0.0 0.13285734818547468 0.14743161301890256 0.012559433893694915 0.007703119454799534
0.0 0.1536095843537968 0.09332098789508958 0.005016742770167326 0.007598173515981799
0.0 0.14316209576932196 0.0900089635419695 0.008085235920852085 0.004773211567732005
0.0 0.1852747840095592 0.8079314456124518 0.005255070205222978 0.004003863013503662
0.0 0.19498183724122775 0.7933810784753748 0.005129949486051544 0.006068354879841209
0.0 0.17566775932708117 0.7854461361020194 0.007500761035007741 0.005844748858447701
0.0 0.15902746888078312 0.785296784631009 0.005260273972602647 0.006331811263318343
0.0 0.15910052824151358 0.7780395547984365 0.006283105022831137 0.004480974124809833
0.0 0.137033409437689 0.7914189809412887 0.006496201985007844 0.00796799774723631
0.0 0.1307810648025459 0.7794144833940603 0.005684176736882307 0.0072574756551262
0.0 0.17528968716690052 0.74254653953759 0.007705780313695243 0.007932420911156512
0.0 0.1496069142363659 0.731628275403534 0.0064779299847792515 0.007403348554033684
0.0 0.16051948423887552 0.7234118670056796 0.004529680365296685 0.006429223744292401
0.0 0.16331740155389446 0.7157004333824292 0.00891324200913246 0.007111111111110802
0.0 0.11416502075625416 0.6913529250817583 0.003501858882543729 0.005278164112819184
0.0 0.11771763121680542 0.693053102945022 0.0031973494144963864 0.005125909378795157
0.0 0.13105105202264333 0.6864348590968744 0.005990867579908609 0.00662404870624087
0.0 0.1296073059360733 0.677455098934551 0.007208523592085214 0.006136986301369873
0.0 0.09929934722677522 0.645500063745504 0.005455098934551472 0.008621004566209933
0.0 0.08838914935767299 0.6536827121473301 0.003117199391172676 0.0045296803652970395
0.0 0.1554096140546047 0.6594249415402633 0.007125521552305258 0.006861613346664797
0.0 0.14851501218223467 0.6533880413362265 0.006795636295254326 0.005608049369870116
0.0 0.13599124366129053 0.6440359625726602 0.005406392694063555 0.005698630136986083
0.0 0.11973023122010176 0.5825168006159283 0.005162861491628945 0.007987823439878028
0.0 0.09483455854146819 0.5631756840602395 0.007293126171883557 0.007660846819205957
0.0 0.10021547814541662 0.5543481823468683 0.006736922444122939 0.0080702716778557
0.0 0.10015378942301859 0.5190883446545069 0.0063447780575423 0.005526097017859754
0.0 0.05650074718319971 0.4818922981695005 0.005224993649282794 0.007837490473923837
0.0 0.06412923791115226 0.48259767231215334 0.006583491998096491 0.005068243839803799
0.0 0.06243111497513567 0.4733494335529233 0.005695243077718004 0.006322242315632209
0.0 0.07629602002846099 0.4844682944230893 0.0064779299847792515 0.006039573820395816
0.0 0.09657967859532164 0.48751956748213915 0.004545681609898366 0.00646339103907394
0.0 0.08243489272606475 0.4686713268125793 0.006321338488764638 0.006392364763919645
0.0 0.061259546803693256 0.45604238825829346 0.0033607305936072863 0.005260273972602647
0.0 0.06379227130902052 0.4524868327027372 0.002971080669711057 0.004578386605783536
0.0 0.07366818873668173 0.4368462709284627 0.005698630136986083 0.005065449010654177
0.0 0.08169153617153917 0.4294900892170981 0.005503805175037968 0.007403348554033684
0.0 0.08639168837854108 0.4289543205717406 0.0030197869101975527 0.003799086757991077
0.0 0.08040699143777559 0.4179525962602927 0.003847792998477928 0.0037990867579907215
0.0 0.0830127753038333 0.41464057190717263 0.003701674277016309 0.003896499238964779
0.0 0.08131515436931132 0.3010595037830763 0.0036033620385587995 0.004719896754732389
0.0 0.07722965233967756 0.30303881532538346 0.0031465978364877854 0.004313884130669266
0.0 0.08221180464900968 0.2942040218497752 0.0034511073045358385 0.0036541136165670453
0.0 0.08325221199817143 0.2899916408751217 0.004110877818638415 0.003248100992504277
0.0 0.12964547841700308 0.269418944556932 0.005406392694064266 0.007452054794520535
0.0 0.11813400996499865 0.3422786278757172 0.00662404870624016 0.0075494672754942375
0.0 0.12325114155251135 0.35044140030441395 0.006672754946727366 0.00789041095890397
0.0 0.16211996863725026 0.19622312432554612 0.004938864596304882 0.00791677197540821
0.0 0.17772371026506448 0.19720107364423925 0.007341518048082918 0.006423828292072287
0.0 0.22740872536001538 0.14177477680732747 0.0065887169917452585 0.0059094678173384095
0.0 0.24099646592280272 0.10055872619284933 0.00811216875895937 0.0061521816762574845
0.0 0.2133981672952423 0.06138764784402042 0.0060395738203951055 0.0038964992389651345
0.0 0.25337020817233585 0.06826857298209354 0.007445981516298161 0.008294257891572699
0.0 0.2878049188458164 0.07089536498352285 0.008310155240259576 0.006682991976432362
0.0 0.3253464764430774 0.07201220844816181 0.0054326789135522805 0.007451991018440652
0.0 0.31936886149913873 0.09155837585704826 0.007226071181684546 0.007730215682732933
0.0 0.3898421565713857 0.08972296524274377 0.007201066494469189 0.008288997403705523
0.0 0.3974884915977338 0.09365616169766504 0.006450540081599598 0.005113941686313339
0.0 0.596556661999417 0.04359195245688472 0.00638051750380555 0.0065753424657536644
0.0 0.6468641743489911 0.026117201168940875 0.006575342465752953 0.006721461187214573
0.0 0.8146856470792659 0.09433722903777682 0.004480974124810189 0.0064779299847792515
0.0 0.7754047704484656 0.09138295307800633 0.006003911678331519 0.006663682192434095
0.0 0.7403304527666602 0.07167121714106166 0.004919330289193624 0.00681887366818863
0.0 0.8108114694194939 0.16519398760151133 0.005747336377473289 0.0065753424657536644
0.0 0.8153281179577079 0.11066105975275384 0.0056841767368815965 0.00416162939664595
0.0 0.6995335841541074 0.1188761681060539 0.005635457454491899 0.004508365963593164
0.0 0.6692572234135852 0.10344058385627512 0.004919330289192914 0.006136986301369873
0.0 0.6056055454125324 0.11167177703893927 0.007104854917461267 0.005476658998876616
0.0 0.5808993046082677 0.11948581968342661 0.004042617960426753 0.007208523592085214
0.0 0.6422457582081605 0.13125812979916224 0.0075494672754942375 0.005990867579908609
0.0 0.5488462709284626 0.14051750380517483 0.00394520547945163 0.007013698630137099
0.0 0.5427579908675799 0.14059056316590562 0.004627092846270386 0.006088280060883022
0.0 0.6211131894179645 0.15052193951598164 0.004042617960426043 0.005503805175037968
0.0 0.6698562482765261 0.14231307722439368 0.006380517503804839 0.006136986301369873
0.0 0.5052098086087871 0.15526247819328098 0.00867278019619846 0.00655746795322294
0.0 0.5075532438748851 0.16829994236886298 0.01008219178082186 0.006575342465753309
0.0 0.5889842527143412 0.1351277514347137 0.005796042617960495 0.005114155251141739
0.0 0.5510882502667996 0.19028348633736147 0.008708970786151581 0.007059544500895498
0.0 0.5440014349570234 0.20589838791494 0.009624670705537141 0.006383710161835765
0.0 0.6352959496578301 0.19498206387199168 0.009870193008011795 0.0061158864650867175
0.0 0.6325626861369464 0.21885241318420548 0.010966744912230552 0.007406859129202558
0.0 0.692094206647964 0.20225629359331201 0.006574578629465577 0.008546952218304682
0.0 0.7696413433716132 0.1833854364080306 0.005162861491628945 0.005698630136986083
0.0 0.7646489537216891 0.18966854143086173 0.00472450532724551 0.005406392694063911
0.0 0.7349756675461439 0.20773495182363852 0.004529680365296685 0.004188736681887306
0.0 0.7387016949434042 0.21311699139745918 0.006429223744292045 0.005211567732115796
0.0 0.8066958767073057 0.2461127598596878 0.00989966129712343 0.007012260085462785
0.0 0.784764769977356 0.2599992327591556 0.006136986301369518 0.005552511415525175
0.0 0.7582121887771305 0.2823688398473809 0.004773211567732005 0.0049680365296801195
0.0 0.7116717482812763 0.2955050867349748 0.004907844906255576 0.0072502254296964
0.0 0.7118211275759521 0.25899086489727524 0.005162861491628945 0.006429223744292401
0.0 0.6964850962794931 0.2689048683848833 0.006185692541856724 0.007549467275494592
0.0 0.6798288801865848 0.266461315691191 0.0049680365296801195 0.007452054794520535
0.0 0.6199481155920935 0.23898438725096477 0.008280060882800911 0.005796042617960495
0.0 0.6601954838688208 0.26418857712462956 0.00538588174777459 0.008182397270657305
0.0 0.6419238964992392 0.27784474885844757 0.005893455098934197 0.005211567732115441
0.0 0.5314468072788052 0.2625027618818434 0.007992961782144193 0.007030846012071379
0.0 0.4139947647932612 0.2340233328036602 0.00907610267618395 0.006819613060558538
0.0 0.4268541890757511 0.22494772763098822 0.004362546590210315 0.006919901487919588
0.0 0.36096597672112585 0.2154740729753751 0.009646142121752632 0.007464276641832512
0.0 0.29478764196335555 0.22975466542553188 0.010114736353024512 0.008453029666454625
0.0 0.1973345758145811 0.23343626106248525 0.007598173515982154 0.008377473363774613
0.0 0.2174521883883596 0.2541505981729806 0.011382853924623505 0.009062781787120144
0.0 0.24600470479611544 0.25274259758718126 0.004821917808219211 0.0074033485540333285
0.0 0.16622356221001694 0.26988316366495313 0.0030674030664101792 0.006859828675789714
0.0 0.16340712848540412 0.27328519252042616 0.003123174031253484 0.0036251127148478448
0.0 0.1422261449690872 0.2830364694799686 0.005503805175037968 0.004237442922374513
0.0 0.14287975646879758 0.28631963470319644 0.005016742770167326 0.002581430745814117
0.0 0.27685009808064576 0.2832816057602141 0.004042617960426043 0.0056986301369864375
0.0 0.24739829445289735 0.2950839273760762 0.007194454464851674 0.00803101893750977
0.0 0.1560928169383498 0.35378266795685054 0.009754502288886613 0.009403620911588462
0.0 0.1809336765283483 0.35328810213987066 0.004870624048706418 0.006964992389649894
0.0 0.10605273721479982 0.37556368004491764 0.00662404870624087 0.007890410958904326
0.0 0.14041396504146597 0.3682424706688542 0.005357686453576349 0.004675799086757948
0.0 0.13452050994253106 0.3683155300295848 0.0038964992389651345 0.00618569254185708
0.0 0.10124566587963138 0.4344456360422663 0.007293126171883557 0.009131729408493073
0.0 0.12215638688086443 0.44900006617723937 0.0063860410668254985 0.0072281563723407775
0.0 0.1111737997714343 0.45026323913551247 0.006175512240446324 0.005964983414067504
0.0 0.12937981169372675 0.47297581768682484 0.008251223171262723 0.006388043745493732
0.0 0.15284784548554775 0.44593328393809417 0.009752072481084895 0.008316184508410273
0.0 0.16176231664923862 0.44805720156434303 0.005205093900947588 0.004546978580138017
0.0 0.1383169757206037 0.5527167271337456 0.006919173789928124 0.00870034724080071
0.0 0.14092578154995827 0.5421484485680672 0.007878267186551824 0.006919173789928124
0.0 0.20701841249761657 0.7875029358349037 0.0072952362865663645 0.006981462682843542
0.0 0.1951342372565968 0.7826394449771927 0.0043928304521259065 0.005883255069812065
0.0 0.221866445529308 0.7735846271031788 0.005649923896499587 0.006039573820395816
0.0 0.2154033485540335 0.7633242009132424 0.004432267884322982 0.006136986301369518
0.0 0.2174490106544898 0.7689010654490108 0.006575342465752953 0.004432267884322982
0.0 0.22465651562176667 0.725592081754869 0.005844748858446991 0.007598173515981799
0.0 0.19108818704460936 0.7048531927614098 0.007670837716703715 0.006676469864538248
0.0 0.21074385879296215 0.6981927349748706 0.003551313757733254 0.006463391039074296
0.0 0.2128391339100247 0.6887107272417236 0.007741863991858366 0.005113891811135573
0.0 0.21390452803734483 0.6720195525803778 0.00404849768381581 0.006108259663301041
0.0 0.20634022973337346 0.6665860425310457 0.003977471408661159 0.005611075737218485
0.0 0.2061981771830638 0.6744344459356357 0.005824154562682082 0.00568210201237278
0.0 0.23139253333059565 0.686080735389379 0.005802298182593546 0.008548028572570842
0.0 0.1415704407708688 0.6006766041018313 0.005990867579908609 0.005796042617960495
0.0 0.15028281340066343 0.6186110122812876 0.00954642313546401 0.004968036529680475
0.0 0.15817322435956777 0.6248454110636317 0.0038964992389651345 0.0059421613394217586
0.0 0.1821805468833418 0.6124016385754718 0.004015509468754885 0.004517448152349601
0.0 0.1781371519321649 0.6129314627414872 0.0039597385039108705 0.005130928765631282
0.0 0.17819511124880627 0.5935026757239921 0.00560121765601238 0.003945205479451985
0.0 0.1754188555410437 0.595329159742257 0.003945205479452341 0.004188736681887661
0.0 0.17319939117199362 0.5868127853881278 0.0038964992389644237 0.004870624048706418
0.0 0.17534246575342466 0.5802374429223744 0.003604261796042607 0.006136986301369873
0.0 0.16668537719384274 0.5637160118044727 0.007059544500895498 0.00606988872974199
0.0 0.16977347441837304 0.5258147734759147 0.009698126962335607 0.011314481456057734
0.0 0.17806341960174593 0.493132525507683 0.006641482709498092 0.009004317904223314
0.0 0.17556522672517935 0.4533740064119911 0.005844748858447701 0.006283105022831137
0.0 0.18346438588827105 0.4296016308821029 0.007976797055831496 0.0067201783415566044
0.0 0.16779264792199627 0.4118643904282779 0.006283105022831137 0.005406392694063555
0.0 0.24005018250155316 0.7613118584968428 0.005855728854962194 0.007150745813271087
0.0 0.24704420713912895 0.782426522874335 0.00709192042324176 0.007027448419394488
0.0 0.26303326409334743 0.7869717991455948 0.005544592330898013 0.005673536338593621
0.0 0.2687610350076106 0.7915007610350079 0.0038964992389651345 0.00618569254185708
0.0 0.2583566689454777 0.7565133523012013 0.007714239857196503 0.008881526151378338
0.0 0.24508513129641862 0.7576552628063785 0.003806368350590361 0.005684176736881952
0.0 0.2667177902695695 0.7618826935214791 0.0074033485540333285 0.005260273972602647
0.0 0.2894660945996591 0.7813478503558084 0.004675799086758303 0.0062343987823439305
0.0 0.2826782835498065 0.7567400617843039 0.006331811263318343 0.00662404870624016
0.0 0.2643545311731554 0.7439031953343394 0.006331811263318343 0.006283105022831137
0.0 0.2791720622010011 0.7423585809262843 0.0074033485540333285 0.005796042617960495
0.0 0.2737415016806519 0.7225137518387349 0.006546953563015734 0.008272507215283298
0.0 0.24172539577073132 0.7098908827241944 0.007139178820041536 0.005869991474256153
0.0 0.21477079862986842 0.6231156618326873 0.005406392694064266 0.008085235920852085
0.0 0.22195496910171003 0.6211430590929613 0.006136986301369518 0.0065753424657536644
0.0 0.2062401939766577 0.6157366647184158 0.004968036529680831 0.004529680365296329
0.0 0.2027820509020767 0.620850819969557 0.005260273972602647 0.006380517503805194
0.0 0.20336263603873128 0.5969423071536143 0.006039573820395816 0.00662404870624016
0.0 0.2287421986213964 0.5990574224598607 0.0070595445008947875 0.007125521552305614
0.0 0.23304981604930292 0.5553389102506825 0.006068354879840854 0.00794516566742054
0.0 0.20354918098297398 0.5161721785155695 0.004675799086757593 0.007549467275494592
0.0 0.21465014214700381 0.5017046134116384 0.00725722983257171 0.005796042617960495
0.0 0.22806887117124433 0.49139452651411714 0.006721461187214573 0.004627092846270742
0.0 0.19994358148558647 0.46728385337879014 0.004286149162861364 0.008669710806697494
0.0 0.20303861280810054 0.44268000263070845 0.006293195672976992 0.007308227233133735
0.0 0.21870025893285855 0.4321890952457249 0.004286149162861364 0.006380517503805194
0.0 0.21291933028919346 0.3732115677321154 0.005211567732115441 0.007549467275494592
0.0 0.22538700985309568 0.3267331264357466 0.00662404870624016 0.005503805175037968
0.0 0.3449336385784548 0.8035040745189356 0.004724505327244799 0.006283105022831137
0.0 0.3524831058539494 0.7970017914139131 0.004821917808219211 0.006331811263318343
0.0 0.34113081982242655 0.7568042080376051 0.006330721767079694 0.005387848312408394
0.0 0.3472931713297438 0.7595654802977142 0.00612867745536434 0.006061329351459932
0.0 0.3236622400415669 0.7580310551737022 0.006043749265643328 0.009443358227568055
0.0 0.3535056910310505 0.7434434354352041 0.007736535825003443 0.008596150916670098
0.0 0.3870599201809732 0.7941142389901528 0.00508555111861071 0.006644026461411201
0.0 0.38004678113837187 0.7921866510661628 0.006151876353158059 0.006069851335116639
0.0 0.38984491268361976 0.7799658975271804 0.008366551840295245 0.0070541515516218565
0.0 0.3763107847066706 0.7773821094588541 0.010171102237222129 0.007792376714000682
0.0 0.2749342943004507 0.759759040591584 0.008461482696120726 0.009401647440134654
0.0 0.30006233382226066 0.7583487934755617 0.00350425040950455 0.006581153208091095
0.0 0.32966060988728 0.7313773833003415 0.004878812199284965 0.006297071559542644
0.0 0.3229096953324557 0.7344691887057028 0.005559576692208879 0.006921105678055639
0.0 0.3208053819708372 0.7242884300301082 0.0053893855689779 0.008169173915081984
0.0 0.32957022481722686 0.7196649045156696 0.005673037441028583 0.008339365038312962
0.0 0.29714653113734324 0.7180041598239857 0.0062343987823439305 0.0076468797564686495
0.0 0.2787043172681688 0.6989294389347898 0.0076127367011814325 0.00791724616922842
0.0 0.28827098972265297 0.7003251073300062 0.005430418846842855 0.006242444094968391
0.0 0.31793654409069844 0.696408209975133 0.006721461187214573 0.007598173515981799
0.0 0.2703439878241284 0.6703145051119185 0.007159817351598008 0.005990867579908609
0.0 0.2665136815666848 0.6557245677138195 0.006818873668188985 0.005552511415525529
0.0 0.29228715107642067 0.6504981388540669 0.005747336377473289 0.007159817351598363
0.0 0.28251371159826705 0.6303824991867797 0.007305936073058916 0.006088280060882667
0.0 0.28894293534255944 0.6250004596129592 0.0050654490106545325 0.004968036529680475
0.0 0.2750928462709286 0.6353242009132419 0.005260273972602647 0.004870624048706418
0.0 0.30092952884461505 0.6316358567889496 0.005260273972602647 0.006867579908675836
0.0 0.3022465753424662 0.6217595129375952 0.007062404870624306 0.005698630136986083
0.0 0.2894190897144 0.606631115441516 0.00852359208523552 0.007111111111110802
0.0 0.2943561643835618 0.594337899543379 0.008426179604261818 0.009400304414003103
0.0 0.2747417926357766 0.5806576548576603 0.006513109431682551 0.007606914069064175
0.0 0.28843920979935334 0.5844611118921922 0.005071276046042783 0.005966207112991384
0.0 0.2531490009621244 0.5508820030895265 0.006039573820395816 0.0072085235920855695
0.0 0.2597730496683649 0.5504192938048995 0.006721461187214573 0.005893455098934552
0.0 0.2868098596337294 0.5557886163045298 0.005211567732115441 0.007744292237442707
0.0 0.286873550179881 0.5356260336417928 0.0048706240487057075 0.005503805175038323
0.0 0.2671271554540155 0.5151600732768825 0.00457838660578389 0.005747336377473289
0.0 0.24985785701020938 0.4905484353032419 0.0033496041485193474 0.005937934626921049
0.0 0.24961588470798404 0.47678282373310366 0.006343947250984172 0.006242444094968391
0.0 0.24524216388482073 0.4503134772316065 0.006240171116776594 0.0071391788200408255
0.0 0.25626599161132047 0.43632524809901374 0.005162861491628945 0.006088280060882667
0.0 0.2647901536103049 0.41718959985362203 0.006770167427701779 0.005844748858447701
0.0 0.2750542284147688 0.4511882431209882 0.009048281336261255 0.00838851082215868
0.0 0.29743929942895664 0.44124455894415976 0.007634487377470833 0.008294257891572699
0.0 0.29908872571421197 0.4538744516426906 0.005089658251646511 0.006786211002195941
0.0 0.45243296366421787 0.7889295027599099 0.004391796641221646 0.006193559365825507
0.0 0.4630183196712636 0.7867054518967265 0.0066440000469768275 0.005461593258954877
0.0 0.4461903875837521 0.7797070574908647 0.00472450532724551 0.005893455098934908
0.0 0.4401095890410957 0.7763044140030445 0.0048706240487057075 0.004237442922374513
0.0 0.43411872146118746 0.7680000000000003 0.004383561643835776 0.005455098934550762
0.0 0.4469041095890411 0.7674642313546425 0.005406392694064266 0.007500761035008097
0.0 0.37476900098413707 0.7381271906561533 0.006721461187214573 0.007354642313546123
0.0 0.3850940717831829 0.7197387537467291 0.005503805175037968 0.008767123287670842
0.0 0.3526760383142733 0.7084695275420192 0.007062404870624306 0.006477929984778896
0.0 0.3842782427456708 0.7011331599967967 0.006770167427701779 0.0070136986301367445
0.0 0.39768645357686516 0.6799878234398784 0.005844748858447701 0.008572298325722727
0.0 0.3304797003387726 0.6755739745197124 0.005698630136986083 0.0077442922374430625
0.0 0.3404157733981332 0.6732847812168204 0.0077442922374430625 0.0064779299847792515
0.0 0.34612501585941297 0.657365316024066 0.00789041095890397 0.007987823439878028
0.0 0.3639854880564656 0.6658316586721937 0.005162861491628945 0.005893455098934552
0.0 0.3175400674694373 0.6132287757875261 0.0057349283148901975 0.0075112335451652966
0.0 0.3444173455370468 0.6005592753287543 0.005501819996034385 0.0072702621376162565
0.0 0.32531569730100535 0.5937433065075055 0.005260273972603357 0.0071111111111111566
0.0 0.31878290890447725 0.5550044804408676 0.006867579908675481 0.005796042617960495
0.0 0.36782012296116307 0.577230624182619 0.004182822363286221 0.005688638414069658
0.0 0.29504831916948754 0.4716593986013521 0.006643907735821841 0.007474396202799482
0.0 0.31117501116860247 0.4873532500420602 0.0039939117199395465 0.006039573820395816
0.0 0.33357925592044496 0.5082686850418158 0.0062343987823439305 0.00808523592085244
0.0 0.3542257370157408 0.4687832585643685 0.0076127367011814325 0.007105220921102528
0.0 0.35337718874888113 0.4479979044420748 0.006380517503804839 0.0062343987823439305
0.0 0.31239945053247525 0.41380384278380494 0.006136986301370229 0.006185692541856724
0.0 0.3366643667624675 0.40920186091075605 0.005796042617960495 0.00866971080669714
0.0 0.26868329581819095 0.37794101505918076 0.006435111328132593 0.0068028319754549925
0.0 0.2967861861944655 0.27279077367228266 0.009205479452054277 0.007646879756469005
0.0 0.32319729425970073 0.27109948728055144 0.007851269117818305 0.00844506258051041
0.0 0.3300491117744354 0.2961243905621679 0.006818873668188985 0.007939117199391176
0.0 0.35747335266381164 0.30988781635043167 0.008555266007041951 0.007105220921102528
0.0 0.34232660343494636 0.2946578040538192 0.00891324200913246 0.00808523592085244
0.0 0.3667470881249713 0.28013686565505563 0.009351598173516606 0.005844748858447701
0.0 0.3784279564484553 0.26267794085830654 0.006136986301369518 0.006088280060883022
0.0 0.3929569093656443 0.25410341805653597 0.004917203664553682 0.00896023778874202
0.0 0.3843251319626642 0.24679946921433657 0.0064292237442927554 0.006672754946727722
0.0 0.47160642427797334 0.2656454255568036 0.007792998477930269 0.006039573820395816
0.0 0.4617862746081922 0.2783019986985703 0.005114155251141739 0.007208523592085214
0.0 0.4759919379004621 0.2935318804781673 0.005552511415524463 0.006526636225266458
0.0 0.46918850295742265 0.3072892246939157 0.003701674277016309 0.005503805175037968
0.0 0.5131687207889801 0.2905137223688092 0.004627092846270386 0.006088280060883022
0.0 0.5051895400177419 0.3153778228593632 0.005990867579909321 0.006624048706240515
0.0 0.48574893260830443 0.3342573732367482 0.004140030441399744 0.005893455098934552
0.0 0.5095118285362951 0.34032428073191223 0.005942161339422114 0.00662404870624016
0.0 0.3956751539850565 0.36006097228920525 0.005990867579907899 0.00808523592085244
0.0 0.3810447507474411 0.34529808239743626 0.0033120243531207906 0.003458143074581699
0.0 0.4086999318005432 0.37613948832477123 0.0064779299847792515 0.0062343987823439305
0.0 0.43960795979132355 0.4004832950381422 0.005114155251141739 0.0070136986301367445
0.0 0.42702687875290585 0.4182718439394469 0.004383561643835776 0.004821917808219211
0.0 0.45724905175035213 0.3985024889974881 0.006331811263317633 0.007013698630137099
0.0 0.4882177563682252 0.39385965120848104 0.0049680365296801195 0.007403348554033684
0.0 0.5092003951375673 0.4104457523665298 0.004529680365296685 0.005649923896499232
0.0 0.4517487412981119 0.4243856749670073 0.00713868350000837 0.005632867449225998
0.0 0.46417203817509395 0.4176766139603931 0.005260273972603357 0.005016742770167326
0.0 0.46738665004724034 0.41083338717196066 0.0074033485540333285 0.005552511415524819
0.0 0.35520346837408495 0.7199035571138875 0.008549299672247202 0.008861317908460365
0.0 0.38544594219847356 0.7498733779916 0.007041468946798801 0.006627264891104545
0.0 0.4221826197927907 0.7570019371106211 0.005666879977516004 0.00628406492556266
0.0 0.4740091324200918 0.7794459665144597 0.0050654490106545325 0.007792998477929913
0.0 0.4811364573235714 0.765254026329707 0.004480974124809478 0.007354642313546478
0.0 0.43998102589848853 0.7349623694643925 0.005065449010653822 0.008572298325723083
0.0 0.44903847117331674 0.7414656976649431 0.004675799086757593 0.006380517503805194
0.0 0.46866403403693546 0.7441179366984609 0.0062831050228304266 0.006672754946727366
0.0 0.4890282576199869 0.7516145472569695 0.005698630136986083 0.006283105022831137
0.0 0.48798782343987845 0.7426240487062404 0.005747336377473289 0.00535768645357706
0.0 0.48379908675799116 0.7281826484018268 0.004480974124809478 0.006672754946727366
0.0 0.46843574690150047 0.7236592303311523 0.007445096760164915 0.006123070232658989
0.0 0.4995381604696675 0.7256074799506343 0.005775168514894347 0.005705588171341347
0.0 0.5055034907714588 0.7345242948660253 0.004919330289192914 0.0045296803652970395
0.0 0.5047972502843961 0.7391757408325399 0.005260273972602647 0.003604261796042607
0.0 0.448073731285983 0.7109149767020858 0.005649923896498876 0.007159817351598008
0.0 0.45313850837138536 0.7156894977168948 0.005698630136986083 0.006721461187214573
0.0 0.3643408567881689 0.6274513166614591 0.005211567732115441 0.008231354642313348
0.0 0.369814970846927 0.642341812985627 0.00472450532724551 0.005796042617960495
0.0 0.36073125699609 0.6432428784346376 0.00370167427701702 0.004188736681887306
0.0 0.3759210615648826 0.6358799259030693 0.005942161339421404 0.004821917808219211
0.0 0.382161946248268 0.6243182890499568 0.005990867579908609 0.007208523592085214
0.0 0.37240791476407936 0.6167427701674277 0.0049680365296801195 0.007939117199391532
0.0 0.3861848754268166 0.5850819255122964 0.003458143074581699 0.004578386605783536
0.0 0.3916363596926217 0.5700317784923129 0.007111111111111512 0.007695585996955856
0.0 0.3722764743870538 0.5438436233961749 0.005893455098934197 0.006526636225266458
0.0 0.36573953106843043 0.5224324216515092 0.008182648401825787 0.006672754946727722
0.0 0.3709033935827183 0.5135280152669696 0.00852359208523552 0.004919330289192914
0.0 0.37278797521577045 0.5048638480535903 0.004919330289193624 0.006136986301369873
0.0 0.39001668551095003 0.5143389744820673 0.006039573820395816 0.0072085235920855695
0.0 0.3779862441106456 0.5177240581959183 0.005357686453576349 0.005406392694064266
0.0 0.37421235506547107 0.4899719601067941 0.004796302976568967 0.007863706042978081
0.0 0.3650011387840092 0.45588868737123234 0.007987823439878384 0.009205479452054632
0.0 0.3790335500255093 0.4634320368552986 0.005299652838463231 0.007266534304284633
0.0 0.5370612716116756 0.38378295273921365 0.006916286149162687 0.008572298325723083
0.0 0.4964110454721958 0.42395210214993584 0.005016742770167326 0.007013698630137099
0.0 0.5064947711300632 0.422398184169389 0.0037503805175035155 0.005698630136986083
0.0 0.40084367013460354 0.45544297329485345 0.007792998477930269 0.008669710806696785
0.0 0.40164675053743437 0.500243945823906 0.008551563528621386 0.006214799076033018
0.0 0.400759945284997 0.548941370549624 0.005552511415525175 0.004091324200913249
0.0 0.40589002454657647 0.599244234515225 0.00735172858571218 0.007822993238642084
0.0 0.4075547898081265 0.6536782721546908 0.005455098934550762 0.0070136986301367445
0.0 0.41480666499964586 0.645263872931882 0.004673528905176738 0.007905224424713708
0.0 0.40912881983450156 0.6392957013022557 0.005747336377473289 0.0037016742770166642
0.0 0.40476961131090905 0.6358375582276743 0.003263318112632874 0.0058447488584473465
0.0 0.4279421393040256 0.6064867801698733 0.0058871830489138684 0.006242444094968746
0.0 0.4446322781473146 0.6075941561812384 0.005211567732116151 0.00808523592085244
0.0 0.44493150684931526 0.594386605783866 0.005260273972603357 0.005406392694063555
0.0 0.43046180489462565 0.5574136899784149 0.007159817351598008 0.007305936073059271
0.0 0.5290798893840296 0.7906567216613244 0.007792998477930269 0.006088280060883022
0.0 0.5333089802130899 0.7788127853881279 0.005503805175037968 0.00516286149162859
0.0 0.5194277016742767 0.7739421613394217 0.006770167427701068 0.006136986301370229
0.0 0.5573062999504774 0.7872915265174637 0.00805437960253883 0.010938046373817656
0.0 0.5842448831220693 0.7877175591354406 0.00740334855403404 0.006185692541856724
0.0 0.5910314802702669 0.7852073882282985 0.004675799086758303 0.005552511415524819
0.0 0.5868614916286152 0.7780578386605788 0.005162861491628234 0.006964992389649894
0.0 0.6168861290888543 0.7848862853390253 0.008767123287670842 0.006380517503805194
0.0 0.6809585278536187 0.7805149988359833 0.00740334855403404 0.005893455098934552
0.0 0.6740909479449428 0.775279077983624 0.006526636225266458 0.006039573820395816
0.0 0.6907144500155873 0.7614463160512063 0.006868474960010929 0.006322118997283255
0.0 0.6989488148824193 0.7674952570671252 0.004136695146370073 0.006868474960011639
0.0 0.7191119581647072 0.7641885888831679 0.005552511415524463 0.00813394216133929
0.0 0.72934026866699 0.7681094412423761 0.00789041095890397 0.004773211567732005
0.0 0.7368653828222413 0.7695706284569882 0.004919330289192914 0.00516286149162859
0.0 0.7330287390716148 0.7563004427340487 0.009984779299847446 0.006624048706240515
0.0 0.791614987394679 0.757518293405217 0.006079035167976343 0.00797524797266611
0.0 0.7862052038048283 0.7577134917821702 0.004071280433598901 0.00702714157032105
0.0 0.753090116862635 0.7644354228426602 0.006867579908676191 0.008085235920852085
0.0 0.49801038656238994 0.7665960341589347 0.007131880992802308 0.008320527824936974
0.0 0.5370837138508374 0.767220700152207 0.005942161339421404 0.006624048706240515
0.0 0.5194033485540335 0.7587945205479452 0.0039939117199395465 0.005552511415525529
0.0 0.5196468797564691 0.7425266362252664 0.005455098934550762 0.00516286149162859
0.0 0.5429339186167589 0.7440903755359279 0.004673528905177448 0.006314235861249529
0.0 0.5337642555688511 0.7372926994475121 0.004574092119960227 0.006463391039074296
0.0 0.5611826892836295 0.764820505057221 0.007919477007821741 0.005800180343756978
0.0 0.5613778876605824 0.7587972408540885 0.006859828675789714 0.005354012625006632
0.0 0.5877334050115366 0.7705884096500076 0.008474885844749026 0.006331811263317988
0.0 0.6064192934737683 0.7527670713163358 0.009497716894976804 0.006429223744292045
0.0 0.5579565556092305 0.7498189393240919 0.005114155251141739 0.0065753424657536644
0.0 0.5613150684931508 0.7372420091324201 0.00560121765601238 0.0077442922374430625
0.0 0.5790230402307597 0.7321105175895755 0.005455098934551472 0.005260273972603357
0.0 0.5533372309981377 0.727776704514216 0.0062343987823439305 0.006575342465752953
0.0 0.5493820395738205 0.7171263318112635 0.004529680365296685 0.006672754946727366
0.0 0.5388400912975857 0.7020470281625272 0.0062343987823439305 0.00813394216133929
0.0 0.5231668861978896 0.6999037147233811 0.008984113544313032 0.009242649185876316
0.0 0.5053308574096427 0.6927220149384269 0.006088280060883022 0.006867579908675836
0.0 0.5032328767123289 0.682082191780822 0.0050654490106545325 0.005065449010654177
0.0 0.4844195093912848 0.7058938490174077 0.007792998477929558 0.006283105022831137
0.0 0.47930171260728827 0.6808313685371246 0.007598173515981443 0.0059421613394217586
0.0 0.4563903840171498 0.669808277916605 0.005871957575510578 0.008379085529099939
0.0 0.442742769971262 0.6529618093315743 0.006283105022831137 0.008085235920852085
0.0 0.42737600070775483 0.6246991891688787 0.006818873668188985 0.005211567732115796
0.0 0.43448711181886635 0.6235545925174326 0.004675799086758303 0.007403348554033684
0.0 0.4481043712855417 0.5769593417082902 0.007783420368312477 0.00821242779018867
0.0 0.472615946077406 0.5844043903668593 0.00638051750380555 0.007159817351598008
0.0 0.47770574820830414 0.5893480737762958 0.00457838660578389 0.004968036529680831
0.0 0.47408287637790103 0.5539371353987477 0.005893455098934197 0.008426179604262174
0.0 0.46622215607539025 0.5330460732019917 0.005503805175037968 0.006624048706240515
0.0 0.43065156766370194 0.5073744982414757 0.009090667269542507 0.009536834988292853
0.0 0.43558444583451994 0.49608933748791273 0.00736176735938372 0.00797524797266611
0.0 0.4396551269232244 0.48344512038847276 0.005990867579908609 0.007598173515982154
0.0 0.4165879998485771 0.4662440805925149 0.008572298325722727 0.007792998477929913
0.0 0.42705631659056315 0.4713302891933031 0.005844748858447701 0.007500761035007386
0.0 0.828095048539582 0.6834773663873259 0.005108166458698804 0.006546388082992749
0.0 0.829161316295524 0.6904700991123409 0.007439077367037328 0.004165883325540775
0.0 0.8145438167834257 0.6735405729681949 0.004951182121044439 0.008122163928904413
0.0 0.8086110237386684 0.6597086255515272 0.006230701096145453 0.007454588811460283
0.0 0.8204909137604307 0.6306987514088396 0.005893455098934197 0.005211567732115441
0.0 0.8061956321774784 0.6307718107695701 0.0037990867579907215 0.007111111111110802
0.0 0.8313110701330381 0.6031256551315446 0.008359246229741046 0.007430441093103113
0.0 0.8316508337152954 0.5594042035475519 0.006818873668188985 0.004773211567732005
0.0 0.8219426491397079 0.5555091950875333 0.0066655427452836594 0.005408924031008411
0.0 0.8183900334199805 0.5658899068204303 0.004698661279462613 0.006556271552738124
0.0 0.8049023950902029 0.5778557546864013 0.007062404870623595 0.007062404870624306
0.0 0.8036725142578852 0.593077359381167 0.008525554583230389 0.0057637552111980735
0.0 0.8146017786921312 0.48503335382749435 0.00850820890369448 0.005380190924395123
0.0 0.8166128502674184 0.4639069447157578 0.005943234160669419 0.007006760273630519
0.0 0.8255198456566714 0.43254370768116246 0.007013698630137099 0.006283105022831137
0.0 0.8071616330832502 0.40219774308021616 0.005162861491628234 0.0071111111111111566
0.0 0.823062404870624 0.41617047184170486 0.008718417047184346 0.0065753424657536644
0.0 0.8170941651871523 0.33978805224130043 0.005409783589850292 0.005019386835943607
0.0 0.819033699232439 0.2831717166700523 0.0033607305936115494 0.004091324200913249
0.0 0.8178403963405045 0.2866298597446312 0.004188736681887661 0.002824961948249438
0.0 0.7989695908979403 0.272874367153838 0.005552511415525175 0.005016742770167326
0.0 0.6808635387875871 0.7153070670680579 0.006497030460566577 0.006194842997284411
0.0 0.6935931856783484 0.7020108186836429 0.004306171351770871 0.007705780313695598
0.0 0.6205594323774122 0.7495629154559283 0.005990867579909321 0.0064779299847792515
0.0 0.630039573820396 0.7415038051750379 0.006672754946727366 0.006721461187214573
0.0 0.5909104539201622 0.7214379900273606 0.006136986301369518 0.006088280060883022
0.0 0.6032574858836324 0.7290361635433426 0.005406392694064266 0.007939117199390822
0.0 0.5618899967698525 0.7020885731172231 0.00598868620492965 0.008678519839346777
0.0 0.5365687301641341 0.6716980699296302 0.006331811263317633 0.006867579908675481
0.0 0.4981199288118333 0.6464855104058719 0.0065753424657536644 0.006624048706240515
0.0 0.5435124852961444 0.6524064399158312 0.007694681398984926 0.00645652656103195
0.0 0.5232380730304602 0.6122292473899293 0.0074033485540333285 0.004870624048706418
0.0 0.5214869610355961 0.6032481335233605 0.005463559627281 0.0066655427452836594
0.0 0.5107510663679878 0.6027017775606327 0.0061738223788282195 0.007430441093103468
0.0 0.5380788368800082 0.6069933193435307 0.004106213895094868 0.006189964229918132
0.0 0.5579639995164196 0.6161448714711195 0.005698630136986083 0.007159817351598363
0.0 0.5428558630778685 0.6224147703179789 0.007308603713414641 0.006214799076033018
0.0 0.6813282879958742 0.736235699797534 0.00867278019619846 0.00661035075929739
0.0 0.6758115594108893 0.7508940537433058 0.005605577443883902 0.0060286398924791484
0.0 0.7127148426470136 0.752251114880028 0.006050701687980364 0.006762548945390278
0.0 0.7331324116562186 0.7447404066350026 0.003992527340933805 0.005323369787911503
0.0 0.7415781425697319 0.7437934610477301 0.004504389820540666 0.006705398482849389
0.0 0.7430012783368557 0.7116063638113737 0.006299958480112622 0.007233285662350752
0.0 0.7543812728183837 0.7206876170408675 0.004987285662443242 0.004239192813076542
0.0 0.7132900758909813 0.7072621931923665 0.00536365332537585 0.008636390947639327
0.0 0.7044264114973512 0.7007167179478395 0.007090931514903786 0.009363665974809265
0.0 0.744924215803714 0.6719583389682787 0.007783999015443044 0.006697859617939983
0.0 0.7037701576762174 0.6803710411379994 0.006716603429840262 0.0061325509576796835
0.0 0.6949919040162402 0.663756160760386 0.006380517503804839 0.006477929984779607
0.0 0.7257553799394192 0.655328377919032 0.006108259663300686 0.008096995367631265
0.0 0.7612403673732142 0.6352310632066809 0.00758485121875907 0.00780793507813442
0.0 0.7596137515771044 0.6250875791716644 0.00702714157032176 0.006859828675789714
0.0 0.6276590577794195 0.7596371887875231 0.005260273972603357 0.006672754946727366
0.0 0.603229043854234 0.7115936963093107 0.00560121765601238 0.004870624048706418
0.0 0.6275320420416634 0.7090122662844023 0.00568210201237278 0.007867525863285253
0.0 0.6426819558066008 0.6969060666826457 0.005463559627282422 0.0069933563229202635
0.0 0.651113127261928 0.6870772664894986 0.005800180343757688 0.006636744816414008
0.0 0.6065615248564914 0.6669161576971924 0.0088314286144211 0.007615124074710522
0.0 0.6058740483775246 0.6567362175278744 0.005023866577066371 0.00703341320789228
0.0 0.6559460592078068 0.6469968911756439 0.006672754946727366 0.006429223744292401
0.0 0.6465214016735601 0.6518918683445936 0.005260273972602647 0.005990867579908609
0.0 0.6460152207001524 0.6381248097412483 0.005893455098934908 0.007841704718417119
0.0 0.6514703196347036 0.6362739726027398 0.004724505327244799 0.005211567732115441
0.0 0.6404627092846276 0.6302831050228315 0.005503805175037968 0.006964992389649894
0.0 0.637442922374429 0.6202739726027398 0.005698630136985372 0.007598173515981799
0.0 0.6497656012176563 0.6201765601217657 0.005796042617960495 0.005844748858447701
0.0 0.6737823353673956 0.6257399849290485 0.007062404870624306 0.006964992389649894
0.0 0.7058286336534418 0.6352344238571357 0.008328767123286696 0.00560121765601238
0.0 0.7112572298325723 0.6231232876712332 0.004773211567732005 0.006088280060883022
0.0 0.7227130318203716 0.6323569357741187 0.004091324200913249 0.004968036529680831
0.0 0.5961317784915519 0.5988578507143023 0.004963615871100302 0.006859828675789714
0.0 0.6068955747064084 0.6004752086947732 0.0056328674492256425 0.0056328674492256425
0.0 0.5934434897462946 0.5816431712514509 0.007742470102361665 0.004440534323413558
0.0 0.5971439350158061 0.5862260303929224 0.005806852576771604 0.006205362067334619
0.0 0.6001424324333684 0.5707587876814368 0.005180623377315641 0.008197909520148271
0.0 0.5942786499293738 0.5632725022515794 0.004952903668422692 0.005863782503994841
0.0 0.5864507849361772 0.5720966409711833 0.006148432140111027 0.006660801485120516
0.0 0.5828926644847232 0.5779604234751782 0.006205362067333908 0.006205362067334264
0.0 0.5585991126575436 0.540501342208746 0.00813394216133929 0.007598173515981443
0.0 0.4956850838347659 0.5137627260806712 0.009439793509464778 0.006546953563015734
0.0 0.5400932776355066 0.4939763459406393 0.006256035958598716 0.00893719422657
0.0 0.5852771699862004 0.5058196465742928 0.006940510759741869 0.009076052531970902
0.0 0.5292915294828433 0.42656784594910346 0.008085235920852085 0.008621004566209933
0.0 0.5351551518309279 0.4133840177416143 0.006217782179589193 0.00705802301466889
0.0 0.5371297177933656 0.42002192033874336 0.005461565428018389 0.004537300509430154
0.0 0.5720148288524651 0.38978143066606047 0.007695585996955856 0.00535768645357706
0.0 0.5891014710538031 0.3630050556830097 0.0053089802130898535 0.005308980213089498
0.0 0.5749036019518243 0.36641449251710423 0.006429223744292045 0.006088280060882667
0.0 0.5840871978752293 0.3228474814692417 0.00891324200913246 0.0058447488584473465
0.0 0.598164048745869 0.2978062941751499 0.007949970978061317 0.005946319755948437
0.0 0.7884151387579447 0.6948197071012462 0.004372521778637406 0.005398175035355024
0.0 0.8035644253670469 0.684471143847483 0.004804375781466063 0.005991974289244339
0.0 0.7804942064821361 0.7082007968395674 0.004724505327244799 0.004870624048706062
0.0 0.8029464041799755 0.7323306473728517 0.00535768645357706 0.00535768645357706
0.0 0.781180080314628 0.74075008197456 0.006534417314228591 0.005753128287527787
0.0 0.7080819836865171 0.6112103287758796 0.007500761035007741 0.005942161339421404
0.0 0.7192694063926937 0.6060517503805176 0.004724505327244799 0.007208523592085214
0.0 0.6887900757997777 0.6001714014487218 0.0066125462168990625 0.0059662071129917395
0.0 0.7043911905923643 0.5973812099448969 0.005633425158874416 0.004516890442700827
0.0 0.6751872946296157 0.5927630367166847 0.006380517503804839 0.006964992389650248
0.0 0.6816895777346389 0.5931770397608247 0.004675799086757593 0.006721461187214573
0.0 0.7334645811781911 0.5793805845271318 0.00976460360871414 0.006597705141023624
0.0 0.7580139567699498 0.5882021509314331 0.003701674277016309 0.0045296803652970395
0.0 0.7777426606062463 0.5692502245811554 0.005846008801191261 0.006829449534102139
0.0 0.7974546812436891 0.5397466307400384 0.005455098934551472 0.007062404870623951
0.0 0.808897315303609 0.5503452341028344 0.0063377291676467 0.0070479919191932085
0.0 0.77982004783088 0.5219166916499118 0.004529680365296685 0.006331811263318343
0.0 0.7821248097412485 0.4720365296803649 0.007013698630137099 0.006380517503805194
0.0 0.7975724183976609 0.45440087626894543 0.005114155251141739 0.006964992389649894
0.0 0.7902421292043581 0.4560081822050185 0.005260273972602647 0.005990867579908965
0.0 0.7774357597134639 0.4407218179748401 0.005260273972603357 0.006672754946727366
0.0 0.7904890321639971 0.4379942685075644 0.004383561643835776 0.0033607305936076415
0.0 0.7655816872058253 0.4400406280366793 0.005211567732115441 0.0031171993911719652
0.0 0.7653698630136987 0.4483652968036532 0.0050654490106545325 0.0027762557077625873
0.0 0.7646879756468798 0.4507031963470318 0.005162861491628234 0.0028736681887366446
0.0 0.7368100400587444 0.4440295435706547 0.005455098934551472 0.005601217656012025
0.0 0.7575111878693871 0.4124339207450495 0.010484941390637914 0.0056886384140693025
0.0 0.7713423871506538 0.40378942119425804 0.004907844906255576 0.004684761046880581
0.0 0.7253091711275651 0.38367398170035205 0.005363827473258453 0.007630233447874701
0.0 0.6944513851785296 0.35606170782640234 0.0049680365296801195 0.006283105022831137
0.0 0.6770827950178117 0.34013009817777673 0.006380517503804839 0.00535768645357706
0.0 0.7663340753865846 0.3284838065477052 0.008086789902353075 0.0056886384140693025
0.0 0.7856866776415881 0.3173712806458971 0.005298241660162262 0.0065809738515703485
0.0 0.7797191844032995 0.30889409398963696 0.004852073941412271 0.006357889992195354
0.0 0.7612868805224181 0.3090056359193246 0.004796302976568967 0.00736176735938443
0.0 0.8043271629968978 0.2996025173006478 0.007841704718416765 0.004675799086757948
0.0 0.800365296803653 0.29260273972602757 0.005406392694063555 0.006283105022831137
0.0 0.8119330289193304 0.29204261796042613 0.006136986301370939 0.003993911719939192
0.0 0.6533353914443161 0.5532827795837045 0.006770167427701779 0.006964992389649894
0.0 0.6244015746738633 0.5532866076744998 0.005397996911754177 0.007883916542167312
0.0 0.5971019005564585 0.546212326088279 0.00662404870624016 0.004383561643835421
0.0 0.6280627639165524 0.5350945386609736 0.007987823439877672 0.0062343987823439305
0.0 0.6430476252979471 0.5249696633227237 0.007444850481131482 0.007745046065047489
0.0 0.6670888317143572 0.5089765802402555 0.008824138719604236 0.005465273013432181
0.0 0.6315335912330419 0.49712253418881874 0.0063860410668254985 0.006896924352170685
0.0 0.5752553270750781 0.4629746015620947 0.010186063344176688 0.007677937194102568
0.0 0.5860622779049762 0.4720806343189675 0.007780309690024012 0.008599289657395204
0.0 0.5345212912988618 0.4597288450314808 0.006986980534180986 0.005120230009781323
0.0 0.7353036123747835 0.56657005687518 0.008754314638168382 0.008754314638168382
0.0 0.7202690285396685 0.5556271635774692 0.009325248201526647 0.008754314638168382
0.0 0.7602649585385233 0.5293146368848285 0.005844748858447701 0.00618569254185708
0.0 0.6600695600877706 0.5693004444365721 0.006429223744292045 0.00852359208523552
0.0 0.7093386286377189 0.5383257551272674 0.00662404870624016 0.0038964992389651345
0.0 0.701721915222878 0.5255487133907542 0.004971839260826272 0.008352689958188364
0.0 0.6857319699203852 0.5187969316177545 0.006867579908676191 0.005796042617960495
0.0 0.7176290561277338 0.5158443860587816 0.006185692541857435 0.006964992389649894
0.0 0.7402807538697551 0.512376522548281 0.006916286149162687 0.007598173515981799
0.0 0.7181694406265642 0.49976085043044005 0.006331811263318343 0.008426179604261818
0.0 0.6934558164401586 0.4906766201903087 0.004773211567732005 0.006770167427701779
0.0 0.763681775129271 0.5005005372328066 0.005278164112819184 0.008171004059267873
0.0 0.7460533822182789 0.4908720189097419 0.0051141552511410285 0.00681887366818863
0.0 0.5849858088840122 0.4009195694598498 0.0050654490106545325 0.006867579908675836
0.0 0.5924383561643836 0.413564687975647 0.0065753424657536644 0.007695585996955856
0.0 0.605200405886049 0.4486351493168206 0.0077450460650482 0.006003911678331519
0.0 0.5843265214825081 0.4344396689361922 0.00394520547945163 0.005844748858447701
0.0 0.6233426961470443 0.4474406986521494 0.0076963931484471 0.0074175383242277345
0.0 0.6394908859176184 0.43023421868555706 0.006380517503804839 0.007500761035007386
0.0 0.6286495384157007 0.46109485184850174 0.007549467275494948 0.00681887366818863
0.0 0.6457924793725806 0.46362911735551987 0.006429223744292045 0.0062343987823439305
0.0 0.6709956154033208 0.4656973716974191 0.004009374662621923 0.006800711453054831
0.0 0.6530134963473792 0.44958375800369765 0.004919330289192914 0.006039573820395461
0.0 0.6528340943683407 0.4557442922374431 0.004432267884322272 0.0050654490106545325
0.0 0.6589467275494677 0.4513120243531203 0.003701674277016309 0.007013698630137099
0.0 0.6767974586144746 0.4287688302135713 0.005278164112819184 0.009708051850363475
0.0 0.7210385559429213 0.46050871597527454 0.004661809978782116 0.004406368336109523
0.0 0.7270733647510706 0.46293541158066825 0.005491995317469645 0.0069607847628393674
0.0 0.7258600169483739 0.4708541025035311 0.00651376188816144 0.00453408915744582
0.0 0.717398512534831 0.4774636550076952 0.005300414085465377 0.006002878602815898
0.0 0.7118426568066927 0.4777510268557023 0.0051726932641280145 0.005172693264128369
0.0 0.6948389574699739 0.45933665312297406 0.004821917808219211 0.006136986301369518
0.0 0.6990033410316177 0.46150408082464833 0.004870624048706418 0.0045296803652970395
0.0 0.7003106578984198 0.4065788616862914 0.006246348062507678 0.006748286746102039
0.0 0.7236222363107686 0.40708992070365235 0.005260273972602647 0.007111111111110802
0.0 0.7243348554033482 0.41604870624048707 0.005406392694064266 0.004286149162861364
0.0 0.738255538807271 0.40441759182217485 0.005260273972602647 0.005796042617960495
0.0 0.6793589229021417 0.44052073041039 0.007305936073058916 0.006575342465754019
0.0 0.6672034120702748 0.6763442158118392 0.0090651187081626 0.0057431186846741865
0.0 0.5875162284876942 0.6612016258049745 0.0051141552511410285 0.005649923896499232
0.0 0.5605250003238339 0.6466873968090233 0.0050654490106545325 0.006136986301369518
0.0 0.6337115916205629 0.7587782710813658 0.006877274995042626 0.007723597551582628
0.0 0.5975961345095584 0.7041130132238512 0.005833584400610192 0.009395684609832599
0.0 0.5850411225913437 0.6355741719601312 0.0050654490106545325 0.00516286149162859
