0.0 0.007240059208929672 0.05043858691480185 0.009574238601099516 0.006612423782054222
0.0 0.018357058849082453 0.09433722903777682 0.005601217656012736 0.0064779299847792515
0.0 0.013514336774367308 0.16519398760151133 0.007184170471841611 0.0065753424657536644
0.0 0.01916014744713479 0.11066105975275384 0.007105220921101996 0.00416162939664595
0.0 0.008369845884132143 0.2461127598596878 0.012374576621404287 0.007012260085462785
0.0 0.03511881067447753 0.6834773663873259 0.006385208073373505 0.006546388082992749
0.0 0.03645164536940504 0.6904700991123409 0.00929884670879666 0.004165883325540775
0.0 0.01817977097928214 0.6735405729681949 0.0061889776513055494 0.008122163928904413
0.0 0.010763779673335527 0.6597086255515272 0.007788376370181815 0.007454588811460283
0.0 0.02561364220053841 0.6306987514088396 0.0073668188736677465 0.005211567732115441
0.0 0.007744540221847895 0.6307718107695701 0.004748858447488402 0.007111111111110802
0.0 0.039138837666297555 0.6031256551315446 0.010449057787176308 0.007430441093103113
0.0 0.03956354214411917 0.5594042035475519 0.008523592085236231 0.004773211567732005
0.0 0.027428311424634977 0.5555091950875333 0.008331928431604574 0.005408924031008411
0.0 0.02298754177497564 0.5658899068204303 0.005873326599328266 0.006556271552738124
0.0 0.0061279938627536445 0.5778557546864013 0.008828006088279494 0.007062404870624306
0.0 0.004959557218437771 0.593077359381167 0.009919114436875542 0.0057637552111980735
0.0 0.018252223365164078 0.48503335382749435 0.010635261129618101 0.005380190924395123
0.0 0.020766062834272958 0.4639069447157578 0.007429042700836774 0.007006760273630519
0.0 0.03189980707083917 0.43254370768116246 0.008767123287671374 0.006283105022831137
0.0 0.00895204135406269 0.40219774308021616 0.006453576864535293 0.0071111111111111566
0.0 0.028828006088279956 0.41617047184170486 0.010898021308980432 0.0065753424657536644
0.0 0.021367706483940374 0.33978805224130043 0.006762229487312865 0.005019386835943607
0.0 0.023792124040548757 0.2831717166700523 0.004200913242014437 0.004091324200913249
0.0 0.02230049542563073 0.2866298597446312 0.005235920852359577 0.002824961948249438
0.0 0.001091154128564309 0.272874367153838 0.002182308257128618 0.005016742770167326
0.0 0.0044555317088086355 0.684471143847483 0.00600546972683258 0.005991974289244339
0.0 0.003683005224969449 0.7323306473728517 0.0066971080669713245 0.00535768645357706
0.0 0.00011389419435303694 0.5397466307400384 0.00022778838870607387 0.007062404870623951
0.0 0.011121644129511221 0.5503452341028344 0.007922161459558374 0.0070479919191932085
0.0 8.093501451988949e-05 0.45440087626894543 0.00016187002903977898 0.006964992389649894
0.0 0.005408953746122158 0.2996025173006478 0.009802130898020955 0.004675799086757948
0.0 0.0019178082191779744 0.29260273972602757 0.003835616438355949 0.006283105022831137
0.0 0.01491628614916296 0.29204261796042613 0.007671232876713674 0.003993911719939192
