0.0 0.9911872055411074 0.05797691824073574 0.009624670705537141 0.007244944432189726
0.0 0.9993164744297701 0.1742535222277139 0.0013670511404596298 0.005582673580866171
0.0 0.9946261871482827 0.8016414647012532 0.010100070038059173 0.008200056862582805
0.0 0.9955432853170944 0.7422497113196181 0.008913429365811076 0.007521383860767017
0.0 0.9771502923049111 0.7164749320555324 0.009630149928772268 0.010377316733590903
0.0 0.9800109371678591 0.6859713344949881 0.008761461511221568 0.006447113187503106
0.0 0.9597644848584685 0.6589428345472866 0.007136176569663632 0.0083665518402956
0.0 0.9593862702508791 0.6273290442339281 0.006185692541856724 0.0059421613394217586
0.0 0.9895595754159704 0.5089434267895612 0.005220213221002723 0.005101572011434641
0.0 0.9968010533492899 0.49911140381448893 0.0033271061174449555 0.005067438548107717
