0.0 0.06824925801032204 0.9990658875606723 0.005668820190174628 0.0018682248786554112
0.0 0.10509658924645678 0.9816921965698387 0.006802584228209341 0.005668820190174983
0.0 0.14024327442553924 0.9365305957214478 0.009070112304279477 0.007558426920233075
0.0 0.19787627969231442 0.9616623652312217 0.00491297749815125 0.007936348266244408
0.0 0.18597175729294763 0.99736524150362 0.007558426920232719 0.005269516992759904
0.0 0.28744363869707285 0.9605286011931866 0.00491297749815125 0.007936348266244408
0.0 0.25210799284498453 0.8909910735270454 0.0098259549963025 0.009448033650290455
0.0 0.0032420761944193187 0.7785774622906182 0.0064841523888386375 0.009825954996302854
0.0 0.11041252254203951 0.8220384170819568 0.010581797688325878 0.009070112304279832
0.0 0.2037590950069145 0.7763099342145484 0.0098259549963025 0.009070112304279121
0.0 0.21849802750136843 0.7863248498838565 0.006802584228209341 0.005668820190174628
0.0 0.36494254908087864 0.8046540351654208 0.005668820190174628 0.007558426920232364
0.0 0.37287889734712304 0.8212825743899334 0.004157134806127871 0.008314269612256453
0.0 0.004783506331786214 0.6529186147417476 0.00718050557422103 0.008692190958267787
0.0 0.03086007920658922 0.6714367606963183 0.010959719034337567 0.007180505574221385
0.0 0.054669124005322624 0.746265187206623 0.00718050557422103 0.008692190958267787
0.0 0.17069097723089613 0.665390019160132 0.00718050557422103 0.009448033650291166
0.0 0.21547465673327543 0.6642562551220971 0.009070112304279121 0.008692190958267787
0.0 0.24778693181727043 0.7037490357803134 0.00718050557422103 0.010581797688325878
0.0 0.2821777743043297 0.6735153280993822 0.008692190958267431 0.006046741536185962
0.0 0.30145176295092335 0.6447933058024976 0.007936348266244408 0.007558426920232719
0.0 0.30806538650612686 0.6908997100159177 0.006802584228209341 0.012093483072372634
0.0 0.3006959202589 0.6950568448220457 0.007936348266244408 0.009825954996302854
0.0 0.33565364476497644 0.7317152153851746 0.007558426920232719 0.006802584228209696
0.0 0.0051614276777979026 0.5710986433302278 0.008692190958267787 0.006802584228209696
0.0 0.12628521907452814 0.5605168456419019 0.007558426920232719 0.005290898844162939
0.0 0.1625656682916457 0.5928291207258972 0.006802584228209696 0.008692190958267787
0.0 0.18731951645540815 0.6018992330301763 0.006424662882198007 0.00491297749815125
0.0 0.23550448807189212 0.5680752725621346 0.006802584228209696 0.006802584228209696
0.0 0.326772493133703 0.568642154581152 0.00718050557422103 0.00718050557422103
0.0 0.20470389837194336 0.5372746828621862 0.00718050557422103 0.005668820190174628
0.0 0.20583766240997842 0.5453999918014363 0.00718050557422103 0.006802584228209696
0.0 0.14858257868077018 0.5197013371675278 0.006046741536186317 0.007558426920233075
0.0 0.17258058396095421 0.5127097953714296 0.00718050557422103 0.006424662882197651
0.0 0.019900360172251653 0.4140723240623915 0.007936348266244408 0.00491297749815125
0.0 0.0898158091844051 0.42711061049979315 0.006424662882198007 0.007558426920232719
0.0 0.12363976965244702 0.4119937566593276 0.009070112304279477 0.006802584228209696
0.0 0.12175016292238858 0.4193632229065544 0.005290898844162939 0.005668820190174628
0.0 0.04333148362497354 0.47000468327211403 0.00718050557422103 0.00491297749815125
0.0 0.04276460160595601 0.48001959894142276 0.008314269612256097 0.006046741536185962
0.0 0.20111364558483302 0.4596118462567942 0.008314269612256453 0.007558426920233075
0.0 0.26233690363871853 0.4635800203899164 0.006802584228209696 0.007936348266244408
0.0 0.2869017911294751 0.4673592338500329 0.007558426920232719 0.007936348266244408
0.0 0.20508181971795522 0.4386372115531481 0.008692190958267431 0.008692190958268143
0.0 0.21509673538726357 0.40178988031701335 0.005290898844162939 0.012849325764396013
0.0 0.23814993749397342 0.40594701512314124 0.008314269612256097 0.006046741536185962
0.0 0.24816485316328213 0.3810042062863731 0.005668820190174628 0.009070112304279121
0.0 0.26441547104178265 0.3605964536017446 0.010203876342314544 0.0098259549963025
0.0 0.2921926897820823 0.35681724324674524 0.006802584228209341 0.009070112304279477
0.0 0.29238165064664373 0.394798335415798 0.005668820190174628 0.00718050557422103
0.0 0.3059868191030629 0.41917426223354876 0.008692190958267787 0.008314269612256097
0.0 0.32129263364846017 0.42843333210571705 0.006046741536186317 0.006424662882198007
0.0 0.01687698940415867 0.2791544035362362 0.006424662882198007 0.007936348266244408
0.0 0.0007855874453436939 0.28841347651352134 0.0015711748906873878 0.008314269612256097
0.0 0.00629519162005483 0.34245623209830267 0.007936348266244408 0.007558426920232719
0.0 0.07299830928688725 0.33811013351405206 0.008314269612256097 0.005668820190174628
0.0 0.07413207332492214 0.35341594802752335 0.008314269612256097 0.006802584228209696
0.0 0.11286901129111496 0.3326302739968833 0.00944803365029081 0.006802584228209696
0.0 0.11570342138620227 0.3418893469741683 0.007558426920232719 0.00491297749815125
0.0 0.16086502223459345 0.3796814815753324 0.00718050557422103 0.00718050557422103
0.0 0.20338117369282874 0.3768470792430376 0.005290898844162939 0.009070112304279121
0.0 0.21793114548235087 0.3316854706318543 0.006424662882197651 0.006424662882198007
0.0 0.19034288722350112 0.3148679707343362 0.007936348266244408 0.006046741536186317
0.0 0.23474864537986875 0.33376403803491816 0.0098259549963025 0.008314269612256453
0.0 0.2559122407565207 0.326772493133703 0.007558426920232719 0.00718050557422103
0.0 0.2583687295055963 0.3184582235214469 0.00718050557422103 0.006424662882198007
0.0 0.2872797124754866 0.30636474044907447 0.009825954996302854 0.008692190958267431
0.0 0.31108875727421986 0.33565364476497644 0.007558426920232719 0.005290898844162939
0.0 0.31241148198526075 0.32696145380670905 0.00944803365029081 0.007558426920233075
0.0 0.336409487457 0.3384880548600636 0.008314269612256097 0.007936348266244408
0.0 0.33092962793983105 0.326772493133703 0.00944803365029081 0.00718050557422103
0.0 0.3347088413999474 0.3205367909245105 0.007180505574221385 0.007558426920233075
0.0 0.035773056704740645 0.2782096001712075 0.00718050557422103 0.006046741536186317
0.0 0.038229545453816446 0.27065117325097476 0.009070112304279121 0.005290898844162939
0.0 0.013664657963059667 0.1606760615615876 0.007558426920232719 0.007558426920233075
0.0 0.08376906764821897 0.12420665167146439 0.007936348266244408 0.00718050557422103
0.0 0.09510670802856805 0.19582274674067007 0.00718050557422103 0.007558426920232719
0.0 0.11362485398313851 0.25893561152461364 0.00944803365029081 0.007558426920233075
0.0 0.13214299993770862 0.2683836451749048 0.008692190958267431 0.007558426920232719
0.0 0.1676676064628028 0.22095451625044404 0.007936348266244408 0.008692190958267787
0.0 0.18070589290020464 0.20508181971795522 0.005290898844162939 0.008692190958267787
0.0 0.20243637029587358 0.14102415156898243 0.007936348266244408 0.009070112304279121
0.0 0.14404752233707557 0.12836378647759245 0.006046741536186317 0.006424662882197651
0.0 0.142346876280023 0.13970142685794168 0.00718050557422103 0.007180505574221385
0.0 0.1606760615615876 0.14310271897204635 0.006802584228209696 0.00718050557422103
0.0 0.19431106135662332 0.1606760615615876 0.005290898844162939 0.005290898844162939
0.0 0.19695651077870496 0.16993513453887274 0.005290898844162939 0.004912977498151605
0.0 0.2116954432731591 0.22681229711362452 0.006802584228209696 0.006802584228209696
0.0 0.24627524643322385 0.23418176336085156 0.00718050557422103 0.007180505574221385
0.0 0.2678167631558875 0.24381875768414824 0.00718050557422103 0.006802584228209341
0.0 0.27065117325097443 0.25307783066143336 0.009070112304279477 0.007180505574221385
0.0 0.30863226852514425 0.2793433642092422 0.003401292114104848 0.008314269612255742
0.0 0.18372926366829745 0.242307072300102 0.006046741536186317 0.007558426920233075
0.0 0.18977600520448376 0.26252586431172453 0.0045350561521395605 0.006424662882198007
0.0 0.19714547145171082 0.2561012014295265 0.007180505574221385 0.005668820190174628
0.0 0.20281429164188527 0.2723518193080272 0.00718050557422103 0.007180505574221385
0.0 0.21226232529217626 0.2835004990153703 0.007936348266244408 0.008314269612256097
0.0 0.23512656672588025 0.29861735285583607 0.005290898844162939 0.011337640380349257
0.0 0.30145176295092335 0.21585257807928676 0.007936348266244408 0.005290898844162939
0.0 0.33678740880301117 0.19525586472165238 0.005290898844162939 0.007936348266244408
0.0 0.26800572382889315 0.18429614568731498 0.009070112304279477 0.005668820190174273
0.0 0.2780206394982018 0.1720137019419367 0.00718050557422103 0.007558426920232719
0.0 0.2651713137338058 0.1604871008885816 0.010959719034337212 0.007936348266244408
0.0 0.3020186449699406 0.14385856166406938 0.0045350561521395605 0.005668820190174273
0.0 0.3263945717876915 0.1606760615615876 0.00718050557422103 0.006046741536185962
0.0 0.3231822403465925 0.18108381424621597 0.008314269612256097 0.005290898844162939
0.0 0.3553055547575818 0.1423468762800228 0.006046741536186317 0.006424662882197651
0.0 0.37401266138515793 0.16483319636771548 0.006424662882197651 0.0045350561521395605
0.0 0.33924389755208695 0.1364890954168425 0.006424662882198007 0.007558426920232719
0.0 0.32922898196259354 0.11192420404468936 0.008314269835737775 0.008314264954580963
0.0 0.34831400985636646 0.0956735900475854 0.007936348266244408 0.008314269612256097
0.0 0.37268993667411754 0.09699631475862631 0.006046741536186317 0.007936348266244408
0.0 0.0467327756113745 0.003808960542274509 0.008692190958267787 0.007617921084549018
0.0 0.012152972579013266 0.013286736617047979 0.008314269612256097 0.006046741536185962
0.0 0.012908815271036466 0.025947101708437968 0.006802584228209341 0.005668820190174628
0.0 0.14896049983522666 0.09850800014267289 0.007558426920232719 0.005668820190174628
0.0 0.18354030299529162 0.10436578100585318 0.008692190958267431 0.006802584228209341
0.0 0.2041370163529262 0.056936652081392404 0.006046741536186317 0.005668820190174628
0.0 0.23796097682096776 0.06506196102064266 0.008692190958267431 0.0045350561521395605
0.0 0.233425920668828 0.08093465755313148 0.006424662882197651 0.005290898844162939
0.0 0.2258674937485951 0.10417682033284734 0.007936348266244408 0.005668820190174628
0.0 0.24910965652831135 0.0945398260095505 0.005290898844162939 0.007558426920232719
0.0 0.2536447126804509 0.08358010697521294 0.005290898844162939 0.0037792134601165373
0.0 0.2783985608442133 0.09756319677764366 0.007936348266244408 0.007558426920232719
0.0 0.27367454401906777 0.12307288763342913 0.008314269612256097 0.0041571348061282265
0.0 0.29238165064664373 0.12760794378556906 0.00718050557422103 0.007936348266244408
0.0 0.2544005553724741 0.1347884493597901 0.006046741536186317 0.007936348266244408
0.0 0.2489206958553055 0.11419173600215568 0.00491297749815125 0.006802584228209696
0.0 0.2561012014295265 0.12231704494140612 0.006424662882198007 0.007936348266244408
0.0 0.3755243467692047 0.06147170823353214 0.006424662882198362 0.005668820190174983
0.0 0.36909968388700654 0.036339938723758 0.005668820190174628 0.007558426920232719
0.0 0.27310766200005004 0.04881134314214215 0.004912977498151605 0.006046741536186317
0.0 0.2370161734559389 0.04427628699000241 0.006802584228209696 0.007558426920232719
0.0 0.25251094864241586 0.018199714115199404 0.0045350561521395605 0.008314269612256097
0.0 0.3086322685251446 0.017065950077164337 0.006424662882197651 0.008314269612255742
0.0 0.31430108871531887 0.030104236514566018 0.005668820190174628 0.007936348266244408
0.0 0.3664542344649252 0.0028641548484076296 0.006424662882197651 0.005728309696815259
0.0 0.38213186359199136 0.0022731876617975823 0.00636124769645896 0.004546375323595165
0.0 0.3953087338203714 0.08497072120025706 0.0060583311394850625 0.005755414582510809
0.0 0.4128778941248772 0.08663676226361545 0.0060583311394850625 0.004846664911587695
0.0 0.4084856040487509 0.06709864433877666 0.005755414582510454 0.005755414582510809
0.0 0.426054764353257 0.05770823107257517 0.003937915240664935 0.004543748354613797
0.0 0.4514997551390934 0.07088510130095464 0.004543748354613441 0.006058331139484707
0.0 0.4106060199475703 0.04710615157847649 0.005149581468561948 0.005149581468562303
0.0 0.42635768091023146 0.04498573567965671 0.005755414582510454 0.005149581468562303
0.0 0.43181017893576745 0.031051574058841423 0.005149581468561948 0.007572913924356328
0.0 0.418633308707388 0.028173866767586375 0.006664164253433569 0.00484666491158805
0.0 0.44635017367053165 0.040896362160504476 0.005755414582510454 0.006664164253433214
0.0 0.4577095445570656 0.051801358211577234 0.006664164253433214 0.004240831797639189
0.0 0.5060247353944576 0.05937427213593338 0.005755414582510454 0.008481663595278733
0.0 0.5125374413694039 0.057556772794087864 0.0060583311394850625 0.007269997367382075
0.0 0.5291978520029874 0.08133572251656637 0.0060583311394850625 0.004543748354613797
0.0 0.5779674176758407 0.07421718342767143 0.005452498025536201 0.00484666491158805
0.0 0.5925074124106043 0.063918020490547 0.006664164253433569 0.006058331139484707
0.0 0.6041696998541131 0.08709113709907701 0.005755414582510454 0.005755414582510809
0.0 0.5346503500285238 0.028779699881534705 0.006058331139484707 0.006664164253433214
0.0 0.5229880625850154 0.022872827020536945 0.00817874703830448 0.005755414582510809
0.0 0.6038667832971389 0.024538868083895337 0.00878458015225334 0.007875830481330226
0.0 0.6112882389430079 0.03377782307160988 0.007875830481330226 0.005149581468562303
0.0 0.45059100546817044 0.013785330311309529 0.006361247696459316 0.006361247696459316
0.0 0.45377162931640014 0.007272624336363265 0.005452498025536201 0.005452498025536201
0.0 0.6617238456792199 0.051498441654603155 0.005755414582510454 0.007875830481330582
0.0 0.6718715503378568 0.022569910463562694 0.005452498025536201 0.006361247696459316
0.0 0.6744463410721379 0.08209301390900184 0.005149581468561948 0.006664164253433214
0.0 0.6950446669463866 0.08557655431420556 0.009390413266201492 0.005755414582510809
0.0 0.7429054829483173 0.11556529345465591 0.005755414582510454 0.005755414582510809
0.0 0.6411255198049709 0.12238091598657644 0.007572913924356328 0.007269997367382075
0.0 0.6870173781865688 0.17887485386227303 0.0060583311394850625 0.009390413266201847
0.0 0.3980349828331393 0.20856067644574913 0.008481663595278733 0.0069670808104074665
0.0 0.39333977620003857 0.17039319026699432 0.006361247696459316 0.007572913924356328
0.0 0.42075372460620775 0.13389174515159769 0.0054524980255365564 0.007875830481330226
0.0 0.40485060536505985 0.11768570935347569 0.006967080810407822 0.005755414582510454
0.0 0.4539230875948876 0.13086257958185515 0.006967080810407822 0.007875830481330582
0.0 0.4514997551390936 0.09663300864376563 0.00636124769645896 0.008481663595279087
0.0 0.4587697525064753 0.10132821527686638 0.0075729139243559725 0.007572913924356328
0.0 0.5208676466861958 0.12086633320170517 0.006361247696459316 0.0054524980255365564
0.0 0.5422232639528801 0.1294994550754712 0.00726999736738172 0.005755414582510809
0.0 0.5404057646110344 0.10965842059365816 0.0060583311394850625 0.007875830481330582
0.0 0.5235938956989639 0.09920779937804661 0.00817874703830448 0.006361247696459316
0.0 0.5175355645594788 0.17327089755824954 0.008178747038304835 0.009693329823175745
0.0 0.5441922215732127 0.18099526976109281 0.009996246380150352 0.008784580152252985
0.0 0.6018978256768064 0.18402443533083535 0.007875830481330226 0.007572913924356328
0.0 0.6085619899302392 0.15267257168400086 0.0060583311394850625 0.006664164253433569
0.0 0.49602848901430735 0.22870462748453663 0.005755414582510454 0.004240831797639543
0.0 0.4725524558488036 0.2194656724968219 0.007875830481330226 0.006967080810407822
0.0 0.450591005468171 0.22098025528169316 0.007572913924356328 0.005755414582510454
0.0 0.45377162931640047 0.20083630424290586 0.004240831797639543 0.0060583311394850625
0.0 0.43589955245492007 0.20068484596441855 0.007269997367382075 0.005755414582510809
0.0 0.44635017367053165 0.1775117293558889 0.006361247696459316 0.0054524980255365564
0.0 0.4558920452152201 0.16615235846935478 0.0096933298231761 0.006361247696459316
0.0 0.47800495387434017 0.1759971465710178 0.0060583311394850625 0.0036349986836910373
0.0 0.579482000460712 0.2273415029781523 0.006664164253433214 0.006967080810407822
0.0 0.5866005395496068 0.22355504601597415 0.004543748354613797 0.00726999736738172
0.0 0.612651363449392 0.23900379042166087 0.00878458015225334 0.006058331139484707
0.0 0.6399138535770742 0.24945441163727225 0.007572913924356328 0.0075729139243559725
0.0 0.41727018420100387 0.24400191361173568 0.006361247696459316 0.004543748354613797
0.0 0.38425227949081114 0.2567244090046543 0.008178747038304835 0.005149581468561948
0.0 0.4719466227348551 0.25218066065004036 0.006664164253433569 0.00636124769645896
0.0 0.580996583245583 0.2620254487517034 0.006664164253433569 0.006664164253433569
0.0 0.599323034942525 0.2954977282973573 0.005755414582510454 0.00817874703830448
0.0 0.6281001078550783 0.29413460379097334 0.008784580152252985 0.00726999736738172
0.0 0.708978828567202 0.2865616898666172 0.006967080810407822 0.006664164253433569
0.0 0.6202242774249269 0.334573971613599 0.006361247696459316 0.005755414582510809
0.0 0.6187096945888768 0.34123812840046863 0.008784580152252985 0.006361247696459316
0.0 0.5622157567131802 0.32336605153898806 0.006664164253433569 0.006967080810407822
0.0 0.5396484732185989 0.3494168754387729 0.0075729139243559725 0.005149581468561948
0.0 0.4976945300776661 0.4316587206572809 0.005452498025536201 0.006058331139484707
0.0 0.5131432744833523 0.3953087338203714 0.006664164253433214 0.006664164253433569
0.0 0.5279861857750902 0.3880387364529893 0.006664164253433569 0.0054524980255365564
0.0 0.3809201973640944 0.44589579883507025 0.00636124769645896 0.00484666491158805
0.0 0.44665309022750554 0.4701291233930096 0.0075729139243559725 0.0060583311394850625
0.0 0.39485435898490984 0.39667185832675517 0.0069670808104074665 0.004543748354613797
0.0 0.3809201973640944 0.3839493629338369 0.0075729139243559725 0.007572913924356328
0.0 0.40030685701044605 0.38016290597165875 0.004543748354613797 0.006664164253432858
0.0 0.3904620689087833 0.3489625006033116 0.00726999736738172 0.004846664911587695
0.0 0.48103411944408253 0.26808377989118826 0.006664164253433569 0.007269997367382075
0.0 0.49496828106489765 0.27808002627133827 0.008481663595278733 0.0060583311394850625
0.0 0.4836089101783637 0.3129154303233765 0.010602079494098504 0.0054524980255365564
0.0 0.49284786516607804 0.29034814682879534 0.0060583311394850625 0.0069670808104074665
0.0 0.5305609765093713 0.2871675229805657 0.006967080810407822 0.00484666491158805
0.0 0.5132947327618395 0.26899252956211106 0.007572913924356328 0.0054524980255365564
0.0 0.5205647301292216 0.25899628318196105 0.006361247696459316 0.007875830481330582
0.0 0.5308638930663456 0.27005273751152076 0.0069670808104074665 0.009996246380149999
0.0 0.4613445432407561 0.2939831455124864 0.0060583311394850625 0.006967080810407822
0.0 0.44483559088566016 0.29989001837348395 0.005149581468561948 0.006058331139484707
0.0 0.43938309286012345 0.321094177361681 0.006361247696459316 0.0060583311394850625
0.0 0.4640707922535247 0.3348768807040091 0.007269997367382075 0.006967080810407822
0.0 0.4302955961508964 0.3594131218189231 0.006361247696459316 0.005755414582510809
0.0 0.43620246901189413 0.37168124237638017 0.006664164253433569 0.0054524980255365564
0.0 0.5593380494219247 0.3927339430860902 0.006967080810407822 0.005755414582510809
0.0 0.5696372123590493 0.3874329033390408 0.007572913924356328 0.0054524980255365564
0.0 0.5791790839037378 0.39712623316221657 0.006664164253433569 0.005452498025536201
0.0 0.580693666688609 0.4059108133144697 0.0096933298231761 0.00484666491158805
0.0 0.6440032270962263 0.4089399788842124 0.007875830481330226 0.008481663595279087
0.0 0.7088273702887147 0.4299926795939223 0.009087496709227238 0.0075729139243559725
0.0 0.7357869438594224 0.47103787306393274 0.00726999736738172 0.006058331139484707
0.0 0.7427540246698303 0.3910679020227317 0.0060583311394850625 0.007875830481330582
0.0 0.5894782468408619 0.5257143115977838 0.007269997367382075 0.007572913924356328
0.0 0.6361273966148959 0.6114396972214952 0.007875830481330226 0.005149581468562303
0.0 0.6131057382848534 0.5032984863816896 0.0060583311394850625 0.006967080810407822
0.0 0.6290088575260011 0.5054189022805093 0.0075729139243559725 0.007572913924356328
0.0 0.6203757356522352 0.4836089101783637 0.007875830481330226 0.009390413266201847
0.0 0.6223446932725679 0.46513100020293496 0.00878458015225334 0.0075729139243559725
0.0 0.6367332297288444 0.45952704389891147 0.0060583311394850625 0.007875830481330226
0.0 0.6624811370716552 0.4702805816714967 0.008481663595278733 0.003937915240665291
0.0 0.4069710212638794 0.5740295024351759 0.006967080810407822 0.007269997367382075
0.0 0.4427151749868406 0.5561574255736955 0.005755414582510454 0.007875830481330582
0.0 0.4331733034421516 0.5282891023320649 0.007875830481330226 0.00726999736738172
0.0 0.399095190782549 0.5326813924081915 0.004543748354613441 0.005755414582510809
0.0 0.37622499073099347 0.5296522268384493 0.0060583311394850625 0.004543748354613797
0.0 0.3839493629338369 0.5237453539774514 0.007572913924356328 0.00484666491158805
0.0 0.3945514424279356 0.6517275992990699 0.00636124769645896 0.008784580152252985
0.0 0.41121185324064646 0.7138254922343622 0.008784580152252985 0.005755414582510809
0.0 0.4230255987835145 0.7047379967695624 0.00817874703830448 0.005755414582510809
0.0 0.41166622789698054 0.836355240774872 0.006664164253433569 0.006664164253433569
0.0 0.4577095445570654 0.8240871202174151 0.007875830481330582 0.005149581468562303
0.0 0.4539230875948876 0.8171200394070073 0.006967080810407822 0.006361247696459316
0.0 0.6402167701340483 0.6894407106423632 0.00636124769645896 0.007269997367382075
0.0 0.43711121868281655 0.8767946011309338 0.006664164253433569 0.006361247696459316
0.0 0.45982996045588537 0.9176883363224568 0.0060583311394850625 0.005755414582510809
0.0 0.4770962042034171 0.8867908475110837 0.00726999736738172 0.006967080810407112
0.0 0.5722120030933304 0.9063289654359228 0.007269997367381364 0.006664164253433569
0.0 0.6088649064872136 0.8725537693332945 0.011510829165021264 0.006967080810407112
0.0 0.6406711449695095 0.9054202157650003 0.0060583311394850625 0.008481663595279087
0.0 0.48254870222895346 0.9862989364771234 0.006664164253433569 0.0060583311394850625
0.0 0.992205809338121 0.9228379177910189 0.006361247696459316 0.007572913924355618
0.0 0.9157193787021243 0.8901229296378009 0.007875830481330582 0.006361247696459316
0.0 0.9028454250307189 0.8775518925233697 0.008178747038304835 0.007269997367381364
0.0 0.9444964516146775 0.8530156514084556 0.0060583311394850625 0.010904996051073113
0.0 0.8618002315607083 0.821057954647673 0.009087496709226883 0.006361247696458605
0.0 0.8181802473564176 0.9084493813347425 0.007269997367382075 0.009087496709227594
0.0 0.8602856487758377 0.9469197840704716 0.007269997367382075 0.006664164253433569
0.0 0.9005735508534123 0.944647909893165 0.0096933298231761 0.006967080810407822
0.0 0.7957306995360001 0.7036777888201527 0.009996246380150176 0.006664164253433214
0.0 0.8255679803979635 0.7559308948982102 0.00484666491158805 0.0075729139243559725
0.0 0.8581315101447462 0.7430569437156593 0.006967080810407822 0.006058331139484707
0.0 0.9084156587304196 0.7615348512022335 0.005149581468562303 0.007269997367382075
0.0 0.9836904231385194 0.6936815424400027 0.0054524980255365564 0.007875830481330582
0.0 0.9972977095947962 0.7133711186433287 0.005404580810407467 0.0054524980255365564
0.0 0.9982990497071238 0.5749382521060988 0.0034019005857523154 0.0054524980255365564
0.0 0.9670637351092587 0.4943624479509495 0.007572913924356328 0.007875830481330582
0.0 0.8772489759663952 0.5603982573713351 0.004846664911587339 0.00726999736738172
0.0 0.7632008922655918 0.5414659725604446 0.006361247696459316 0.005755414582510809
0.0 0.8057606685204732 0.5110228585845329 0.007875830481330582 0.007269997367382075
0.0 0.8407475308509987 0.5046616108880739 0.005755414582510809 0.010904996051073113
0.0 0.8357494076609235 0.47436995519064934 0.009087496709227594 0.007269997367382075
0.0 0.8652837719147328 0.46982621430260013 0.005755414582510809 0.007875830481330582
0.0 0.7942498393554522 0.4412005922019695 0.004846664911587695 0.005755414582510809
0.0 0.9682754013371557 0.33926917078013596 0.005149581468562303 0.007875830481330582
0.0 0.7527502709220318 0.2703556602906321 0.00726999736738172 0.008178747038304835
0.0 0.8460485705980478 0.2903481468287955 0.008481663595278377 0.006967080810407822
0.0 0.8590739825479403 0.30034439320894535 0.006664164253433569 0.005755414582510809
0.0 0.8387785732306661 0.3466906264260052 0.007875830481330582 0.0075729139243559725
0.0 0.8045490022925765 0.36168499599623016 0.008481663595279087 0.008481663595278733
0.0 0.76698734922777 0.3762249907309938 0.0060583311394850625 0.007875830481330226
0.0 0.7821331770764823 0.23885233214317356 0.007269997367382075 0.006361247696459316
0.0 0.7822846353549691 0.21249859168641425 0.009390413266201847 0.006967080810407822
0.0 0.7992479625455269 0.21825400626892472 0.008784580152252985 0.006361247696459316
0.0 0.8169685811285202 0.1557017372537434 0.007875830481330582 0.008481663595278733
0.0 0.8469573202689709 0.15252111340551372 0.007875830481330582 0.006361247696459316
0.0 0.9979961331501496 0.19067387344671793 0.004007733699700822 0.005725962307409205
0.0 0.7535075624424158 0.13192278753126505 0.006967080810407822 0.0069670808104074665
0.0 0.8177258725209559 0.09314946823856171 0.009390413266201847 0.0069670808104074665
0.0 0.7963702552542715 0.0913319688967162 0.008481663595278733 0.009390413266201492
0.0 0.7527502710499805 0.023478660134485452 0.006664164253433214 0.00878458015225334
0.0 0.7924323400136067 0.026053450868766426 0.007875830481330226 0.006058331139484707
0.0 0.816665664571546 0.032414698565225566 0.007269997367382075 0.006664164253433569
0.0 0.8331746169266427 0.003484853889694417 0.008178747038304124 0.006969707779388834
0.0 0.8633148143455799 0.0066667912224147585 0.007269997367382075 0.008481663595278733
0.0 0.9134475045248174 0.029839907830944413 0.004543748354613797 0.007572913924356328
0.0 0.9976932165931753 0.0007438787393756919 0.004613566813649328 0.0014877574787513837
