0.0 0.9535792091193601 0.9228379177910189 0.03155967849406172 0.007572913924355618
0.0 0.5741116462741047 0.8901229296378009 0.039073887659314514 0.006361247696459316
0.0 0.5102408683694577 0.8775518925233697 0.04057672949236507 0.007269997367381364
0.0 0.7168816204139042 0.8530156514084556 0.030056836661011162 0.010904996051073113
0.0 0.30660579999111065 0.821057954647673 0.04508525499151322 0.006361247696458605
0.0 0.09019657603183909 0.9084493813347425 0.036068203993213394 0.009087496709227594
0.0 0.2990915908258614 0.9469197840704716 0.036068203993213394 0.006664164253433569
0.0 0.4989695546215803 0.944647909893165 0.04809093865761786 0.006967080810407822
0.0 0.001807932343752313 0.7036777888201527 0.003615864687504626 0.006664164253433214
0.0 0.12684889499764862 0.7559308948982102 0.02404546932880893 0.0075729139243559725
0.0 0.2884043914157951 0.7430569437156593 0.03456536216016284 0.006058331139484707
0.0 0.5378761363369657 0.7615348512022335 0.025548311161859488 0.007269997367382075
0.0 0.9113323318500188 0.6936815424400027 0.027051152994910045 0.007875830481330582
0.0 0.9812144770868698 0.7133711186433287 0.03155967849406172 0.0054524980255365564
0.0 0.9851388876134218 0.5749382521060988 0.019536943829657257 0.0054524980255365564
0.0 0.8288433369761673 0.4943624479509495 0.03757104582626395 0.007875830481330582
0.0 0.38325073347668914 0.5603982573713351 0.024045469328805406 0.00726999736738172
0.0 0.02858006087676621 0.5110228585845329 0.039073887659314514 0.007269997367382075
0.0 0.20215829259410215 0.5046616108880739 0.028553994827960606 0.010904996051073113
0.0 0.17736140234876793 0.47436995519064934 0.04508525499151674 0.007269997367382075
0.0 0.3238884808172791 0.46982621430260013 0.028553994827960606 0.007875830481330582
0.0 0.8348547043083695 0.33926917078013596 0.025548311161859488 0.007875830481330582
0.0 0.22845802467248516 0.2903481468287955 0.0420795713254121 0.006967080810407822
0.0 0.29308022349365737 0.30034439320894535 0.03306252032711228 0.005755414582510809
0.0 0.19238982067927352 0.3466906264260052 0.039073887659314514 0.0075729139243559725
0.0 0.022568693544565737 0.36168499599623016 0.04207957132541563 0.008481663595278733
0.0 0.00903008402270615 0.21825400626892472 0.0180601680454123 0.006361247696459316
0.0 0.0841852086996351 0.1557017372537434 0.039073887659314514 0.008481663595278733
0.0 0.2329665501716386 0.15252111340551372 0.039073887659314514 0.006361247696459316
0.0 0.986182366016246 0.19067387344671793 0.027635267967507954 0.005725962307409205
0.0 0.08794231328226149 0.09314946823856171 0.046588096824567306 0.0069670808104074665
0.0 0.00151587485745336 0.0913319688967162 0.00303174971490672 0.009390413266201492
0.0 0.08268236686658453 0.032414698565225566 0.036068203993213394 0.006664164253433569
0.0 0.16458724676783995 0.003484853889694417 0.040576729492361546 0.006969707779388834
0.0 0.31412000915636523 0.0066667912224147585 0.036068203993213394 0.008481663595278733
0.0 0.5628403325262256 0.029839907830944413 0.02254262749575837 0.007572913924356328
0.0 0.9846795241831955 0.0007438787393756919 0.030640951633609068 0.0014877574787513837
