0.0 0.0841852086996351 0.9557017372537434 0.039073887659314514 0.008481663595278733
0.0 0.2329665501716386 0.9525211134055137 0.039073887659314514 0.006361247696459316
0.0 0.986182366016246 0.990673873446718 0.027635267967507954 0.005725962307409205
0.0 0.08794231328226149 0.8931494682385617 0.046588096824567306 0.0069670808104074665
0.0 0.00151587485745336 0.8913319688967162 0.00303174971490672 0.009390413266201492
0.0 0.08268236686658453 0.8324146985652255 0.036068203993213394 0.006664164253433569
0.0 0.16458724676783995 0.8028803342602366 0.040576729492361546 0.00817874703830448
0.0 0.31412000915636523 0.8066667912224148 0.036068203993213394 0.008481663595278733
0.0 0.5628403325262256 0.8298399078309444 0.02254262749575837 0.007572913924356328
0.0 0.08268236686658453 0.7372988996753127 0.05410230598982009 0.007875830481330403
0.0 0.2216952364237594 0.7516874361315893 0.04959378049066842 0.00878458015225334
0.0 0.1803670860148708 0.7756178441325546 0.03306252032711228 0.00757291392435615
0.0 0.2885716979945057 0.743811605650259 0.027051152994910045 0.00817874703830448
0.0 0.6582707889249342 0.7442659804857203 0.02705115299490652 0.005452498025536379
0.0 0.6222025849317208 0.7083703684842722 0.03306252032711228 0.010602079494098504
0.0 0.8641601200528554 0.6845914187617941 0.030056836661011162 0.009693329823175922
0.0 0.9558334718689376 0.710490784383092 0.030056836661007637 0.009390413266201492
0.0 0.9235223724583507 0.7497184785112567 0.025548311161859488 0.006664164253433391
0.0 0.8957197985469171 0.7847053408417821 0.039073887659314514 0.0075729139243559725
0.0 0.9846795241831955 0.7974131100971497 0.030640951633609068 0.008149294763203408
0.0 0.14730456568775677 0.6714145485334143 0.030056836661011162 0.00636124769645896
0.0 0.41856751655337726 0.6683853829636719 0.03757104582626395 0.006361247696459316
0.0 0.9408050535384321 0.6467268491400134 0.03306252032711228 0.006664164253433391
0.0 0.5801230136063069 0.6118914450879751 0.036068203993213394 0.00848166359527891
0.0 0.02707721904371565 0.6508162226591658 0.04508525499151322 0.005149581468562125
0.0 0.02707721904371565 0.6427889338993482 0.039073887659314514 0.006058331139484885
0.0 0.15782445851911067 0.5384341800217207 0.02404546932880893 0.009390413266201669
0.0 0.30735722090763945 0.542523553540873 0.02254262749575837 0.007269997367381898
0.0 0.18938413701317242 0.5741783337446816 0.03306252032711228 0.008178747038304656
0.0 0.14054177743903104 0.5888697867579327 0.03155967849406172 0.00848166359527891
0.0 0.38249931256016384 0.5729666675167846 0.03155967849406172 0.006361247696459138
0.0 0.43134167213430524 0.5864464543021386 0.03306252032711228 0.007875830481330403
0.0 0.507986605619882 0.5953824927328789 0.021039785662707814 0.006361247696459316
0.0 0.037597111875071317 0.49617732032381356 0.04809093865761786 0.004240831797639189
0.0 0.02858006087676621 0.47906253485476863 0.039073887659314514 0.009390413266201669
0.0 0.09320225969794022 0.4710352460949512 0.018034101996606697 0.005452498025536379
0.0 0.1352818310233541 0.46740024741126024 0.027051152994910045 0.006058331139484885
0.0 0.353193896815678 0.4748217030571292 0.04809093865761786 0.00757291392435615
0.0 0.7191358831634818 0.44528733875214027 0.04057672949236507 0.006664164253433391
0.0 0.8393632298075212 0.4504369202207025 0.05259946415676601 0.0048466649115878726
0.0 0.9678562065333404 0.38122048695208754 0.051096622323718976 0.007572913924356062
0.0 0.9851388876134236 0.40727131085187257 0.02254262749575837 0.009390413266201492
0.0 0.8070521303969359 0.3504744564192016 0.027051152994910045 0.00666416425343348
0.0 0.0826823668665863 0.28701343773309723 0.04207957132541563 0.007572913924356062
0.0 0.0345914282089702 0.2523294919595461 0.0420795713254121 0.007875830481330314
0.0 0.25250349400129407 0.26278011317515765 0.051096622323718976 0.005755414582510721
0.0 0.3396683203182229 0.274290942340179 0.039073887659314514 0.00757291392435615
0.0 0.34868537131652627 0.3506259146976887 0.021039785662707814 0.009996246380150087
0.0 0.2156838690915554 0.3707698657364761 0.028553994827960606 0.006664164253433391
0.0 0.09771078519709188 0.3418413345454356 0.036068203993213394 0.006361247696459138
0.0 0.6860733628363678 0.33820633586174476 0.03757104582626395 0.006361247696459049
0.0 0.8566459108876026 0.3215459252281612 0.039073887659314514 0.006967080810407556
0.0 0.9152567423765726 0.32942175570949156 0.039073887659314514 0.006361247696459138
0.0 0.913753900543522 0.3488084153558432 0.030056836661011162 0.008178747038304656
0.0 0.7822552401516017 0.26686948669431004 0.03456536216016284 0.007269997367381898
0.0 0.8528888063049762 0.254601366136853 0.028553994827960606 0.00757291392435615
0.0 0.9869337869327713 0.27139850891137296 0.026132426134457393 0.004817212636486623
0.0 0.9914423124319229 0.25791872212601913 0.017115375136154045 0.006331795421357889
0.0 0.8859513266320885 0.23385158198411723 0.046588096824563774 0.006664164253433391
0.0 0.8130634977291382 0.23506324821201421 0.021039785662707814 0.003634998683690949
0.0 0.80930639314651 0.21885721241389205 0.028553994827960606 0.005755414582510721
0.0 0.8258376533100679 0.2093153408692034 0.025548311161859488 0.007269997367381898
0.0 0.9580877346185117 0.19038305605831304 0.03155967849406172 0.005755414582510676
0.0 0.6086770091960081 0.21809992475473866 0.021039785662707814 0.009693329823175834
0.0 0.45764140421269 0.2402128296805764 0.04057672949236507 0.003634998683690949
0.0 0.3118657464067894 0.23203408264227177 0.0315596784940582 0.006664164253433391
