0.0 0.32822970062641815 0.2950459804308775 0.051096622323718976 0.009087496709226883
0.0 0.24632482072516448 0.21310705176934414 0.046588096824563774 0.007572913924356328
0.0 0.8489643957784224 0.3144326400772293 0.03155967849406172 0.0060583311394850625
0.0 0.9579204286745862 0.3059509764819506 0.0420795713254121 0.007269997367381364
0.0 0.9241064874309486 0.22916162928897954 0.04057672949236507 0.007572913924355618
0.0 0.9535792091193601 0.12283791779101882 0.03155967849406172 0.007572913924355618
0.0 0.5741116462741047 0.09012292963780091 0.039073887659314514 0.006361247696459316
0.0 0.5102408683694577 0.07755189252336976 0.04057672949236507 0.007269997367381364
0.0 0.7168816204139042 0.053015651408455614 0.030056836661011162 0.010904996051073113
0.0 0.30660579999111065 0.02105795464767297 0.04508525499151322 0.006361247696458605
0.0 0.09019657603183909 0.10844938133474251 0.036068203993213394 0.009087496709227594
0.0 0.2990915908258614 0.1469197840704716 0.036068203993213394 0.006664164253433569
0.0 0.4989695546215803 0.14464790989316506 0.04809093865761786 0.006967080810407822
