0.0 0.08136812371637633 0.9372175837337131 0.010170952956243396 0.007373940893276654
0.0 0.1124160374221799 0.806257312641532 0.0112414288198182 0.01124142881981811
0.0 0.2439782961826693 0.7317869107639474 0.006027149864222281 0.006215498297479272
0.0 0.6805160567809221 0.9545110740859514 0.004818085525393023 0.006901581968806169
0.0 0.7325080549375413 0.7486093482892443 0.01066684356980705 0.009519871142946102
0.0 0.294168805438475 0.48093030071842746 0.00567299867673281 0.007693518753377404
0.0 0.9996261022525935 0.8261365772479558 0.0007477954948127419 0.006169792416856978
0.0 0.6328747769861878 0.3169125142613961 0.006972181247708775 0.008599023538841167
0.0 0.5382422810025533 0.3011183976941666 0.009489424521186684 0.008811608483959076
0.0 0.5276573824864885 0.2059046875104123 0.007085928601323311 0.00978532997325594
0.0 0.617123358536553 0.19198395223758807 0.009996343550311338 0.00863761724250196
0.0 0.03895790408747439 0.13969038635877382 0.005027805355203696 0.008836748806115579
0.0 0.12273500188590894 0.3303417898717765 0.004049141548309221 0.005153452879666532
0.0 0.583691394158554 0.5358597446785238 0.004539191511301155 0.004133906554934797
0.0 0.4920981786008606 0.037719318969321056 0.008800763737069062 0.008272717912845095
0.0 0.48667302885787606 0.07996076364611948 0.0033170400711117765 0.0070487101511126585
0.0 0.5397277218098286 0.040457062482108876 0.008139352513765453 0.006821552582965395
