0.0 0.3588614339039623 0.9648040447448007 0.007919358477678884 0.008799287197421535
0.0 0.3642667103252357 0.9473940265041886 0.0038968271874296077 0.005656684626913844
0.0 0.3596785105722944 0.9480225470182899 0.0030168984676876677 0.005405276421273086
0.0 0.12169254185692573 0.7334185692541858 0.005211567732115441 0.005260273972602825
0.0 0.07726187219026137 0.7168277342524174 0.004807932472007792 0.003824491739097091
0.0 0.08258932975472959 0.6728219603851651 0.0030799876065294995 0.004881489791481108
0.0 0.022431177348487097 0.5778525684561959 0.006307696123835882 0.008555266007041595
0.0 0.025029276684994883 0.6429137399783251 0.0097878043300895 0.008047750226963047
0.0 0.02475184801239223 0.3974168315848327 0.005116529499670008 0.007182820259151424
0.0 0.009892024680273438 0.4230896664231807 0.006574286956704612 0.007924363742456465
0.0 0.01596496173581947 0.16709679211739548 0.008197714176004211 0.008603541610459864
0.0 0.028299350491807828 0.17577338504483353 0.007192660603021039 0.006191150898803022
0.0 0.035669565036679174 0.2054708453035677 0.0033204386654375638 0.005047066771464248
0.0 0.03948806950193138 0.20982061995529017 0.006840103650799989 0.005246293091390353
0.0 0.08233856169288067 0.08885269729969344 0.003821361287482716 0.005433498080639776
0.0 0.1243507011222917 0.14163109102563787 0.005083947485845642 0.008088098272935884
0.0 0.15605983951468438 0.13100209275881597 0.008305028113423419 0.006001953090372813
0.0 0.17472891323607875 0.13663854148494511 0.0070457581776565805 0.009629202842797868
0.0 0.05805257724093238 0.24769575509643502 0.006698480438812738 0.008570114679069363
0.0 0.05393146986376962 0.2886437130357825 0.006753955826154368 0.008262818297954411
0.0 0.0853448076149764 0.24362376153566148 0.009132231035972892 0.006746332837385438
0.0 0.0861263949558932 0.2509460008347749 0.008885413980947022 0.00723996694743807
0.0 0.187620981401826 0.16303314185846626 0.009307529151050176 0.007715451796265249
0.0 0.21758052282739265 0.13254637562610977 0.006287608677515521 0.008432792814550094
0.0 0.3113774623358516 0.07029089026520755 0.007875861469178602 0.009528140099076588
0.0 0.1265461457299942 0.2554456313317687 0.007090101894139167 0.007996355519706455
0.0 0.1561925268555271 0.252411461753803 0.009142028863057306 0.008597860478350938
0.0 0.17075518988739305 0.22806006675686513 0.004523166688819913 0.006189596521542118
0.0 0.13899018863922805 0.21522287259528766 0.00814821396338985 0.006299459534722019
0.0 0.14500248648395875 0.2178133947194288 0.004822775263014023 0.005172251731347633
0.0 0.21983454684942672 0.8820978904824386 0.007758840732824979 0.007319661068702743
0.0 0.2714806521460755 0.871214415194783 0.00759089527248733 0.010424829507548949
0.0 0.33793208160155574 0.8749021094269395 0.004715993765304205 0.00611332525132049
0.0 0.39796191538648884 0.858742713726031 0.0064656840157248045 0.008033122564991401
0.0 0.32698072481486945 0.7927112781208357 0.008574617745145474 0.007915031764749614
0.0 0.35923690683311305 0.7829797381063568 0.006843231466629618 0.0066399671656409255
0.0 0.06337163638494622 0.5892818141152116 0.0029259257557995967 0.006356321469496251
0.0 0.06660024411548378 0.5955120180952338 0.0043384416379097955 0.003985312667382601
0.0 0.06776052501864598 0.5868351348194135 0.005851851511599904 0.004187100650541176
0.0 0.13153358450227834 0.5942354001898738 0.006972965659444696 0.011156745055111373
0.0 0.010454774234328567 0.5203227243926718 0.009164042411412509 0.00833094764673863
0.0 0.08472286617124461 0.5026163887159362 0.009425005867755942 0.007987293108267934
0.0 0.007362447932871774 0.47186669969343287 0.006823112667034792 0.009717766525777449
0.0 0.45000344980540846 0.9424940783895048 0.012379839478133902 0.010301472266476352
0.0 0.5967547934068523 0.9495854572422188 0.011473115274635858 0.00813143121406199
0.0 0.6827255931551093 0.9585273028525185 0.01244484208407357 0.008973831706883217
0.0 0.9835747370997897 0.9758373199686986 0.010993427532227429 0.006572157763831399
0.0 0.9860106754198477 0.9212846848870603 0.010676329992213596 0.00749885082786399
0.0 0.9905448736981007 0.8731616912815016 0.011186406593657949 0.00723826309001403
0.0 0.9866920188040169 0.8602566011828504 0.006799580478497802 0.005922215255465701
0.0 0.9731476931734608 0.8568568109436017 0.01041871202350464 0.008554310924561648
0.0 0.7641333741228941 0.9205201134039334 0.009308736401294482 0.006205824267529536
0.0 0.7888579626823446 0.8950036477146209 0.007858944962221415 0.00928784404626164
0.0 0.886903719908813 0.880746547871128 0.008413602237785511 0.008413602237785155
0.0 0.8629956139927163 0.8606077795827615 0.008989876363660443 0.007145799160858601
0.0 0.7867828762938146 0.8646257794361848 0.008109038369282473 0.008338539455204953
0.0 0.7425010648896745 0.8747430134226123 0.008847252313259446 0.008847252313259802
0.0 0.6730199732342722 0.8796045902544494 0.012694949960436474 0.00901827046369803
0.0 0.626085888607648 0.8724757921480786 0.006614391666092701 0.009415781077614227
0.0 0.5401336069009635 0.8320956523091676 0.011227034993361685 0.008197517614200577
0.0 0.5486875383244769 0.8373082042703709 0.006059034758322213 0.009534069399124689
0.0 0.20750272424005017 0.681927141877283 0.011335041722051641 0.00985655801917531
0.0 0.3407954823687039 0.7110788798062154 0.009649874756522792 0.0074418525664709636
0.0 0.21903673548361766 0.6351518818077919 0.007108596052778182 0.004892230460505154
0.0 0.249074764043689 0.6038650884260285 0.009368741300253447 0.008445062580510232
0.0 0.07012141950895341 0.44412924219140837 0.0074791397162336185 0.009292264495926617
0.0 0.13761657806145067 0.4024687985527981 0.00730672827916976 0.005300959731946752
0.0 0.12578593925737777 0.34519406529069246 0.007071255605244175 0.011008659294527412
0.0 0.1036700477187921 0.33501458050815813 0.004870624048706418 0.005503805175038146
0.0 0.10162438561833582 0.3300221908582342 0.00331202435312008 0.0037990867579908104
0.0 0.11403589238295453 0.3205658445733799 0.004071280433598901 0.006748286746102039
0.0 0.17891335245551332 0.30976469363070963 0.008526003428318774 0.008741851616376906
0.0 0.21332601820522185 0.29349561695504833 0.008417486433080512 0.006515623881739874
0.0 0.18597700586690494 0.24325053232834085 0.008927274863632562 0.008442096881910643
0.0 0.19530408575517946 0.22090153507670546 0.009994666423413179 0.01018873761610104
0.0 0.21558536407635528 0.2197528077148238 0.009108061611571827 0.007478197954764542
0.0 0.2471969605290191 0.1897291221256014 0.0072800230219684185 0.006039110006859838
0.0 0.32981259392087486 0.6606056682096331 0.009775805122119863 0.007013077587608052
0.0 0.3294464066027786 0.6425466692767374 0.0089257351115009 0.009775805122120219
0.0 0.3675579796996168 0.6607651681592447 0.01072044146459561 0.007969801878284954
0.0 0.3820826742074697 0.6465766258334334 0.00930985706135914 0.0072645096766670745
0.0 0.3992268366939523 0.6336325878570543 0.009010654490106873 0.007841704718416942
0.0 0.4160702702990523 0.6477626113472719 0.007975247972666466 0.0076406221836030856
0.0 0.42631514529423703 0.6898983090892288 0.007663249280190599 0.008757999177360176
0.0 0.45321660309506556 0.6850461801668604 0.007335994629981713 0.007859247582235973
0.0 0.48064146701798016 0.6604166331964352 0.007488336389305772 0.009637766278828152
0.0 0.5254046513623643 0.9042300371557921 0.009648777220763804 0.008411754500152923
0.0 0.8462796829097243 0.7748414764640862 0.010748703738585164 0.008637351218506239
0.0 0.8530557313403069 0.7628220684477388 0.009884968616734824 0.008541380649411678
0.0 0.8185957610134708 0.7645583548629507 0.009904144679431681 0.010227105918979263
0.0 0.9994964088172102 0.753164130959758 0.0010071823655795954 0.006730469187712274
0.0 0.9020268516726393 0.7737278970504167 0.007222658161808937 0.010129337665952143
0.0 0.9288992498013595 0.7608013399101127 0.009160444497904763 0.00907236330080945
0.0 0.894504320745904 0.725727927359946 0.00693603696419558 0.010404055446293548
0.0 0.8144975583969444 0.721164323725931 0.007758243482490457 0.00884439757003932
0.0 0.9828395888163023 0.7094601689202445 0.010152638000150916 0.007516856980881314
0.0 0.9941454413174814 0.6604583883656054 0.0075168569808809595 0.008102586096274322
0.0 0.7647909224259198 0.7468458819049811 0.011157913794912844 0.008231247881493431
0.0 0.6935424222246439 0.7413393675907917 0.008720335122949762 0.01005403343587119
0.0 0.7062721595753384 0.7232748543152197 0.006976268098359384 0.005334793251686776
0.0 0.7057079025967941 0.7283018710331551 0.00769441334377845 0.005539977607520718
0.0 0.7645968836893591 0.7202499338814279 0.008861271703948148 0.010472412013757903
0.0 0.7514017414407089 0.698371783576799 0.007480294295541512 0.005178665281528794
0.0 0.7514592821660596 0.703090123055525 0.007365212844840841 0.005178665281528438
0.0 0.6608944508335981 0.7159911867048679 0.008615975402844357 0.009122797485365198
0.0 0.527620217829573 0.7202397105640295 0.012754624622888854 0.010091571130197607
0.0 0.5350695060158912 0.690792421942048 0.005398157668001602 0.009962054605493797
0.0 0.4441229839629138 0.6055273872380733 0.009786540379232633 0.012505023817908167
0.0 0.35139790301956564 0.5531083224088312 0.012068059002843513 0.009194711621213969
0.0 0.6107191879708609 0.6881213104092843 0.006723698447802917 0.00743681798014606
0.0 0.6128076094584358 0.695252505732712 0.009678050796080839 0.008659308607019512
0.0 0.5965077344334577 0.6830275994639785 0.006418075791084732 0.009474302358268539
0.0 0.6555912621458677 0.7036126902757067 0.00639946100930402 0.006628013188207405
0.0 0.6365642932521347 0.6926993237330549 0.005370976204237365 0.00559952838314075
0.0 0.6404496802934971 0.6890424888705958 0.007199393635467288 0.003999663130814746
0.0 0.6619907231551714 0.7033841380968031 0.008684982798340712 0.006628013188207582
0.0 0.6437636868876015 0.6957276401035288 0.007199393635466578 0.008227878440533232
0.0 0.5099799034331791 0.6434547996344523 0.014050840993061798 0.007978019885891108
0.0 0.5795075920209193 0.662623791363671 0.006203763847290133 0.006558264638563216
0.0 0.5797734676143748 0.6721953127280605 0.0042540094952840946 0.005849263056015986
0.0 0.6296694539861469 0.6658142984851341 0.008685269386205619 0.01045777334257405
0.0 0.6348411614184488 0.64673928684331 0.009334488290934927 0.009754015854571918
0.0 0.6265030510911537 0.6539761373160567 0.007971023709112757 0.008914960727296872
0.0 0.5602045939438639 0.626190715461986 0.00670604468078011 0.005764845427338017
0.0 0.49427280516666167 0.5842729857215654 0.005674807329855725 0.006994529964705798
0.0 0.5007394460774272 0.5834811521406553 0.005410862802884964 0.008842141653495972
0.0 0.4250074719997521 0.5607155095543228 0.004117038205180279 0.005518583126092658
0.0 0.44278957318382905 0.5505139250542439 0.0056937762412069045 0.0047370430187092085
0.0 0.4427153729071538 0.5540578386605783 0.005211567732115441 0.004237442922374513
0.0 0.2907519574342722 0.5323548746179646 0.01077176349554918 0.009021351927522226
0.0 0.2523950253952815 0.49195661363334625 0.005541060420473087 0.008669078399772979
0.0 0.2578020279023562 0.4911075801818221 0.004021737401956216 0.0058985481895362565
0.0 0.211397730795105 0.4611200226126453 0.006784819116371921 0.009977675171135302
0.0 0.20344969721041722 0.39451410224551964 0.009183448837979568 0.007920724622756925
0.0 0.22117616946215896 0.4336067912754544 0.00812226962861189 0.008518477903178123
0.0 0.2361330318270415 0.4395003893596298 0.0075279572167616495 0.009211842383669299
0.0 0.2625304081200291 0.4411347484922163 0.00762700928540383 0.010499519276010182
0.0 0.2624318087571947 0.4080093902312158 0.009230708395768516 0.008205074129572231
0.0 0.23709242992570304 0.34529816957608417 0.007817445593737916 0.009439934301872377
0.0 0.9414384648583891 0.6686130573524687 0.011799293642748409 0.015605517398474156
0.0 0.9780505162370787 0.5734204888017598 0.007476022701685991 0.010182858507467784
0.0 0.9815326537323387 0.5139630275963114 0.009676306061631123 0.009453862244122924
0.0 0.9761383911577504 0.5197465668515396 0.007785533612806717 0.005894761163982664
0.0 0.9714114600356897 0.5030632805383812 0.010566081331666765 0.007006980251526329
0.0 0.9921746682997128 0.44034656070480993 0.008483798307954515 0.007111419169903499
0.0 0.9855622960890986 0.43173800065703266 0.008234274828313204 0.00810951308848722
0.0 0.9792618282280457 0.4198232545039483 0.009107607007069163 0.006487610470789029
0.0 0.9993935202551624 0.38545139518274835 0.0012129594896752138 0.0051152313327374795
0.0 0.999331139385251 0.3891318665075229 0.0013377212294980012 0.00573904003185195
0.0 0.981245149407583 0.2589525778679204 0.008453143993755675 0.009660735992863856
0.0 0.9954098144145409 0.24765296701912431 0.009180371170918277 0.008798170279215256
0.0 0.9908023775148095 0.23211643354282696 0.008280630851026417 0.008453143993755852
0.0 0.9923549957993764 0.22305949354951707 0.007245551994648025 0.007935604565566745
0.0 0.9987651950406342 0.2297875061159759 0.0024696099187316634 0.008625657136485642
0.0 0.9971263201847016 0.19071327928769619 0.0057473596305968044 0.010523301706512412
0.0 0.9917511997998225 0.1850203455776157 0.007073038851918056 0.007418065137377594
0.0 0.9841606215197153 0.18726301643310195 0.008453143993755675 0.007073038851918146
0.0 0.9808828718078502 0.17880987243934612 0.005692933710080439 0.007073038851918146
0.0 0.9737235763845675 0.18346772729304828 0.005175394281891954 0.007418065137377594
0.0 0.999196477897458 0.15189782217351105 0.0016070442050839517 0.006382986280999337
0.0 0.9801065626655671 0.14180580332382292 0.006900525709188798 0.008280630851026104
0.0 0.9836430820915257 0.10566429992194837 0.009143196564674837 0.010178275421053007
0.0 0.9580248803961642 0.11998289076851443 0.006900525709188798 0.009833249135593558
0.0 0.9414636186941117 0.11937909476896043 0.007245551994648025 0.008625657136485599
0.0 0.9503480455446915 0.12636587704951371 0.008798170279215612 0.010178275421052962
0.0 0.9476098447520609 0.5811891348687509 0.009679252428048101 0.006913751734320073
0.0 0.9313891195292328 0.576881335711213 0.0072328479682120415 0.006594655500428459
0.0 0.9289958977750459 0.5805509424009676 0.009041059960264875 0.006275559266536668
0.0 0.9213055874098526 0.6374152708131208 0.009571344984348685 0.0065557157427047485
0.0 0.9237967593920811 0.6335473985249249 0.007211287316974335 0.006686830057558701
0.0 0.8612608375928712 0.6497114407742205 0.010246518174658803 0.006421151389452895
0.0 0.8646080335299257 0.6457494537466857 0.008197214539727327 0.005328189450822407
0.0 0.7023997407883599 0.6861901873669651 0.007008575004399375 0.005289490569357902
0.0 0.7052428419693897 0.6912152034078549 0.005289490569357724 0.007140812268633034
0.0 0.6729046773094265 0.6590357699760919 0.0116737360813147 0.008338382915224684
0.0 0.6769490567926788 0.6413971910842664 0.004476395038699366 0.005178574652613221
0.0 0.6759396735976779 0.6460491310264445 0.006670706332180032 0.005178574652613221
0.0 0.6708049851709343 0.635999185302305 0.006582933880440578 0.0042130776834820695
0.0 0.7449134559817996 0.6549636525466384 0.007876609139434266 0.010148707929656275
0.0 0.6096392406665153 0.6294330757900954 0.005178665281528083 0.007019968492738648
0.0 0.6209172228351771 0.620629344811497 0.005869153985732112 0.008055701549044336
0.0 0.6051266364992898 0.6211671657623768 0.005004763854159222 0.00486574263598758
0.0 0.4313519944829654 0.5592975901566156 0.006647323934240034 0.007521971820324325
0.0 0.5532244145481119 0.576436412565639 0.006707581029092325 0.003711962317070672
0.0 0.6917036989257308 0.6567741598620661 0.005071793154504433 0.007174731779542221
0.0 0.7471269100868276 0.6331082284085792 0.0076695408677863956 0.010143586309008157
0.0 0.7623992497232976 0.5902861999477363 0.006617852633696941 0.007151550426737785
0.0 0.7650677386884983 0.5968506828021298 0.008752643805857474 0.008112206454210024
0.0 0.8416936989164352 0.6290140974384186 0.010631133745298626 0.006508857395080803
0.0 0.8759897114279884 0.6207287636777361 0.0073012267273931284 0.00957271948702676
0.0 0.8688692554973148 0.6057584441493922 0.00811247414154792 0.00908597103853399
0.0 0.9041764683467086 0.6138270535951744 0.010283071307065938 0.008463058686346336
0.0 0.8788782929187064 0.606865505320922 0.007917054900130439 0.010192070676029629
0.0 0.894600298589322 0.5773990039232937 0.010920075724317257 0.007826054269094307
0.0 0.9123689557977077 0.569460470098425 0.010309957050710495 0.007860066266383293
0.0 0.865832548950344 0.5564226840085393 0.011010149636904743 0.009512769286285661
0.0 0.8897471576925277 0.5387486420330195 0.00819155132985756 0.009777012877571423
0.0 0.8531597762326388 0.523226124470229 0.009386374809096765 0.008200727464789814
0.0 0.7222144102924766 0.6551270548075531 0.010997929507466609 0.009754685302275056
0.0 0.329920705645052 0.5118172326775886 0.005421727833591916 0.011372404724119356
0.0 0.33521019621440973 0.5114205208848868 0.005686202362059589 0.006611863211697333
0.0 0.35081419339401554 0.5141975034337997 0.0078019985898023945 0.010050032081779925
0.0 0.3912167520326658 0.5016046870102768 0.00766780138393699 0.010303608109665597
0.0 0.42964210861638746 0.5076523732409821 0.011402107482064138 0.009404657996155131
0.0 0.4253721651808153 0.4871696069070247 0.006907846138769003 0.010403382739109724
0.0 0.4704054672149759 0.5107789995050457 0.0071112075986462745 0.0045095462820683
0.0 0.4719664640049224 0.5166760984892887 0.004856434457611414 0.0058970989842430654
0.0 0.46806397203005545 0.5153319068090568 0.004162658106524475 0.005290044677041727
0.0 0.6986748205354594 0.6008017786437732 0.0033416840605738686 0.005740841847651801
0.0 0.7191850089218118 0.5593904839363177 0.011338861289748082 0.007856848767699275
0.0 0.6811405368933251 0.5322605025406615 0.009514378079038011 0.012218464480448965
0.0 0.7088323846707361 0.5190906002523087 0.007010594374028045 0.00450681066901808
0.0 0.6057874814639892 0.5797404958656281 0.009549195926387454 0.00909982200043995
0.0 0.5356072944632772 0.5678767974433657 0.007456795831453178 0.010737785997292804
0.0 0.4699874679903804 0.4757140600116778 0.006215945251275912 0.006449043198198367
0.0 0.4359039732580133 0.44036548728351577 0.009608696992992095 0.007295492161345685
0.0 0.9470968736354916 0.5341900039465253 0.012005820290195857 0.009383859537164519
0.0 0.8603046211332412 0.5444966712261926 0.00964387806803515 0.012244474400988104
0.0 0.9450101465098502 0.5432550177148847 0.011313443193321148 0.007853960563958751
0.0 0.9104697062564572 0.45774191012609605 0.004986730738414736 0.003693874621047577
0.0 0.9108188240326272 0.4631627279959611 0.0041386501828903025 0.006531307319873392
0.0 0.936463439932756 0.41897083093295306 0.008449563941950799 0.011478652902272657
0.0 0.843764884504003 0.43553482721075526 0.010219071950419333 0.009580379953518302
0.0 0.8554513820867242 0.45066107301349784 0.009069426355997478 0.008175257560335502
0.0 0.8457454924869225 0.6104940789986908 0.008663480295410864 0.008325942102083239
0.0 0.33378750942751945 0.478174647388789 0.009693577745952808 0.0120870537326077
0.0 0.3312359367322507 0.45278581977545906 0.006342711364635534 0.005624668568639279
0.0 0.34529760815384875 0.46224004992274637 0.00454760437464472 0.00658205896330113
0.0 0.3661806861374135 0.48132802091631993 0.00825749215395959 0.010052599143950935
0.0 0.38492288998994617 0.4538033283515442 0.006910710584033808 0.008578813138800356
0.0 0.4102149590113232 0.43619147667307934 0.007306483090917482 0.007841103804887695
0.0 0.3684789770585912 0.42486258473291316 0.010794669872235119 0.008995558226862422
0.0 0.3469442791322425 0.38680945381500736 0.011088627771572135 0.011088627771571958
0.0 0.2833413675657631 0.3505418798649188 0.00922929910127479 0.010397564810297143
0.0 0.3075635653596745 0.35398638677012373 0.010085716434187476 0.008407759232138634
0.0 0.24850345377992902 0.3162978697201445 0.0069293889365511065 0.009083117930344376
0.0 0.3144108360189353 0.3058305656344231 0.00630416978459678 0.006925707650683233
0.0 0.3731547123194531 0.2977853516776835 0.008167224303960552 0.01025883052814489
0.0 0.35018251532546996 0.2723130512795888 0.008446436175337625 0.007898981978787667
0.0 0.35308195006200976 0.2520635536399255 0.006725865843323931 0.005318126480767927
0.0 0.35753979137677094 0.25605214850050134 0.004848880026582947 0.006413034873867218
0.0 0.31947160140491493 0.23026901950532208 0.007905207749094246 0.011857811623641723
0.0 0.3089611631806385 0.1851818667676901 0.00873171330888738 0.008731713308887511
0.0 0.2982561990459466 0.15034967253798381 0.005582104599906046 0.00958665789983817
0.0 0.2532538884065996 0.16831901897037138 0.0075867597310598 0.010115679641413244
0.0 0.3863819482898833 0.3467896698992185 0.005682366031104636 0.008182607084791283
0.0 0.40780446822715033 0.3577566363392512 0.005114129427994385 0.0087508436879018
0.0 0.4141118945216771 0.3588931095454722 0.004545892824884134 0.005114129427994563
0.0 0.45275139892499466 0.2779935186059253 0.0072200522025902105 0.007220052202590388
0.0 0.45900802141633645 0.31902932157863945 0.005388098658649909 0.006142432470860548
0.0 0.4541048516369656 0.3161197483029687 0.006357956417206623 0.008513195880666301
0.0 0.5483533854336656 0.5374274735484386 0.0067077575940807325 0.008943676792107702
0.0 0.5577761877682083 0.5293355754984364 0.004471838396053585 0.006175395880264922
0.0 0.4998148935805794 0.5032859308259849 0.00624731564196992 0.006063571064264828
0.0 0.49618593817091006 0.5011269320379513 0.005420465042297451 0.008360378285576963
0.0 0.6110911059355658 0.5458075039570072 0.004295369682326822 0.006525657786611738
0.0 0.6425341470013226 0.5397152113522636 0.006239666734483507 0.004131671216077315
0.0 0.6102114739163749 0.522124627761112 0.0039725561401155575 0.0039725561401155575
0.0 0.6129922632144563 0.5228529297201331 0.0037077190641078062 0.00529674152015378
0.0 0.7819385633662531 0.5309519421072679 0.006748169283248728 0.004582090254057291
0.0 0.7841462977613904 0.534201060651054 0.005831751232436488 0.004082225862705613
0.0 0.9542826334898844 0.43162017500066935 0.008491181527799086 0.007338058110443413
0.0 0.47620490705324203 0.43989386456334156 0.007782466771686103 0.00857390407050147
0.0 0.49836409159287526 0.4549445406024534 0.009761060018725232 0.009761060018724699
0.0 0.546880219325315 0.4444176009663268 0.0043776359433245204 0.006128690320654506
0.0 0.5513016316280733 0.4438485082936946 0.003764766911259443 0.0067415593527199395
0.0 0.554024783457373 0.4096010073000197 0.007081022597775899 0.004399858701530946
0.0 0.5764354348989567 0.43067621477240603 0.0085214227653303 0.010726967481063632
0.0 0.5371880067011681 0.359521530909624 0.007759493175760213 0.008096862444271834
0.0 0.4954319872615642 0.36942553355793933 0.009360073271904667 0.008300442335462144
0.0 0.49921718766956713 0.3541816405057264 0.0056513649943575215 0.009006862959756657
0.0 0.5142727772248463 0.33917020223946526 0.00503324694809919 0.0056513649943570774
0.0 0.5179814855023934 0.3414660692684228 0.005563062416320719 0.00812383717938836
0.0 0.6789688984752094 0.46463238767862275 0.006715476554305155 0.010256364192029998
0.0 0.6787246993277793 0.4519340320123 0.005982879112017514 0.00879116930745436
0.0 0.6316222869137775 0.46835093352922447 0.0057524720407393206 0.007522463437890181
0.0 0.6453755480344775 0.4576883263291053 0.005302417816616866 0.009913215918023788
0.0 0.6592398742295469 0.4197538269898812 0.007293991729392246 0.011272532672697722
0.0 0.6396313510089712 0.409523293135668 0.004831085431155913 0.007104537398759092
0.0 0.6741594027669408 0.40791293132528256 0.0060625385802744345 0.006346720076224699
0.0 0.6834821191026343 0.4279221916169845 0.008909406313839695 0.007683341224779383
0.0 0.6850351348821114 0.41750063835996987 0.004985998028845984 0.007765078897383404
0.0 0.6678379084966111 0.39448794298477274 0.005831596722119059 0.009359352763894968
0.0 0.6519322700143995 0.3809256574905267 0.0051836415307732866 0.006623541955987111
0.0 0.627222406487293 0.38917669727564214 0.005895442430828268 0.006541518313658745
0.0 0.6343696209411054 0.3878441657673043 0.006299239857597172 0.005168607062644081
0.0 0.609623874642304 0.3663965908983339 0.00829255250932448 0.005992937107579
0.0 0.6110175809463925 0.3712745629626425 0.007177587466053836 0.005714195846761338
0.0 0.6193379186299612 0.35644038727054295 0.0048779720643082666 0.006968531520440813
0.0 0.5720534558278103 0.3297555559854989 0.007816860241272395 0.0076966008529457675
0.0 0.5828467359301837 0.32786147061934423 0.00607309911052738 0.007035174217145635
0.0 0.5896251997036241 0.33102691150711383 0.006751715761967603 0.007891615825676457
0.0 0.6346753850531858 0.33404788517214107 0.005803186336181909 0.006885136331063357
0.0 0.6279869669030098 0.3366544010689008 0.0038360045273066134 0.005213031793519373
0.0 0.483293126731062 0.2774935175956811 0.0073120120847868005 0.009923444972211115
0.0 0.48890770743902295 0.2809536661715179 0.006398010574189072 0.010576303194067105
0.0 0.5016057998541218 0.2749473705304427 0.008160727773199738 0.008356585239756775
0.0 0.5227719800825537 0.26984482101368257 0.007103652209602273 0.010179460382831528
0.0 0.5183787744823402 0.24833276007536992 0.009382142178148456 0.01002805756125671
0.0 0.34907855643848007 0.19332747160631913 0.0058717522096429775 0.007217362091019952
0.0 0.3535741167239884 0.20216568196354276 0.006666885321365612 0.005565931782057798
0.0 0.3595681971046659 0.18977995464632624 0.005443603611023917 0.005260111354472174
0.0 0.3504693423646469 0.1606174076803692 0.006408628527057658 0.004976111562185537
0.0 0.35913983978360625 0.1625022984236213 0.0042975508946149436 0.006182441637866898
0.0 0.36524688579174375 0.16050431423577402 0.003995968375694758 0.007011793564897806
0.0 0.36943134324176263 0.1634070459803823 0.005126902821645985 0.005126902821645718
0.0 0.3528443047011443 0.16472646950065878 0.0045237377838049046 0.007765749862198623
0.0 0.3766611750274748 0.15335453306910235 0.004358817659421277 0.005985242159205306
0.0 0.4028115052549552 0.1446738042828764 0.006057076654108329 0.010289732629267778
0.0 0.44735293222649763 0.12816640367000315 0.00989526316306808 0.008857298495613541
0.0 0.38453417798683664 0.06956204879942827 0.009979915383573967 0.00929752800691952
0.0 0.3776030469870129 0.1306549331095751 0.007876333712322747 0.011964051208591986
0.0 0.4333070811456654 0.08340874684161095 0.008667510305303239 0.009528114165404467
0.0 0.4993560837336627 0.0714794493119579 0.0085857925261287 0.008121695632824633
0.0 0.48601329805116433 0.08203765363462989 0.006187958577390162 0.008663142008346258
0.0 0.510006630399624 0.07169634379257137 0.006190218006963022 0.007074534865100257
0.0 0.5242709191380317 0.08592657137997396 0.008696485896746963 0.013621002006953663
0.0 0.3901198768962807 0.17047587462635894 0.005542825793818906 0.007306452182761447
0.0 0.3974263290790422 0.1740451185087424 0.00537486137582448 0.007726363227747779
0.0 0.40775614078570505 0.17236547432879729 0.009070078571703277 0.007054505555769674
0.0 0.4064719591799843 0.18858233706226 0.0050726285289307785 0.009130731352076005
0.0 0.4511726238541304 0.19362884472589864 0.008404175745599218 0.00845703219682994
0.0 0.44491038519347337 0.18201118981114883 0.010465577343576626 0.008509888648060081
0.0 0.47132247317636206 0.197211970978772 0.007939117199391176 0.00594216133942167
0.0 0.47149294501806693 0.20254530431210532 0.004870624048706418 0.005114155251141561
0.0 0.49031152489487334 0.15117129587660363 0.009065906634280908 0.008945828400714007
0.0 0.9617317999381768 0.3421935255093363 0.007785428314819853 0.010034552050212841
0.0 0.9532975859304542 0.34478866828094307 0.008044942591980941 0.008650475905356014
0.0 0.9529284491886418 0.32041362753438357 0.009169504459677569 0.009169504459677302
0.0 0.9420257532399902 0.2728043303901766 0.00970355963438152 0.005971421313465885
0.0 0.9223790256183385 0.27319143202326673 0.006964992389649182 0.005357686453576882
0.0 0.9204794822393424 0.26907575470210987 0.006088280060883022 0.005016742770167326
0.0 0.9374349877828589 0.25041023568527765 0.009418084085508838 0.007756069246889119
0.0 0.9514236126745701 0.23905313428804714 0.007663735089188606 0.00978742071631249
0.0 0.9553847277517551 0.20453504541716297 0.007489243850455551 0.009879428058047802
0.0 0.9365033175003127 0.2128060672826264 0.00836564472657315 0.0071705526227765935
0.0 0.9446992652142306 0.1844578673041532 0.00450434589019153 0.004128983732675362
0.0 0.9475144813956003 0.1797971205149969 0.00450434589019153 0.003941302653917411
0.0 0.9335682468841522 0.15196644019818645 0.005747436960141528 0.008757999177360176
0.0 0.9154136444227496 0.14891026340192015 0.009214144967847915 0.009396603284042682
0.0 0.925038320602037 0.14945763835050518 0.006933416015410643 0.011403644762187692
0.0 0.9355776055829133 0.13438054987762 0.00976151991643306 0.007115874331605099
0.0 0.9170124719100716 0.13310334166425497 0.006386041066824788 0.0076632492801901545
0.0 0.9253599398759939 0.11932773879153222 0.009031686651652392 0.007480790963995165
0.0 0.9177879197539006 0.1253032486469186 0.005382520327752616 0.007572020122092659
0.0 0.9239002733464332 0.11111711456275705 0.005200062011557094 0.0049263745372650995
0.0 0.9082821844828441 0.09752379635458988 0.00692730110500861 0.005903949805405417
0.0 0.9345434128237133 0.0861363558239862 0.006990900427911839 0.008196228087896352
0.0 0.9240168845931784 0.08452925227733984 0.007473031491905147 0.00674983489591463
0.0 0.9145349736679662 0.08529262646199687 0.005865927945259841 0.008276583265228643
0.0 0.8595378486146 0.31844853868960044 0.011355480717239175 0.009255494557201694
0.0 0.8589829717380315 0.28935289179720314 0.0077648622096994305 0.011167442279115036
0.0 0.8862472351147754 0.29153403286734275 0.006281686282002141 0.008550072994947477
0.0 0.7921560146876739 0.40876927612278 0.010275471341486053 0.0074211737466288955
0.0 0.8169170463230607 0.40891199100252296 0.0069930291074008725 0.008848322544057652
0.0 0.7551215033944008 0.38871783551890754 0.006422169588429227 0.008991037423800474
0.0 0.7753870163178871 0.402489821414094 0.007849318385857628 0.006279454708685961
0.0 0.7785267436722307 0.3976375155028366 0.0067075993479143396 0.004566876151771648
0.0 0.7036309740436681 0.38159771542705306 0.007182594160639155 0.01082593902473139
0.0 0.754765832825775 0.35292001262134093 0.0090540001131032 0.009808500122528496
0.0 0.8050542942729976 0.36261916299359753 0.010850649255663569 0.008292996216828729
0.0 0.44616203484434713 0.3617256974773355 0.00948031880594442 0.009068131031772796
0.0 0.46479292223689833 0.3651056372255418 0.005523316173898252 0.006265254167406642
0.0 0.43719054917323313 0.3145366871825351 0.006198757158928458 0.005589043340017597
0.0 0.8169211661160087 0.3428806034108559 0.010267288581069067 0.009030265860458542
0.0 0.8043392109150744 0.3208218425903967 0.0072984340516036635 0.010267288581069244
0.0 0.8458638158148076 0.31209354476677015 0.008539164688642131 0.009286341598898318
0.0 0.8166658958740456 0.303436037094016 0.008548987710199185 0.007207970030167932
0.0 0.8201022536791257 0.29782052555888516 0.005364070720124658 0.005196443510121096
0.0 0.7396465959489416 0.30630770527345674 0.008802034443579743 0.004940496752202694
0.0 0.7431674097263731 0.30091290996932735 0.004713347476238994 0.004486198200276093
0.0 0.7389367544615553 0.30193508171116235 0.004542985519266551 0.0049404967522027835
0.0 0.7680818351737535 0.322247260402294 0.008500058942921385 0.009800067957720949
0.0 0.6611205223606653 0.3153908907753281 0.004580222248952026 0.006870333373428572
0.0 0.6025091735235218 0.2851954606049695 0.004927669295161507 0.004927669295161419
0.0 0.516530676235827 0.41945595124455687 0.004794429642766574 0.006816177082486519
0.0 0.38664832765641144 0.27381282044084865 0.007050819732872071 0.0052451219964047445
0.0 0.4014786045583829 0.2558650458559729 0.0038432907862137712 0.005712999817345033
0.0 0.4047246271818743 0.2566181231046229 0.004102972596093224 0.005557190731417361
0.0 0.371561323890953 0.21542230576157934 0.006966439767715116 0.00934522407864229
0.0 0.34417107338359615 0.11306502882132574 0.00560121765601167 0.0030684931506849366
0.0 0.9496293878536128 0.3903995464434474 0.00872533153512336 0.006345695661907946
0.0 0.7469683740322335 0.2855690301871916 0.009169987876980912 0.008995321441228655
0.0 0.757841359657796 0.28674802862851767 0.006986657430080356 0.007161323865832614
0.0 0.6827873286941533 0.2968116684779678 0.008666126594503254 0.007158974143285058
0.0 0.6858276064497723 0.3091353139561509 0.0063846596584838265 0.0051538818929929954
0.0 0.6167136457289235 0.2806641955791941 0.007249760068607713 0.005759155194688503
0.0 0.6183058827533372 0.27510830468549446 0.005013852757728898 0.0042685503207691156
0.0 0.6166130615087294 0.25103756005476846 0.007600303489147109 0.006080242791317758
0.0 0.6211834594244887 0.23801587964984616 0.007907201757354442 0.00988400219669323
0.0 0.6495124944580312 0.2563917301701079 0.006413975178970332 0.008143586463186825
0.0 0.6599982628685946 0.2558872602122114 0.0056212366737042885 0.007567049368447876
0.0 0.5172870377594861 0.21718255744027037 0.007513622625430827 0.008679529584550049
0.0 0.5362792873579302 0.18074543286902528 0.005557851133657721 0.006613139323592909
0.0 0.5749966656430139 0.11290590905771607 0.008316644008660746 0.007102535394257448
0.0 0.5599208466059771 0.1068979156176189 0.004976212023923665 0.004976212023923621
0.0 0.5950991470743819 0.10429198653964908 0.0074033485540333285 0.007744292237442929
0.0 0.6028673208207984 0.09524470191799393 0.00641367264646604 0.008352689958188298
0.0 0.615085087251342 0.09566861482756325 0.005019386835943607 0.006525202886726733
0.0 0.7655860815758132 0.2582549135848319 0.006842526441136698 0.008961893037948698
0.0 0.778915024923247 0.2336481310124297 0.007355589309650412 0.009518997930136042
0.0 0.735380742896632 0.21692976487643692 0.007765682181501888 0.00825103731784571
0.0 0.7045114155251145 0.22146727549467277 0.007062404870624306 0.008280060882800644
0.0 0.7033968325749594 0.1725782797549811 0.0072574756551262 0.008379085529100116
0.0 0.633010431989344 0.18173864578547744 0.007287250677049428 0.008662203634983223
0.0 0.5932884073535891 0.15300752889682614 0.00852140487723858 0.00972442674226115
0.0 0.9447418216213446 0.4457494337366493 0.00914894432008211 0.006877482281992542
0.0 0.5659132158634985 0.21490881879994378 0.009861949368736588 0.009184410862487358
0.0 0.6551210281801978 0.160145396406165 0.010068641948176804 0.008444667440406173
0.0 0.6451032328894207 0.2279437468417405 0.0064785960684339726 0.0049314686491042535
0.0 0.6475818480579584 0.2309361795941145 0.004919330289193624 0.004919330289193269
0.0 0.653752819908647 0.21867564655351845 0.008273390292740856 0.009522203921833849
0.0 0.6743011550928444 0.22317986320982725 0.005603362244904986 0.009193016183046954
0.0 0.6594848597222672 0.1997131057343965 0.00656849938302031 0.006112353592532616
0.0 0.6633620989414112 0.19291653345613255 0.010673811497407825 0.005838666118240088
0.0 0.5354265761516832 0.22844603060661983 0.008032584769259188 0.008156162996478412
0.0 0.5396952151897899 0.21459359156643681 0.008526897678136436 0.0055610202248717044
0.0 0.5170790627002315 0.19804213702901266 0.007083598533098012 0.006016206973316817
0.0 0.5309223328559455 0.17120947250298593 0.004161359096777772 0.008381328885058848
0.0 0.5765209640380462 0.15208744645915143 0.007647979222030444 0.010868180999727617
0.0 0.5535770263719545 0.12397776844133739 0.007647979222030444 0.00644040355539417
0.0 0.5540561663553962 0.15057841337311817 0.0057957280515751105 0.007304205215683668
0.0 0.5463946902324238 0.1476408525798541 0.006669056936058837 0.006986631075871408
0.0 0.5599802309037887 0.11663246411520263 0.007044540998200688 0.0046755803085404505
0.0 0.783680931480875 0.25544519180611885 0.009277670404580362 0.008164349956030926
0.0 0.8248778138908005 0.2664523515738814 0.006002122076335326 0.006734088183206399
0.0 0.821840154547289 0.25627802268838473 0.0063681051297713506 0.0046845830839696845
0.0 0.821840154547289 0.2622801447647209 0.00710007123664127 0.004391796641221557
0.0 0.8112998426083579 0.2652080091922019 0.0035866339236640954 0.006148515297710233
0.0 0.9046907145810973 0.22103080343770326 0.010105520341588204 0.007669368116383968
0.0 0.8176004170524276 0.22299670600530228 0.005683439537349244 0.006851269579270358
0.0 0.8530564310400809 0.19585120601712921 0.007867849598449795 0.009139421250724155
0.0 0.8506168539017118 0.2312842376461633 0.005678731899083545 0.008518097848625405
0.0 0.8570662708442424 0.22126533208135143 0.0059221061233294845 0.0068144782789002715
0.0 0.8563361481715035 0.2295400557057305 0.007220101985977579 0.0068144782789002715
0.0 0.9046004403984984 0.1781333575862939 0.00897975822294086 0.00889779387555012
0.0 0.9218418876434168 0.16831763138138847 0.007159448535590229 0.006065643898208161
0.0 0.9054208344793733 0.20467200822254167 0.008445317533492157 0.010755828934164935
0.0 0.7205493884972046 0.1454740368766882 0.005587498095835741 0.008194997207225718
0.0 0.7296142060904295 0.13195808002998635 0.009498746762920974 0.008194997207225718
0.0 0.7065927707395222 0.14134557117276153 0.007231965959908137 0.007312321137240873
0.0 0.7123783435074493 0.14829629401200692 0.006910545250579503 0.009803331634542677
0.0 0.7341027337573532 0.23091860681129034 0.007870578573381692 0.010215006233538304
0.0 0.7608226605294494 0.20982690454816094 0.004930933972099183 0.006706070202054182
0.0 0.7656221029289586 0.2087749719674465 0.004141984536562404 0.006180103911697011
0.0 0.7431057688323641 0.19797495498995862 0.00765077175372042 0.009462796642759775
0.0 0.8948412269009942 0.123109531852823 0.009221576844922908 0.010099822258725766
0.0 0.850140033493161 0.14798435222567738 0.008013989400945576 0.009441138198374065
0.0 0.8854894113987009 0.11181161924469765 0.009770480228549872 0.006916182633692624
0.0 0.8701201166571618 0.10588346270153252 0.006477059926791639 0.011087848349253271
0.0 0.8320416349812298 0.11468897042011036 0.005569481466088178 0.004079056848402906
0.0 0.8334536161979849 0.11849347536525541 0.00525570786236571 0.005883255069811888
0.0 0.8577264283284578 0.0840288954580551 0.010031187405059682 0.007127422629911262
0.0 0.8513029486743402 0.09115631808796636 0.006159501038195003 0.008711294325447061
0.0 0.8715853056643965 0.08878051054466259 0.009767208789137527 0.00800735134965338
0.0 0.80841720878391 0.0794944005904751 0.009762019891816465 0.009545086116443202
0.0 0.7804931168593903 0.190830135881209 0.010182131632593894 0.00997643200365217
0.0 0.7750420766924467 0.1830649748886756 0.010593530890476188 0.00946218293129899
0.0 0.612472611482761 0.144141825566088 0.003583808687398005 0.0067694164095306155
0.0 0.616703496738717 0.1446893518933295 0.004678861341881913 0.007466268098746997
0.0 0.6127529888653178 0.1309583424520223 0.006072564720314233 0.008859971477179762
0.0 0.6023900901634122 0.10882592214562777 0.00420906975579598 0.006614252473393556
0.0 0.6041510275102248 0.1126484446789526 0.005841158028451332 0.004294969138567239
0.0 0.642687523429025 0.09881053333204053 0.008680759185637044 0.0078039148234510525
0.0 0.644984620503562 0.11039470519915576 0.006839386025047389 0.008417705876980897
0.0 0.6537825263902135 0.13844894716352263 0.008771645272379659 0.007518553090611046
0.0 0.681224712895568 0.12150819324479471 0.007028199862183016 0.007801301847023457
0.0 0.577798448837806 0.07268409788860468 0.009278617248144628 0.00770185876153211
0.0 0.5954460149764345 0.07450343460392722 0.009036039019434838 0.0070954131897579265
0.0 0.5138654156606854 0.18461722163835673 0.007442813696304995 0.010987010694546084
0.0 0.5275814580438762 0.18741713726696685 0.009073144315496506 0.00808076915598872
0.0 0.7725414773897874 0.13384927170329314 0.005303461708997759 0.007323828074331162
0.0 0.7838391945988888 0.13891743016070773 0.007931570278103806 0.00804652057198969
0.0 0.7755627734391279 0.14113022331800487 0.006322266163706303 0.0060348904289922786
0.0 0.7655535280657499 0.10780487347406091 0.004693561880110053 0.0047773754851113456
0.0 0.7460046579545093 0.07825985857757002 0.00804219955608616 0.007785533612807205
0.0 0.7209937587387529 0.07952928751274328 0.0074900519391150056 0.00959006650148404
0.0 0.7313188303370662 0.0774992734357868 0.006160042716281566 0.0067900470849923565
0.0 0.7038773965661467 0.10124170307235576 0.00948220511089346 0.007710804156111273
0.0 0.6857986868217513 0.10978610767777637 0.007294003931456672 0.007502404043783972
0.0 0.693561591005944 0.10244000371823792 0.0042722023027103265 0.006981403762965588
0.0 0.809759573689556 0.1150039952100356 0.007758243482490457 0.00868923270038957
0.0 0.8170671528565598 0.12979797081965627 0.006413975178969622 0.007783250778975015
0.0 0.8826233356732317 0.19203653523643457 0.009548777995181723 0.010373981031802471
0.0 0.8941172351118762 0.2126076680779066 0.005894307404432908 0.009077233402827201
0.0 0.8634644315596407 0.11953309063600445 0.007849911666805553 0.0076318585649500555
0.0 0.8238025121406146 0.11701425570347013 0.007426414755302346 0.007362393938446799
0.0 0.8228101894793458 0.11160449667913312 0.005825894333901261 0.006145998418181709
0.0 0.7296150631552966 0.2605253511700876 0.009712868915223539 0.00928793090018285
