0.0 0.3807582186435871 0.8972075739164564 0.005042839241570007 0.00678491097956666
0.0 0.3212351634979795 0.7705887124732675 0.004529680365296685 0.004091324200913249
0.0 0.1334492738300465 0.6389251899458206 0.005003002004379198 0.004425732542335403
0.0 0.1296008107497549 0.6408013156974628 0.003656039926277188 0.005484059889415605
0.0 0.18767016001292589 0.5947177687804708 0.004378999588680088 0.007936936754482638
0.0 0.15431894936630516 0.4594974781191109 0.01015477515738077 0.007858912947886054
0.0 0.16953840114408827 0.4042254694627424 0.005609880472517048 0.006447176065429971
0.0 0.16736143260251451 0.3986155889902254 0.004437666642438743 0.00393528928669098
0.0 0.13987493487258806 0.3210401499718272 0.00698663107587123 0.008733288844839215
0.0 0.2129304482557952 0.34362569085291794 0.004631050972268724 0.00845166802439028
0.0 0.15440079723974023 0.32224514420477096 0.004729013766627687 0.003884547022586826
0.0 0.27523750804532804 0.36199287286904114 0.00444488073419258 0.005319283501574823
0.0 0.27936900869558734 0.3669015767405652 0.0037990867579907215 0.004188736681887395
0.0 0.27552121569710925 0.36653627993691223 0.0035068493150685496 0.004529680365296862
0.0 0.12278615654283698 0.22079794153568413 0.010118446478806931 0.008923354375010906
0.0 0.10473186527678333 0.22813114947674729 0.004066423373089378 0.006831591266790138
0.0 0.170970131268016 0.23524913665124253 0.00902266398766045 0.008721908521409106
0.0 0.14518390660457606 0.19706806216858405 0.009249355006495819 0.008717018027704837
0.0 0.36414124207875387 0.14086962247995855 0.007836141899869276 0.004557188906307008
0.0 0.3230699969361622 0.2565697568861553 0.006969731713264338 0.008914773121617082
0.0 0.38012785388127845 0.1984779299847793 0.0076468797564686495 0.00935159817351594
0.0 0.4872074265479144 0.22472559022645694 0.00819540710576483 0.008570769263280643
0.0 0.2874312520229001 0.2849921361527591 0.009527400599309389 0.008882689280559308
0.0 0.4549550414651099 0.4232296788918496 0.009637766278828152 0.008043027973698358
0.0 0.3350899326122672 0.5253379226546 0.010469477136670235 0.006711203292737444
0.0 0.34702567777466803 0.6731475683150402 0.005722622522004883 0.004258695830328918
0.0 0.34719203308054036 0.6666597113860233 0.0036598167291892027 0.0045914064420733425
0.0 0.6458677025320008 0.5122506040878083 0.004756235320688873 0.004904867674460611
0.0 0.5673401512213502 0.44160316459497384 0.004383561643835421 0.006770167427701779
0.0 0.5618119929260683 0.4393626775325689 0.004042617960426398 0.006380517503805194
0.0 0.5601551215986376 0.42072128025048716 0.0064779299847792515 0.006770167427701601
0.0 0.5329436834094368 0.35516590563165906 0.004188736681887661 0.005747336377473289
0.0 0.5384124230969359 0.37257169228701636 0.004286149162861364 0.004237442922374335
0.0 0.5798331334311868 0.244188682889782 0.0059577168839133774 0.0035746301303479556
0.0 0.5375412038571443 0.22769909444844827 0.005783758966451913 0.004781240745600357
0.0 0.6227149887133482 0.2306546840080903 0.005667847090487755 0.0068915868032068065
0.0 0.6875095368614439 0.22815220502632072 0.0065023305126576504 0.00522409459991291
0.0 0.635502214009995 0.1782506490727694 0.006239933665064967 0.003926854806463265
0.0 0.7243839596677107 0.0702615558777123 0.005893273823619083 0.009726762621507378
0.0 0.7530352232933559 0.11070687881321714 0.004821917808219211 0.0059908675799086545
0.0 0.7531545328765963 0.22400909085613258 0.0062907569581689415 0.01006521113307075
0.0 0.7900716133067904 0.2826852768037857 0.006386041066825143 0.007845707596385143
0.0 0.7734854036529286 0.3251525623792485 0.003847792998477573 0.003993911719939014
0.0 0.7766756624048312 0.32739304944165337 0.0032146118721460225 0.004773211567732094
0.0 0.7802711474111316 0.35485842673722845 0.005016742770167326 0.006770167427701601
0.0 0.7164407290481416 0.8597024699585131 0.003367044091603333 0.003367044091603333
0.0 0.9216925418569257 0.7334185692541858 0.005211567732115441 0.005260273972602825
0.0 0.8772618721902614 0.7168277342524174 0.004807932472007792 0.003824491739097091
0.0 0.8825893297547296 0.6728219603851651 0.0030799876065294995 0.004881489791481108
0.0 0.8224311773484871 0.5778525684561959 0.006307696123835882 0.008555266007041595
0.0 0.8250292766849949 0.6429137399783251 0.0097878043300895 0.008047750226963047
0.0 0.6861807522310682 0.4440858726388354 0.005423598151691422 0.00669475396849375
0.0 0.7181153423635728 0.4803668475704407 0.004826131950578727 0.0073854443486133904
0.0 0.7514887030000239 0.4944447523218926 0.006399754154934101 0.010636211130735517
0.0 0.7226626196935222 0.42119978609670194 0.00861269800459894 0.00933590165384004
0.0 0.6503057792080208 0.2635040153576635 0.006774293660985364 0.00853746598370737
0.0 0.6413097784952688 0.22434370568739265 0.007601751069961438 0.004165343052033777
0.0 0.5847200805253807 0.25557845313241095 0.009359333116828239 0.009265739785660098
0.0 0.6858454134649774 0.36645672632029447 0.00471071741910265 0.008125987547952195
0.0 0.6809580441426583 0.3672811018686375 0.00459294948362512 0.007183844064131773
0.0 0.7622847137198381 0.42056097593971675 0.0115743455808488 0.007979283695888207
0.0 0.8247518480123922 0.3974168315848327 0.005116529499670008 0.007182820259151424
0.0 0.7831957561851205 0.45401542723799854 0.007967147303391897 0.010542386835801488
0.0 0.8098920246802734 0.4230896664231807 0.006574286956704612 0.007924363742456465
0.0 0.7878411205280431 0.16409366910242365 0.007304893820202096 0.009090534531806638
0.0 0.8159649617358194 0.16709679211739548 0.008197714176004211 0.008603541610459864
0.0 0.8282993504918078 0.17577338504483353 0.007192660603021039 0.006191150898803022
0.0 0.8356695650366792 0.2054708453035677 0.0033204386654375638 0.005047066771464248
0.0 0.8394880695019313 0.20982061995529017 0.006840103650799989 0.005246293091390353
0.0 0.8823385616928807 0.08885269729969344 0.003821361287482716 0.005433498080639776
0.0 0.9243507011222917 0.14163109102563787 0.005083947485845642 0.008088098272935884
0.0 0.9560598395146844 0.13100209275881597 0.008305028113423419 0.006001953090372813
0.0 0.9747289132360788 0.13663854148494511 0.0070457581776565805 0.009629202842797868
0.0 0.8580525772409324 0.24769575509643502 0.006698480438812738 0.008570114679069363
0.0 0.8539314698637697 0.2886437130357825 0.006753955826154368 0.008262818297954411
0.0 0.8853448076149764 0.24362376153566148 0.009132231035972892 0.006746332837385438
0.0 0.8861263949558932 0.2509460008347749 0.008885413980947022 0.00723996694743807
0.0 0.987620981401826 0.16303314185846626 0.009307529151050176 0.007715451796265249
0.0 0.9265461457299942 0.2554456313317687 0.007090101894139167 0.007996355519706455
0.0 0.9561925268555271 0.252411461753803 0.009142028863057306 0.008597860478350938
0.0 0.9707551898873931 0.22806006675686513 0.004523166688819913 0.006189596521542118
0.0 0.938990188639228 0.21522287259528766 0.00814821396338985 0.006299459534722019
0.0 0.9450024864839588 0.2178133947194288 0.004822775263014023 0.005172251731347633
0.0 0.8633716363849462 0.5892818141152116 0.0029259257557995967 0.006356321469496251
0.0 0.8666002441154838 0.5955120180952338 0.0043384416379097955 0.003985312667382601
0.0 0.867760525018646 0.5868351348194135 0.005851851511599904 0.004187100650541176
0.0 0.9315335845022783 0.5942354001898738 0.006972965659444696 0.011156745055111373
0.0 0.8104547742343285 0.5203227243926718 0.009164042411412509 0.00833094764673863
0.0 0.8847228661712446 0.5026163887159362 0.009425005867755942 0.007987293108267934
0.0 0.8073624479328718 0.47186669969343287 0.006823112667034792 0.009717766525777449
0.0 0.8701214195089534 0.44412924219140837 0.0074791397162336185 0.009292264495926617
0.0 0.9376165780614507 0.4024687985527981 0.00730672827916976 0.005300959731946752
0.0 0.9257859392573777 0.34519406529069246 0.007071255605244175 0.011008659294527412
0.0 0.9036700477187921 0.33501458050815813 0.004870624048706418 0.005503805175038146
0.0 0.9016243856183358 0.3300221908582342 0.00331202435312008 0.0037990867579908104
0.0 0.9140358923829546 0.3205658445733799 0.004071280433598901 0.006748286746102039
0.0 0.9789133524555134 0.30976469363070963 0.008526003428318774 0.008741851616376906
0.0 0.985977005866905 0.24325053232834085 0.008927274863632562 0.008442096881910643
0.0 0.9951533762717364 0.22090153507670546 0.009693247456527132 0.01018873761610104
0.0 0.9994289863957138 0.39451410224551964 0.0011420272085725714 0.007920724622756925
