0.0 0.2294684213747371 0.9758373199686986 0.013741784415284286 0.006572157763831399
0.0 0.2706031315824555 0.9539384060988791 0.009666389552329235 0.00804243610753801
0.0 0.23251334427480952 0.9212846848870603 0.013345412490266995 0.00749885082786399
0.0 0.23818109212262595 0.8731616912815016 0.013983008242072437 0.00723826309001403
0.0 0.23336502350502109 0.8602566011828504 0.008499475598122253 0.005922215255465701
0.0 0.21643461646682605 0.8568568109436017 0.0130233900293808 0.008554310924561648
0.0 0.1086296498860162 0.880746547871128 0.01051700279723189 0.008413602237785155
0.0 0.0787445174908954 0.8606077795827615 0.011237345454575554 0.007145799160858601
0.0 0.2812354791040286 0.8125971145484329 0.01185824356483689 0.008473463362834721
0.0 0.05784960363715541 0.7748414764640862 0.013435879673231454 0.008637351218506239
0.0 0.0663196641753836 0.7628220684477388 0.01235621077091853 0.008541380649411678
0.0 0.02324470126683842 0.7645583548629507 0.012380180849289601 0.010227105918979263
0.0 0.2535785467716938 0.753164130959758 0.009675049457336549 0.006730469187712274
0.0 0.12753356459079912 0.7737278970504167 0.009028322702261171 0.010129337665952143
0.0 0.1611240622516994 0.7608013399101127 0.011450555622380953 0.00907236330080945
0.0 0.11813040093238003 0.725727927359946 0.008670046205244475 0.010404055446293548
0.0 0.0181219479961805 0.721164323725931 0.009697804353113071 0.00884439757003932
0.0 0.27241815622535803 0.7002837461124157 0.013300931995390286 0.007516856980881137
0.0 0.22854948602037783 0.7094601689202445 0.012690797500188644 0.007516856980881314
0.0 0.2681244100967497 0.6731491858657945 0.009518098125141705 0.00732161394241686
0.0 0.2616569844476153 0.6796898276543535 0.009762151923222717 0.005173940519307685
0.0 0.26019266165913235 0.6848149574140452 0.009762151923222717 0.006833506346255546
0.0 0.2597045540629703 0.6631429801444917 0.008785936730899557 0.009176422807828998
0.0 0.2426818016468517 0.6604583883656054 0.0093960712261012 0.008102586096274322
0.0 0.17679808107298634 0.6686130573524687 0.014749117053435512 0.015605517398474156
0.0 0.2617155917728451 0.585472352984649 0.009022786019275308 0.010569549336865335
0.0 0.22256314529634835 0.5734204888017598 0.00934502837710749 0.010182858507467784
0.0 0.2269158171654233 0.5139630275963114 0.012095382577038905 0.009453862244122924
0.0 0.22017298894718795 0.5197465668515396 0.009731917016008396 0.005894761163982664
0.0 0.21426432504461213 0.5030632805383812 0.013207601664583457 0.007006980251526329
0.0 0.240218335374641 0.44034656070480993 0.010604747884943144 0.007111419169903499
0.0 0.23195287011137333 0.43173800065703266 0.010292843535391505 0.00810951308848722
0.0 0.22407728528505721 0.4198232545039483 0.011384508758836454 0.006487610470789029
0.0 0.25277248544431696 0.38545139518274835 0.008577369612821961 0.0051152313327374795
0.0 0.25409807892993497 0.3891318665075229 0.011540460933614938 0.00573904003185195
0.0 0.2717319237911453 0.2771007435310627 0.01238018084929049 0.007751069749120631
0.0 0.22655643675947879 0.2589525778679204 0.010566429992194593 0.009660735992863856
0.0 0.24456249603189217 0.24765296701912431 0.012075919991080042 0.008798170279215256
0.0 0.23850297189351188 0.23211643354282696 0.01035078856378302 0.008453143993755852
0.0 0.24044374474922048 0.22305949354951707 0.009056939993310031 0.007935604565566745
0.0 0.2505788918845919 0.2297875061159759 0.0073318085660130095 0.008625657136485642
0.0 0.2693396961564476 0.1970962655686955 0.009919505706958098 0.006728012566458741
0.0 0.25812634187901606 0.1983901141391684 0.009919505706958098 0.009660735992863878
0.0 0.24755991188682103 0.19071327928769619 0.009488222850134065 0.010523301706512412
0.0 0.2396889997497782 0.1850203455776157 0.00884129856489757 0.007418065137377594
0.0 0.23020077689964413 0.18726301643310195 0.010566429992194593 0.007073038851918146
0.0 0.2261035897598127 0.17880987243934612 0.007116167137600549 0.007073038851918146
0.0 0.21715447048070935 0.18346772729304828 0.0064692428523649426 0.007418065137377594
0.0 0.25241184402609385 0.15189782217351105 0.00884129856489757 0.006382986280999337
0.0 0.2639486604461432 0.1892469175744936 0.007331808566012121 0.008280630851026104
0.0 0.22513320333195885 0.14180580332382292 0.008625657136485998 0.008280630851026104
0.0 0.2295538526144072 0.10566429992194837 0.011428995705843548 0.010178275421053007
0.0 0.19753110049520517 0.11998289076851443 0.008625657136485998 0.009833249135593558
0.0 0.17682952336763957 0.11937909476896043 0.009056939993310031 0.008625657136485599
0.0 0.18793505693086443 0.12636587704951371 0.010997712849019514 0.010178275421052962
0.0 0.18451230594007617 0.5811891348687509 0.012099065535060127 0.006913751734320073
0.0 0.164236399411541 0.576881335711213 0.009041059960265052 0.006594655500428459
0.0 0.16124487221880734 0.5805509424009676 0.011301324950331093 0.006275559266536668
0.0 0.15163198426231572 0.6374152708131208 0.011964181230435855 0.0065557157427047485
0.0 0.15474594924010132 0.6335473985249249 0.009014109146217919 0.006686830057558701
0.0 0.076576046991089 0.6497114407742205 0.012808147718323504 0.006421151389452895
0.0 0.08076004191240704 0.6457494537466857 0.010246518174659158 0.005328189450822407
0.0 0.052117123645543995 0.6290140974384186 0.013288917181623283 0.006508857395080803
0.0 0.09498713928498548 0.6207287636777361 0.00912653340924141 0.00957271948702676
0.0 0.0860865693716435 0.6057584441493922 0.0101405926769349 0.00908597103853399
0.0 0.13022058543338577 0.6138270535951744 0.012853839133832423 0.008463058686346336
0.0 0.09859786614838306 0.606865505320922 0.009896318625163047 0.010192070676029629
0.0 0.11825037323665244 0.5773990039232937 0.013650094655396572 0.007826054269094307
0.0 0.1404611947471346 0.569460470098425 0.012887446313388118 0.007860066266383293
0.0 0.08229068618793 0.5564226840085393 0.013762687046130928 0.009512769286285661
0.0 0.1121839471156596 0.5387486420330195 0.01023943916232195 0.009777012877571423
0.0 0.06644972029079854 0.523226124470229 0.011732968511370956 0.008200727464789814
0.0 0.18387109204436447 0.5341900039465253 0.01500727536274482 0.009383859537164519
0.0 0.0753807764165515 0.5444966712261926 0.012054847585043937 0.012244474400988104
0.0 0.18126268313731275 0.5432550177148847 0.014141803991651436 0.007853960563958751
0.0 0.1380871328205715 0.45774191012609605 0.006233413423018419 0.003693874621047577
0.0 0.13852353004078388 0.4631627279959611 0.005173312728612878 0.006531307319873392
0.0 0.170579299915945 0.41897083093295306 0.0105619549274385 0.011478652902272657
0.0 0.054706105630003776 0.43553482721075526 0.012773839938024167 0.009580379953518302
0.0 0.06931422760840533 0.45066107301349784 0.011336782944996848 0.008175257560335502
0.0 0.057181865608653126 0.6104940789986908 0.01082935036926358 0.008325942102083239
0.0 0.19285329186235556 0.43162017500066935 0.010613976909748857 0.007338058110443413
0.0 0.20216474992272104 0.3421935255093363 0.009731785393524817 0.010034552050212841
0.0 0.19162198241306783 0.34478866828094307 0.010056178239976177 0.008650475905356014
0.0 0.1911605614858023 0.32041362753438357 0.011461880574596961 0.009169504459677302
0.0 0.17753219154998767 0.2728043303901766 0.0121294495429769 0.005971421313465885
0.0 0.1529737820229231 0.27319143202326673 0.008706240487061478 0.005357686453576882
0.0 0.15059935279917802 0.26907575470210987 0.007610350076103778 0.005016742770167326
0.0 0.17179373472857362 0.25041023568527765 0.011772605106886047 0.007756069246889119
0.0 0.18927951584321256 0.23905313428804714 0.009579668861485757 0.00978742071631249
0.0 0.19423090968969392 0.20453504541716297 0.00936155481306944 0.009879428058047802
0.0 0.17062914687539088 0.2128060672826264 0.01045705590821644 0.0071705526227765935
0.0 0.18087408151778828 0.1844578673041532 0.005630432362739413 0.004128983732675362
0.0 0.1843931017445004 0.1797971205149969 0.005630432362739413 0.003941302653917411
0.0 0.1669603086051903 0.15196644019818645 0.0071842962001769095 0.008757999177360176
0.0 0.1442670555284371 0.14891026340192015 0.011517681209809894 0.009396603284042682
0.0 0.15629790075254624 0.14945763835050518 0.008666770019263303 0.011403644762187692
0.0 0.1694720069786415 0.13438054987762 0.012201899895541324 0.007115874331605099
0.0 0.14626558988758953 0.13310334166425497 0.007982551333530985 0.0076632492801901545
0.0 0.1566999248449923 0.11932773879153222 0.011289608314565491 0.007480790963995165
0.0 0.1472348996923758 0.1253032486469186 0.00672815040969077 0.007572020122092659
0.0 0.1548753416830415 0.11111711456275705 0.006500077514446367 0.0049263745372650995
0.0 0.13535273060355513 0.09752379635458988 0.008659126381260762 0.005903949805405417
0.0 0.16817926602964173 0.0861363558239862 0.008738625534889799 0.008196228087896352
0.0 0.155021105741473 0.08452925227733984 0.009341289364881433 0.00674983489591463
0.0 0.14316871708495782 0.08529262646199687 0.0073324099315748015 0.008276583265228643
0.0 0.07442231076825001 0.31844853868960044 0.014194350896548968 0.009255494557201694
0.0 0.07372871467253939 0.28935289179720314 0.009706077762124288 0.011167442279115036
0.0 0.10780904389346935 0.29153403286734275 0.007852107852502677 0.008550072994947477
0.0 0.02114630790382588 0.40891199100252296 0.00874128638425109 0.008848322544057652
0.0 0.006549761813018362 0.36261916299359753 0.013099523626036724 0.008292996216828729
0.0 0.021151457645010918 0.3428806034108559 0.012834110726336334 0.009030265860458542
0.0 0.00542401364384304 0.3208218425903967 0.00912304256450458 0.010267288581069244
0.0 0.057329769768509564 0.31209354476677015 0.010673955860802664 0.009286341598898318
0.0 0.020832369842556986 0.303436037094016 0.010686234637748981 0.007207970030167932
0.0 0.0251278170989071 0.29782052555888516 0.006705088400155823 0.005196443510121096
0.0 0.1870367348170161 0.3903995464434474 0.0109066644189042 0.006345695661907946
0.0 0.18092727702668077 0.4457494337366493 0.011436180400102636 0.006877482281992542
0.0 0.031097267363500602 0.2664523515738814 0.007502652595419157 0.006734088183206399
0.0 0.027300193184111254 0.25627802268838473 0.007960131412214189 0.0046845830839696845
0.0 0.027300193184111254 0.2622801447647209 0.008875089045801587 0.004391796641221557
0.0 0.014124803260447294 0.2652080091922019 0.004483292404580119 0.006148515297710233
0.0 0.13086339322637164 0.22103080343770326 0.012631900426985254 0.007669368116383968
0.0 0.022000521315534538 0.22299670600530228 0.007104299421686555 0.006851269579270358
0.0 0.06632053880010114 0.19585120601712921 0.009834811998062243 0.009139421250724155
0.0 0.06327106737713972 0.2312842376461633 0.007098414873854431 0.008518097848625405
0.0 0.07133283855530292 0.22126533208135143 0.007402632654161856 0.0068144782789002715
0.0 0.07042018521437932 0.2295400557057305 0.009025127482471973 0.0068144782789002715
0.0 0.130750550498123 0.1781333575862939 0.011224697778676074 0.00889779387555012
0.0 0.15230235955427096 0.16831763138138847 0.008949310669487787 0.006065643898208161
0.0 0.13177604309921653 0.20467200822254167 0.010556646916865198 0.010755828934164935
0.0 0.11855153362624282 0.123109531852823 0.011526971056153634 0.010099822258725766
0.0 0.06267504186645123 0.14798435222567738 0.01001748675118197 0.009441138198374065
0.0 0.10686176424837601 0.11181161924469765 0.01221310028568734 0.006916182633692624
0.0 0.08765014582145225 0.10588346270153252 0.00809632490848955 0.011087848349253271
0.0 0.040052043726537256 0.11468897042011036 0.006961851832610222 0.004079056848402906
0.0 0.04181702024748102 0.11849347536525541 0.006569634827957138 0.005883255069811888
0.0 0.0721580354105722 0.0840288954580551 0.012538984256324603 0.007127422629911262
0.0 0.0641286858429253 0.09115631808796636 0.007699376297743754 0.008711294325447061
0.0 0.08948163208049564 0.08878051054466259 0.012209010986421909 0.00800735134965338
0.0 0.010521510979887516 0.0794944005904751 0.01220252486477058 0.009545086116443202
0.0 0.012199467111944973 0.1150039952100356 0.009697804353113071 0.00868923270038957
0.0 0.021333941070699858 0.12979797081965627 0.008017468973712027 0.007783250778975015
0.0 0.1032791695915396 0.19203653523643457 0.011935972493977154 0.010373981031802471
0.0 0.1176465438898453 0.2126076680779066 0.007367884255541135 0.009077233402827201
0.0 0.07933053944955093 0.11953309063600445 0.009812389583506942 0.0076318585649500555
0.0 0.029753140175768245 0.11701425570347013 0.009283018444127933 0.007362393938446799
0.0 0.028512736849182208 0.11160449667913312 0.007282367917376575 0.006145998418181709
