0.0 0.12322589192956865 0.6420134793270715 0.004948090882442813 0.007916945411908927
0.0 0.5364508006696814 0.8315471379395106 0.008468847856488892 0.012370227206107387
0.0 0.5475212292280112 0.8063369599370163 0.004555537621832073 0.005711420301998516
0.0 0.5514034476147052 0.8023238907092839 0.006712801593459971 0.007107672275427923
0.0 0.2345909150408934 0.6322158990039611 0.007988685532560425 0.010589652915254533
0.0 0.12992161612359504 0.5236144504660111 0.007663064147285681 0.011274393228190505
0.0 0.22293775784599285 0.5220890379312797 0.008512339907845145 0.009500379361433886
0.0 0.26215263264158006 0.4539864567469019 0.006152815571494941 0.007493032824691781
0.0 0.6878115077623784 0.7384150366258796 0.008168632617351434 0.007480747765363916
0.0 0.7855247024517047 0.745176360739934 0.0037097401411333663 0.007207495131344288
0.0 0.7811790068578057 0.7449643755890122 0.003921725292054745 0.006147569376735262
0.0 0.7099325468081092 0.6560517615978215 0.0043899988701294745 0.00621916506601714
0.0 0.7578288415656769 0.6174586724859094 0.006380517503805194 0.004188736681887306
0.0 0.5984863069420105 0.5901635234376144 0.004169809258961621 0.006440596951806654
0.0 0.594531995117797 0.5899823679039432 0.00438927290417368 0.004918100964917116
0.0 0.5235903370357677 0.5366441965138777 0.0036561605686205923 0.0054111176415581495
0.0 0.5027145217250476 0.47591165362894705 0.0062205628571092575 0.004501057677094878
0.0 0.29644791033274914 0.28571163815386014 0.007665159676676581 0.00870450336164943
0.0 0.31561080952444004 0.2885048743072254 0.008314749479784566 0.008314749479784566
0.0 0.3807582186435871 0.09720757391645644 0.005042839241570007 0.00678491097956666
0.0 0.7180273640615186 0.883932600357005 0.0035049587644827795 0.0074221363236645745
0.0 0.7212595583926635 0.8828910311154357 0.003555555555555401 0.005552511415525175
0.0 0.7934850139533175 0.5404770428011283 0.0050452465919409665 0.004748467380650467
0.0 0.9269728076305391 0.5046842758350711 0.007540525076903037 0.007396896027819367
0.0 0.9049374860017494 0.4771808451555577 0.006568495109220862 0.005948825759294607
0.0 0.735697216118861 0.34603789017339304 0.004309560691075021 0.004867268545213577
0.0 0.6072967618751626 0.2878430658458052 0.002804237749611005 0.004136250680676667
0.0 0.5428190476485311 0.24302751939994743 0.0024428463143838287 0.004885692628768368
0.0 0.509136502376764 0.8758295012112708 0.003799086757991077 0.005260273972602647
0.0 0.505532240580721 0.8790928193239044 0.0032146118721463777 0.0048706240487057075
0.0 0.9328497967965067 0.39454294679130725 0.009050783673416163 0.007199487012944772
0.0 0.7861255270000557 0.23342236825573384 0.0031671560638105944 0.005990056033728308
0.0 0.7920811574243952 0.23266500484917058 0.003649114595259917 0.0057146511586147145
0.0 0.7164407290481416 0.05970246995851305 0.003367044091603333 0.003367044091603333
