0.0 0.9202724257753989 0.83803085062642 0.012279835564641673 0.01593059748926464
0.0 0.9169535512984686 0.8947836041819265 0.010952285773869619 0.010620398326177139
0.0 0.8938609324683691 0.6437588926129045 0.013082060179571897 0.012967305265716078
0.0 0.669025737808693 0.44361186447099216 0.01169602982267719 0.01328437955168269
0.0 0.7711541531147116 0.5042444632570003 0.009584243122785807 0.01533478899645786
0.0 0.8171391468490196 0.5063371942989544 0.015949287126359124 0.012995715436292698
0.0 0.8851334941701119 0.2436159438715954 0.013319983306501726 0.012631018652717074
0.0 0.9659671478709633 0.3036266688451132 0.010383776933094068 0.009102661597192706
0.0 0.953566598455809 0.11959637422200586 0.011618479525043668 0.013872811373186522
0.0 0.9415064112615894 0.02805920827842421 0.008206627533472144 0.010628255330234282
0.0 0.6666436331178633 0.3203210933070618 0.008981936707799853 0.016710579921487324
0.0 0.7052868491863044 0.2996417506542201 0.01023523020191135 0.01921716690971138
