0.0 0.14743027752153318 0.8333749863045614 0.00875104513798206 0.014319892043970129
0.0 0.8190706891599191 0.9454045779465119 0.015653685953792972 0.017670418499987052
0.0 0.7067993418746952 0.784134750398108 0.012808666657990386 0.01891279686218894
0.0 0.6479091497466257 0.6522171069487956 0.012959257155464598 0.01727900954061994
0.0 0.4270685982417092 0.6776497245472012 0.014563442009539785 0.01679387907406422
0.0 0.13104057147210568 0.6726206218862526 0.011771894698729569 0.013287089065892843
0.0 0.056583574922680666 0.6562461412108831 0.01398942456997787 0.013597197712875441
0.0 0.24311154000229324 0.48440317189201565 0.011527373036400234 0.014970614332987964
0.0 0.39771885594367545 0.4239784797156432 0.01085092182278089 0.016405560374917628
0.0 0.5456494084218526 0.4509377925182488 0.010270150974233871 0.01347368430564586
0.0 0.5956036620151928 0.44770978724982446 0.01373993760943577 0.011928077704894947
0.0 0.06621064893162121 0.3272454944550052 0.012012604706222873 0.017117961706367167
0.0 0.006996207874871985 0.020598121749223354 0.012330706970206506 0.012584948351035052
0.0 0.054096338901604216 0.09421786519136965 0.0141029003900627 0.014585050830747548
0.0 0.040990069190907266 0.13005935096215354 0.011336964866683275 0.01601736320613867
0.0 0.6126448796909209 0.014424043703902356 0.013904059011856873 0.012080575862761123
