0.0 0.09203404759350724 0.9313037794923957 0.013546136875234848 0.017530294779715662
0.0 0.4788957801185961 0.9488340742721111 0.011155642132546361 0.014342968456130478
0.0 0.784879107182724 0.8603857687926364 0.01434296845613101 0.012749305294338598
0.0 0.6625654595151624 0.6022123365822789 0.011952473713442657 0.01434296845613119
0.0 0.23745581110705763 0.6404602524652947 0.01434296845613101 0.01434296845613119
0.0 0.19602056890045697 0.3287308415591713 0.012749305294338664 0.013546136875234538
0.0 0.3757060903925425 0.32474668365469056 0.01195247371344248 0.011952473713442657
0.0 0.37809658513523103 0.3586120258427776 0.013546136875234805 0.012749305294338598
0.0 0.3135532272172705 0.46140329323137197 0.010358810551650156 0.01434296845613119
0.0 0.32709936395787637 0.5088147788417053 0.01195247371344248 0.011952473713441946
0.0 0.50718330124041 0.5131973525366338 0.016733463198819364 0.012749305294338598
0.0 0.6211302173085619 0.47136369453958515 0.013546136875234715 0.013546136875234538
0.0 0.6378636805073813 0.36936925218487604 0.013546136875234894 0.013546136875234538
0.0 0.8609765231583081 0.4147886522959574 0.018327126360611602 0.013546136875234538
0.0 0.4601702379675362 0.2578128308594124 0.01513980003702713 0.01673346319881901
0.0 0.29960867441695865 0.2761399572200244 0.017530294779715662 0.010358810551650065
0.0 0.2765005585709698 0.14187383583902005 0.015936631617923337 0.012749305294338598
0.0 0.48287993802307694 0.12394512526885677 0.011155642132546361 0.011952473713442657
0.0 0.5545947803037319 0.1637867043136648 0.019123957941508073 0.01673346319881972
0.0 0.7729266334692815 0.058206519844922866 0.01434296845613101 0.01593663161792378
0.0 0.2474162058682597 0.028325335561316223 0.013546136875234894 0.01513980003702713
0.0 0.2605639269530465 0.0012141545910953511 0.017530294779715662 0.0024283091821907022
0.0 0.3482154008516247 0.0004173230101992331 0.01434296845613101 0.0008346460203984662
0.0 0.32032629552025893 0.009599793410256652 0.011155642132546361 0.01593663161792378
0.0 0.3167405534062261 0.06059701458761069 0.008765147389857831 0.01593663161792378
0.0 0.3075769902259203 0.07493998304374223 0.014342968456130922 0.011155642132546006
0.0 0.5892569540727152 0.01557603026697727 0.01992078952240419 0.010358810551650065
0.0 0.8542034547206903 0.02314593028549119 0.00796831580896189 0.017530294779715662
0.0 0.9470343341643522 0.0028078128426294313 0.013546136875234894 0.005615625685258863
0.0 0.9892664076825908 0.02035701975235469 0.011952473713442302 0.01673346319881972
