0.0 0.0029515914779953967 0.2378802544481097 0.005903182955990793 0.00801546560664761
0.0 0.0035456929920208323 0.07757094231515324 0.006600971676062883 0.00801546560664761
0.0 0.1689024359684188 0.27122521256681476 0.011398852187863896 0.007771944673542919
0.0 0.2238241783281257 0.23184735955419492 0.007253815028640531 0.006735685383737433
0.0 0.18081941780118527 0.15101913494934288 0.010362592898057698 0.007771944673542919
0.0 0.34532558005785513 0.00490657508672534 0.00984446325315531 0.005699426093931948
0.0 0.3696776733682915 0.01475103833988065 0.010880722542960797 0.006735685383737433
0.0 0.5839242815356398 0.1375477641818673 0.008290074318446371 0.007771944673543629
0.0 0.6308150143993523 0.12381732859194053 0.00880820396334947 0.009326333608252213
0.0 0.6562033669995936 0.0150101031623322 0.010880722542960797 0.010362592898057698
0.0 0.7587930366903677 0.033403705556385076 0.00984446325315531 0.00984446325315531
0.0 0.7473941845025042 0.13651150489206146 0.007771944673543629 0.012953241122572479
0.0 0.6955812200122142 0.19946425674776372 0.00984446325315531 0.006217555738834335
0.0 0.6678612840099092 0.2235572852357482 0.007253815028640531 0.010880722542960797
0.0 0.5901418372744744 0.2903960094282219 0.010362592898057698 0.009844463253154601
0.0 0.7308140358656112 0.30568083395285794 0.004663166804126107 0.006217555738835046
