0.0 0.3707105502330381 0.9997265846669432 0.011315951444679317 0.0005468306661136069
0.0 0.3678815623718682 0.9846009830627448 0.010372955490956048 0.00801546560664761
0.0 0.3735395380942078 0.924484991012886 0.006600971676062972 0.00942995953723269
0.0 0.4631241536979189 0.9072753148574361 0.005657975722339614 0.00801546560664832
0.0 0.4749116031194599 0.9749352745370811 0.008486963583509421 0.00942995953723269
0.0 0.6908576766415828 0.870734227461616 0.008486963583509421 0.00942995953723269
0.0 0.7061813607700927 0.9379226833534424 0.008015465606647787 0.010844453467817062
0.0 0.7215050450180959 0.9369796873997192 0.006600971676062883 0.009901457514094858
0.0 0.8035456929920208 0.8775709423151532 0.006600971676062883 0.00801546560664761
0.0 0.26286012210036264 0.9150738908342042 0.008958461560371144 0.008958461560370523
0.0 0.26946109377642546 0.849064174073575 0.008015465606647787 0.006129473699201781
0.0 0.4356641306201524 0.7806969674286378 0.009429959537232867 0.007072469652924696
0.0 0.4696119849541903 0.6908766028364962 0.00754396762978633 0.006600971676062883
0.0 0.5742845358174737 0.6833326352067097 0.00942995953723269 0.010372955490956315
0.0 0.5851289892852913 0.7625442953194647 0.009429959537232867 0.009429959537233046
0.0 0.23976081130066834 0.7606353817727014 0.008007285473595882 0.010327112212322121
0.0 0.9106983423082518 0.6906408538480651 0.007072469652924696 0.010844453467817771
0.0 0.11504514671441042 0.9877587901546576 0.00846234826573573 0.010577935332170085
0.0 0.07273340538573175 0.8991685817477364 0.007404554732518753 0.007933451499127386
0.0 0.08278244395129294 0.9909321707543082 0.006346761199301798 0.006346761199301198
0.0 0.2068087357209823 0.9874943417713531 0.006875657965910253 0.006875657965910165
0.0 0.11451624994780193 0.7566309031467504 0.01163572886538664 0.008462348265735642
0.0 0.48104170920748085 0.6675117979732208 0.009520141798952686 0.01322241916521243
0.0 0.2520294092660076 0.6624872786904403 0.009520141798952686 0.0074045547325187755
0.0 0.21897336155403738 0.674387455939131 0.008991245166384143 0.011106827753200932
0.0 0.16105916540934845 0.6537604820414004 0.00952014179895273 0.008991245032343897
0.0 0.13620101737874973 0.6336624049102779 0.0074045547325187755 0.00793345149912703
0.0 0.1428122269613558 0.6323401629937566 0.004760070899476299 0.009520141798952508
0.0 0.21129425826008905 0.5748671447987522 0.008991245032344164 0.008991245032344252
0.0 0.1689825169314104 0.5735449028822309 0.006875657965910298 0.008462348265735997
0.0 0.21102980987678488 0.521184114296837 0.00846234826573573 0.009520141798952508
0.0 0.1409509883011608 0.5148373617886893 0.010049038565561209 0.009520141798952863
0.0 0.16792472339819342 0.46141878836123257 0.008991245032344209 0.008462348265735642
0.0 0.16316465249871712 0.4421140563800227 0.011106832098778163 0.00793345149912703
0.0 0.24011913204025143 0.3910755184023042 0.00846234826573573 0.011635728865386597
0.0 0.2618038994711992 0.3611928510889252 0.0074045547325187755 0.008991245032344252
0.0 0.2726462831866731 0.33078128700893694 0.007933451499127298 0.012693522398603463
0.0 0.3144291277934234 0.24298441940635165 0.007933451499127298 0.01057793533216973
0.0 0.37869008489167405 0.25382680746740294 0.0074045547325187755 0.010049038565561118
0.0 0.06769878612588587 0.36648181875501 0.009520141798952709 0.010049038565561118
0.0 0.056063057260499226 0.4183137018826413 0.010577935332169663 0.006875657965910165
0.0 0.08911910517352943 0.36727516390492243 0.006875657965910298 0.0074045547325187755
0.0 0.09758145343926518 0.3860509991195237 0.00899124503234423 0.010049038565561118
0.0 0.4567023579664252 0.37653085732057096 0.008991245032344252 0.00793345149912703
0.0 0.4537934257500786 0.3852576539696111 0.0074045547325187755 0.008462348265735642
0.0 0.39006136555247645 0.4175203567327285 0.00793345149912721 0.009520141798952508
0.0 0.49213844132919365 0.5161596037052105 0.0068756579659103425 0.008991245032344252
0.0 0.4432154904625891 0.5658759062847734 0.006346761199301732 0.007933451499127386
0.0 0.4329020036477636 0.5790983232771971 0.011106832098778163 0.006875657965910165
0.0 0.40196154271180723 0.4915659040579158 0.009520141798952686 0.0074045547325187755
0.0 0.39164805567358185 0.4833680041754846 0.006875657965910253 0.010049038565561118
0.0 0.5058897572610143 0.42254487601550894 0.005817864432693299 0.00793345149912703
0.0 0.5251944892422239 0.39583558930178064 0.006346761199301732 0.009520141798952508
0.0 0.46860253521511624 0.39953786666803986 0.0074045547325187755 0.011635728865386597
0.0 0.46304911916572705 0.4127602858332521 0.008991245032344252 0.009520141798952863
0.0 0.5841664787190697 0.4590387529114944 0.010049038565561118 0.008991245032343897
0.0 0.6251559781312273 0.502672736156694 0.0074045547325187755 0.009520141798952508
0.0 0.6642943388602551 0.5465711677851981 0.008462348265735642 0.009520141798952863
0.0 0.7010526641395445 0.41143804391673094 0.008991245032344075 0.010049038565561118
0.0 0.6291227038807908 0.30407200029520887 0.005817864432693299 0.01322241916521243
0.0 0.5185832797936579 0.341094767439437 0.007933451499127386 0.008991245032343897
0.0 0.5249300409482797 0.32549231499727505 0.00793345149912721 0.009520141798952508
0.0 0.5410613922404783 0.3030142067619918 0.008462348265735642 0.010049038565561118
0.0 0.5918354818348928 0.38552210235291523 0.0074045547325187755 0.011106832098777986
0.0 0.5846953754856782 0.388695482952566 0.008991245032344075 0.007933451499127386
0.0 0.09176358900657185 0.20067268242325048 0.010049038565561186 0.009520141798952508
0.0 0.06399650875962648 0.1596831830110929 0.008462348265735753 0.010049038565561118
0.0 0.19622070041174727 0.11684254491580574 0.00846234826573571 0.011106832098777986
0.0 0.21711212273746233 0.08034865715587784 0.00793345149912721 0.008991245032344252
0.0 0.06743433774258163 0.07770418418677813 0.01110683209877814 0.007933451499127386
0.0 0.07907006660796825 0.04940820717322421 0.007933451499127253 0.012693522398603463
0.0 0.2120876034100018 0.027723439742276312 0.00846234826573573 0.008462348265735642
0.0 0.2628616930044162 0.006038672311328597 0.009520141798952775 0.009520141798952863
0.0 0.2538704479273921 0.038830271841054476 0.01057793533216964 0.0074045547325187755
0.0 0.30120670858353116 0.02798788812558044 0.007933451499127298 0.00793345149912703
0.0 0.23509461284683084 0.09409998395164099 0.00793345149912721 0.006875657965910165
0.0 0.2760841121696283 0.13218055114745172 0.009520141798952686 0.008991245032344252
0.0 0.32368482116439173 0.12504044479823725 0.009520141798952686 0.009520141798952863
0.0 0.39878816220151647 0.21733293274420581 0.007404554732518687 0.008991245032343897
0.0 0.33135382428021476 0.061837281188523364 0.00793345149912721 0.00793345149912703
0.0 0.38318570740784613 0.1591542862444845 0.00793345149912721 0.008991245032343897
0.0 0.40275488777236007 0.10124009030085546 0.0058178644326932535 0.010577935332169375
0.0 0.4061927167553151 0.057870555438959845 0.0074045547325187755 0.013751315931820685
0.0 0.2760841121696282 0.05892834897217671 0.0074045547325187755 0.010577935332169375
0.0 0.519905521576139 0.078761977719995 0.008462348265735997 0.008991245032344252
0.0 0.5516393277960481 0.05707721028904711 0.006346761199301732 0.008991245032344252
0.0 0.49689851222867 0.06315952310504472 0.00793345149912721 0.008462348265735642
0.0 0.4400421098182581 0.02349226560940849 0.01057793533216973 0.0074045547325187755
0.0 0.4400421098182581 0.05152379423965812 0.0074045547325187755 0.009520141798952508
0.0 0.4463888710175598 0.08537318730260104 0.005288967666084865 0.0074045547325187755
0.0 0.4561734611998167 0.0742663552038227 0.0068756579659103425 0.009520141798952863
0.0 0.46252022239911855 0.08008421963651599 0.008991245032344252 0.009520141798952508
0.0 0.4535289773667744 0.13429613821388564 0.0068756579659103425 0.008991245032343897
0.0 0.43528203891878176 0.1491052476789232 0.006346761199301732 0.010049038565561474
0.0 0.46463580946555255 0.16206321846083113 0.010049038565561118 0.008462348265735642
0.0 0.48288274791354524 0.1988215437401207 0.009520141798952686 0.008991245032344252
0.0 0.507740895944144 0.18321908912517024 0.0074045547325187755 0.006346761199301909
0.0 0.4849983349799791 0.1514852831286614 0.01057793533216973 0.009520141798952863
0.0 0.519905521576139 0.13456058659718995 0.01057793533216973 0.0074045547325187755
0.0 0.6711699968261653 0.11155357724972088 0.006346761199301732 0.008991245032344252
0.0 0.709250564021976 0.15227862827857414 0.008462348265735642 0.013222419165212074
0.0 0.6785745515586841 0.14143624456310028 0.00846234826573582 0.01057793533216973
0.0 0.6756656193423374 0.15227862827857414 0.011106832098778163 0.01110683209877834
0.0 0.6513363680783473 0.20331716625629284 0.0068756579659103425 0.008462348265735642
0.0 0.6322960844804417 0.2049038565561183 0.0068756579659103425 0.008462348265735642
0.0 0.6502785745451302 0.2154817918882877 0.0068756579659103425 0.008462348265735997
0.0 0.6600631647273871 0.22976200458671697 0.010577935332169552 0.01057793533216973
0.0 0.6812190353917266 0.20146602757316306 0.006346761199301732 0.012164625631995208
0.0 0.7081927707121595 0.24324886778965632 0.0074045547325187755 0.006875657965910165
0.0 0.6465762971788707 0.25673573968374974 0.0068756579659103425 0.009520141798952863
0.0 0.6407584327461775 0.26440474279957266 0.007933451499127386 0.008991245032343897
0.0 0.856900423148339 0.5101750032042739 0.008581263178881571 0.006742421069121462
0.0 0.8532227389288183 0.6030365297471733 0.008581263178881571 0.008581263178881571
0.0 0.875901791615863 0.6134566350358155 0.007355368439041499 0.006129473699201071
0.0 0.8550615810385785 0.40873221348249267 0.011033052658562425 0.006129473699201427
0.0 0.7622000544956793 0.2603989499618217 0.006742421069121285 0.009807157918721643
0.0 0.7477957915614585 0.28614273949846714 0.007355368439041854 0.009807157918721998
0.0 0.7962186335262464 0.29656284478710904 0.008581263178881837 0.009807157918721998
0.0 0.7649583176603199 0.3146447921997527 0.008581263178881925 0.009194210548801962
0.0 0.7649583176603199 0.3462115817506396 0.007355368439041676 0.009807157918721998
0.0 0.8504644757641777 0.3177095290493536 0.010420105288642035 0.009194210548801962
0.0 0.8697723179166618 0.2925786868826282 0.006129473699201427 0.01287189476832289
0.0 0.7857985282376043 0.0863218969045052 0.008581263178881925 0.008581263178881571
0.0 0.8143005809388901 0.07069173897154198 0.006742421069121462 0.011646000028482461
0.0 0.8287048441320131 0.13290589701843505 0.007355368439041499 0.009807157918721998
0.0 0.8403508441604955 0.16569858130916176 0.008581263178881925 0.007968315808961535
0.0 0.8198171072681714 0.15466552865059952 0.007968315808961535 0.006742421069121462
0.0 0.8679334758069015 0.13259942333347502 0.009807157918721998 0.01042010528864239
0.0 0.8636428442174605 0.1417936338822768 0.008581263178881571 0.006742421069121462
0.0 0.8020646903096855 0.2191610115239996 0.00725381502864062 0.01243511147766938
0.0 0.7738266246624776 0.2225288542158685 0.013989500412378142 0.010880722542960797
0.0 0.8144998017873549 0.23833180838540696 0.008290074318446371 0.010362592898058054
0.0 0.8362612468732769 0.2116481316729077 0.007253815028640887 0.010880722542960797
0.0 0.8427378674345631 0.236518354628247 0.005699426093931948 0.008808203963349115
0.0 0.6865217794963393 0.18185567709099093 0.010362592898057698 0.009326333608252213
0.0 0.6909258813029322 0.18962761963597874 0.007771944673543451 0.00621755573883469
0.0 0.594553767526075 0.0839291742043434 0.008808203963349293 0.008290074318446371
0.0 0.618128666369157 0.1616486209397781 0.011398852187863896 0.007253815028640531
0.0 0.6137245643874822 0.13211523118031288 0.008808203963349293 0.007253815028640531
0.0 0.6209783794161228 0.07382564612873672 0.007771944673543274 0.00984446325315531
0.0 0.6375585280530156 0.05672736784694123 0.009844463253154957 0.008808203963349115
0.0 0.6606152972511944 0.042478802612111545 0.010362592898057877 0.009326333608252213
0.0 0.6818586126922133 0.061131469828615795 0.011398852187863896 0.01139885218786354
0.0 0.7090604190496154 0.05620923820203831 0.006735685383737788 0.011916981832766637
0.0 0.4865237365638209 0.0056915978240057894 0.006217555738834868 0.008290074318446371
0.0 0.5005132369761991 0.017090450011869505 0.010362592898058054 0.010362592898057698
0.0 0.6173514719018024 0.01812670930167535 0.008808203963349293 0.010362592898058054
0.0 0.6668328529900294 0.010613829450583267 0.008290074318446371 0.010880722542960797
0.0 0.6849673905616307 0.03082088560179628 0.00829007431844655 0.009844463253154957
0.0 0.630304713024375 0.0393700247426942 0.010880722542960974 0.009326333608252213
0.0 0.824862394685413 0.011650088740389109 0.009326333608252213 0.008808203963349115
0.0 0.8417016081447573 0.012945412852646498 0.00880820396334947 0.008290074318446727
0.0 0.9808194178011853 0.9510191349493429 0.010362592898057698 0.007771944673542919
0.0 0.9582807782479092 0.6963584144795684 0.008808203963349115 0.00621755573883469
0.0 0.9536176114437833 0.6510220705505647 0.010880722542960797 0.008808203963349115
0.0 0.93522400904973 0.560608447515009 0.008290074318446371 0.007253815028640887
0.0 0.9984407183965874 0.4067239429788483 0.003118563206824909 0.010362592898058054
0.0 0.918902925235289 0.43055790664438176 0.00984446325315531 0.008290074318446371
0.0 0.9683843063235157 0.3056886622227834 0.00621755573883469 0.007253815028640531
0.0 0.9777106399317678 0.17071588972557877 0.008290074318446371 0.010880722542960797
0.0 0.9178666659454832 0.0797841370451204 0.007771944673543629 0.011398852187863896
0.0 0.9665708525663556 0.026416783620121898 0.008808203963349115 0.007253815028640531
