0.0 0.9884007437271158 0.4194606239185382 0.008267361786067084 0.05924586568482144
0.0 0.9486714773662935 0.4114852189225058 0.0078080639090629235 0.06152455282654398
0.0 0.9344056853065567 0.0016200963918952612 0.007348766032059473 0.0032401927837905223
0.0 0.8188892705085774 0.3829686183572068 0.009277282973228296 0.05021108755066285
0.0 0.8085091682542753 0.04505539226977979 0.013072535098640259 0.057533537818471814
0.0 0.5737054005574045 0.5120266938815168 0.00799713545544165 0.0382587211157344
0.0 0.289322914375478 0.3674979382480047 0.009591092216646757 0.058779881163586685
0.0 0.027212174547028668 0.48383167448885744 0.008908006180492123 0.06512911903484578
0.0 0.041511868678870203 0.585014412989422 0.008439163749939383 0.06280307906931633
0.0 0.08206673892163323 0.517559253989045 0.009845691041595472 0.053498919207195
0.0 0.11418244541446043 0.400094235729769 0.008439163749943645 0.06512911903484225
0.0 0.1179331848588749 0.020942040519061223 0.014065272916565164 0.041884081038122446
0.0 0.15367794847149058 0.3503851094376775 0.008212410937801451 0.0674379214138619
0.0 0.24978160308052785 0.03263392342010817 0.007782290991560359 0.04987101203894344
0.0 0.24345849164988492 0.03343829458202707 0.006160980368319002 0.048262269715105645
0.0 0.19806179419911416 0.22568300228053076 0.010052125864099537 0.05630598133428757
0.0 0.2680741000992203 0.7452021967853165 0.011024912238043782 0.04343604274359578
