0.0 0.31673924165392897 0.8886812129016143 0.009760079886329542 0.01102314904808921
0.0 0.2848754514367955 0.9095792663052837 0.010334202232583856 0.009645255417078146
0.0 0.2355009296588948 0.8845475320085804 0.010334202232583856 0.01194174480209682
0.0 0.18583934670786695 0.8829399894390676 0.009760079886328654 0.012401042679100272
0.0 0.16800710663319585 0.7956008247109418 0.009185957540074341 0.010104553294081775
0.0 0.37515030242005576 0.7284397872075241 0.009415899962217367 0.012148839723845128
0.0 0.3357786971991037 0.6861979491453732 0.013070823336969184 0.010456658669574992
0.0 0.36845085774669206 0.5928070341923289 0.010357790073148188 0.010680032430978769
0.0 0.02361158813572173 0.8771921121376245 0.01159660371653537 0.01012067233443048
0.0 0.010636460317844154 0.8090814775043775 0.016340668873300324 0.011596603716535725
0.0 0.09863632860778138 0.4178866275800209 0.014895299834553732 0.009616614630027697
0.0 0.13323938625094778 0.353993755603352 0.013588694585909167 0.008780387270894963
0.0 0.10972049177533671 0.27005743443039076 0.016201905083199186 0.009825671469811326
0.0 0.3064770762894664 0.42584494151280106 0.01596671613844336 0.011686277343881812
0.0 0.19368294505327066 0.3508265444806362 0.02038304187886375 0.009512086210136416
0.0 0.34876392201495854 0.3638716912831089 0.013248977221261171 0.00951208621013606
0.0 0.3288904561830659 0.32296972057952295 0.01426812931520427 0.013045146802472374
0.0 0.3870732861799069 0.31111009940550416 0.01758801076963845 0.008839102848330782
0.0 0.23022727666961362 0.26384041217858345 0.010818136298620828 0.012153140352493352
0.0 0.27515749421062274 0.17880294742373123 0.013313454540850422 0.008555531442645047
0.0 0.1782481628801107 0.1598115831497129 0.014689372820588353 0.010772206735098423
0.0 0.2075044970811155 0.13787545307096724 0.011996321136813926 0.009988773518000116
0.0 0.27789107517977074 0.12171714296831944 0.01664795586333323 0.007050898953882623
0.0 0.20474259821803642 0.07791454510546494 0.014716912891787004 0.008830147735071847
0.0 0.20490983586453337 0.07296431076913698 0.006355030566907338 0.006421925625506475
0.0 0.3208913722570963 0.020618177841597786 0.017605225977093575 0.008542863752818519
