0.0 0.9425985303040886 0.9598115831497129 0.011751498256470682 0.010772206735098423
0.0 0.9660035976648924 0.9378754530709672 0.00959705690945114 0.009988773518000116
0.0 0.7804600399821421 0.9754390778744229 0.009657209824226954 0.007428622941712959
0.0 0.7728878831565652 0.9230992582945688 0.011142934412568906 0.0087286319565127
0.0 0.6212724818823187 0.8783383164017275 0.01278789145665371 0.009310482376335472
0.0 0.6684431726401943 0.826955923237785 0.01439498421099259 0.009160444497904763
0.0 0.9637940785744291 0.877914545105465 0.011773530313429603 0.008830147735071847
0.0 0.9639278686916267 0.8729643107691369 0.005084024453525871 0.006421925625506475
0.0 0.9513363820159274 0.7133099563164191 0.00816833120106324 0.009562924332952426
0.0 0.9829139550736983 0.6901995558451174 0.010758289874571147 0.008766013971873043
0.0 0.7446805517297989 0.7050036669872374 0.013537092568267184 0.009526102177669494
0.0 0.7696179166952735 0.6776066891115918 0.012785031870030394 0.008523354580019848
0.0 0.7946866066365083 0.5857299404769644 0.012785031870029684 0.008774041479432348
0.0 0.739284801866378 0.5614133112339661 0.010779536674731105 0.011280910473555927
0.0 0.8072209516071261 0.5671791099204502 0.011782284272381104 0.01027816287590646
0.0 0.8213847614239238 0.5574023208433683 0.012534344970617183 0.008774041479432348
0.0 0.8697673330105093 0.6049074882820095 0.012534344970615762 0.010027475976494138
0.0 0.8741543537502249 0.581969636985779 0.005765798686483947 0.011782284272380572
0.0 0.7353991549254871 0.5333363784997824 0.006517859384721447 0.011280910473555927
0.0 0.7594650972690726 0.5132814265467942 0.01604396156239076 0.011280910473555927
0.0 0.8760706306508037 0.549029356969557 0.013385348101067507 0.011023227847938345
0.0 0.8679235561343976 0.5142532634417638 0.013582191455495263 0.008857950949236049
0.0 0.960545405666523 0.5480653510556726 0.010598711557884855 0.009936292085516918
0.0 0.9441323868739147 0.5218761409804284 0.014131615410512666 0.010377905067095483
0.0 0.9946505236722254 0.6063428314387981 0.010698952655549121 0.01128102049493247
0.0 0.9866354447562298 0.5094919074438566 0.012716786739741793 0.009845254250122792
0.0 0.9716624539175008 0.49574957338639347 0.009435035323033959 0.008204378541769053
0.0 0.9573047914694058 0.49554446392284923 0.013127005666829917 0.008204378541769053
0.0 0.943562457411943 0.4809816920112091 0.013947443521007585 0.009435035323034312
0.0 0.9976361401337112 0.43941679210754386 0.00472771973257764 0.009291168928510628
0.0 0.9880259120360915 0.3910263685321767 0.014185838588885247 0.010422248759180608
0.0 0.9191232674615076 0.38335443541777975 0.013606824768930182 0.010132741849203519
0.0 0.9324405853204606 0.3418101938360455 0.011869783309067117 0.010422248759180786
0.0 0.9995696791007935 0.31704914873141465 0.0008606417984129422 0.010256585211101931
0.0 0.9935363936824982 0.14087721451719376 0.01292721263500347 0.008446599585613335
0.0 0.9962513721207312 0.15354711389561376 0.007497255758537591 0.009049928127442852
0.0 0.994893882901615 0.16214454561668448 0.010212234196769998 0.008748263856528115
0.0 0.9876761159068245 0.17933940905882576 0.00904992812744041 0.00995492094018684
0.0 0.9926535763769199 0.19728843317825423 0.009351592398357412 0.009653256669272348
0.0 0.9879777801777407 0.22926484589521898 0.008446599585612802 0.009653256669272369
0.0 0.9956480435789017 0.24962718418196536 0.008703912842196715 0.010558249482016713
0.0 0.9727437344965455 0.2488730235046785 0.011764906565674948 0.009653256669272369
0.0 0.9887319408550284 0.2941226641418927 0.009351592398358121 0.010256585211101931
0.0 0.9857152981458803 0.3016642709147618 0.01055824948201689 0.009049928127442897
0.0 0.694168742042726 0.5490348489887172 0.004905372156754595 0.0069492772220687725
0.0 0.6837448262096235 0.5490348489887171 0.011445868365760958 0.010219525326571421
0.0 0.6895699556457686 0.553429244879143 0.008788791780851568 0.006744886715537213
0.0 0.6999041747449446 0.5150640764592096 0.01001513482003986 0.009810744313508656
0.0 0.6599458307180484 0.48583623402521486 0.009401963300445714 0.008993182287383128
0.0 0.7069556472202777 0.465294988118806 0.008584401274320187 0.00756244874166292
0.0 0.721569568437275 0.4697915792624975 0.008788791780851568 0.010015134820040216
0.0 0.7210585921709466 0.4795001283227405 0.007766839248194657 0.006949277222068595
0.0 0.7319934842703784 0.42932225896927373 0.015329287989857221 0.01165025887229163
0.0 0.7032766181027117 0.38793318139665867 0.009401963300445714 0.009810744313508746
0.0 0.6945900215751262 0.391101234247896 0.008788791780850857 0.010423915833102981
0.0 0.6630116883160199 0.38783098614339295 0.00981074431350848 0.012467820898417336
0.0 0.7316868985105813 0.4078612557834734 0.013080992418012017 0.008788791780851568
0.0 0.617986610656564 0.40641645941724314 0.012530791925050976 0.012530791925050444
0.0 0.8275311603604895 0.4683106211097975 0.012450761135694677 0.010484851482689983
0.0 0.8276949861649072 0.44373675044724303 0.015071974006366418 0.008518941829685645
0.0 0.7902607898556152 0.44201657950086426 0.006389206372264056 0.005733903154596121
0.0 0.7687176965747764 0.44086979886994504 0.014089019179864692 0.008355116025268571
0.0 0.7626398278493717 0.38072795987916636 0.012439780215380124 0.009047112883912778
0.0 0.7552890486311916 0.3651782346099412 0.011874335660135672 0.009612557439157409
0.0 0.7137706038711368 0.3498789081157395 0.011543898323797208 0.011337757282300931
0.0 0.717275001576575 0.33483061208650367 0.010719334157811743 0.010100911033322734
0.0 0.7505667797782408 0.3343152594827627 0.008864064784344806 0.009482487908833548
0.0 0.7686041209091741 0.3387472918749349 0.012780744572776115 0.010100911033322734
0.0 0.7783958203802523 0.34019027916540956 0.007214936452373877 0.00886406478434445
0.0 0.7417027149938967 0.32885252188310854 0.010100911033323001 0.008864064784344362
0.0 0.7442794780126011 0.3219467969929798 0.009482487908833548 0.007008795410876978
0.0 0.8544580919347254 0.3887381897825596 0.012024274661789746 0.011099330457036682
0.0 0.8884497914594004 0.3861945932194886 0.009249442047530466 0.009711914149907219
0.0 0.8610452927967145 0.3606126218281008 0.011099330457036417 0.007630789689212758
0.0 0.8684448464347387 0.35483172054839407 0.010174386252283795 0.006705845484459694
0.0 0.8560737176961666 0.33367362186466776 0.01364292702010772 0.010174386252283707
0.0 0.868097992357956 0.30407540731256977 0.009480678098718442 0.010174386252283707
0.0 0.8427776447528412 0.265227750712941 0.011099330457036417 0.010174386252283707
0.0 0.851795850749183 0.2804893300913664 0.00786202574040189 0.008786969945154066
0.0 0.8551487734914136 0.2766739352467602 0.005780901279706541 0.005318429177330141
0.0 0.887637438683365 0.2690431455575475 0.011561802559413793 0.01040562230347195
0.0 0.9150389107491748 0.286963939524638 0.010868094405848438 0.010636858354660194
0.0 0.9262538592318055 0.2649965146617528 0.009249442047530466 0.0129492188665429
0.0 0.8257817949905043 0.23562953616084298 0.010868094405848438 0.011561802559413258
0.0 0.8713352970745923 0.21227469499082813 0.015030343327237716 0.010174386252283707
0.0 0.8756131640215752 0.19146345038388418 0.012486746764166412 0.00878696994515411
0.0 0.8434713529064066 0.1795547937476885 0.014336635173672363 0.007630789689212802
0.0 0.8307533700910519 0.16833984526505763 0.009249442047530466 0.011561802559413303
0.0 0.8114451598168315 0.16614310277876912 0.012255510712977724 0.009480678098718932
0.0 0.7931775117729586 0.16498692252282773 0.010405622303472483 0.007630789689212758
0.0 0.7965304345151882 0.20348772504567406 0.007399553638024514 0.009711914149907196
0.0 0.8776942884822692 0.17862984954293543 0.00971191414990713 0.009018205996342354
0.0 0.888562382888118 0.1873012014624954 0.00878696994515451 0.012486746764166367
0.0 0.9007022755755021 0.18915108987200152 0.008555733893965823 0.00878696994515411
0.0 0.9119172240581328 0.19666626153562014 0.008324497842777135 0.007630789689212758
0.0 0.9163107090307104 0.20938424435097489 0.010174386252283795 0.007630789689212758
0.0 0.919894867824128 0.21539638168186975 0.012255510712978434 0.008555733893965823
0.0 0.9223228463616053 0.2240677336014297 0.014799107276049028 0.010174386252283795
0.0 0.9553597836504035 0.28794190073265025 0.010952487836242853 0.010245875717775377
0.0 0.948926564341059 0.267099380780628 0.013072324191644214 0.010599181777009026
0.0 0.9404472189194522 0.22664583699837682 0.009539263599307901 0.009539263599308168
0.0 0.9505764866904691 0.21826265331130656 0.009277670404580362 0.008906563588397365
0.0 0.959483050278866 0.21566490559802404 0.00878286131633672 0.008659159044275189
0.0 0.9797490326976778 0.19984102051466582 0.011256906757558482 0.012988738566412828
0.0 0.9565548566862265 0.19365590691161208 0.012865036294351739 0.0102672885810692
0.0 0.9631110771054633 0.17899718767237474 0.010143586309008157 0.008659159044275232
0.0 0.9549467271494322 0.17466760815023719 0.0076695408677863956 0.009153968132519452
0.0 0.9481431021860736 0.17213171157298515 0.008411754500153279 0.010019884036947025
0.0 0.9557507919178295 0.1426287196864189 0.012246524934045766 0.011628013573740992
0.0 0.6313519673289839 0.28344800103642653 0.010714006470310266 0.011653831599284814
0.0 0.6136641087867328 0.20854719611945996 0.00977418134133572 0.008834356212360995
0.0 0.6102807383224246 0.2170996047931287 0.00902232123815594 0.011277901547695013
0.0 0.6326485763920197 0.21484402448358972 0.013909411908824155 0.012405691702464505
0.0 0.6531367642036656 0.21484402448358972 0.010150111392925255 0.011653831599284814
0.0 0.6655424559061303 0.2251821009023101 0.013533481857233909 0.010526041444515322
0.0 0.7031354610651132 0.22179873043800163 0.00676674092861731 0.011277901547694924
0.0 0.5820760181320697 0.1858195945944721 0.009253942172657048 0.010650763632680827
0.0 0.5482030977264944 0.18468467715820275 0.010999968997686693 0.00838092876014227
0.0 0.552131658082811 0.1706291612167141 0.008031723395136225 0.009603147537663004
0.0 0.5571951358753967 0.17377200950176752 0.008730134125148226 0.008904736807651182
0.0 0.5622796201167158 0.15225353914258527 0.010126955585171515 0.009428544855160093
0.0 0.5717954663131266 0.14788847208001116 0.008555531442645047 0.007682518030130448
0.0 0.5889938305396661 0.15365036060260892 0.009777750220163028 0.008380928760142181
0.0 0.6058429894012051 0.16901539666286985 0.008555531442645047 0.010825366315183781
0.0 0.579041477637 0.16657095910782835 0.00977775022016587 0.009428544855160093
0.0 0.5989988634933315 0.15716769441871764 0.005895334958663056 0.009597056909451318
0.0 0.647067128801261 0.16782156281752653 0.006766806923835134 0.00645922479093386
0.0 0.6708937846446765 0.26228095238879584 0.012999420488267077 0.011103671667061476
0.0 0.6666385370114941 0.3048093283238469 0.015436811829817288 0.012186956707750518
0.0 0.5615598880646686 0.29411188854704373 0.011645314187406086 0.01083285040688926
0.0 0.691689503577426 0.29614304799833546 0.010291207886545094 0.011645314187405997
0.0 0.6923665567278562 0.2840915019206712 0.009478744106027647 0.012999420488267166
0.0 0.7042826921754344 0.2811124680587766 0.010020386626372613 0.011916135447578214
0.0 0.7309837635828579 0.3264422553214917 0.010452841989160789 0.011498126188076796
0.0 0.7784396662136477 0.29435203041476804 0.007526046232195683 0.011289069348293611
0.0 0.7681958810642705 0.29382938831531 0.011707183027860424 0.012334353547209709
0.0 0.745931327627358 0.2491957530215934 0.012334353547210242 0.011289069348293611
0.0 0.7272207404667597 0.2436557467673382 0.012961524066558639 0.012752467226776166
0.0 0.7592064369535919 0.2096840103025656 0.012125296707426259 0.009616614630027965
0.0 0.7286841383452426 0.1966179578161146 0.013797751425691729 0.010243785149377604
0.0 0.7418547192515849 0.22107760807075083 0.010870955668727334 0.00815321675154541
0.0 0.7395550940139699 0.22818554062338015 0.011289069348293879 0.008571330431111867
0.0 0.7638056874288246 0.19055530946240115 0.013379637746128025 0.009825671469810837
0.0 0.7840842008877942 0.1963043725564398 0.012125296707426259 0.009198500950461508
0.0 0.7847113714071436 0.20978853872245717 0.012125296707426259 0.009825671469811148
0.0 0.7824117461695288 0.16985868232386292 0.013379637746125184 0.010661898828943972
0.0 0.7508441633622635 0.1682907560254888 0.011707183027860424 0.009616614630027876
0.0 0.7555479422573853 0.17487604647866012 0.013170580906342622 0.011080012508510428
0.0 0.7665234263460043 0.17707114329638388 0.010034728309594242 0.009616614630027965
0.0 0.7319245193618823 0.164527732909391 0.00898944411067788 0.007944159911762182
0.0 0.7173950689969487 0.16505037500884895 0.008780387270895317 0.007735103071978999
0.0 0.7234577173506622 0.16954509706418813 0.012961524066559349 0.008362273591328639
0.0 0.7109023294022385 0.2124623960066579 0.007932119577384355 0.006515669652851841
0.0 0.7189052714758499 0.21572023083308375 0.009206924509464188 0.007365539607571669
0.0 0.3463221380726914 0.6873419465597822 0.00878806094004574 0.011644180745560995
0.0 0.2876441039899696 0.5758188618247091 0.009729638897908188 0.01035735753648286
0.0 0.32766116719910804 0.5789574550175827 0.012554372771494116 0.009729638897908188
0.0 0.399848810635201 0.5922964760872954 0.0075326236628967536 0.011298935494344953
0.0 0.5159116623455485 0.6439541973287022 0.014082705528956296 0.008666280325511266
0.0 0.465824572593786 0.5711620377032374 0.01462434804930055 0.008666280325511444
0.0 0.4497107076135379 0.5620895254874676 0.01218695670775034 0.011103671667061476
0.0 0.4972398387737648 0.5287785104862831 0.012999420488267077 0.00839545906533914
0.0 0.5132182931239267 0.4965507805257875 0.011916135447577858 0.012728599228094772
0.0 0.5496437526170915 0.5457048392470475 0.010020386626372613 0.009749565366200308
0.0 0.5600790336878809 0.5151872656437828 0.010785452705539456 0.010246180070262234
0.0 0.26385094364377293 0.5110690102596053 0.010703209375844836 0.011114871274915394
0.0 0.26873919083251574 0.47011788873900945 0.010703209375844836 0.011938195073057045
0.0 0.27676659786439933 0.4340974725703024 0.0102915474767741 0.009056561779560646
0.0 0.2773840907130058 0.4248350798412063 0.008233237981418284 0.009879885577702474
0.0 0.3079499867190226 0.3667907520722043 0.012967349820734598 0.009056561779560646
0.0 0.24146659001906662 0.3062764529087767 0.010497378426308757 0.008644899880489642
0.0 0.24897941967711076 0.28085633064114635 0.012349856972127782 0.010909040325379848
0.0 0.3066791613728171 0.32098824183902513 0.010001153684245877 0.0110306842105655
0.0 0.32408337596645287 0.3618942179475739 0.012490993584346199 0.011515134710569086
0.0 0.3435205330143436 0.31686137631540334 0.012490993584346199 0.010344104062036586
0.0 0.2399220659095267 0.23995530236066137 0.009838575330154952 0.012199833409392458
0.0 0.19663233445684405 0.2604195390473841 0.008264403277330246 0.01219983340939237
0.0 0.25496499274745654 0.23868383750956462 0.008264403277330246 0.011412747382980015
0.0 0.2210034129489479 0.18318386468815312 0.010210264794152834 0.006269460838514851
0.0 0.22064515804388982 0.18864725199028748 0.006269460838515073 0.007165098101159906
0.0 0.2122324372358655 0.14786971206268726 0.005015568670811632 0.010568519699210865
0.0 0.20748555974384714 0.12485183441271111 0.009493754984036684 0.007881607911275878
0.0 0.21599411373897476 0.1263744177592076 0.009672882436566254 0.009135500078978832
0.0 0.22396528537651506 0.14661581989498426 0.006985970648631224 0.012718049129558828
0.0 0.2180540794430584 0.14715320225257128 0.006627715743572793 0.0073442255536888545
0.0 0.244654506143614 0.15655739351034365 0.008956372626450104 0.012538921677029791
0.0 0.2490693413823152 0.18224237411467098 0.007813152751005248 0.011549877979746225
0.0 0.2698761068605343 0.19472643340160256 0.009002110778331485 0.010360919952419367
0.0 0.29161705364593865 0.19090478259948065 0.009002110778331485 0.010530771099180347
0.0 0.3960160427101638 0.46264391166995755 0.008335185072174766 0.009525925796770984
0.0 0.5466447443716035 0.4144189123238048 0.008732098647040231 0.010716666521367203
0.0 0.36165206452152177 0.3695034797781362 0.008653361539219872 0.007802211223886602
0.0 0.3650566657828541 0.3797882127550777 0.007234777680331916 0.010213803783997121
0.0 0.40821823983548955 0.3654981312426191 0.010923095713441456 0.01149052925699685
0.0 0.403749700679991 0.3468437534982355 0.011632387642885789 0.007944069609775539
0.0 0.38055585458716407 0.3387578255025711 0.009220795082775624 0.006525485750886961
0.0 0.42474474179154065 0.3456379572181803 0.009646370240441371 0.008369644767441998
0.0 0.43845404064900995 0.38165426313783835 0.010870955668727334 0.01254341038699298
0.0 0.47154422541188656 0.3733755158528236 0.01296152406656006 0.008362273591328595
0.0 0.4660042191576313 0.3509019055761279 0.0081532167515455 0.01066189882894406
0.0 0.4440532509803937 0.32727848268062454 0.011080012508510605 0.01358869458590899
0.0 0.46140496868240033 0.32184300484626094 0.011080012508510605 0.00982567146981106
0.0 0.47792045902527464 0.3121218617963414 0.009407557790244426 0.009616614630027876
0.0 0.4129037818526946 0.3053275145033868 0.00982567146981168 0.008989444110678235
0.0 0.40788641769789713 0.29936939456956513 0.011080012508510605 0.006689818873062947
0.0 0.4149943502505266 0.29487467251422605 0.011498126188077152 0.0081532167515455
0.0 0.4217886975434812 0.28212220528744986 0.011707183027860424 0.009825671469811148
0.0 0.47342573696993534 0.29121617781801973 0.009616614630027697 0.009616614630027965
0.0 0.4783385727048408 0.27501427273482054 0.007735103071978955 0.012752467226776254
0.0 0.44342608046104387 0.2549448161156318 0.00898944411067859 0.011498126188076885
0.0 0.4794883853236488 0.24281951940820531 0.010034728309594242 0.010243785149377604
0.0 0.43725890368743914 0.22714025642446414 0.008780387270895317 0.011916239867643341
0.0 0.4198026575655408 0.22389987540782424 0.011498126188077152 0.009616614630027876
0.0 0.3923116831340476 0.19891758305372997 0.009616614630028409 0.011080012508510451
0.0 0.3958656494103622 0.18261114955063906 0.008780387270894608 0.010661898828944017
0.0 0.3853082790013101 0.16201905083199236 0.00898944411067859 0.010034728309594376
0.0 0.4084090597973553 0.17257642124104475 0.009198500950461153 0.010661898828943972
0.0 0.43307776689177474 0.13160128064353444 0.008362273591328772 0.00898944411067828
0.0 0.44551664885887626 0.14916205518532458 0.00982567146981097 0.006898875712846131
0.0 0.4363181479084147 0.15271602146163926 0.011916239867642986 0.008571330431111867
0.0 0.4398721141847293 0.15846508455567765 0.00982567146981097 0.008362273591328639
0.0 0.43966305734494604 0.17790737065551676 0.01066189882894406 0.012961524066559394
0.0 0.44969778565453994 0.1943183325784992 0.010243785149377516 0.011080012508510428
0.0 0.4489660867152992 0.23121686480023684 0.009198500950461864 0.011707183027860068
0.0 0.4811608400419146 0.16316886345080006 0.009616614630027697 0.013170580906342622
0.0 0.5413261756889416 0.3279277017196892 0.00957520148984301 0.013165902048534406
0.0 0.5238462264323754 0.2854737387904856 0.008468753909441063 0.010121193696649388
0.0 0.5252441213229642 0.25788388429115766 0.008262198936039767 0.010947413590253419
0.0 0.5353653150196134 0.19932554933197205 0.008675308882842358 0.014045738191268486
0.0 0.499528027134539 0.18052904675248044 0.00557698428182718 0.009914638723248404
0.0 0.4930215454724074 0.17515861744405423 0.008675308882843069 0.006609759148832284
0.0 0.510475440724792 0.15140479550293837 0.011360523537055656 0.012393298404060449
0.0 0.5233851265623553 0.15687850229806505 0.010740858616852478 0.013839183217867479
0.0 0.35791735869106456 0.2830146084331659 0.008914806748953907 0.011279959559900821
0.0 0.3666502306084077 0.2855616960757242 0.008550937085730936 0.0087328719173426
0.0 0.3668321654400188 0.2981151994569041 0.007823197759286415 0.0047303056218939155
0.0 0.3698340901616053 0.3017538960891303 0.006913523601230054 0.005094175285116531
0.0 0.325503504248206 0.20871688921218903 0.009105243673273833 0.008634282793622106
0.0 0.31611144094430904 0.1519406941406924 0.009144086561300923 0.009569392912989727
0.0 0.36857362438598323 0.15641066083310645 0.010275610317327022 0.0104591033587079
0.0 0.37398666910671813 0.16228243815729335 0.007156228613852278 0.008991159027661188
0.0 0.35741997399299485 0.2678489200077535 0.010620857638639337 0.012237075105389295
0.0 0.37150415477466725 0.2377180086633517 0.010159081219568123 0.00877375196235448
0.0 0.17339209146934884 0.15522058464281066 0.00648076203328003 0.007316989392412587
0.0 0.17757322826501323 0.15783379514010082 0.005644534674146939 0.009198500950461508
0.0 0.15739924322593274 0.16807758028947842 0.012125296707426968 0.010034728309594376
0.0 0.14015205394381808 0.14811265209018126 0.01233435354720953 0.008989444110678323
0.0 0.11864266239160237 0.1251778966809088 0.01336688818492462 0.010318299651520712
0.0 0.13112927335286137 0.1949924127327153 0.009380272410473367 0.01242886094387725
0.0 0.14249403804151406 0.38914121326267315 0.016677196913654057 0.011562856526800048
0.0 0.12253125052525923 0.2991474896122527 0.009727863739450981 0.008730134125148226
0.0 0.12090993990201718 0.2863017208281059 0.009478431335875115 0.01047616095017787
0.0 0.10884930139024078 0.24294624538801618 0.01129893549434513 0.015379106645080664
0.0 0.09656655040782276 0.19882987876854236 0.012868232090781362 0.010985076175057618
0.0 0.11885056207722541 0.15457571474902468 0.01035735753648268 0.007846482982183956
0.0 0.05419554230402923 0.12554372771494388 0.01035735753648268 0.010043498217195523
0.0 0.02955758573997187 0.17136718833089842 0.00941577957862023 0.013182091410069097
0.0 0.0640821108615814 0.16399149432764545 0.00878806094004574 0.011612794813632333
0.0 0.0585895727740521 0.19255269238279524 0.008474201620759203 0.013495950729356433
0.0 0.06565140745801798 0.2669373510538995 0.008160342301471247 0.014123669367931236
0.0 0.07318403112091439 0.27242988914142824 0.010043498217195435 0.010043498217195523
0.0 0.07867656920844332 0.34289130632144055 0.008474201620758492 0.012240513452207136
0.0 0.00467232296976281 0.2251701963265445 0.00934464593952562 0.008248746182234257
0.0 0.01638062525069799 0.42308410582258327 0.012372890178401975 0.0089359762399571
0.0 0.011568945736874881 0.47326304932388086 0.007561210664579221 0.011685507390713034
0.0 0.06432557469200617 0.4856359395022829 0.007904902058423601 0.011685507390713034
0.0 0.35967553233767335 0.5285481838179962 0.014722142943060845 0.010282131579280752
0.0 0.24202995637828054 0.5738385386696842 0.010257261013188667 0.010495801966984075
0.0 0.21841440195256717 0.5485531975674044 0.0059635238448770165 0.007633310521442916
0.0 0.17605183495469562 0.5545136929879594 0.012345349274333017 0.009812969936008465
0.0 0.24885774093153296 0.6263699567129246 0.012345349274333017 0.010446064770589736
0.0 0.13543606476549144 0.8258611472417883 0.008083621583222822 0.0072415776683037334
0.0 0.03361971759559594 0.5694340317443309 0.009193348976150872 0.009992770626250902
0.0 0.07838411748780416 0.9836560279052643 0.010719456006840744 0.01184781979703473
0.0 0.2923424258267815 0.1290113646314156 0.010243785149377516 0.012125296707426524
0.0 0.32464170757328825 0.13089287618946457 0.006689818873062592 0.011707183027860113
0.0 0.3830269340197002 0.3469929414611554 0.016253904529008878 0.005026980782167634
