0.0 0.5254114380023223 0.9361733557929568 0.0081223772654468 0.00741608359018997
0.0 0.6465408033087623 0.8249321019401034 0.007416083590190681 0.0081223772654468
0.0 0.5162296202239915 0.7151034354377627 0.00670978991493385 0.008828670940702565
0.0 0.5331806684301406 0.7742555307404706 0.004590908889165491 0.003531468376280955
0.0 0.4397219734934657 0.7052883953898009 0.004590908889165491 0.006003496239678085
0.0 0.4406048405875357 0.7118216118859207 0.00494405572679355 0.00353146837628131
0.0 0.6290086784621302 0.4319527430656471 0.0060034962396777304 0.007416083590190326
0.0 0.946122753036623 0.4402159571765402 0.009331614152887368 0.0079985264167604
0.0 0.9570096362149911 0.46043445450779535 0.0079985264167604 0.006665438680633784
0.0 0.7837082305185199 0.08383716905200238 0.008887251574178023 0.007998526416760044
