0.0 0.39115941323988007 0.9850156985516632 0.004554985889256358 0.006832478833884536
0.0 0.397137832219529 0.916975596830898 0.007401852070041359 0.007401852070041315
0.0 0.5750669685186011 0.8298614916988722 0.006832478833884359 0.009679345014669494
0.0 0.6636045067410192 0.835839910678521 0.007401852070041315 0.005693732361570269
0.0 0.6971975276742841 0.9013178328365796 0.008540598542355404 0.007971225306198449
0.0 0.5799066410259359 0.9633795155776961 0.006263105597727403 0.005693732361570269
0.0 0.28155506527965174 0.8825285160433974 0.007401852070041404 0.006832478833884182
0.0 0.7453095661295532 0.7558429709984582 0.005693732361570269 0.009679345014669494
0.0 0.2974975158439493 0.586169739606447 0.006263105597727403 0.007401852070041315
0.0 0.44126425802169883 0.5107277928328566 0.006832478833884359 0.003416239416942091
0.0 0.5579857714338902 0.539196454640708 0.005693732361570269 0.00797122530619827
0.0 0.535780215223766 0.6194780809388494 0.006832478833884359 0.00455498588925618
0.0 0.6283033660992834 0.706592186070875 0.006263105597727403 0.006832478833884536
0.0 0.6525017286359571 0.7008984537093048 0.005693732361570269 0.010248718250826627
0.0 0.7484411190246156 0.6869488000671693 0.005124359125413314 0.007401852070041315
0.0 0.7609673301719712 0.44781203854214446 0.006263105597727403 0.006263105597727403
0.0 0.22347899519163456 0.6334277252246967 0.005124359125413314 0.003985612653099224
0.0 0.30290656163554036 0.38091069498905344 0.005693732361570269 0.00797122530619836
0.0 0.4247524341731449 0.49108441618543885 0.01024871825082645 0.006263105597727225
0.0 0.47144103953802147 0.45777608187025265 0.004554985889256358 0.006832478833884359
0.0 0.4478120502375047 0.4589148283425667 0.009679345014669494 0.009109971778512537
0.0 0.5508686059819273 0.39998469840031403 0.005124359125413314 0.007401852070041315
0.0 0.5719354157197373 0.5067421801797573 0.008540598542355404 0.005693732361570269
0.0 0.7424626999487679 0.24198362536673806 0.005693732361570269 0.006832478833884359
0.0 0.7723547948470122 0.2710216604107466 0.006263105597727403 0.005693732361570269
0.0 0.7956990975294504 0.2957893961835774 0.006263105597727403 0.007401852070041404
0.0 0.6974822142923627 0.30290656163554036 0.009109971778512537 0.006832478833884448
0.0 0.8261605656638515 0.4606229480510378 0.006832478833884182 0.00797122530619827
0.0 0.8187587135938103 0.40909467017882656 0.006832478833884182 0.007401852070041492
0.0 0.8808203963349266 0.40795592370651246 0.010248718250826627 0.005124359125413314
0.0 0.8993250265100301 0.3922981597121941 0.005124359125413491 0.0045549858892562686
0.0 0.9044493856354434 0.5930022161012598 0.006263105597727403 0.006263105597727225
0.0 0.8765500970637488 0.5716507291016587 0.005124359125413491 0.0056937323615700915
0.0 0.8509283014366826 0.5038953139989721 0.007401852070041315 0.003416239416942268
0.0 0.9545542304172621 0.5261008702090965 0.005124359125413136 0.004554985889256358
0.0 0.9685038747031094 0.4805510113165338 0.004554985889256358 0.006832478833884359
0.0 0.9636642021957744 0.4606229480510378 0.005124359125413491 0.004554985889256358
0.0 0.924092762282861 0.4765653986634347 0.010248718250826627 0.005693732361570447
0.0 0.975051666918915 0.40710186385227703 0.006263105597727403 0.005693732361570269
0.0 0.9753363535369935 0.37834851542634695 0.006832478833884536 0.006263105597727403
0.0 0.8651626323406083 0.21835463606622127 0.005124359125413136 0.006263105597727314
0.0 0.90701156519815 0.1913094073487623 0.005693732361570269 0.0045549858892562686
0.0 0.8324236714058773 0.8389714541210967 0.009109971778512716 0.006263105597727403
0.0 0.860038273215195 0.8093640551972191 0.009679345014669494 0.007401852070041315
0.0 0.9733435472104441 0.7851656926605454 0.008540598542355582 0.006832478833884359
0.0 0.8759807238275918 0.9209612094839972 0.007401852070041315 0.006263105597727403
0.0 0.9835922654612705 0.8429570761304838 0.007401852070041315 0.00740185207004167
0.0 0.9878625647324482 0.8976169068015588 0.007971225306198449 0.008540598542355227
