0.0 0.017136164415362566 0.835468097459526 0.008580904829182856 0.0093609870863812
0.0 0.07895768329833874 0.8760323748338443 0.005850616928988117 0.0093609870863812
0.0 0.06823155226185999 0.9099659530219764 0.004680493543190422 0.010141069343579546
0.0 0.11991200180125663 0.8824680534557316 0.005070534671789773 0.007410781443385162
0.0 0.013820814822269333 0.9988626034784003 0.007410781443385162 0.0022747930431993523
0.0 0.00933534184337823 0.621335517858555 0.007020740314785811 0.007020740314785989
0.0 0.013820814822269156 0.6137297158508702 0.006630699186186817 0.007410781443385162
0.0 0.023376822472950032 0.6847172012559278 0.007020740314785811 0.008970945957782028
0.0 0.004459827735887956 0.7297669516091376 0.007410781443385162 0.007800822571984512
0.0 0.018891349494059108 0.742053247160013 0.008190863700583506 0.007410781443385162
0.0 0.09670455464960295 0.47760536196974296 0.007800822571984512 0.006630699186186817
0.0 0.04736435188180188 0.5702401300120573 0.004290452414591428 0.0093609870863812
0.0 0.09046389659201548 0.4446468866031089 0.004680493543190422 0.007020740314785811
0.0 0.19422630618982967 0.9633187911424095 0.008712185449608612 0.008297319475817489
0.0 0.3406739949380084 0.9595849973782917 0.007882453502026366 0.007467587528235597
0.0 0.3551943040206888 0.9614518942603507 0.007882453502026366 0.008712185449608612
0.0 0.3668105512868333 0.9241139566191722 0.00788245350202672 0.004563525711699512
0.0 0.16311135815551428 0.872463142882208 0.009541917397190148 0.007467587528235597
0.0 0.1902850794388163 0.8573205348388413 0.010786515318562806 0.007052721554445185
0.0 0.2361277695427079 0.8141744735645904 0.009541917397189792 0.005393257659281403
0.0 0.2722211092625141 0.7934311748750467 0.00705272155444483 0.011201381292353573
0.0 0.31640433547124225 0.8782712665152804 0.009127051423399025 0.009956783370980915
0.0 0.3442003557152308 0.9129125753268184 0.006637855580654062 0.007052721554445185
0.0 0.2676575835508144 0.9127051423399231 0.006222989606862938 0.007467587528235597
0.0 0.45165064292706736 0.8797232974235485 0.008297319475817844 0.008712185449608256
0.0 0.3605875616799702 0.8019359273377595 0.009541917397189792 0.009127051423399379
0.0 0.3921173756880766 0.7998615974688053 0.007882453502026366 0.006637855580653884
0.0 0.4672081169442251 0.8116852777218451 0.005393257659281403 0.008712185449608612
0.0 0.4674155499311201 0.7896973811109287 0.007467587528235597 0.009541917397190148
0.0 0.42240259177481043 0.7038201245362178 0.007882453502026366 0.009541917397189969
0.0 0.4396195296871316 0.6169057030270296 0.007467587528235597 0.008297319475817489
0.0 0.4479168491629492 0.6565254035240582 0.006637855580654062 0.011201381292353573
0.0 0.43318910709337305 0.7332756086753699 0.006222989606863294 0.008712185449608256
0.0 0.4645114881145842 0.6778910011742881 0.006637855580654062 0.009127051423399202
0.0 0.4717716426559246 0.7187552995926894 0.0037337937641179764 0.005393257659281225
0.0 0.176801935290613 0.6295591152276513 0.006222989606863294 0.008712185449608256
0.0 0.18966278047813034 0.6278996513324878 0.010371649344772037 0.008712185449608256
0.0 0.24712171784816625 0.616075971079448 0.010786515318562806 0.008297319475817489
0.0 0.2659981196556508 0.6106827134201667 0.007052721554445185 0.005808123633072348
0.0 0.3095590469036926 0.6364044037952008 0.00705272155444483 0.005808123633072171
0.0 0.25085551161228387 0.6722903105281114 0.007467587528235597 0.006222989606863116
0.0 0.21102837812836003 0.6700085476722616 0.005808123633072171 0.004978391685490457
0.0 0.18717358463538486 0.7102505471299765 0.00788245350202672 0.007467587528235597
0.0 0.1940188732029343 0.732860742701579 0.005808123633072171 0.01037164934477186
0.0 0.21559190384005972 0.7581675671028225 0.008297319475817489 0.010371649344771684
0.0 0.23799466642476688 0.7544337733387044 0.008297319475817133 0.00788245350202672
0.0 0.25189267654676134 0.7492479486663185 0.00788245350202672 0.007467587528235953
0.0 0.2595676970618923 0.7791182987792614 0.008297319475817489 0.008297319475817489
0.0 0.31474487157607867 0.7415729281511874 0.007467587528235953 0.008712185449608435
0.0 0.2790663978300634 0.7079687842741266 0.012445979213726232 0.011201381292353573
0.0 0.19630063605878406 0.46153839584234746 0.009541917397190148 0.009541917397189969
0.0 0.1629039251686189 0.48829725115185874 0.009127051423399025 0.006637855580654062
0.0 0.27927383081695895 0.5326879103474823 0.006222989606862938 0.007467587528235775
0.0 0.28591168639761283 0.5082108178938208 0.007052721554445185 0.006637855580654062
0.0 0.31308540768091503 0.4692134163574785 0.009127051423399379 0.009127051423399202
0.0 0.3425408918200672 0.4681762514230014 0.007467587528235597 0.011201381292353573
0.0 0.3580983658372249 0.4802073646629368 0.00788245350202672 0.007052721554445007
0.0 0.37469300478885986 0.5241831578847693 0.005393257659281403 0.00788245350202672
0.0 0.43028504527683714 0.5177527352910107 0.008712185449608256 0.007467587528235775
0.0 0.4410715605953996 0.5550906729321895 0.005393257659281403 0.008297319475817489
0.0 0.46866014785249294 0.5584096007225166 0.007467587528235597 0.01161624726614452
0.0 0.48193585901380087 0.6515700590690071 0.005808123633072171 0.007928547962905519
0.0 0.236542635516499 0.5569575698142485 0.00705272155444483 0.007882453502026543
0.0 0.331546943514609 0.5839238581106552 0.007882453502026366 0.006222989606863116
0.0 0.3549868710337932 0.548660250338431 0.006637855580654062 0.007882453502026543
0.0 0.37407070582817353 0.5565427038404576 0.0049783916854902795 0.005393257659281403
0.0 0.38402748919915464 0.5691961160410792 0.006637855580654062 0.006637855580654062
0.0 0.4336039730671642 0.49223847790287206 0.007052721554445185 0.007882453502026543
0.0 0.43132221021131445 0.4843560244008455 0.009127051423399025 0.00788245350202672
0.0 0.4537249727960214 0.4507518805237846 0.005808123633072526 0.007882453502026543
0.0 0.4367154678705957 0.47771816882019147 0.004978391685490635 0.005393257659281403
0.0 0.4416938595560859 0.4949351067325127 0.005808123633072526 0.008297319475817489
0.0 0.6431920858718222 0.9977791483844249 0.012536339820363196 0.004441703231149852
0.0 0.6697777720425927 0.9590299962577917 0.006916601280200396 0.00907803918026282
0.0 0.7516962684549664 0.957733133517754 0.010807189500313185 0.007348888860213165
0.0 0.779146529785762 0.9821573817884619 0.006916601280200396 0.007781176440225579
0.0 0.4862716943272748 0.9376317610471716 0.010807189500313185 0.006916601280200396
0.0 0.5089667922779324 0.9304990159769648 0.007781176440225223 0.0056197385401628
0.0 0.5813749619300308 0.8271822843539709 0.008213464020237992 0.007348888860213165
0.0 0.6600513014923111 0.8304244412040648 0.010807189500313185 0.008645751600250407
0.0 0.7415375103246722 0.8922415651458561 0.011239477080325955 0.0060520261201755686
0.0 0.7190585561640208 0.8185365327537204 0.009510326760275944 0.008213464020237992
0.0 0.7171132620539644 0.7861149642527807 0.008213464020238348 0.0064843137001879825
0.0 0.788224568966025 0.846851369244541 0.007781176440225935 0.007781176440225579
0.0 0.8161071178768335 0.8315051601540961 0.008213464020237638 0.007348888860213165
0.0 0.7603420200552172 0.7789822191825742 0.007348888860213165 0.006916601280200396
0.0 0.6773428046928119 0.7437507814115532 0.010807189500313185 0.008213464020237992
0.0 0.6364916283816278 0.6516735268688847 0.007781176440225579 0.009078039180263175
0.0 0.5729453541197866 0.5669451611864295 0.009510326760275589 0.007348888860212987
0.0 0.5824556808800624 0.5905048342971122 0.010374901920300772 0.008645751600250584
0.0 0.6055830664107322 0.5790492134267803 0.009078039180263175 0.008213464020237992
0.0 0.6626450269723859 0.6722071869194799 0.008213464020237992 0.009510326760275589
0.0 0.7441312358047476 0.6957668600301627 0.009510326760275944 0.008213464020237992
0.0 0.7992479022563446 0.7446153565715781 0.012536339820363552 0.009078039180263175
0.0 0.8154586865068147 0.7977867289131191 0.007781176440225579 0.009078039180262999
0.0 0.7199231313240457 0.7364018925513403 0.009510326760275589 0.008213464020237992
0.0 0.7456442423347912 0.6620484287891855 0.009078039180263175 0.009942614340288003
0.0 0.7705007781855115 0.637840324308484 0.009510326760275589 0.006484313700187805
0.0 0.7065222163436579 0.5790492134267803 0.008645751600250407 0.007348888860212987
0.0 0.7521285560349791 0.5924501284071686 0.008213464020237992 0.007348888860212987
0.0 0.8074613662765827 0.5905048342971122 0.009078039180263175 0.010374901920300595
0.0 0.8130811048167456 0.6843112391598306 0.008213464020237638 0.007781176440225579
0.0 0.48605555053726873 0.4882688216241496 0.009510326760275589 0.008213464020237992
0.0 0.5344717594986717 0.44741764531296574 0.006916601280200396 0.004322875800125381
0.0 0.5621381646194736 0.4459046387829219 0.009510326760275589 0.0064843137001879825
0.0 0.5658126090495796 0.4789746386538802 0.00907803918026282 0.006916601280200396
0.0 0.5567345698693169 0.5526796710460161 0.00734888886021281 0.007348888860212987
0.0 0.5978018899705072 0.45800869102327263 0.005619738540162444 0.0056197385401628
0.0 0.6070960729407762 0.4664382988335169 0.008645751600250407 0.006916601280200396
0.0 0.6228745696112334 0.4597378413433228 0.004755163380137972 0.0064843137001879825
0.0 0.6542154191621418 0.4657898674634981 0.007781176440225223 0.0056197385401628
0.0 0.6905275758831941 0.4662221550435107 0.004322875800125203 0.0056197385401628
0.0 0.7063060725536511 0.4698965994736171 0.007348888860213165 0.006052026120175391
0.0 0.7106289483537767 0.4582248348132789 0.0064843137001879825 0.005187450960150386
0.0 0.729865745664334 0.49043025952421215 0.008645751600250407 0.008213464020237992
0.0 0.7612065952152423 0.5641352919163481 0.0064843137001879825 0.007781176440225401
0.0 0.781524111475831 0.6575094091990541 0.007348888860213165 0.006916601280200574
