0.0 0.11104639273154807 0.9466194030704665 0.0061313959176928275 0.00885646077000075
0.0 0.17150876914213023 0.9651839073768143 0.006472029024231318 0.009878360089616223
0.0 0.2122144253734799 0.9791498647448924 0.010218993196154713 0.009197093876539242
0.0 0.4017767491621501 0.974721634359892 0.005790762811154382 0.009878360089616223
0.0 0.39462345392484177 0.9609259935450829 0.0057907628111542485 0.007493928343846434
0.0 0.3915577559659954 0.946278769963928 0.0051094965980773566 0.008175194556924125
0.0 0.10287119817462428 0.8393199745108418 0.005450129704615847 0.006812662130769809
0.0 0.094355370511162 0.8245024343764176 0.005450129704615869 0.00783456145038528
0.0 0.11206829205116353 0.7671057559246817 0.00476886349153891 0.00749392834384679
0.0 0.21102220950059514 0.7861812098908372 0.005790762811154338 0.009537726983077732
0.0 0.2311195627863661 0.8284197151016102 0.007153295237308299 0.010218993196154713
0.0 0.15958661041328304 0.8607798602227668 0.00783456145038528 0.009537726983077732
0.0 0.16282262492539867 0.8973979191756547 0.008175194556923815 0.007153295237308299
0.0 0.26654540586636916 0.8573735291573819 0.00783456145038528 0.008175194556923771
0.0 0.2645016072271382 0.8469842194079579 0.00919709387653933 0.008515827663462261
0.0 0.2973727020081026 0.8263759164623792 0.00749392834384679 0.009537726983077732
0.0 0.3082729614173343 0.8265462330156484 0.00749392834384679 0.010559626302693203
0.0 0.358005394971954 0.8437482048958422 0.006131395917692739 0.008175194556923771
0.0 0.3607304598242619 0.808833311475647 0.0047688634915387775 0.00783456145038528
0.0 0.4080784616331122 0.8536265649854584 0.010218993196154713 0.011581525622308676
0.0 0.425280433513306 0.8544970710913835 0.006472029024231318 0.011278739194927567
0.0 0.3568131790990693 0.8953541205364239 0.0051094965980773566 0.007153295237308299
0.0 0.3373970920263753 0.8798553141889223 0.006472029024231318 0.009537726983077732
0.0 0.15158173240962852 0.5140153577665829 0.00476886349153891 0.0061313959176928275
0.0 0.17627763263366908 0.570390136898703 0.005790762811154338 0.00783456145038528
0.0 0.2863021260456017 0.5630665251081256 0.0064720290242314075 0.00749392834384679
0.0 0.3213873360190662 0.6110957931300529 0.008515827663462261 0.009537726983077732
0.0 0.40535339678080434 0.5622149423417793 0.004768863491538866 0.006472029024231318
0.0 0.12875931427154957 0.6363026430139012 0.007493928343846745 0.00885646077000075
0.0 0.09214125531866181 0.6351104271410166 0.006472029024231341 0.00783456145038528
0.0 0.11632620588289466 0.6936993214656371 0.00783456145038528 0.009878360089616223
0.0 0.1738932008878996 0.679222414437751 0.006472029024231318 0.006812662130769809
0.0 0.19518277004655532 0.6669596226023654 0.006812662130769809 0.006812662130769809
0.0 0.22720228206117352 0.690974256613329 0.0061313959176928275 0.008515827663462261
0.0 0.16793212152347609 0.7218015527550624 0.007493928343846834 0.00749392834384679
0.0 0.12330918456693371 0.7316799128446787 0.009537726983077732 0.00749392834384679
0.0 0.21170347571367215 0.7430911219137182 0.005790762811154338 0.007153295237308299
0.0 0.20267669839040217 0.7170326892635235 0.006812662130769809 0.0061313959176928275
0.0 0.29430700404925625 0.7032370484487147 0.005450129704615847 0.009197093876539242
0.0 0.31406372422848866 0.7071543291739074 0.008175194556923771 0.008175194556923948
0.0 0.33535329338714437 0.6873976089946747 0.007153295237308299 0.00885646077000075
0.0 0.3629445750167622 0.7143076244112156 0.00851582766346235 0.010218993196154713
0.0 0.4165942892965745 0.6712175364340965 0.0061313959176928275 0.008515827663462261
0.0 0.5872069191061233 0.8939742667494084 0.007410781443384984 0.007020740314786167
0.0 0.5550285259966877 0.947604921931801 0.007020740314785989 0.0027302879001947387
0.0 0.6234807440658505 0.9156215493866652 0.007410781443384984 0.008190863700583506
0.0 0.6254309497088466 0.904700397785887 0.008970945957782028 0.008190863700583506
0.0 0.6644350625687684 0.9068456239931827 0.005850616928988472 0.007020740314785811
0.0 0.6893976947991185 0.9009950070641943 0.005850616928988472 0.007020740314785811
0.0 0.6812068310985349 0.8709618401620549 0.009751028214980372 0.0093609870863812
0.0 0.8171361644153625 0.835468097459526 0.008580904829182856 0.0093609870863812
0.0 0.8789576832983388 0.8760323748338443 0.005850616928988117 0.0093609870863812
0.0 0.86823155226186 0.9099659530219764 0.004680493543190422 0.010141069343579546
0.0 0.9199120018012567 0.8824680534557316 0.005070534671789773 0.007410781443385162
0.0 0.8138208148222693 0.9988626034784003 0.007410781443385162 0.0022747930431993523
0.0 0.7014889697856945 0.9731526158550496 0.008190863700583684 0.007020740314785811
0.0 0.7650656737473669 0.979978335605536 0.006630699186186639 0.006630699186186817
0.0 0.7668208588260634 0.956185826760984 0.010141069343579723 0.010531110472178895
0.0 0.7861278946917245 0.9544306416822874 0.006630699186186995 0.008580904829182856
0.0 0.7689660850333591 0.9723725335978516 0.007410781443385339 0.007800822571984156
0.0 0.5448874566531081 0.7262565814517447 0.007020740314785989 0.008580904829182856
0.0 0.5821363844343332 0.8083602390218803 0.008970945957782028 0.008970945957782205
0.0 0.7057794222002854 0.6870574480275232 0.007410781443384984 0.006630699186186639
0.0 0.6975885584997019 0.6630699186186713 0.006630699186186639 0.008580904829182678
0.0 0.6845221806916283 0.606318934407485 0.0093609870863812 0.006630699186186817
0.0 0.6958333734210055 0.6121695513364732 0.007800822571984156 0.008190863700583506
0.0 0.7613602830256742 0.6581944045111812 0.007800822571984334 0.005850616928988117
0.0 0.8093353418433782 0.621335517858555 0.007020740314785811 0.007020740314785989
0.0 0.8138208148222692 0.6137297158508702 0.006630699186186817 0.007410781443385162
0.0 0.8233768224729501 0.6847172012559278 0.007020740314785811 0.008970945957782028
0.0 0.804459827735888 0.7297669516091376 0.007410781443385162 0.007800822571984512
0.0 0.8188913494940591 0.742053247160013 0.008190863700583506 0.007410781443385162
0.0 0.896704554649603 0.47760536196974296 0.007800822571984512 0.006630699186186817
0.0 0.8473643518818019 0.5702401300120573 0.004290452414591428 0.0093609870863812
0.0 0.7163105326724646 0.5766758086339443 0.00975102821498055 0.008970945957782028
0.0 0.6995387641426982 0.5700451094477575 0.007410781443385339 0.00975102821498055
0.0 0.5700451094477575 0.5074435083075831 0.007410781443385162 0.006240658057587467
0.0 0.5641944925187694 0.4748750740695484 0.007410781443385162 0.007410781443385162
0.0 0.6246508674516482 0.5051032615359878 0.004290452414591428 0.0046804935431906
0.0 0.6030035848143915 0.5361115312596257 0.005460575800389123 0.004290452414591428
0.0 0.6788665843269397 0.5158293925724664 0.005850616928988295 0.005850616928988295
0.0 0.685692304077426 0.5031530558929916 0.0093609870863812 0.005460575800389123
0.0 0.699148723014099 0.5287007498162405 0.005850616928988117 0.008190863700583506
0.0 0.7069495455860835 0.5261654824803457 0.008190863700583684 0.003900411285992078
0.0 0.7631154681043707 0.5212899683728554 0.007410781443385339 0.006630699186186817
0.0 0.7498540697319973 0.48774643131332257 0.006630699186186639 0.007410781443385162
0.0 0.7658457560045652 0.4793605470484394 0.006630699186186639 0.0093609870863812
0.0 0.7752067430909466 0.47604519745534607 0.008190863700583506 0.008190863700583506
0.0 0.7229412318586512 0.4760451974553459 0.005850616928988117 0.006630699186186639
0.0 0.7024640726071922 0.48911157526341986 0.007020740314785989 0.006240658057587467
0.0 0.6952483117281067 0.49164684259931485 0.006630699186186639 0.006630699186186817
0.0 0.6576093428182822 0.45205766804649405 0.006240658057587644 0.003900411285992078
0.0 0.718065717751161 0.4497174212748988 0.007020740314785989 0.005460575800389123
0.0 0.8904638965920155 0.4446468866031089 0.004680493543190422 0.007020740314785811
0.0 0.42800746072741014 0.9700991998955788 0.005819063866776908 0.007044129943993127
0.0 0.500286359283166 0.8892448387993095 0.006431596905385107 0.007044129943993482
0.0 0.500745759062122 0.8457549930581345 0.007350396463297315 0.006431596905385107
0.0 0.4370423230468797 0.8264602023419794 0.007962929501905159 0.011944394252858004
0.0 0.4969174275708214 0.799968148422179 0.008269196021209346 0.007962929501905514
0.0 0.5159059517676725 0.7540281705265716 0.007044129943993127 0.006737863424688939
0.0 0.43566412371001134 0.653419618935191 0.008269196021209346 0.008881729059817368
0.0 0.48604496613552756 0.5912475155164689 0.0067378634246891165 0.007656662982601148
0.0 0.44025812149957205 0.5301473449153109 0.005206530828168887 0.0055127973474728975
0.0 0.4448521192891328 0.4892607645882201 0.005206530828168887 0.005819063866777085
0.0 0.46307497718772384 0.49278282956021674 0.004900264308864877 0.0055127973474728975
0.0 0.4695065740931089 0.4768569705564061 0.0067378634246891165 0.0055127973474728975
0.0 0.48129783508631485 0.48114470182666275 0.007656662982601326 0.006125330386080918
0.0 0.9942263061898297 0.9633187911424095 0.008712185449608612 0.008297319475817489
0.0 0.9631113581555143 0.872463142882208 0.009541917397190148 0.007467587528235597
0.0 0.9902850794388163 0.8573205348388413 0.010786515318562806 0.007052721554445185
0.0 0.976801935290613 0.6295591152276513 0.006222989606863294 0.008712185449608256
0.0 0.9896627804781304 0.6278996513324878 0.010371649344772037 0.008712185449608256
0.0 0.9871735846353848 0.7102505471299765 0.00788245350202672 0.007467587528235597
0.0 0.9940188732029342 0.732860742701579 0.005808123633072171 0.01037164934477186
0.0 0.9957648386800944 0.46153839584234746 0.008470322639811022 0.009541917397189969
0.0 0.9629039251686189 0.48829725115185874 0.009127051423399025 0.006637855580654062
