0.0 0.02866144174928209 0.46834611228456213 0.009360987086381556 0.005850616928987762
0.0 0.0018494047594660224 0.4035992849370917 0.003698809518932045 0.005070534671789773
0.0 0.017935310712803697 0.3739561591635514 0.005850616928988117 0.005850616928987762
0.0 0.028271400620682917 0.3146699076164701 0.008580904829182856 0.008970945957781851
0.0 0.10861987311212182 0.3232508124456526 0.005460575800389123 0.005850616928988472
0.0 0.09223814571095464 0.36752048054166375 0.007020740314785811 0.007800822571984156
0.0 0.014210855950868328 0.06352541347566643 0.006630699186186817 0.009360987086381556
0.0 0.10021492480699586 0.127687179130238 0.006240658057587467 0.007410781443385162
0.0 0.10001990424269636 0.23416840723782428 0.006630699186186817 0.007410781443385162
0.0 0.04892451639619857 0.22149207055834985 0.004290452414591428 0.007020740314786167
0.0 0.0922190816707122 0.04382833648140618 0.008190863700583506 0.005070534671789773
0.0 0.11113607640777409 0.0391478429382154 0.006240658057587467 0.007410781443385872
0.0 0.1394995575388803 0.48769272270334874 0.005808123633072171 0.005393257659281403
0.0 0.1631469180449603 0.4318932492284763 0.007467587528235953 0.005808123633072171
0.0 0.2488167416327755 0.46093386739383746 0.007882453502026366 0.007467587528235953
0.0 0.2444606489079712 0.4296114863726263 0.009956783370980915 0.006222989606862938
0.0 0.2676931434402604 0.39828910535141554 0.011616247266144342 0.007467587528235242
0.0 0.4614355532005986 0.26532456075143995 0.008297319475817489 0.006222989606862938
0.0 0.44421861528827744 0.3605363017364461 0.010371649344772037 0.009127051423399025
0.0 0.45811662541027154 0.39351814665282064 0.008297319475817489 0.009541917397190503
0.0 0.4120665023194846 0.39517761054798406 0.006637855580654062 0.006222989606862938
0.0 0.4421442854193227 0.46798658894828266 0.008712185449608256 0.006637855580654417
0.0 0.4599835222923305 0.48395892893923076 0.007052721554445185 0.007052721554444474
0.0 0.2782722257719277 0.4430946305208298 0.006222989606863294 0.006637855580654417
0.0 0.2743309990209143 0.4341750120843262 0.006637855580654062 0.006222989606862938
0.0 0.2952817306973534 0.40969791963066415 0.00788245350202672 0.00788245350202601
0.0 0.3556447298839256 0.41260198144720056 0.007467587528235953 0.006222989606862938
0.0 0.32452978184961 0.3692484871860543 0.005808123633072171 0.006637855580654417
0.0 0.28470264836568615 0.27486647814863047 0.007467587528235953 0.00788245350202672
0.0 0.2981857925138895 0.3329477144793529 0.006222989606862938 0.00788245350202601
0.0 0.2606404218858156 0.3020401994319329 0.006637855580654062 0.006637855580654417
0.0 0.22682884502185932 0.3294213537021303 0.009541917397190503 0.005808123633072171
0.0 0.18575711361656264 0.32236863214768513 0.008712185449608256 0.003318927790326853
0.0 0.21624976269019208 0.2862752924278794 0.009127051423399025 0.005808123633072171
0.0 0.43588573592301394 0.2480204802514489 0.006637855580654062 0.005393257659281403
0.0 0.1815728939892079 0.04452872010702506 0.006637855580654062 0.005808123633072171
0.0 0.21994799656486386 0.09410520397503426 0.010371649344771684 0.007052721554445185
0.0 0.27574747003973654 0.06070849308486892 0.008297319475817489 0.007467587528235953
0.0 0.44667225124157656 0.05220374062215605 0.004148659737908744 0.0062229896068636496
0.0 0.45165064292706686 0.06070849308486892 0.005808123633072171 0.005808123633072171
0.0 0.4667932509704338 0.1370438322623901 0.00705272155444483 0.007467587528235242
0.0 0.4064302517838618 0.13579923434101743 0.008297319475817489 0.004978391685489925
0.0 0.33631790221320407 0.21420890338749246 0.009127051423399379 0.004978391685490635
0.0 0.3004319954802936 0.20591158391167497 0.00705272155444483 0.004978391685490635
0.0 0.24027642928061663 0.2285217794832775 0.008712185449608256 0.008712185449608256
0.0 0.22637841915862236 0.171477708087032 0.009127051423399379 0.004978391685490635
0.0 0.17763166723819487 0.20632644988546572 0.01203111323993511 0.005808123633072171
0.0 0.27471030510525923 0.0127914731120228 0.008712185449608256 0.006222989606862938
0.0 0.44687968422847196 0.0042867206493102826 0.006222989606862938 0.007467587528235242
0.0 0.40601538581007085 0.006983349478950629 0.007467587528235597 0.006222989606862938
0.0 0.49171587955024487 0.4075054881517577 0.014697777720425974 0.0064843137001879825
0.0 0.5293248990113343 0.3407170570398222 0.012104052240350782 0.006916601280200751
0.0 0.5820639837728627 0.3469852269500038 0.013833202560400793 0.005619738540163155
0.0 0.5991393431833579 0.30224346241870703 0.012536339820363552 0.009510326760275235
0.0 0.6393420881245229 0.28668110953825626 0.014265490140413561 0.009510326760275944
0.0 0.689487447405976 0.3005143120986574 0.013400914980388378 0.008645751600250407
0.0 0.7381198001573853 0.491585422464194 0.006916601280200751 0.008645751600250407
0.0 0.7253673165470156 0.4972051610043572 0.008213464020237992 0.006052026120175924
0.0 0.6842999964458254 0.4725647689436432 0.00907803918026282 0.006052026120175214
0.0 0.6838677088658128 0.4658643114534488 0.007348888860213165 0.008213464020238348
0.0 0.6741412383155311 0.44576293898286606 0.011239477080325955 0.007781176440224869
0.0 0.705698231656446 0.44511450761284727 0.010374901920300772 0.005619738540162444
0.0 0.6315609116842973 0.45073424615301005 0.00734888886021281 0.0064843137001879825
0.0 0.6332900620043473 0.4736454878936744 0.009078039180263175 0.007348888860213521
0.0 0.6449618266646855 0.47299705652365526 0.005619738540163155 0.007781176440224869
0.0 0.5980586242333266 0.4384140501226533 0.011239477080325955 0.008645751600250407
0.0 0.5431581015717356 0.44662751414289126 0.008645751600250762 0.010374901920300772
0.0 0.5349446375514975 0.4675934617734992 0.007781176440225579 0.00734888886021281
0.0 0.5874675785230192 0.39518529212140086 0.010807189500313185 0.006052026120175924
0.0 0.6043267941435081 0.37616463860084937 0.010807189500313185 0.009510326760275944
0.0 0.6196730032339527 0.3757323510208369 0.007781176440225223 0.007781176440225579
0.0 0.6376129378044727 0.4096669260518201 0.00907803918026282 0.00734888886021281
0.0 0.6417196698145917 0.40037274308155124 0.012968627400375965 0.006916601280200751
0.0 0.6585788854350799 0.3966982986514445 0.012104052240350782 0.005619738540162444
0.0 0.7184507152668151 0.3361780374496906 0.009942614340288003 0.009078039180263175
0.0 0.7329323491972348 0.3417977759898534 0.009510326760275235 0.0064843137001879825
0.0 0.7532498654578234 0.321696403519271 0.010374901920300772 0.008645751600250407
0.0 0.7701090810783123 0.41874496523208327 0.006916601280200751 0.009942614340288003
0.0 0.7735673817184127 0.4319297364224653 0.0060520261201755686 0.008645751600251116
0.0 0.7843745712187257 0.4129090829019141 0.010374901920300772 0.006916601280200751
0.0 0.7701090810783123 0.38308123988104975 0.012968627400375965 0.006916601280200751
0.0 0.7917234600789381 0.3889171222112182 0.009510326760275589 0.009078039180263175
0.0 0.512425092918033 0.07057535295841184 0.007781176440225223 0.008213464020238348
0.0 0.49794345898761294 0.11574940506972098 0.009942614340288003 0.006916601280200751
0.0 0.5416045045688784 0.10018705218926982 0.007348888860213165 0.005187450960150386
0.0 0.5867785566801874 0.18124097344161888 0.012104052240350782 0.0064843137001879825
0.0 0.5141542432380831 0.19831633285211367 0.011239477080325955 0.008645751600251116
0.0 0.5621381646194736 0.23830293400327243 0.010374901920300772 0.010807189500312831
0.0 0.5783489488699434 0.2679146332341308 0.009942614340288003 0.007781176440224869
0.0 0.6699939158325992 0.07749195423861188 0.011671764660338013 0.00734888886021281
0.0 0.7445635233847602 0.08289554898876865 0.009510326760275589 0.009510326760275235
0.0 0.7687716278654614 0.15660058138090455 0.006916601280200751 0.009078039180263175
0.0 0.7210038502740771 0.15595215001088575 0.011671764660338013 0.006052026120175214
0.0 0.6840432621830057 0.12461130045997777 0.010374901920300772 0.008213464020238348
0.0 0.7028477719135509 0.14795482978065416 0.007348888860213165 0.009078039180263175
0.0 0.6838271183929997 0.16027502581101097 0.00907803918026282 0.007781176440225579
0.0 0.6686970530925616 0.16697548330120532 0.007348888860213165 0.005619738540163155
0.0 0.6498925433620167 0.21323025436254567 0.009510326760275589 0.008213464020238348
0.0 0.6844755497630188 0.2599173130038988 0.010374901920300772 0.008213464020238348
0.0 0.7095482294037453 0.2631594698539924 0.01296862740037561 0.006916601280200751
0.0 0.7369984907345408 0.24111280327335366 0.009942614340288359 0.008645751600250407
0.0 0.76596175859538 0.274182803144312 0.008213464020237992 0.010807189500312831
0.0 0.7726622160855745 0.24327424117341678 0.009510326760275589 0.008645751600250407
0.0 0.7981671833063133 0.274182803144312 0.010374901920300595 0.005619738540163155
0.0 0.8124326734467271 0.19853247664212006 0.006052026120175214 0.008213464020238348
0.0 0.8176201244068771 0.14579339188059137 0.009510326760275235 0.012536339820363196
0.0 0.7720137847155553 0.14644182325061053 0.007348888860213165 0.007781176440224869
0.0 0.6970118895833821 0.17756652901151213 0.010374901920300772 0.009510326760275235
0.0 0.7054414973936263 0.17799881659152456 0.004755163380137262 0.006916601280200751
0.0 0.6853401249230439 0.20588136550233288 0.008645751600250762 0.007348888860213521
0.0 0.6963634582133629 0.20804280340239528 0.006484313700187627 0.005619738540163155
0.0 0.7041446346535885 0.2143109733125769 0.008213464020237992 0.008645751600250407
0.0 0.7188424123740147 0.21452711710258326 0.008213464020237992 0.00734888886021281
0.0 0.5878592756302187 0.028211170117183926 0.009942614340288003 0.009078039180263175
0.0 0.674100647842718 0.0003804543931943627 0.011239477080325955 0.0007609087863887254
0.0 0.7186262685840082 0.015458686506814345 0.008645751600250762 0.006916601280200751
0.0 0.7143033927838829 0.05371613733792309 0.009510326760275944 0.008213464020238348
0.0 0.7646648958553423 0.0435573792076287 0.012536339820363552 0.007781176440225579
0.0 0.7975187519362946 0.055661431447979484 0.009078039180263352 0.007781176440225579
0.0 0.7607743076352298 0.02626587600712753 0.008213464020237992 0.006916601280200751
