0.0 0.014210855950868328 0.8635254134756665 0.006630699186186817 0.009360987086381556
0.0 0.10021492480699586 0.927687179130238 0.006240658057587467 0.007410781443385162
0.0 0.03176270673783321 0.6829363709342283 0.005850616928988117 0.008580904829182856
0.0 0.0922190816707122 0.8438283364814062 0.008190863700583506 0.005070534671789773
0.0 0.11113607640777409 0.8391478429382154 0.006240658057587467 0.007410781443385872
0.0 0.12283731026575051 0.6919073168920103 0.005460575800389123 0.0093609870863812
0.0 0.05477513332518704 0.4340901308879269 0.008190863700583506 0.007020740314786167
0.0 0.09670455464960295 0.47016893528335457 0.0085809048291825 0.008970945957782205
0.0 0.12127714575135365 0.459052763118277 0.005460575800389123 0.007020740314786167
0.0 0.07525229257664598 0.518924076358257 0.006240658057587467 0.008190863700583506
0.0 0.02064653457275565 0.5409614001241128 0.006240658057587467 0.007800822571984512
0.0 0.003692568100191007 0.3311192729377332 0.007385136200382014 0.007020740314786167
0.0 0.13122319453063386 0.32977579711261973 0.008970945957781851 0.009014282207749958
0.0 0.017136164415362566 0.03546809745952597 0.008580904829182856 0.0093609870863812
0.0 0.07895768329833874 0.07603237483384433 0.005850616928988117 0.0093609870863812
0.0 0.06823155226185999 0.1099659530219764 0.004680493543190422 0.010141069343579546
0.0 0.11991200180125663 0.08246805345573165 0.005070534671789773 0.007410781443385162
0.0 0.013820814822269333 0.20201565937139207 0.007410781443385162 0.008580904829182856
0.0 0.1815728939892079 0.8445287201070251 0.006637855580654062 0.005808123633072171
0.0 0.21994799656486386 0.8941052039750342 0.010371649344771684 0.007052721554445185
0.0 0.27574747003973654 0.860708493084869 0.008297319475817489 0.007467587528235953
0.0 0.44667225124157656 0.8522037406221561 0.004148659737908744 0.0062229896068636496
0.0 0.45165064292706686 0.860708493084869 0.005808123633072171 0.005808123633072171
0.0 0.4667932509704338 0.9370438322623901 0.00705272155444483 0.007467587528235242
0.0 0.4064302517838618 0.9357992343410174 0.008297319475817489 0.004978391685489925
0.0 0.22637841915862236 0.971477708087032 0.009127051423399379 0.004978391685490635
0.0 0.1994121308622157 0.7545028037944054 0.009127051423399025 0.008297319475817489
0.0 0.19816753294084305 0.7878995146845705 0.008297319475817133 0.005393257659281403
0.0 0.27471030510525923 0.8127914731120228 0.008712185449608256 0.006222989606862938
0.0 0.3919099427011812 0.653690372163223 0.004148659737908744 0.007467587528235597
0.0 0.3856869530943182 0.6619876916390404 0.007467587528235953 0.007467587528235597
0.0 0.19318914125535241 0.6574241659273407 0.006637855580654062 0.006637855580653706
0.0 0.38942074685843586 0.7310628762752207 0.008297319475817133 0.008712185449608256
0.0 0.42468435463066034 0.7424716905544699 0.006637855580654062 0.006637855580654062
0.0 0.44293845747745875 0.7051337529132912 0.008297319475817844 0.009127051423399025
0.0 0.48069126109242805 0.7644595871653863 0.005808123633072526 0.007467587528235597
0.0 0.44687968422847196 0.8042867206493103 0.006222989606862938 0.007467587528235242
0.0 0.40601538581007085 0.8069833494789507 0.007467587528235597 0.006222989606862938
0.0 0.40311132399353494 0.7845805868942435 0.008297319475817844 0.007882453502026366
0.0 0.47446827148556514 0.6887465469485516 0.005808123633072526 0.006222989606862938
0.0 0.48048382810553286 0.6215382591944298 0.00705272155444483 0.00788245350202672
0.0 0.43318910709337305 0.6379254651591696 0.008712185449608612 0.005808123633072526
0.0 0.3960586024390901 0.6194639293254754 0.009127051423399025 0.007052721554445185
0.0 0.31246310872022887 0.6213308262075342 0.008712185449608256 0.007467587528235597
0.0 0.21891083163038658 0.5678131155885117 0.009956783370980915 0.006637855580654062
0.0 0.3170266344319284 0.5086947143233121 0.011201381292353573 0.00705272155444483
0.0 0.4475019831891583 0.5086947143233124 0.007467587528235597 0.008712185449608256
0.0 0.4528952408484397 0.550388744689295 0.008297319475817133 0.009956783370980915
0.0 0.4263438185258238 0.5661536516933484 0.006637855580653706 0.006637855580653706
0.0 0.43837493176575926 0.603491589334527 0.007467587528235597 0.007467587528235597
0.0 0.24732915083506163 0.4309073442375233 0.007882453502026366 0.006637855580653706
0.0 0.2595676970618925 0.4101640455479796 0.007467587528235953 0.009127051423399025
0.0 0.24318049109715273 0.36556595336546066 0.009541917397190148 0.008712185449608256
0.0 0.2502332126515977 0.291719810030685 0.006222989606863294 0.009541917397190148
0.0 0.29649076872928004 0.3900430458191222 0.007467587528235597 0.008712185449608256
0.0 0.32968004663255 0.38527208712052713 0.008297319475817489 0.006637855580654062
0.0 0.3215901601436279 0.3508382112958845 0.00705272155444483 0.009127051423399379
0.0 0.3908727777667039 0.351460510256571 0.006222989606863294 0.00705272155444483
0.0 0.4591182304553028 0.36494365440477433 0.007467587528235597 0.006637855580654062
0.0 0.3844423551729452 0.30375092327062025 0.009127051423399025 0.007052721554445185
0.0 0.3591355307717022 0.3000171295065025 0.009127051423399025 0.008712185449608256
0.0 0.35457200506000247 0.27180624328872316 0.007467587528235953 0.006222989606863294
0.0 0.2614345939439513 0.2595676970618925 0.006222989606863294 0.007467587528235597
0.0 0.19422630618982967 0.1633187911424095 0.008712185449608612 0.008297319475817489
0.0 0.3406739949380084 0.15958499737829168 0.007882453502026366 0.007467587528235597
0.0 0.3551943040206888 0.16145189426035067 0.007882453502026366 0.008712185449608612
0.0 0.428418148394778 0.2554190373239836 0.0049783916854902795 0.005808123633072171
0.0 0.3668105512868333 0.12411395661917216 0.00788245350202672 0.004563525711699512
0.0 0.16311135815551428 0.07246314288220805 0.009541917397190148 0.007467587528235597
0.0 0.1902850794388163 0.057320534838841294 0.010786515318562806 0.007052721554445185
0.0 0.2361277695427079 0.014174473564590428 0.009541917397189792 0.005393257659281403
0.0 0.31640433547124225 0.07827126651528041 0.009127051423399025 0.009956783370980915
0.0 0.3442003557152308 0.11291257532681839 0.006637855580654062 0.007052721554445185
0.0 0.2676575835508144 0.11270514233992301 0.006222989606862938 0.007467587528235597
0.0 0.45165064292706736 0.07972329742354844 0.008297319475817844 0.008712185449608256
0.0 0.3605875616799702 0.003249726524729635 0.009541917397189792 0.00649945304945927
0.0 0.3921173756880766 0.0015902626295661193 0.007882453502026366 0.0031805252591322387
0.0 0.4672081169442251 0.01168527772184511 0.005393257659281403 0.008712185449608612
0.0 0.512425092918033 0.8705753529584118 0.007781176440225223 0.008213464020238348
0.0 0.49794345898761294 0.915749405069721 0.009942614340288003 0.006916601280200751
0.0 0.5416045045688784 0.9001870521892699 0.007348888860213165 0.005187450960150386
0.0 0.5867785566801874 0.9812409734416189 0.012104052240350782 0.0064843137001879825
0.0 0.5141542432380831 0.9969967285259941 0.011239477080325955 0.0060065429480118835
0.0 0.6699939158325992 0.8774919542386119 0.011671764660338013 0.00734888886021281
0.0 0.7445635233847602 0.8828955489887687 0.009510326760275589 0.009510326760275235
0.0 0.7687716278654614 0.9566005813809045 0.006916601280200751 0.009078039180263175
0.0 0.7210038502740771 0.9559521500108857 0.011671764660338013 0.006052026120175214
0.0 0.6840432621830057 0.9246113004599777 0.010374901920300772 0.008213464020238348
0.0 0.7028477719135509 0.9479548297806542 0.007348888860213165 0.009078039180263175
0.0 0.6838271183929997 0.960275025811011 0.00907803918026282 0.007781176440225579
0.0 0.6686970530925616 0.9669754833012053 0.007348888860213165 0.005619738540163155
0.0 0.8124326734467271 0.9972128723160004 0.006052026120175214 0.005574255367999115
0.0 0.8176201244068771 0.9457933918805914 0.009510326760275235 0.012536339820363196
0.0 0.7720137847155553 0.9464418232506105 0.007348888860213165 0.007781176440224869
0.0 0.6970118895833821 0.9775665290115121 0.010374901920300772 0.009510326760275235
0.0 0.7054414973936263 0.9779988165915245 0.004755163380137262 0.006916601280200751
0.0 0.5007533282576941 0.6875015628231063 0.010374901920300772 0.006916601280200396
0.0 0.6101220860008636 0.7916828696061253 0.008645751600250407 0.007781176440225935
0.0 0.5878592756302187 0.8282111701171839 0.009942614340288003 0.009078039180263175
0.0 0.674100647842718 0.797734895726301 0.011239477080325955 0.0060520261201755686
0.0 0.7186262685840082 0.8154586865068143 0.008645751600250762 0.006916601280200751
0.0 0.7143033927838829 0.8537161373379231 0.009510326760275944 0.008213464020238348
0.0 0.7646648958553423 0.8435573792076287 0.012536339820363552 0.007781176440225579
0.0 0.7975187519362946 0.8556614314479795 0.009078039180263352 0.007781176440225579
0.0 0.7607743076352298 0.8262658760071275 0.008213464020237992 0.006916601280200751
0.0 0.7424020854846972 0.7800111049457874 0.010374901920300772 0.007781176440225223
0.0 0.80184162773642 0.7778496670457244 0.009942614340288003 0.005187450960150386
0.0 0.7482379678148666 0.7145195365738892 0.007348888860213165 0.0064843137001879825
0.0 0.7979510395163071 0.684691693553025 0.00994261434028818 0.008213464020237992
0.0 0.8139456799767707 0.6948504516833193 0.0064843137001879825 0.006916601280200041
0.0 0.8135133923967579 0.6243875761412774 0.00734888886021281 0.006916601280200396
0.0 0.7832532617958812 0.5697031972696927 0.007348888860212455 0.008213464020237992
0.0 0.7335401900944406 0.5329587529686277 0.009942614340288359 0.00907803918026282
0.0 0.7663940461753926 0.5426852235189099 0.008213464020237992 0.006916601280200396
0.0 0.8174039806168707 0.5921821514303443 0.0064843137001879825 0.005619738540163155
0.0 0.6786396674328496 0.5943435893304068 0.00907803918026282 0.0064843137001879825
0.0 0.6905275758831939 0.616606399701052 0.008645751600250762 0.006916601280200396
0.0 0.6710746347826303 0.6568091446422167 0.008645751600250762 0.007781176440225579
0.0 0.6613481642323485 0.675181366792749 0.008213464020237992 0.007348888860213165
0.0 0.4886492760173436 0.465089602906661 0.010374901920300772 0.008213464020237992
0.0 0.6092575108408391 0.5031309099477635 0.009510326760275944 0.004755163380137617
0.0 0.5802942429799997 0.34923653146330336 0.010374901920300772 0.00907803918026282
0.0 0.6380046349116721 0.38490025681433726 0.009942614340288003 0.006916601280200396
0.0 0.6840432621830062 0.43158731545569023 0.013833202560400793 0.006916601280200396
0.0 0.6771266609028059 0.44693352454613483 0.010374901920300772 0.00907803918026282
0.0 0.7521285560349791 0.45212097550628505 0.009078039180263175 0.0064843137001879825
0.0 0.7918990133961316 0.442178361165997 0.008213464020237992 0.00734888886021281
0.0 0.784117836955906 0.42596757691552745 0.010807189500313185 0.008645751600250762
0.0 0.8046514970065015 0.4367747664158406 0.004322875800124848 0.0034583006401003756
0.0 0.7998963336263634 0.38317110649428693 0.008645751600250051 0.008645751600250762
0.0 0.7819563990558438 0.36804104119384873 0.00734888886021281 0.009510326760275589
0.0 0.8145941113467895 0.34167149881308434 0.005187450960150386 0.006916601280200396
0.0 0.6405983603917471 0.2990911721818506 0.0064843137001879825 0.0056197385401628
0.0 0.7268397326042464 0.2567269893406229 0.006052026120175214 0.0056197385401628
0.0 0.7676909089154302 0.2833126755113932 0.009078039180263175 0.006916601280200751
0.0 0.8111358107066892 0.3051431983020258 0.004322875800124848 0.009942614340288359
0.0 0.5191255504082267 0.26040143377072944 0.011671764660338368 0.008645751600250407
0.0 0.6431920858718222 0.19944888498896293 0.012536339820363196 0.007781176440225579
0.0 0.6697777720425927 0.15902999625779177 0.006916601280200396 0.00907803918026282
0.0 0.7516962684549664 0.157733133517754 0.010807189500313185 0.007348888860213165
0.0 0.779146529785762 0.18215738178846194 0.006916601280200396 0.007781176440225579
0.0 0.7705007781855115 0.21565966923943272 0.010374901920300772 0.008213464020237992
0.0 0.8055160721665263 0.2236569894696645 0.009510326760275944 0.007781176440225579
0.0 0.4862716943272748 0.13763176104717162 0.010807189500313185 0.006916601280200396
0.0 0.5089667922779324 0.13049901597696484 0.007781176440225223 0.0056197385401628
0.0 0.5813749619300308 0.027182284353970944 0.008213464020237992 0.007348888860213165
0.0 0.6600513014923111 0.030424441204064755 0.010807189500313185 0.008645751600250407
0.0 0.7415375103246722 0.09224156514585609 0.011239477080325955 0.0060520261201755686
0.0 0.7190585561640208 0.01853653275372036 0.009510326760275944 0.008213464020237992
0.0 0.788224568966025 0.04685136924454092 0.007781176440225935 0.007781176440225579
0.0 0.8161071178768335 0.03150516015409614 0.008213464020237638 0.007348888860213165
0.0 0.8154586865068147 0.00116287425162529 0.007781176440225579 0.00232574850325058
