0.0 0.05715790103040312 0.8870725004925812 0.013419316082344679 0.010770766855566194
0.0 0.035174942448141344 0.8915750341781049 0.011830186546277233 0.010947336804017738
0.0 0.04526390965881202 0.985371702936542 0.008180653572228991 0.006658671512278858
0.0 0.18226371878923384 0.950815663945965 0.010877971421405164 0.007694174907823026
0.0 0.13961882677236198 0.8932424884220321 0.009245443182103585 0.009597650541422097
0.0 0.245938676787239 0.9152909876202624 0.010082354980512775 0.010414740309540349
0.0 0.24702052941028524 0.8576542143273759 0.009196940776656958 0.010439770611340294
0.0 0.15953869586314937 0.828163934171814 0.008909222381608827 0.009239193580927462
0.0 0.16380462681041247 0.7899249775179085 0.008496758382460001 0.006516931186547126
0.0 0.15714340556998216 0.6783434376748486 0.008743494423791987 0.007434944237918373
0.0 0.03490764574950944 0.7365100694681598 0.0054281570288722495 0.007813256329437124
0.0 0.07483147002816111 0.7172774534128947 0.0077495918790038585 0.0068270214172176935
0.0 0.02231341835546328 0.5159436562427961 0.005819766507803336 0.007993414239633267
0.0 0.07704091314471757 0.4482987173328056 0.00591131943074501 0.008646407525567312
0.0 0.0476166589633225 0.46003312754607534 0.007764121043366856 0.008999322118447495
0.0 0.001534589291470123 0.41815908021837095 0.003069178582940246 0.008559024070670418
0.0 0.022728807764922365 0.040102245774987645 0.009796801617023832 0.008897095346072702
0.0 0.03434484810154999 0.004490455546180705 0.008650576205240058 0.00898091109236141
0.0 0.08256380065298145 0.011624142710629216 0.011854493318292114 0.009451555483503427
0.0 0.1671654060364391 0.10807758227940897 0.006586998123821885 0.009196940776656958
0.0 0.33324975457980577 0.10911945417789823 0.009721730783559224 0.007263362079670798
0.0 0.3509611836510024 0.11124259078580181 0.006481153855705912 0.009274754655579188
0.0 0.3412417987642387 0.15222676864481138 0.00737510611166563 0.006592897887701099
0.0 0.5002773095113685 0.08698272202470517 0.007421229809965624 0.010364131286331712
0.0 0.5266994466796092 0.08154475190533361 0.006013755190834758 0.00921256114340636
0.0 0.6727681019778995 0.1642250067503827 0.009870697491876256 0.0110671456727097
0.0 0.7063282596693539 0.12006865106094758 0.011067145672710055 0.010468921582292979
0.0 0.7968219449774603 0.12128315799215769 0.01078867238596395 0.007911693083040206
0.0 0.8285500966612155 0.14886373634550462 0.009709805147367235 0.007791818945418427
0.0 0.8580648351359667 0.19823838826114493 0.00797937621348339 0.009309272249064193
0.0 0.8181679540685479 0.18700815507179752 0.009161506022888944 0.006353947725551734
0.0 0.7868731568147412 0.04505732843363397 0.013260388476476237 0.008925261474551504
0.0 0.3646976466941238 0.06881565927149644 0.008989448751853146 0.0071579672352299895
0.0 0.33851396028290476 0.05505508432790709 0.007034554007036675 0.007281380463423659
0.0 0.2513763520249707 0.05273957854976672 0.0064237918215610534 0.007315985130111713
0.0 0.1311764336216676 0.0026573809653292813 0.009385133817377777 0.005314761930658563
0.0 0.3054087165189053 0.00992915554031928 0.008018533473763512 0.005284942516798808
0.0 0.0894011894479588 0.2956946824211881 0.008946384929515716 0.00791410974534088
0.0 0.459775667296441 0.019116822266962076 0.006007434944237744 0.006840148698884718
0.0 0.24100082915584373 0.221992411159356 0.006495748862448636 0.008912771694987498
0.0 0.22700810793855072 0.25820280887100766 0.008006388132785957 0.007855324205752013
0.0 0.21847299606114703 0.342723076046358 0.006948940643549761 0.010423410965324464
0.0 0.23697832712277425 0.3946135349824312 0.0064957488624489915 0.01057447489235841
0.0 0.27829431116648884 0.37066990254759136 0.007553196351684832 0.007402132424651242
0.0 0.2230804458356747 0.4165933363658333 0.006495748862448636 0.009517027403122569
0.0 0.31673920121455834 0.3693224748425843 0.009560595205095623 0.008326970017341395
0.0 0.30902904379109425 0.32861284364669335 0.006476532235710053 0.00832697001734175
0.0 0.38503795558209186 0.33133016515153135 0.00785042156486604 0.010777697402612673
0.0 0.3466563972757822 0.2384676874542498 0.008381303229721837 0.007462804245642473
0.0 0.35323288069778813 0.270567972130671 0.006085055769523962 0.009070177467781094
0.0 0.3837155657319123 0.27659562171368995 0.00734799187263242 0.00665911763457352
0.0 0.4316228135834422 0.22149071879403284 0.007449308162157209 0.007815667579968277
0.0 0.5363267907916495 0.2307880282609336 0.0059009489646911105 0.00958904206762341
0.0 0.8616940163003346 0.29040441257061184 0.011037055950902186 0.014887191747727967
0.0 0.8187584543157257 0.26424391885181764 0.013357613988989669 0.009166989992443675
0.0 0.7714496351277547 0.2333437301410818 0.007354995711962431 0.01109935716532533
0.0 0.670169257176131 0.2788328257675644 0.010549925539810445 0.008736657087655786
0.0 0.6029337877186818 0.3329015180576903 0.009245502134604778 0.009387740628982755
0.0 0.46635952232589073 0.3469936198739633 0.007806188064357756 0.008095306140815595
0.0 0.8657147108442672 0.33193258158724676 0.007462473167890238 0.00812876541502341
0.0 0.8478073563847885 0.3784044682795429 0.0057301133253446325 0.008528540763303383
0.0 0.8291511734650626 0.36607806170758117 0.008928316111583002 0.007862248516170211
0.0 0.6667517535284875 0.3773083971550932 0.0075814511280569265 0.009331016772993906
0.0 0.4969062118517346 0.4654482643574731 0.007827442173105225 0.007093619469376478
0.0 0.1867197863466549 0.5760283599306059 0.006829621089123705 0.005554758485820699
0.0 0.30188440863369354 0.5101970866757313 0.010793236487511848 0.009239010433310213
0.0 0.8508231428916886 0.4411236660606811 0.0073473220949033195 0.01010256788049162
0.0 0.8285187722464478 0.42682262841167307 0.007609726455434895 0.008528141717298255
0.0 0.8387525423072055 0.44538773691933004 0.006822513373838745 0.009446556979161257
0.0 0.7925596568189615 0.45761040039597134 0.010714292779405454 0.008447807768377303
0.0 0.7184145726623228 0.43156837422651595 0.007084986832729711 0.006977638547385467
0.0 0.709746285083502 0.447762794700518 0.006011503979285848 0.006977638547385467
0.0 0.6336125742104356 0.5091758361181714 0.0045821838034317604 0.007346040700740275
0.0 0.4502535954566875 0.5130072175615842 0.005674215199411492 0.007596126799212044
0.0 0.2944182058587456 0.6390047387928071 0.00507849301603649 0.007819267024691356
0.0 0.45490551611743335 0.5609113075347724 0.00768268174501614 0.006740466059306271
0.0 0.4201987130558633 0.5789953873642766 0.006736402209191183 0.0075494162689206945
0.0 0.43736800353701444 0.6211433939978178 0.0070152924786089695 0.008418350974330835
0.0 0.4833161596737323 0.6453840255303817 0.010005270329402193 0.009330757722925399
0.0 0.38867143043869634 0.6384987624889158 0.009913524926011164 0.006928807743986099
0.0 0.432281228829936 0.6595537759224005 0.008803789361587632 0.006964191584539492
0.0 0.3819256142712337 0.6793973016248565 0.010814859939751287 0.009332177528656515
0.0 0.37620323506038567 0.687304891553074 0.007849495117561745 0.004884130295371847
0.0 0.37876994440541123 0.767026034145595 0.009181354812873011 0.009708153859513402
0.0 0.41693159529655544 0.7799336929302214 0.009674342230444565 0.009409291758377592
0.0 0.4396410578572347 0.7362325361001778 0.007421413217875284 0.010602018882679332
0.0 0.5042254337978044 0.7190337018225017 0.008890775333298606 0.00742425569069276
0.0 0.47589304130919885 0.7212512154937931 0.0068113273322900625 0.010046707815127575
0.0 0.3916357494061442 0.9991101587210265 0.012768213099781179 0.0017796825579470266
0.0 0.394105494679544 0.8525814944091898 0.008327095499857506 0.0068004613248831445
0.0 0.39473002684203334 0.8280165626846105 0.00902102012484569 0.007078031174879129
0.0 0.783406243791757 0.7558421147982901 0.007511928643221566 0.009957672852641864
0.0 0.6884048509538603 0.7077071737698212 0.007544575451927571 0.010777964931325101
0.0 0.6999007924429472 0.6876531050209866 0.007250630953800297 0.006662741957546459
0.0 0.720896566730804 0.6430330517186225 0.008902668008730075 0.007254025784891383
0.0 0.7076283589599421 0.6161836702776741 0.007254025784891027 0.00835312060078408
0.0 0.7720795649739001 0.5500172842787118 0.009148083986653432 0.01001111077784742
0.0 0.8065336178761016 0.5614675194539854 0.010870274524287283 0.011011446920706902
0.0 0.8255295585702228 0.5940068284425433 0.010305584938610224 0.010023240145771694
0.0 0.8618859539325683 0.6180147841642988 0.005766347294663632 0.00782575704275743
0.0 0.8597812864764041 0.6529135772803565 0.010091107765661179 0.006178229244282463
0.0 0.8381755396457649 0.7240562400890861 0.009773568917783849 0.009240465158632461
0.0 0.8422212458462812 0.8275137501677641 0.008619748743759459 0.006127291275684144
0.0 0.7733998683327327 0.8296174423988042 0.012552766347677036 0.0094145747607584
0.0 0.6976807818483562 0.8478985863928085 0.011102301438574002 0.009541040298774561
0.0 0.4404355381356092 0.8518317737961609 0.011536131267557436 0.010390157962833513
0.0 0.4839949484637721 0.8075698002365232 0.009141921594546076 0.011588493135418076
0.0 0.834148349882582 0.9155774110732022 0.015719269557425263 0.010689103299049662
0.0 0.7968172944406127 0.8823143683380618 0.007264954243829358 0.008035479693932502
0.0 0.7418127778627426 0.9121679607023683 0.007869853129986736 0.00990515997394823
0.0 0.6262864944651211 0.8411990510830684 0.00823426693523075 0.0096495315647239
0.0 0.6003894830897657 0.8810596994558093 0.009075054231209023 0.009178179847472734
0.0 0.44689725171456446 0.9147172681770261 0.006737396591968192 0.006737396591967837
0.0 0.5167038144793258 0.9283388340932792 0.008127971591472516 0.008413163577138505
0.0 0.5484590062238602 0.9636985373531239 0.007557587620141248 0.008413163577138505
0.0 0.4979800247610308 0.9787424145969897 0.011265083433795554 0.009696527512633678
0.0 0.7966133638279453 0.9032487087065647 0.011542825997755912 0.007413684990428493
0.0 0.7721222080908449 0.9464949250673431 0.011307838494285249 0.010010217683466039
0.0 0.7457156880787552 0.8695103377458093 0.013478202605494616 0.009665290026308782
0.0 0.6884098429853595 0.9395018029696203 0.011771254838745904 0.008155797995416946
0.0 0.7054997530463586 0.9936652494955723 0.010022722177244958 0.008883776475285998
