0.0 0.005497751740631958 0.12128315799215769 0.010995503481263916 0.007911693083040206
0.0 0.14164389041223174 0.14886373634550462 0.04817267670011651 0.007791818945418427
0.0 0.28807360067456333 0.19823838826114493 0.03958760291960752 0.009309272249064193
0.0 0.09013558607651692 0.18700815507179752 0.0454524329817746 0.006353947725551734
0.0 0.30607884055979934 0.29040441257061184 0.05475748688819689 0.014887191747727967
0.0 0.09306519970592603 0.26424391885181764 0.06627033296863091 0.009166989992443675
0.0 0.3260264724056667 0.33193258158724676 0.03702312269340893 0.00812876541502341
0.0 0.23718378361445502 0.3784044682795429 0.02842846921101213 0.008528540763303383
0.0 0.14462597688093093 0.36607806170758117 0.04429552179390016 0.007862248516170211
0.0 0.2521458251990754 0.4411236660606811 0.03645183054835755 0.01010256788049162
0.0 0.1414884824629969 0.42682262841167307 0.037753681639366925 0.008528141717298255
0.0 0.19226067501249278 0.44538773691933004 0.03384812836633176 0.009446556979161257
0.0 0.03241484837755791 0.5614675194539854 0.05393004415150279 0.011011446920706902
0.0 0.12665827507707453 0.5940068284425433 0.0511284834163608 0.010023240145771694
0.0 0.3070310892778584 0.6180147841642988 0.028608234640191663 0.00782575704275743
0.0 0.2965893282550281 0.6529135772803565 0.050064410620334523 0.006178229244282463
0.0 0.18939802614953127 0.7240562400890861 0.04848902408822994 0.009240465158632461
0.0 0.20946974683426364 0.8275137501677641 0.04276464493027948 0.006127291275684144
0.0 0.16941816996009673 0.9155774110732022 0.07798707377327263 0.010689103299049662
0.0 0.0011157124031686096 0.8823143683380618 0.0022314248063372193 0.008035479693932502
0.0 0.005915725461887252 0.9032487087065647 0.011831450923774503 0.007413684990428493
