0.0 0.32627659998825276 0.9185064434064337 0.014144939305849124 0.011787449421541396
0.0 0.4076100009968851 0.1926353080279437 0.01178744942154104 0.00942995953723269
0.0 0.36163894825287557 0.11813862768380474 0.011315951444679317 0.01414493930584868
0.0 0.5264274911660177 0.17495413389563233 0.009901457514094502 0.016502429190157385
0.0 0.23268425158121783 0.19310680600480518 0.011787449421540952 0.010372955490956315
0.0 0.5028525923229357 0.005318544479675858 0.010844453467817771 0.010637088959351716
0.0 0.6586826736757068 0.07641105673154983 0.01037295549095596 0.009901457514094858
0.0 0.8364374109525439 0.14972899213353444 0.015087935259572305 0.015087935259572305
0.0 0.7850441314746254 0.08796275716466014 0.015087935259572482 0.011315951444679229
0.0 0.8486963583509464 0.21903919473219524 0.01037295549095596 0.017916923120742466
0.0 0.8927814191875093 0.6667265237623198 0.014616437282710493 0.018388421097603923
0.0 0.9816587881047454 0.9088407290698133 0.00942995953723269 0.014144939305849391
0.0 0.96774959750851 0.9942619464851934 0.009901457514094148 0.011476107029613302
0.0 0.6827290704956502 0.977679439502569 0.016030931213295928 0.013201943352125767
