0.0 0.137705793723563 0.7811684654054998 0.009901457514094858 0.009901457514094148
0.0 0.1560942148211666 0.7568863195971254 0.011787449421540686 0.012258947398402498
0.0 0.13086907305906942 0.7340186677193359 0.012258947398402853 0.012730445375263955
0.0 0.1865058343287423 0.7446273721987227 0.005657975722339614 0.013201943352125767
0.0 0.16906040918486162 0.6385403274048544 0.013201943352126478 0.012258947398402498
0.0 0.011108586936213171 0.4395681811692434 0.011315951444679229 0.010372955490955604
0.0 0.025253526242062563 0.46526482090820254 0.011315951444679229 0.013673441328987224
0.0 0.45912892328877747 0.7210399308766388 0.01501643699754851 0.011262327748161027
0.0 0.29019400706636167 0.26773123901315665 0.011262327748161027 0.013139382372854414
0.0 0.26422808475810167 0.20328569689867954 0.013139382372854414 0.01689349162224154
0.0 0.3399359546207396 0.3434391088757948 0.011888012623058586 0.015642121872445715
0.0 0.3687174588660401 0.4185212938635354 0.011888012623058586 0.009385273123467642
0.0 0.38123115636399696 0.43979457961006163 0.010636642873262759 0.011888012623058941
0.0 0.5138763498423383 0.17262713802868568 0.011888012623058586 0.01439075212265024
0.0 0.6483985979453728 0.26522849951356536 0.010636642873262759 0.013139382372854414
0.0 0.6702975685667969 0.22987730408183787 0.009385273123467642 0.012513697497956855
0.0 0.5808246314564066 0.11725402660022724 0.011888012623058586 0.016267806747343627
0.0 0.9527942895831704 0.21924066120857422 0.013765067247751972 0.0100109579983652
0.0 0.8889744323435906 0.5833892583991149 0.013765067247751972 0.012513697497956855
0.0 0.5967795957663011 0.8205238259853946 0.011262327748161027 0.011262327748161027
0.0 0.9964190607883158 0.9218847757188442 0.007161878423368506 0.018770546246935284
