0.0 0.036437410952543915 0.14972899213353444 0.015087935259572305 0.015087935259572305
0.0 0.04869635835094641 0.21903919473219524 0.01037295549095596 0.017916923120742466
0.0 0.09278141918750933 0.6667265237623198 0.014616437282710493 0.018388421097603923
0.0 0.2787873710594253 0.7018531230385114 0.016030931213295928 0.012258947398402142
0.0 0.33300963839851383 0.687472434744231 0.015087935259572305 0.011787449421541396
0.0 0.3202791930232495 0.6450376168266839 0.013201943352125767 0.014616437282710138
0.0 0.1816587881047454 0.9088407290698133 0.00942995953723269 0.014144939305849391
0.0 0.16774959750850993 0.9942619464851934 0.009901457514094148 0.011476107029613302
0.0 0.711386764829977 0.9677779819884744 0.00801546560664761 0.010372955490955604
0.0 0.4489981407064761 0.9831016662364782 0.014144939305849036 0.0127304453752636
0.0 0.4930832015430392 0.9081334879154774 0.009901457514094148 0.011787449421541396
0.0 0.6510350237916878 0.7982744593067153 0.01273044537526431 0.01273044537526431
0.0 0.6156726755270648 0.7900232447116377 0.012730445375263955 0.00942995953723269
0.0 0.684275631160433 0.7636193580073855 0.009429959537233046 0.010372955490956315
0.0 0.8198312995081537 0.7558396413891686 0.009901457514094148 0.015559433236433762
0.0 0.6955915826051123 0.607082029689322 0.013201943352125767 0.010372955490956315
0.0 0.9372140551538408 0.9011752874040987 0.011888012623058586 0.010636642873262759
