0.0 0.44610132409190123 0.5190356094447135 0.014285394207833235 0.022147897996640964
0.0 0.26744238520120805 0.36362014463000536 0.013781160571798701 0.020781115147951112
0.0 0.5022859566761213 0.303656861001802 0.016440352482208098 0.02085716359683154
0.0 0.5374977563954773 0.28571356584864604 0.015213460505923848 0.01564287269762321
0.0 0.6077219791303221 0.323755364789978 0.01715019517739389 0.016938464372734607
0.0 0.9035813969407325 0.5724744626532536 0.01873720405697732 0.020493816937318776
0.0 0.9450081840354556 0.560763710117643 0.01376013422934257 0.017566128803416348
0.0 0.9391528077676503 0.49397582456298794 0.018444435243587166 0.01793208982015404
0.0 0.869962528989187 0.36830519805505446 0.01376013422934257 0.016834206769940074
0.0 0.8582517764535764 0.35366675738554143 0.012589058975781598 0.01976189490384339
0.0 0.9221898012642867 0.3423734826924387 0.015448389258489214 0.020316241082127817
0.0 0.9624199816249357 0.3659081382034177 0.015770230701374642 0.0211208446893405
0.0 0.9814716305487355 0.2926705589634655 0.01346887837768378 0.018571778175414444
0.0 0.9475217257719961 0.3019564480511723 0.014718568124067133 0.02152243452104141
0.0 0.9965053570205032 0.18353633576401185 0.006989285958993285 0.02250701629920826
