0.0 0.5353840673978898 0.8643711416943975 0.015781152110155006 0.01977638049247261
0.0 0.4726288600431108 0.7954944493294978 0.01447900195556997 0.013272418459271762
0.0 0.520324725002963 0.8224614158136514 0.013534694551238147 0.018271837644171996
0.0 0.4921048868636312 0.8310559468536877 0.013128653714701954 0.01570024567943662
0.0 0.19066416254254398 0.6782182422926372 0.010915749726915891 0.018509314754335548
0.0 0.08664995411295244 0.6216962016999392 0.013800621346764786 0.012150547055303917
0.0 0.08015037075177531 0.9055147802033453 0.01434519849193805 0.011891414539369548
0.0 0.3721062600652463 0.9125322865168524 0.018151666430196656 0.017566128803416348
0.0 0.29288850699933705 0.6728041827334774 0.012732188949304658 0.014677384483225354
0.0 0.19311403773819863 0.53904012731747 0.014317148807177205 0.011995449000608716
0.0 0.24439702133546176 0.5613735365934709 0.016638848613747113 0.014704098774939922
0.0 0.07775214762488254 0.3463866991621593 0.011919650717089069 0.014196437932712058
0.0 0.13064628608816378 0.39415056557747724 0.014477204458115267 0.013842239350302066
0.0 0.7007237479421455 0.6919369967883366 0.012928675389662914 0.014665363128573005
0.0 0.3663717320772072 0.5586981931144951 0.013052603881246938 0.013345920822398227
0.0 0.4466709319524931 0.5193720305327332 0.011097275726383771 0.01538043477867248
0.0 0.777963526344778 0.4941748646061296 0.01243372322508023 0.017198047077681623
0.0 0.6136090648175031 0.48116425353304565 0.013337701103189659 0.01495985394006354
0.0 0.5909890447033114 0.48089389472689986 0.010273634633537653 0.012256265878606598
0.0 0.6469857574510567 0.4048663171630601 0.011757602744958717 0.011431002668709311
0.0 0.6154505577796308 0.40050964633742936 0.0176604027047361 0.013902870214366914
0.0 0.44353999326895777 0.4271695952050649 0.016463853223837078 0.012732046493100313
0.0 0.5003545959725801 0.3168960372056432 0.008966464446304912 0.014570504725244859
0.0 0.2749921372991871 0.362582342932215 0.012243317149670929 0.015342891111613
0.0 0.09606538457994987 0.35005911643752086 0.010807191573274366 0.014782250542754838
0.0 0.10959439637552534 0.3741655002946178 0.0121729910074734 0.012807000955778847
0.0 0.06934654169104135 0.36844595523310664 0.013129707173403204 0.014849073588968054
0.0 0.10893327732959471 0.3010205053852328 0.015226765799256015 0.011717472118959193
0.0 0.23134157518761428 0.2545021169321135 0.012911272129946383 0.013209224563714627
0.0 0.34239946136568306 0.2843561091269759 0.011697247739662232 0.012347094836309936
0.0 0.4095466290140415 0.2770252102962353 0.010213416762286442 0.01441894131146242
0.0 0.9679375449828967 0.22562061760154678 0.010131464955745883 0.01332100021959164
0.0 0.8705694814531555 0.25451261618815585 0.015967907493428867 0.013074607650365522
0.0 0.963239900355287 0.14250909648746662 0.013486833814409493 0.01257247219987363
0.0 0.9776506463266823 0.059978355479231735 0.014102087344279823 0.011305983819121224
0.0 0.9071392789456467 0.20554655840304611 0.014416179099974613 0.01266286002024799
0.0 0.7368214123229937 0.2249248533816967 0.012930723440362613 0.012504435854415874
0.0 0.6997628342229476 0.3050618538990502 0.01347372765418271 0.013088764006920429
0.0 0.5324754118380497 0.25463484576370127 0.010151663354466222 0.012959570239743812
0.0 0.5894258911331619 0.2330999363554973 0.011049360221315396 0.008786238248274713
0.0 0.6598583502512092 0.12009183708477736 0.013205684880666268 0.01514769736311763
0.0 0.8002330323537045 0.12354601175220062 0.010324306454553778 0.014454029036375715
0.0 0.8147664791320377 0.10027661335847463 0.012389167745464391 0.0095301290349731
0.0 0.7436695681730168 0.08045853211048559 0.014774541677098796 0.010936998384345743
0.0 0.750129035238557 0.06488865816538229 0.011084640173589833 0.012268436696982831
0.0 0.739259630796494 0.04158939022769133 0.015604590535636476 0.010223697247485574
0.0 0.8035493253885122 0.043051705872448665 0.0106922499581124 0.016038374937168955
0.0 0.5139695176241815 0.002516882580653146 0.011265494760091598 0.005033765161306292
0.0 0.5321114603471543 0.04729046020949355 0.011786361121478706 0.010692781223609416
0.0 0.5293624420438601 0.07269004579718227 0.011752073922009032 0.013019454443010402
0.0 0.39300126864902546 0.13547008758984305 0.011933440406221508 0.012773823533419914
0.0 0.0991308932590563 0.036433347005990414 0.00941298933265955 0.01268707257880095
0.0 0.043206504581030813 0.17278941593518304 0.010521806722277916 0.015356150351433229
0.0 0.030694085776159598 0.13070218904607067 0.013934284578151334 0.0119436724955591
0.0 0.11265538935299908 0.22364180028666175 0.014514132079442276 0.010740457738786801
0.0 0.395882941804712 0.006851663332028935 0.008962731361391007 0.01370332666405787
