0.0 0.40425825380841535 0.18513920230440065 0.017791754442408304 0.012355385029450616
0.0 0.4814893545976739 0.1342018427336285 0.016062000538285305 0.01383803123298435
0.0 0.3293938350728121 0.30185507207908985 0.010169095895161285 0.010005078219433017
0.0 0.7056000156758394 0.6656886824119059 0.015963684211794237 0.01521245201359207
0.0 0.615747326564242 0.5880351243449446 0.015200741266438023 0.015654494737077584
0.0 0.6067123078218422 0.5585960850199783 0.013233794493589102 0.01730573126084778
0.0 0.7128280055566452 0.5948202465729654 0.014932677350178203 0.01603066833180833
0.0 0.719171403056518 0.5356744479678 0.010838583396631662 0.012809234923292223
0.0 0.7867086437546698 0.5921985727718656 0.013578321194334997 0.018355878651600932
0.0 0.9965053570205032 0.9468290686112095 0.006989285958993285 0.018005613039366607
0.0 0.9646066740791129 0.5864802713683058 0.013746817360065578 0.014502136995234593
0.0 0.9154035054211491 0.4965742152015501 0.013686669982480738 0.013295622268695694
0.0 0.9734864607864866 0.47892490911676655 0.010865090522029419 0.014329322282675605
0.0 0.9537623272645561 0.40482515919641526 0.012737402973705158 0.016841677265232134
0.0 0.7937063064373201 0.33237808905450167 0.01125655596718005 0.013116334779149242
0.0 0.5922031842983204 0.36999809837529474 0.01766757158306991 0.015032933715419005
0.0 0.7143477994318509 0.057042012663693596 0.01470999142392504 0.013372719476295458
0.0 0.6923783317207938 0.03746053057340397 0.017384535319184203 0.0139458360252803
0.0 0.9631890761401701 0.23023277777352327 0.010725538819392 0.015257456630402544
0.0 0.9689170204599911 0.3026450130795489 0.013694461658941748 0.010546309553438249
0.0 0.9205675940535146 0.11751186464702883 0.01592622102164576 0.014815089322461006
0.0 0.8297928541356866 0.14377038262605418 0.014750267862475751 0.011940693031527871
