0.0 0.3678604414255733 0.9939377459192233 0.014972547817150073 0.012124508161553393
0.0 0.27947697176540354 0.9925545546653017 0.013776113841543314 0.014890890669396483
0.0 0.20404987544410869 0.9425090964874666 0.016858542268011867 0.01257247219987363
0.0 0.22206330790835294 0.8599783554792317 0.01762760918034978 0.011305983819121224
0.0 0.13392409868205846 0.999607564196461 0.018020223874968266 0.000784871607077875
0.0 0.0033719909881133603 0.9235460117522006 0.006743981976226721 0.014454029036375715
0.0 0.018458098915047128 0.9002766133584746 0.015486459681830489 0.0095301290349731
0.0 0.005559656479730224 0.8430517058724487 0.011119312959460448 0.016038374937168955
0.0 0.08128635100788095 0.7732886569548075 0.020031793561224198 0.011937313714035724
0.0 0.1622044874469939 0.6769137482142629 0.015989161176930722 0.011468088016557233
0.0 0.27486953502976696 0.675651878199323 0.01520221683275036 0.012954932605300229
0.0 0.25008331193289113 0.668579542542348 0.014541250883500112 0.011236421137250475
0.0 0.3044873904097791 0.5319154759074447 0.014802120713330424 0.012392473155346907
0.0 0.130250532102822 0.4815239754543681 0.015818271194034672 0.012330139597401413
0.0 0.06805989357929754 0.45357174493135305 0.01567953796505872 0.010886924473852134
0.0 0.14674655498895106 0.4555807160449776 0.0167350034362439 0.011855025334988056
