0.0 0.0017162762861146596 0.4315527155625958 0.0034325525722293192 0.006600971676062883
0.0 0.0007732803323913906 0.31980769504638784 0.0015465606647827811 0.008486963583509421
0.0 0.4416899220651208 0.9916923120742205 0.00707246965292434 0.006600971676063239
0.0 0.29024839880467734 0.8799835606331555 0.005077670520048372 0.008704578034368637
0.0 0.40177580487002607 0.8496988828885812 0.007616505780072913 0.008341887282936255
0.0 0.4159207441758751 0.8587661516743819 0.005440361271480398 0.006165742774344807
0.0 0.5053240144038702 0.888144102540376 0.005077670520048372 0.007616505780072202
0.0 0.4953500187394894 0.9360192817294039 0.0061657427743444515 0.006165742774344096
0.0 0.4224491777016516 0.9577807223453586 0.006165742774344807 0.005440361271480754
0.0 0.4144699811701468 0.9367446632322676 0.004714979768616345 0.006165742774344807
0.0 0.4213611054167162 0.9383767701237229 0.005440361271480398 0.00942995953723269
0.0 0.5600903178701065 0.9517963294166971 0.0065284335257761224 0.005077670520048372
0.0 0.6242865808735756 0.9889721314384801 0.005803052022912425 0.007616505780072913
0.0 0.6290015606421917 0.9712002846183104 0.007253815028640531 0.00689112427720886
0.0 0.6373434479251288 0.9429104060066124 0.006528433525776834 0.007616505780072913
0.0 0.6409703554394488 0.9173407080306543 0.005803052022912425 0.007253815028640531
0.0 0.6542085679279961 0.8863306428232608 0.005440361271480043 0.006165742774344096
0.0 0.5860227066587752 0.8221343798197907 0.009067268785800664 0.006165742774344807
0.0 0.2572435403018057 0.6415143841166524 0.007979196531504584 0.0061657427743444515
0.0 0.40594674851149415 0.7524977615047973 0.005077670520048372 0.0061657427743444515
0.0 0.42317455920451563 0.7845958930065319 0.008341887282936966 0.004352289017184319
0.0 0.4657907224977791 0.7327311155517521 0.005803052022912425 0.006528433525776478
0.0 0.5249093148586426 0.745062601100441 0.007253815028640531 0.007253815028640887
0.0 0.5588209002400945 0.7628344479206103 0.005440361271480043 0.005803052022912425
0.0 0.5785875461931396 0.7274720996559877 0.0058030520229127806 0.0061657427743444515
0.0 0.5722404580430792 0.7249332643959635 0.005440361271480398 0.0061657427743444515
0.0 0.5080441950396102 0.6694415794268629 0.005440361271480398 0.008341887282936966
0.0 0.44112775140040095 0.7238451921416672 0.004352289017184319 0.006891124277208505
0.0 0.43423662712319244 0.7285601719102838 0.007979196531504584 0.006891124277208505
0.0 0.6290015606421917 0.7532231430076617 0.007253815028640531 0.0061657427743444515
0.0 0.6333538496593762 0.7693628814463869 0.00797919653150494 0.0050776705200487274
0.0 0.6514883872309776 0.6643639089068147 0.005803052022912425 0.01051803179152877
0.0 0.6036132080419495 0.6319030866536481 0.008704578034368993 0.007979196531504584
0.0 0.605608007174826 0.6224731271164154 0.006891124277208505 0.007979196531504584
0.0 0.6373434479251283 0.575686020181684 0.007253815028640531 0.008704578034368637
0.0 0.6531204956124217 0.5900123048632491 0.005440361271480398 0.006891124277208505
0.0 0.5871107790969072 0.5836652167131883 0.005440361271480754 0.0065284335257761224
0.0 0.5805823453260162 0.55392456466584 0.005440361271480398 0.006528433525776478
0.0 0.5307123670041122 0.5782248554417079 0.005077670520048372 0.006528433525776478
0.0 0.28861629042323306 0.666177362663975 0.005440361271480398 0.006165742774344807
0.0 0.4284335752534762 0.5827584868546305 0.005803052022912425 0.006891124277208149
0.0 0.39651678897426146 0.5767740924359798 0.006528433525776834 0.0058030520229127806
0.0 0.4534592369490902 0.6025251357876537 0.004352289017184319 0.006528433525776478
0.0 0.35226851729955405 0.5412303987956412 0.005803052022912425 0.007253815028640531
0.0 0.3927085360842252 0.48120507943364055 0.005440361271480754 0.009067268785800664
0.0 0.43224182799031646 0.45019502018620194 0.008341887282936966 0.009429959537233046
0.0 0.4266201213431199 0.426076085215972 0.005803052022912425 0.01051803179152877
0.0 0.17291794050194137 0.5229145203182902 0.006891124277208505 0.010518031791529126
0.0 0.1410011545903977 0.5004276892595378 0.007616505780072558 0.005440361271480398
0.0 0.33195783521936056 0.45418461845195407 0.006528433525776478 0.008704578034368637
0.0 0.37058440024687156 0.4275268482217003 0.009067268785800664 0.006891124277208505
0.0 0.4975261632480814 0.43731949851036483 0.005440361271480754 0.0061657427743444515
0.0 0.5185622269230569 0.523639898841177 0.007616505780072558 0.0061657427743444515
0.0 0.543587888679949 0.489365621340861 0.006891124277208149 0.007253815028640531
0.0 0.5537432297200459 0.5238212427269037 0.007616505780072558 0.007979196531504584
0.0 0.5236398973511875 0.5332512022641366 0.004714979768616345 0.0058030520229127806
0.0 0.4121124912858386 0.5539245750957621 0.006528433525776834 0.005077670520048372
0.0 0.4190036155630473 0.5550126473500582 0.005803052022912425 0.005803052022912425
0.0 0.43550604475320487 0.5499349768300096 0.005440361271480398 0.00797919653150494
0.0 0.43967698839467284 0.5571887918586503 0.005803052022912425 0.008704578034368637
0.0 0.5406863626684929 0.43133510111173656 0.0061657427743444515 0.0072538150286401756
0.0 0.5735098756730913 0.4342366271231926 0.005803052022912425 0.007253815028640531
0.0 0.5820331083317442 0.4211797600716395 0.005440361271480398 0.007979196531504584
0.0 0.6025251357876537 0.42825222972456417 0.005803052022912425 0.006891124277208505
0.0 0.5796756187231897 0.44711215326899634 0.006528433525776478 0.0061657427743444515
0.0 0.5900123048632487 0.46506534099491503 0.0061657427743444515 0.007253815028640531
0.0 0.6172141112206508 0.44602407654473364 0.008341887282936966 0.00689112427720886
0.0 0.6190275649778106 0.4592622889720028 0.00689112427720886 0.007979196531504584
0.0 0.6253746531278714 0.502422488392414 0.007979196531504229 0.005077670520048372
0.0 0.6543899132424335 0.5347019652698645 0.006528433525776478 0.006528433525776478
0.0 0.3887189378184731 0.32742420082646007 0.005440361271480754 0.007616505780072558
0.0 0.3834599219227087 0.37983301440838824 0.007253815028640531 0.0065284335257761224
0.0 0.3754807253912039 0.3941592990899533 0.0065284335257761224 0.0061657427743444515
0.0 0.4295216473545759 0.40721616614150646 0.007253815028640531 0.007616505780072558
0.0 0.1402757730875333 0.26812426296732356 0.009067268785800664 0.007253815028640531
0.0 0.11126051297297099 0.27973035956320375 0.009067268785800664 0.007253815028640531
0.0 0.17618215747930427 0.3357660881093967 0.0061657427743444515 0.005440361271480754
0.0 0.20501607221815057 0.3830972311712765 0.006528433525776478 0.00942995953723269
0.0 0.1656641256877755 0.3051187196133906 0.0061657427743444515 0.007253815028640531
0.0 0.17418735834642812 0.30656948261911837 0.004352289017184319 0.005803052022912425
0.0 0.24074111123420536 0.29931566759047784 0.006891124277208505 0.008704578034368637
0.0 0.27864229485076975 0.24745089013569804 0.007253815028640531 0.010155341040096744
0.0 0.30131046672335415 0.3005850852204901 0.006891124277208505 0.00834188728293661
0.0 0.3270615100750282 0.29242454331326967 0.005440361271480398 0.009429959537233046
0.0 0.24454936412424164 0.22079311990544373 0.007253815028640531 0.00834188728293661
0.0 0.25397932366147435 0.20374665458813848 0.00797919653150494 0.007616505780072558
0.0 0.34465201151948166 0.18180386412650068 0.00797919653150494 0.006528433525776834
0.0 0.3796516690326722 0.16620816181492354 0.006891124277208505 0.007979196531504584
0.0 0.4224491777016516 0.1903270967851533 0.003989598265752292 0.00834188728293661
0.0 0.42788953897313176 0.20048243782525024 0.0061657427743444515 0.004714979768616345
0.0 0.4425785144061292 0.2135393048768032 0.004352289017184319 0.00689112427720886
0.0 0.441671787527549 0.1836173178836608 0.006891124277208505 0.005803052022912425
0.0 0.4251693583373918 0.15006842337619836 0.005803052022912425 0.005440361271480754
0.0 0.43605008088035274 0.1598610736648629 0.0050776705200487274 0.006891124277208505
0.0 0.44529869504186925 0.15387667626623447 0.005440361271480754 0.008704578034368637
0.0 0.46832955775780294 0.18398000863509303 0.0036269075143206208 0.007253815028640531
0.0 0.48555736845082437 0.25379797828575834 0.0061657427743444515 0.006891124277208505
0.0 0.46687879475207517 0.26522273695586734 0.005803052022912425 0.005803052022912425
0.0 0.49734481787236595 0.33558474273368066 0.0101553410400971 0.004352289017184319
0.0 0.5042359421495739 0.3832785765469925 0.007253815028640531 0.006891124277208505
0.0 0.42263052307736737 0.30221719360193405 0.007979196531504229 0.007253815028640531
0.0 0.4324231733660323 0.2849893829089128 0.006528433525776478 0.00834188728293661
0.0 0.4019571502457421 0.2690309898459036 0.007253815028640887 0.009067268785800308
0.0 0.39760486122855776 0.24962703464429 0.0065284335257761224 0.010880722542960797
0.0 0.41827823406018344 0.23203653319983672 0.005803052022912425 0.007616505780072202
0.0 0.4233559045802314 0.25144048840145033 0.005803052022912425 0.00942995953723269
0.0 0.42897761122742784 0.25688084967293073 0.005440361271480754 0.008704578034368637
0.0 0.12594948840596842 0.0662868597953997 0.007979196531504584 0.008341887282936966
0.0 0.2534352875343263 0.07553547395691655 0.00689112427720886 0.005803052022912425
0.0 0.27283924273593974 0.06556147829253582 0.007979196531504229 0.00471497976861599
0.0 0.2828132386147958 0.034914111286518515 0.005440361271480754 0.006528433525776478
0.0 0.3109217716363027 0.015510154594915804 0.005803052022912425 0.005440361271480398
0.0 0.37294189013117973 0.07408471095118845 0.005803052022912425 0.00942995953723269
0.0 0.36750152885969917 0.14227057222040962 0.004352289017183963 0.007253815028640531
0.0 0.35063640891810993 0.14752958811617436 0.0061657427743444515 0.0061657427743444515
0.0 0.3071135187462664 0.12975774129600487 0.007616505780072913 0.008341887282936966
0.0 0.28644014591464106 0.1480736242433222 0.00834188728293661 0.007253815028640531
0.0 0.4460240765447333 0.027841640143604886 0.007616505780072558 0.005440361271480398
0.0 0.4770341357921719 0.06447340603823974 0.006528433525776478 0.007616505780072558
0.0 0.48301853319080035 0.07499143782976851 0.0061657427743444515 0.00834188728293661
0.0 0.5078628496638942 0.09548346528567819 0.006528433525776478 0.005077670520048372
0.0 0.4445733135390052 0.056312864131019144 0.007616505780072558 0.00797919653150494
0.0 0.43314855486889636 0.05014712135667469 0.006528433525776478 0.005803052022912425
0.0 0.4229932138287994 0.047789631472366347 0.005803052022912425 0.006891124277208505
0.0 0.42589473984025583 0.038359671935133656 0.0065284335257761224 0.00834188728293661
0.0 0.6150379667120591 0.0097071025720032 0.007616505780072558 0.004714979768616345
0.0 0.5406863626684928 0.0980223005457022 0.00834188728293661 0.007253815028640531
0.0 0.6290015606421917 0.07082049418830003 0.004352289017184674 0.005803052022912425
0.0 0.6672654349182705 0.07934372684695265 0.0061657427743444515 0.006165742774344096
0.0 0.6815917195998358 0.06465475141395557 0.005077670520048372 0.007253815028640531
0.0 0.7243892282688151 0.09131252164420971 0.005803052022912425 0.004714979768616345
0.0 0.722031738384507 0.0800691083498167 0.006891124277208149 0.005440361271480398
0.0 0.7309176617945919 0.05685690025816701 0.005077670520048372 0.005440361271480398
0.0 0.7443372195975767 0.08224525285840904 0.007253815028640531 0.005440361271480754
0.0 0.5236398973511875 0.20701087135102672 0.004714979768616345 0.005440361271480398
0.0 0.5216450982183114 0.1977622571895102 0.006528433525776478 0.005077670520048372
0.0 0.5524738120900338 0.19721822106236217 0.007979196531504229 0.0061657427743444515
0.0 0.5615410807532774 0.20048243633526114 0.005077670520048372 0.006891124277208505
0.0 0.534339274549071 0.16004241904057892 0.005803052022912425 0.007979196531504584
0.0 0.5403236719170609 0.1642133626820474 0.006165742774344807 0.007616505780072558
0.0 0.6516697326066936 0.17980906499362453 0.003989598265752292 0.006165742774344096
0.0 0.6415143915665966 0.20175185545526234 0.0061657427743444515 0.005077670520048372
0.0 0.668534852548283 0.19903167481952214 0.005803052022912425 0.0061657427743444515
0.0 0.7109696704658299 0.16094914591915915 0.007253815028640531 0.0061657427743444515
0.0 0.7358139869389237 0.1658454710634915 0.0061657427743444515 0.005803052022912425
0.0 0.7396222398289604 0.17980906499362453 0.005077670520048372 0.004714979768616345
0.0 0.5347019652698645 0.24164783811278542 0.008704578034368993 0.007253815028640531
0.0 0.5448573063099611 0.30602544649197033 0.007253815028640531 0.006891124277208149
0.0 0.5918257586204089 0.2697563713487675 0.00689112427720886 0.007616505780072558
0.0 0.6261000346307354 0.28426400140604874 0.007253815028640531 0.005440361271480398
0.0 0.6703483063054427 0.24454936412424147 0.005803052022912425 0.005803052022912425
0.0 0.66001161988963 0.2909737803075414 0.00689112427720886 0.008704578034368637
0.0 0.6826797918541321 0.2826318930246046 0.005077670520048372 0.006528433525776478
0.0 0.7147779233558665 0.2715698251059274 0.003989598265752292 0.0061657427743444515
0.0 0.7109696704658299 0.2831759291517528 0.006528433525776834 0.004714979768616701
0.0 0.7325497701760361 0.2644973554530033 0.003989598265752292 0.006528433525776478
0.0 0.7347259146846279 0.2751967326202481 0.003264216762888239 0.005440361271480398
0.0 0.6993635664200051 0.29460068782186166 0.006528433525776478 0.0065284335257761224
0.0 0.6937418597728089 0.2944193424461455 0.0061657427743444515 0.006891124277208505
0.0 0.6346232672893883 0.3185382774163754 0.0061657427743444515 0.005803052022912425
0.0 0.6322657774050802 0.3256107470693001 0.006528433525776834 0.0061657427743444515
0.0 0.6311777051507835 0.3464654652766416 0.007253815028640531 0.005803052022912425
0.0 0.5961780476375932 0.35716484244388624 0.008341887282936966 0.008341887282936966
0.0 0.7093375620843861 0.3444706661437653 0.0061657427743444515 0.007616505780072558
0.0 0.7184048308701867 0.34066241325372904 0.004714979768616345 0.007979196531504229
0.0 0.5483028684485654 0.37566207076691993 0.006891124277208505 0.007616505780072558
0.0 0.6103229869434423 0.3872681748127448 0.003989598265752292 0.005440361271480398
0.0 0.6688975432997148 0.41537670804872684 0.004352289017184319 0.008704578034368637
0.0 0.6536645317395697 0.42226783232593557 0.008704578034368637 0.006528433525776834
0.0 0.6614623828953585 0.39633544359854567 0.003264216762887884 0.006891124277208505
0.0 0.6632758366525184 0.37529938001548774 0.005440361271480398 0.0061657427743444515
0.0 0.647317443589509 0.3707657456225871 0.007616505780072558 0.005803052022912425
0.0 0.6988195302928573 0.365506729726823 0.005440361271480754 0.00834188728293661
0.0 0.7067987268243622 0.3736672716340436 0.004714979768616345 0.004352289017184319
0.0 0.7066173814486458 0.39379660833852126 0.0065284335257761224 0.0061657427743444515
0.0 0.7189488669973351 0.380921086662684 0.005077670520048372 0.006528433525776478
0.0 0.7222130837602231 0.3885375924427567 0.005077670520048372 0.005803052022912425
0.0 0.7178607947430384 0.4336925909960442 0.006528433525776834 0.0061657427743444515
0.0 0.6977314580385613 0.4442106227875732 0.0061657427743444515 0.005440361271480754
0.0 0.6719804146868873 0.47594606353787566 0.0061657427743444515 0.006528433525776478
0.0 0.7140525418530025 0.47703413579217174 0.0061657427743444515 0.007979196531504229
0.0 0.7042598915643378 0.4850133323236765 0.006891124277208149 0.006528433525776478
0.0 0.6763327037040714 0.5118524479296467 0.00471497976861599 0.005077670520048372
0.0 0.6772394305826515 0.5395982904141967 0.006528433525776478 0.007616505780072202
0.0 0.667990816421135 0.566074715268735 0.007616505780072558 0.004714979768616701
0.0 0.7160473409858786 0.5526551574657497 0.005803052022912425 0.005440361271480398
0.0 0.7064360360729296 0.5212824074668794 0.00689112427720886 0.007253815028640531
0.0 0.6587422022596179 0.6037945534176659 0.007979196531504229 0.0061657427743444515
0.0 0.6781461574612319 0.6235611993707117 0.005440361271480398 0.007253815028640531
0.0 0.6826797918541321 0.6525764594852734 0.004352289017184319 0.005803052022912425
0.0 0.6828611372298479 0.6777834667097995 0.00906726878580102 0.006891124277208505
0.0 0.712239088095842 0.7033531646857577 0.010518031791529126 0.005803052022912425
0.0 0.7249332643959635 0.6743379045711955 0.00471497976861599 0.007253815028640531
0.0 0.6986381849171412 0.6610996921439265 0.007253815028640531 0.010518031791528415
0.0 0.6859440086170203 0.6625504551496547 0.00797919653150494 0.0061657427743444515
0.0 0.7227571198873713 0.6110483684463066 0.004714979768616345 0.00906726878580102
0.0 0.7140525418530025 0.6152193120877747 0.0061657427743444515 0.006528433525776478
0.0 0.7155033048587306 0.6277321430121796 0.0061657427743444515 0.006891124277208149
0.0 0.7223944291359391 0.6391569016822887 0.00471497976861599 0.007253815028640531
0.0 0.6658146719125426 0.7550365967648214 0.006165742774344807 0.007616505780072913
0.0 0.6843119002355763 0.7604769580363019 0.0039895982657519365 0.01051803179152877
0.0 0.671073687808307 0.7806062947407796 0.004352289017184319 0.006528433525776478
0.0 0.7040785461886216 0.8061759927167376 0.0065284335257761224 0.006165742774344096
0.0 0.7222130837602231 0.7630157932963261 0.0036269075143202656 0.006891124277208505
0.0 0.66001161988963 0.9089988207477177 0.005440361271480043 0.007979196531504584
0.0 0.6859440086170204 0.9862519508027393 0.0036269075143206208 0.0072538150286412416
0.0 0.6692602340511467 0.9983849912971342 0.007979196531504584 0.0032300174057315447
