0.0 0.9435590533975123 0.03495412616869533 0.005629539689260099 0.007605867452511817
0.0 0.6643768798641612 0.1763015933286093 0.007802758699236989 0.007802758699236989
0.0 0.8231537398986053 0.19753046293674217 0.006562092616508863 0.00956508415287729
0.0 0.04713611303572698 0.6695418598937417 0.006360293382388349 0.009893789705937194
0.0 0.05549872100145947 0.6670684124672576 0.007852214052330808 0.008087780473901063
0.0 0.0910578184573497 0.8119533885698896 0.009001704758084728 0.0077434019424387655
0.0 0.1012835898376947 0.8349709238837377 0.00590434398110915 0.009001704758084372
0.0 0.16561058774466045 0.8413641485617334 0.008113353803171464 0.009306494068344051
0.0 0.13279705931166194 0.8223128185547033 0.009306494068343696 0.006204329378896034
0.0 0.12015505438535215 0.7908636133370173 0.008702709436343525 0.005561494787722765
0.0 0.111773410379954 0.7432830187322313 0.005776421256344833 0.007299873016259539
0.0 0.08502315989493212 0.7218760002945398 0.003993911719938836 0.006624048706240515
0.0 0.14767761013186717 0.7400231140980491 0.00636414637903151 0.007324772247564582
0.0 0.13864172305597827 0.7404433879155322 0.0030619949559493875 0.004803129342665358
0.0 0.1999306340180615 0.7561692360915563 0.00936138644280966 0.006263373663174576
0.0 0.14705919568731715 0.7069414058689694 0.006043749265643328 0.008914530166823554
0.0 0.1601665769071829 0.713249569164988 0.0071769522529528725 0.007479139716234684
0.0 0.19085209045819146 0.6875745339785446 0.006975060122968557 0.007952872289738977
0.0 0.17924736191129043 0.6114173883168167 0.006493920678394005 0.008733203670943723
0.0 0.10440081975848425 0.5006762313364778 0.008546952218304326 0.007701649251658793
0.0 0.1786273245876268 0.39958129423121436 0.00679517671507881 0.008665408838495026
0.0 0.10350767801986205 0.19745231373008157 0.008519821836031127 0.006894329512051556
0.0 0.20628705764882582 0.9161154351896836 0.006593331100855337 0.010774467896519724
0.0 0.2516726715455011 0.890019741720214 0.00472876359421015 0.008237201099591829
0.0 0.21297742016882815 0.8475584316040052 0.004619986979028568 0.007614422983954938
0.0 0.2194771267056101 0.8269198591334241 0.00410665509246968 0.0061599826387045194
0.0 0.341632750553252 0.8846056707553493 0.003990027668500673 0.00511003543509716
0.0 0.3362427131765052 0.8851656746386475 0.0032900228143777355 0.004690032522623966
0.0 0.35499240894839107 0.8419327252977744 0.005498556809867239 0.005386341364768299
0.0 0.35002687550274575 0.8405019783727579 0.0039836483010262215 0.006115741757913895
0.0 0.30615729017669013 0.8107688277998054 0.008036529680365233 0.006331811263318343
0.0 0.3108188736681887 0.8057716894977169 0.005796042617960495 0.006964992389649894
0.0 0.2637005228311411 0.8683201839988058 0.00847488584474867 0.008474885844749026
0.0 0.2828568766058284 0.868887039614469 0.007952039263194165 0.010508051883506652
0.0 0.26537118583306024 0.763216266995909 0.00840240835079662 0.005618178364734305
0.0 0.25612345460125246 0.7361792141989539 0.0073268816336323535 0.009399130984558824
0.0 0.3221486679527207 0.7434945020540666 0.0060624354339818606 0.009517371756573568
0.0 0.3112379987998956 0.6932883309196576 0.005722622522004883 0.009515523495891288
0.0 0.33997863526981964 0.6845792351444594 0.006269992379138856 0.008807846437362344
0.0 0.2631326347628079 0.6499029347317901 0.006447176065429971 0.006112257828264589
0.0 0.2843580780431516 0.6571036768308414 0.008372955929129944 0.007619389895507922
0.0 0.16495092682041665 0.5287881813817054 0.00859059955355832 0.007293905281322921
0.0 0.2766029303446665 0.521077873927311 0.006333814917575964 0.008744027673821719
0.0 0.20111990788207326 0.4828387213449911 0.006508013261211332 0.0073423739357256325
0.0 0.2789381390424124 0.44140222357648823 0.006816082379119237 0.007242087527814434
0.0 0.3326016354735753 0.8931047484019434 0.006871950621707867 0.01013612716701857
0.0 0.3953100880546794 0.8707577673407834 0.008864800145172325 0.006744956632196164
0.0 0.4233498363399525 0.8757683065532721 0.0063595305389281265 0.008479374051903932
0.0 0.42151164609073816 0.8443240704061253 0.007515808818733305 0.006744956632196164
0.0 0.41050714215039485 0.7843694040492746 0.007399780788894361 0.00922894008502908
0.0 0.4381218403668196 0.7828344438343541 0.007461221158652265 0.008680843848047104
0.0 0.4157334049030375 0.7630124263688203 0.007890410958904326 0.005308980213089498
0.0 0.38667729007599816 0.7055239527834127 0.006938720726647673 0.008523153018559526
0.0 0.4062077454841823 0.7164932607220968 0.006526636225266458 0.007062404870624306
0.0 0.4549782087917686 0.7070335031646475 0.008345437232880925 0.010807041020997232
0.0 0.37773008621803295 0.5378352623027682 0.007637705115923055 0.008384871920741688
0.0 0.4270773518982214 0.46676047760230777 0.009413382405530513 0.00693617650933831
0.0 0.36467329499794054 0.35088843332636266 0.007715330919799613 0.00890666878241575
0.0 0.4857680235075195 0.9102804456930109 0.0068945002216981525 0.00919266696226373
0.0 0.5239175914009147 0.8941932785090494 0.006664683547641559 0.008273400266037356
0.0 0.5708174146104703 0.8953649253698639 0.007105077975047891 0.009473437300064091
0.0 0.5359499023255132 0.8791811366489217 0.008157682119499299 0.007368229011160565
0.0 0.5629907915466787 0.8534437476562736 0.004473567613918305 0.008026106601442961
0.0 0.4959267907430531 0.7857790510139061 0.005313352975576535 0.010036333398311115
0.0 0.5552955381143143 0.771797987731766 0.0034287718265208155 0.005779929650420712
0.0 0.5585283801221766 0.7750308297396284 0.005779929650420712 0.0040165612824957005
0.0 0.5284301304932688 0.7362566581261152 0.007282708671543148 0.00624232171846586
0.0 0.4664356156072323 0.6081817375361359 0.007674673522830489 0.00876287349994236
0.0 0.46474604195854885 0.6185196373187514 0.00441007359147747 0.006643747228719121
0.0 0.46895565765950453 0.6177750794396702 0.004925536738533154 0.005154631470558257
0.0 0.5142452053843947 0.618491887528361 0.008363386474125179 0.006842770751556415
0.0 0.6196394324701903 0.6276158266923855 0.0046257581420803716 0.005046281609542192
0.0 0.714159184230853 0.6100690780718121 0.00920916670208669 0.008272384015969792
0.0 0.6931070509244905 0.5923167396235666 0.00450876109460765 0.0063921676277981735
0.0 0.6300699658892265 0.535466171257973 0.009205479452054632 0.007744292237442707
0.0 0.6327427701674277 0.5054246575342468 0.005649923896499232 0.008474885844749026
0.0 0.6293315750342103 0.48725336517823353 0.005308980213090208 0.005990867579908609
0.0 0.5791965563672135 0.43174229702156275 0.0060021220763363916 0.008710396671756016
0.0 0.6050255168573384 0.36607869557434436 0.009022786019276908 0.00766936811638459
0.0 0.6531812274641075 0.31371040178702303 0.006527870490738508 0.006348204330442897
0.0 0.6395743823429043 0.2615764360503201 0.007370141107604411 0.0054654979000208215
0.0 0.6020763208290987 0.8591216160671316 0.004504406811509298 0.007319661068702743
0.0 0.6311940934320696 0.8452866522889242 0.004021791795990737 0.0060326876939853944
0.0 0.6694987446446825 0.8997516210264557 0.005434068895731059 0.006447200384765495
0.0 0.6593674297543366 0.8873177345701219 0.005986686071568314 0.004605143131975353
0.0 0.6677027388232121 0.8887453289410342 0.004236731681417538 0.004881451719894158
0.0 0.6812992209490109 0.8633343349781057 0.006198911804839113 0.008980474794189775
0.0 0.7076587050384985 0.8670267434412573 0.008193598882963827 0.006733353537484987
0.0 0.692938616269085 0.8480491218554835 0.007463476210224229 0.0071389772445627385
0.0 0.5748627427624575 0.7736909717956572 0.0074387667145050075 0.007861423914193111
0.0 0.5949389597476274 0.779439109711411 0.009213926953193763 0.006677983755066919
0.0 0.5902885926530276 0.7273563225117785 0.005240949276128859 0.004987354956315926
0.0 0.594937821849593 0.7301881257496868 0.0038884462371278515 0.004733760636503348
0.0 0.6215452585183424 0.7799093054147752 0.007181788486357377 0.00656460353831072
0.0 0.5944121162663418 0.7134229518651812 0.010640424884806165 0.007491727725016162
0.0 0.6474481243936963 0.6899894566556142 0.007682356787395506 0.008338167732661361
0.0 0.76792768696799 0.2294920720060972 0.0073928576793896635 0.0065876949618324685
0.0 0.8561367725938791 0.25619671692670154 0.009025615587845693 0.007145279007044536
0.0 0.7864029136279214 0.2736357918637015 0.007474722581815385 0.0064460910338588915
0.0 0.7226780761993539 0.3006324900298868 0.0077579874837027775 0.007451751135662122
0.0 0.7453395659543812 0.30517499585916036 0.0083704601797848 0.007349672352981784
0.0 0.7576060891952217 0.3158465364040849 0.009057389497302993 0.006412311148533334
0.0 0.6957139323782553 0.8024994606980996 0.008281955365923821 0.007307607675815397
0.0 0.6947711500880478 0.7565204349486881 0.009499889978560461 0.006576846908233946
0.0 0.7321617426959699 0.7418443228664253 0.009012716133505804 0.00840374882718784
0.0 0.7078587169257972 0.7138375074953653 0.00901681162388428 0.005845381328586896
0.0 0.7656536058284491 0.9045161141645053 0.006676561218884558 0.008370614065467663
0.0 0.7541440114884315 0.8640581461814136 0.0067762113863306436 0.008171313730575492
0.0 0.7321768366496112 0.8180354491163563 0.006885727368394612 0.007276961877962407
0.0 0.7475826740903901 0.8310661913667434 0.005159556064836579 0.007677094542896157
0.0 0.748145045957514 0.8177138028241832 0.006492045246982769 0.00467427257782731
0.0 0.7549226311500625 0.7516598696410088 0.007135758236703538 0.009246334616573293
0.0 0.7474545009933162 0.7355448199926208 0.004623167308286824 0.01015086735080395
0.0 0.7684597611548807 0.7302683790429454 0.009447341890847127 0.007638276422387236
0.0 0.7655542818788946 0.6792519558576069 0.005665719382770362 0.009300331817000185
0.0 0.7893946374156122 0.6459343466292452 0.0062002212113334565 0.0098348336455647
0.0 0.8130922577437832 0.6217350786137716 0.007932779235607512 0.008947437044813355
0.0 0.7820082690463991 0.5563674942904037 0.0061837605546156025 0.004530676049916238
0.0 0.8138514465560835 0.533547310223104 0.00418940362613327 0.007554662276634261
0.0 0.7219264213660372 0.4877226489841332 0.0088045141275078 0.009227808075945632
0.0 0.6513127890855449 0.4363302947104266 0.0063915392841028765 0.009587308926154137
0.0 0.7930813439142413 0.845299609954964 0.005337190328491559 0.005165022898539462
0.0 0.8198570563884495 0.8288194967914659 0.004641606423533062 0.0048224482322424935
0.0 0.819525511821903 0.8570603967864117 0.008351923481459522 0.007316561066402727
0.0 0.9357945131800935 0.8999677769619965 0.0054717197133093975 0.010248617875722487
0.0 0.92346143065168 0.9033116056756914 0.007035068202826978 0.006513952039657056
0.0 0.9037700064985682 0.8531085448831224 0.007654891178157897 0.008211610536569224
0.0 0.9168529114212379 0.8393297407624377 0.009046689574186927 0.007654891178157897
0.0 0.8198397389710752 0.7824114410009295 0.0048415859976749685 0.006091027545462424
0.0 0.7952023134506481 0.7882291532078133 0.0069500186095655895 0.005388216674831981
0.0 0.820057146899476 0.7698452146977809 0.005622486965042128 0.007340469093249524
0.0 0.8097102090818638 0.7710556111971997 0.004294955320518312 0.005075856287885472
0.0 0.8342783501772377 0.7433213135439803 0.007878506951875152 0.006997358148046117
0.0 0.8090078392071227 0.7445737676503917 0.007256145763611244 0.011488897459051729
0.0 0.8183779268275782 0.6601395725601703 0.0071742280326290596 0.00860907363915544
0.0 0.7747859730523879 0.4643181086359645 0.00622260661995142 0.009198635872972006
0.0 0.9606390306480648 0.8206014046916067 0.006008035023577207 0.009856932460555612
0.0 0.9698356921796186 0.8044739157103887 0.007134541590497178 0.008730425893635641
0.0 0.9841058902043859 0.7917973812487261 0.004216359459681485 0.005270449324601856
0.0 0.9886097287181365 0.7914619890189789 0.0038330540542560244 0.004408012162394215
0.0 0.963907046547542 0.6667418671743185 0.0038397399444050962 0.005555368430204055
0.0 0.9519017737836964 0.6492158909321486 0.003921436538967526 0.004738402484585435
0.0 0.9279603029147889 0.42420708113222594 0.009579825365008787 0.00718486902375659
0.0 0.9977573748418462 0.41176851965041816 0.004485250316307443 0.007653484216219297
0.0 0.9311843854931237 0.736758031641003 0.0063811323930202946 0.00727672992186541
0.0 0.9297906521184516 0.7513988193416496 0.0066050317752313955 0.005373585173069984
0.0 0.8848831362453516 0.5538610268497532 0.00838602831941202 0.0056260696320102
0.0 0.9220019164240085 0.5470190678376555 0.006793744461295858 0.009659855405904949
0.0 0.9338909692312753 0.5409683891768143 0.0076429625189575745 0.00923524637707338
0.0 0.8987545720955126 0.5164472177618258 0.006793744461295858 0.009447550891489343
0.0 0.8388463093431845 0.499684583921692 0.00791848242405635 0.007751777530917892
0.0 0.8549628266277469 0.47379208846765214 0.008501949550039 0.007335015298073344
0.0 0.8443770659134824 0.4658319298203111 0.007668425084349196 0.006751548172089628
0.0 0.7780440298243221 0.5003640680112866 0.005984150607095273 0.00925849716569509
0.0 0.7827939685452133 0.44493618976042504 0.0069172380282626735 0.010327144098533126
0.0 0.8604085900425321 0.4334857348004425 0.006950876742496348 0.009696902122249185
0.0 0.8551310725158213 0.44554250248341576 0.0056636773457377386 0.008924582484193876
0.0 0.8910407921583335 0.31613672622151034 0.003336143776613909 0.006509548832417167
0.0 0.9476308712530063 0.32735394038207544 0.00756278813609228 0.008214752630582823
0.0 0.9469997642385796 0.3348293189811045 0.008815829528158048 0.005796042617960495
0.0 0.9400727150140729 0.2777171860592695 0.007102627515465798 0.007173653790620804
0.0 0.9714274437376439 0.2722629691792088 0.010367822364465696 0.00667020739532056
0.0 0.9684768890740972 0.757717913324171 0.008017218413608163 0.01002152301701038
0.0 0.8945352579848006 0.6413484247604254 0.007312198714021889 0.006499732190241758
0.0 0.9317888484132297 0.6187280905670232 0.008832040942489527 0.0070010080641683455
0.0 0.9557090158718158 0.5856464759457625 0.007992697906420432 0.005855115908191877
0.0 0.9787290014789519 0.5162378725743471 0.007453559203627691 0.008481636335163144
0.0 0.9805010821770089 0.46858292549334823 0.006682501354976722 0.010152261673907148
0.0 0.9977693520046248 0.804353986808028 0.004461295990750358 0.009780106098904362
0.0 0.8621069920268759 0.7093730780434935 0.008798573044392554 0.007578968860021007
0.0 0.9091773485786447 0.6844482864428627 0.008363683018831124 0.0065221381339505054
0.0 0.9319167284025032 0.4989475694698804 0.007556019451605067 0.008786069129773111
0.0 0.9511142894510574 0.49947473361766653 0.008873929821071158 0.007731740834200096
0.0 0.27373090506153125 0.8186505724748805 0.009082811536551105 0.008682099262880171
0.0 0.2563210416091442 0.851583295083407 0.009923440447579424 0.008148516139882388
0.0 0.25567657119168635 0.8825475653192679 0.008551908027995126 0.009520048559466688
