0.0 0.01985705638844948 0.14298044919797054 0.004641606423533062 0.02392532456306353
0.0 0.01952551182190305 0.28309034064576305 0.008351923481459522 0.03629921769378097
0.0 0.13579451318009356 0.4959641647726955 0.0054717197133093975 0.05084585612761544
0.0 0.12346143065168 0.5125537025770733 0.007035068202826978 0.03231728143705826
0.0 0.10377000649856818 0.2634842536837079 0.007654891178157897 0.040739773204684526
0.0 0.11685291142123795 0.19512429525550506 0.009046689574186927 0.03797775468233375
0.0 0.9767001900081155 0.2661151940708016 0.008278536668703396 0.037767181452157156
0.0 0.9611422504065879 0.204743524211044 0.005328713258015228 0.031157924698033267
0.0 0.9704674986081148 0.23613749379315185 0.004948090882443523 0.021244039566840383
0.0 0.9637590292386541 0.2694198224478635 0.005233557664122657 0.029269565625418888
0.0 0.9934442400078887 0.09101380199177062 0.004421165149445017 0.025067957436497867
0.0 0.9890546546095109 0.08255336635695074 0.00334745361315143 0.03008154892379815
0.0 0.9684060369417992 0.00036128642222043114 0.007792376713999971 0.0007225728444408623
0.0 0.8182129197156964 0.45779822333743103 0.005611356180538962 0.03956109130955198
0.0 0.8290223974161179 0.32214312694452035 0.0049634318543660075 0.021803189024347573
0.0 0.8924587725366984 0.35103942670889765 0.004525002936330935 0.037310647641852275
0.0 0.9155159499014257 0.20268121712282763 0.007217473249350093 0.029074562615814235
0.0 0.9161822570589813 0.13221439442460636 0.006611821052184297 0.0356145045380066
0.0 0.8957506582740606 0.08719454305662655 0.00607465085415555 0.04380494576639825
0.0 0.9213295060446889 0.06728936818317802 0.0064338358741167665 0.03632253773358648
0.0 0.9155335073477477 0.08035997835245924 0.005380017929218184 0.03549702551236812
0.0 0.9549357547206192 0.05265971814759363 0.006363612010048314 0.026092073075984063
0.0 0.8809360623254214 0.25832113176416127 0.005656893770728288 0.024404529917530962
0.0 0.85219687536724 0.2576334616277239 0.004810448520798616 0.02351482359460371
0.0 0.8740526633453772 0.2651111722449577 0.0041882936462435795 0.024003479223595133
0.0 0.827237374161944 0.11290614316458443 0.003847792998477928 0.017398322183284066
0.0 0.8669177645116573 0.07584918639325809 0.007157263111739809 0.03686420387276139
0.0 0.8604161285551921 0.0788308499417883 0.004862568068281092 0.03306935935644606
0.0 0.8414589107505858 0.015923911825253993 0.006496398102686385 0.031847823650507985
0.0 0.7659133006156729 0.3911961606961135 0.006742783560792276 0.03176348744780048
0.0 0.7087417921707712 0.4663656108829287 0.007056605918814541 0.03109795647246791
0.0 0.20260025885645733 0.43032629584645254 0.002751643936347392 0.023402685970264542
0.0 0.2067604824268873 0.4187874715138898 0.0030792205954369932 0.031528618598829695
0.0 0.3104018839147521 0.450202922243601 0.00797198332463509 0.03370817473418807
0.0 0.5372268890454016 0.4779596743252667 0.007071020168550745 0.03330477559517769
0.0 0.5569977809400772 0.4268560373316159 0.0067611282674199915 0.04124954015237528
0.0 0.506314864872229 0.4840961253145832 0.005700588374677551 0.029485477722231763
0.0 0.49636915749513266 0.4846978697578943 0.004608986345483857 0.0252732666190558
0.0 0.6633339469540651 0.37065862787252374 0.006715164534347906 0.03520847366846368
0.0 0.651887643770517 0.3564616626836247 0.0051889907765414025 0.03482988793009571
0.0 0.6871026193872222 0.25543475083536965 0.0067188606898554324 0.04615460652780888
0.0 0.7785483735303675 0.1608639711900876 0.007150562673755445 0.052601840358660015
0.0 0.7678997941352165 0.06771243148028772 0.0063088334643296665 0.036571157022116274
0.0 0.7381340724643521 0.23783414251762902 0.006227774931413421 0.030897488031818524
0.0 0.7183633583963733 0.27706904795485915 0.0060300677907335395 0.03187836066774972
0.0 0.7482178313540547 0.345914887305975 0.005146298896377743 0.027033909387263303
0.0 0.7479655618003107 0.3892192051207566 0.004036312859904001 0.0245307696291833
0.0 0.7797973273706031 0.4401148441975044 0.005768266645759468 0.01890816087646363
0.0 0.39842092802157936 0.49016049478020196 0.006739734699488053 0.03922469330173538
0.0 0.4306938884095143 0.4030302334296312 0.0072581758302185054 0.05015616520549602
0.0 0.3787583332361912 0.3955462041570422 0.004817612429167184 0.04054690416574716
0.0 0.6053221503447233 0.26451193487054114 0.007653241225339969 0.033082396639124205
0.0 0.7221644952237124 0.12072052336090155 0.0070614763680261206 0.03860192651370036
0.0 0.6791265484435225 0.1472410292251654 0.008009132367357097 0.04541169182820263
0.0 0.1606390306480648 0.10220851940021937 0.006008035023577207 0.04890261065702009
0.0 0.16983569217961864 0.022196170966269566 0.007134541590497178 0.04331374086764969
0.0 0.22726294056349267 0.32943410989446065 0.008883164142448408 0.04603899023992946
0.0 0.2351665350711727 0.26817039241153584 0.007614140693527105 0.03344712966148905
0.0 0.25463811361555777 0.2992565482145649 0.006583059141279079 0.043678016381472985
0.0 0.3146990111117834 0.39670163303165373 0.006267703831920812 0.033168623896056154
0.0 0.36080169309076915 0.46164475327047033 0.006444822846165721 0.04941485029336431
0.0 0.4255031607702886 0.01890392453481215 0.006308531095173464 0.0378078490696243
0.0 0.4313460716453246 0.12012760432237833 0.010216850491057273 0.05228893209295159
0.0 0.5244319685545417 0.4152132475906265 0.006495898031081993 0.03946250346361851
0.0 0.6105111958033145 0.4229150524705442 0.00653661334665614 0.05238645401255752
0.0 0.60014552085471 0.47789695427772055 0.003921495170217071 0.03808306706620241
0.0 0.5951810748413504 0.47437841003790865 0.0033374426980572027 0.028562300299647403
0.0 0.6037557353117429 0.4513598067512703 0.004364348143612773 0.027702565508023736
0.0 0.5625280650380535 0.08014920479555371 0.009610358583085343 0.033655975338847774
0.0 0.5499745058731389 0.1903342145812104 0.005491633476048463 0.034457308085014425
0.0 0.5351067028162024 0.267176174412341 0.005616624615083765 0.0404498096810278
0.0 0.5376885383247494 0.3029068396305806 0.006431941091467763 0.037303713372500005
0.0 0.5051428914200887 0.16137273275609187 0.008230120365600158 0.05046602854614574
0.0 0.5003566460435905 0.09913700714833414 0.005918699444758602 0.04234519328509461
0.0 0.49244882929120665 0.2249345110565596 0.008700978197281727 0.030405036046315302
0.0 0.521237718022212 0.23600795011046546 0.007566067997635884 0.04804746436948617
0.0 0.22351075950297455 0.007557181714353879 0.0074475652591644344 0.015114363428707757
0.0 0.23964791988376924 0.05387269518007278 0.007348264389042925 0.03744181645537566
0.0 0.3283120550428748 0.21187250275757769 0.005947605625372887 0.02603603009738929
0.0 0.29553247656621406 0.05432725880674763 0.006965987294039166 0.04478189014881614
0.0 0.19984967182916122 0.022930951584446874 0.008621935639823164 0.04586190316889375
0.0 0.4401452078075284 0.484705343948147 0.007445578790806451 0.03288004127399438
0.0 0.43159506513017404 0.4845023807304064 0.007200120149351364 0.034097820580438226
0.0 0.3825860723824054 0.1633220415779186 0.006858287238522109 0.04903691012312745
0.0 0.3995941586901914 0.0672910814767617 0.00847200188287971 0.02852146813283839
0.0 0.2913545453175971 0.3493014675468287 0.007394042424496661 0.04533541881451939
0.0 0.33083003407966843 0.011954443377553864 0.0040139200174557745 0.023908886755107727
0.0 0.5844384239863629 0.28496526425162 0.007043611302006525 0.05569367076004851
0.0 0.6323054207983236 0.14795121635321554 0.007077639333675734 0.048490581776678844
0.0 0.5237880016310168 0.006180756416897072 0.005436966877351779 0.012361512833794145
0.0 0.6432576241297753 0.007296051996966758 0.010359634269774886 0.014592103993933516
0.0 0.5989018626409287 0.00846971775005185 0.0086591590442751 0.0169394355001037
0.0 0.5701588531164508 0.019474074584921664 0.006187371993831903 0.03894814916984333
0.0 0.2798171534442854 0.09310745723658773 0.00789791429313027 0.053818233569328265
0.0 0.40670149455048443 0.3082268612209494 0.008157682119499299 0.03720833254805285
0.0 0.5753903040324542 0.11800353503877188 0.008914806748953907 0.037151938823548995
0.0 0.6511629947340026 0.2923165571495042 0.00694463354420094 0.022969330585471983
0.0 0.6444663946531612 0.32474399782564584 0.008041703030435342 0.03830094838681467
0.0 0.6695294292493358 0.3999191846391071 0.005039467232405314 0.02978962652307808
0.0 0.6347892721578574 0.32730696998910497 0.007398366788000032 0.03138549937252825
