0.0 0.0910578184573497 0.059303633214956214 0.009001704758084728 0.038416877853959766
0.0 0.1012835898376947 0.17349915725265228 0.00590434398110915 0.04465962050522479
0.0 0.16561058774466045 0.20521748123650638 0.008113353803171464 0.046171753517365834
0.0 0.13279705931166194 0.11069925484503955 0.009306494068343696 0.030781169011577222
0.0 0.20628705764882582 0.5760765776852523 0.006593331100855337 0.053454724447849794
0.0 0.2516726715455011 0.44660957132509266 0.00472876359421015 0.040866734137509846
0.0 0.21297742016882815 0.23594880795785544 0.004619986979028568 0.03777698224597799
0.0 0.2194771267056101 0.13355589027435233 0.00410665509246968 0.030561154176518546
0.0 0.341632750553252 0.4197490642125861 0.003990027668500673 0.025352113786528546
0.0 0.3362427131765052 0.42252737805220447 0.0032900228143777355 0.023268378406816576
0.0 0.35499240894839107 0.20803832705872596 0.005498556809867239 0.026722933902726443
0.0 0.35002687550274575 0.20094004774081398 0.0039836483010262215 0.030341664535386767
0.0 0.30615729017669013 0.05342674257267813 0.008036529680365233 0.031413637275377826
0.0 0.3108188736681887 0.028634738593324115 0.005796042617960495 0.0345550010029142
0.0 0.2637005228311411 0.33895285084678856 0.00847488584474867 0.042045945276274234
0.0 0.2828568766058284 0.34176515777721056 0.007952039263194165 0.052132970584839206
0.0 0.3326016354735753 0.461915030831347 0.006871950621707867 0.050287762689084387
0.0 0.3953100880546794 0.3510462875821808 0.008864800145172325 0.03346335073337632
0.0 0.4233498363399525 0.37590477669840405 0.0063595305389281265 0.04206821235053113
0.0 0.42151164609073816 0.21990236480558295 0.007515808818733305 0.03346335073337632
0.0 0.4857680235075195 0.5471277925854803 0.0068945002216981525 0.045607029890300674
0.0 0.5239175914009147 0.4673154902774541 0.006664683547641559 0.04104632690127061
0.0 0.5708174146104703 0.47312831191250326 0.007105077975047891 0.04699999900806991
0.0 0.5359499023255132 0.3928366469403866 0.008157682119499299 0.03655555478405242
0.0 0.5629907915466787 0.26514727519391573 0.004473567613918305 0.039819443604058105
0.0 0.6020763208290987 0.2933165448291798 0.004504406811509298 0.03631459755015314
0.0 0.6311940934320696 0.22467796484427482 0.004021791795990737 0.029929613365508933
0.0 0.6694987446446825 0.49489176323202827 0.005434068895731059 0.031986110436045864
0.0 0.6593674297543366 0.433204264533938 0.005986686071568314 0.02284722174003276
0.0 0.6677027388232121 0.44028690327334785 0.004236731681417538 0.024218055044436138
0.0 0.6812992209490109 0.3142168557053308 0.006198911804839113 0.04455429355256942
0.0 0.7076587050384985 0.3325357814139895 0.008193598882963827 0.03340578499217358
0.0 0.692938616269085 0.23838324021325163 0.007463476210224229 0.035418181678450796
0.0 0.6957139323782553 0.01526391202730528 0.008281955365923821 0.03052782405461056
0.0 0.7656536058284491 0.5185295586456078 0.006676561218884558 0.041528627921700034
0.0 0.7541440114884315 0.31780785702406766 0.0067762113863306436 0.040539851066421044
0.0 0.7321768366496112 0.08947819716641867 0.006885727368394612 0.0361027566038445
0.0 0.7475826740903901 0.15412684088926992 0.005159556064836579 0.03808791091049256
0.0 0.748145045957514 0.08788243261610237 0.006492045246982769 0.023190189533406808
0.0 0.7930813439142413 0.2247422509393564 0.005337190328491559 0.02562491980670741
0.0 0.8198570563884495 0.14298044919797054 0.004641606423533062 0.02392532456306353
0.0 0.819525511821903 0.28309034064576305 0.008351923481459522 0.03629921769378097
0.0 0.9357945131800935 0.4959641647726955 0.0054717197133093975 0.05084585612761544
0.0 0.92346143065168 0.5125537025770733 0.007035068202826978 0.03231728143705826
0.0 0.9037700064985682 0.2634842536837079 0.007654891178157897 0.040739773204684526
0.0 0.9168529114212379 0.19512429525550506 0.009046689574186927 0.03797775468233375
0.0 0.9606390306480648 0.10220851940021937 0.006008035023577207 0.04890261065702009
0.0 0.9698356921796186 0.022196170966269566 0.007134541590497178 0.04331374086764969
0.0 0.9977693520046248 0.022930951584446874 0.004461295990750358 0.04586190316889375
0.0 0.27373090506153125 0.09252997196839954 0.009082811536551105 0.04307398083909542
0.0 0.2563210416091442 0.25591712289442264 0.009923440447579424 0.04042674674050178
0.0 0.25567657119168635 0.40953830856070916 0.008551908027995126 0.04723124866712155
