0.0 0.31147637309591936 0.9551747937662871 0.011646000028482461 0.01042010528864239
0.0 0.9143101114123656 0.9465935305874051 0.012258947398402853 0.012871894768322534
0.0 0.6936490582411189 0.993177530701335 0.008581263178881925 0.01042010528864239
0.0 0.6415485317979084 0.8944930041441943 0.012258947398402853 0.011646000028482461
0.0 0.4736009524397932 0.9995002653577881 0.01103305265856278 0.0009994692844237818
0.0 0.7963177427027404 0.8954124251990742 0.010420105288641679 0.013484842138242924
0.0 0.7852846900441783 0.7115282142230358 0.009194210548802317 0.011033052658562425
0.0 0.7506531636436911 0.7167382668673568 0.008581263178881925 0.010420105288641679
0.0 0.7184734267228841 0.606714213966694 0.012871894768322534 0.013484842138242924
0.0 0.6832289529524769 0.5417417927551604 0.009807157918721998 0.009807157918721998
0.0 0.6593240055255919 0.4004574239885709 0.009807157918721998 0.011646000028482106
0.0 0.6378708475783877 0.41976526614105475 0.008581263178881925 0.009807157918721998
0.0 0.8340140059528285 0.4920930557916302 0.009807157918721998 0.008581263178881571
0.0 0.8177709006499455 0.44029900303337915 0.011646000028482461 0.011646000028482817
0.0 0.9657976904856561 0.3419209501611986 0.009807157918721998 0.009807157918721643
0.0 0.979282532623899 0.3388562133115979 0.007355368439041143 0.007355368439041499
0.0 0.8560801112699533 0.07804710741058347 0.008581263178881925 0.00796831580896189
0.0 0.6418550054828686 0.1488425286363583 0.009194210548801606 0.008581263178881571
0.0 0.6685182160743939 0.05781984420321926 0.009807157918721998 0.009194210548801962
