0.0 0.1698855306443697 0.04979625745883709 0.012871894768323244 0.008428026336402716
0.0 0.2958462151629561 0.09117020492844574 0.009807157918721998 0.009960394761202807
0.0 0.31699289942520037 0.0957673102028469 0.01042010528864239 0.016089868460403167
0.0 0.31760584679512077 0.1555296787700593 0.015323684248002678 0.016089868460404055
0.0 0.3580603732098492 0.16204224457546035 0.01042010528864239 0.012258947398402498
0.0 0.907261216658284 0.7136948775035763 0.01042010528864239 0.015323684248003566
0.0 0.9339244272498096 0.7282523775391794 0.011033052658562071 0.0137913158232017
0.0 0.864354900763875 0.609876916723354 0.011646000028483173 0.014557500035603077
0.0 0.8848886376561993 0.6163894825287559 0.012258947398402853 0.012258947398402498
0.0 0.9857184800080596 0.49303382433232956 0.01042010528864239 0.013791315823202588
0.0 0.9418927430587711 0.20801329731947016 0.012258947398402853 0.007661842124001339
0.0 0.928714374605488 0.09921513915864821 0.007968315808962245 0.019920789522404725
