0.0 0.21575747421188507 0.539462264548385 0.012258947398402586 0.009194210548801606
0.0 0.4771795274828198 0.41625984319443887 0.006742421069121462 0.006742421069121462
0.0 0.493116159100743 0.39756494841187545 0.009194210548801962 0.012258947398402853
0.0 0.5832194224790019 0.4092109484403572 0.007968315808961712 0.007355368439041854
0.0 0.3389598955658308 0.3127022678357598 0.007355368439041499 0.007968315808961535
0.0 0.36163894825287557 0.09786421467875464 0.006129473699201249 0.007355368439041854
0.0 0.5645245276964379 0.07426574093682987 0.006129473699201249 0.007968315808961535
0.0 0.5746381593001201 0.0825405304307516 0.0055165263292812124 0.008581263178881925
0.0 0.4425480010823325 0.08928295149987306 0.011033052658562248 0.006129473699201071
0.0 0.2341458953094889 0.04484426718066352 0.007355368439041499 0.011646000028482461
0.0 0.10879815816082272 0.060780898798586946 0.011646000028482418 0.007968315808961535
0.0 0.9819416866120452 0.08162110937587101 0.008581263178881571 0.012871894768322534
0.0 0.5250395494947386 0.008681068777743661 0.007715496687140622 0.0069439470184264
0.0 0.4692950858649689 0.15759014850027028 0.005786622515355511 0.005400847680998311
0.0 0.40525646349205946 0.2268367280977131 0.005786622515355511 0.005786622515355333
0.0 0.686872092572691 0.37362405257056286 0.006558172184069555 0.007715496687140444
0.0 0.39040413236931387 0.47411839692056895 0.006172397349712444 0.008872821190211511
0.0 0.8049191918859421 0.5126958803562719 0.005015072846641289 0.008101271521497467
0.0 0.23956728164102317 0.3852345893193796 0.00972665064444298 0.004607360831577978
0.0 0.005887183284794451 0.0029606071478346153 0.009726650644443006 0.005921214295669231
0.0 0.03122766785847491 0.08194266801671084 0.006143147775437685 0.007678934719297104
0.0 0.00947068615379977 0.05660218344303018 0.006655076756724161 0.0071670057380110565
