0.0 0.9961603102971498 0.1561824757296911 0.00767937940570036 0.013721537602706491
0.0 0.9612980138403546 0.10338438538884205 0.011931771828440674 0.013124949011284314
0.0 0.9666673111631532 0.21971916071613667 0.009545417462751971 0.014318126194128667
0.0 0.9523491849690245 0.16035859586964527 0.011931771828440674 0.011335183237018497
0.0 0.9412619481751644 0.07628790009907327 0.01172954167565976 0.008676647266926452
0.0 0.9306829942589452 0.08172824898890685 0.008955365094771395 0.012366932749921844
0.0 0.9153212633775081 0.07528023573607019 0.01296128493949098 0.010408304572621319
0.0 0.8627887827515419 0.09128545880528982 0.012372135624059411 0.01021192146747758
0.0 0.8649489969081238 0.07027246655490327 0.010015538362333843 0.010604687677765411
0.0 0.8264279305237654 0.05988256595904371 0.01101451060494867 0.013437702938037432
0.0 0.8691389370739561 0.018818718371901078 0.012336251877542281 0.013217412725938616
0.0 0.8870925893600227 0.051752105080698205 0.010353639968651861 0.013878283362235422
0.0 0.7825089506327636 0.040370343366846306 0.010834722256594986 0.011975219336236265
0.0 0.9488116235343803 0.3904150843956522 0.011143358851424524 0.015643561464500168
0.0 0.9857982234967644 0.2073944662641402 0.010952364067146902 0.014935041909745905
0.0 0.8934392200383812 0.307454213062203 0.014006807077453942 0.015798375424569855
0.0 0.8838509838943246 0.2516683293009045 0.013918818960809886 0.015734317086133133
0.0 0.8668989738893128 0.14445189163392805 0.011087102992294007 0.01368564275611348
0.0 0.9711116596358675 0.07793600098461528 0.01138699328803483 0.011798571358686871
0.0 0.8894995128185105 0.0018113229036749168 0.01124610939342432 0.0036226458073498335
0.0 0.7990117559916381 0.02020304618088975 0.011171773409883911 0.011916558303875746
0.0 0.8550347010210008 0.38748460630548964 0.01174370968759888 0.012764901834346887
0.0 0.8743097027908646 0.42182219223988326 0.009446027357416398 0.011488411650912411
0.0 0.8321855267375199 0.4274387490469957 0.008424835210669102 0.014551988091155366
0.0 0.82593072483869 0.413652655065901 0.009190729320729929 0.010467219504164049
0.0 0.8473757599203928 0.4543726919174679 0.010211921467477935 0.010211921467477226
0.0 0.9132426533856222 0.47786011129266603 0.011233113614225233 0.008169537173981922
0.0 0.9779096675230236 0.4890651182485962 0.010640754116602836 0.008246584440367499
0.0 0.9460713049426832 0.4997878176982944 0.013368463937190711 0.013577346186209028
0.0 0.9230942575506369 0.488821499624818 0.006266467470558012 0.013786228435227343
0.0 0.9037726495164164 0.5156628686237081 0.008981936707800032 0.009817465703874007
0.0 0.5887766965992446 0.047355579152341495 0.0136931796758617 0.012612139175135794
0.0 0.5416731224143521 0.06654439167883056 0.009642261251098816 0.012024466971958248
0.0 0.5312935117734632 0.07357757047374953 0.011343836765998816 0.010663206560039029
0.0 0.48282774756654734 0.06630968157707465 0.010838477690249704 0.013247028288082774
0.0 0.4838327358512903 0.08943257545609988 0.010989012102614026 0.006472979731676887
0.0 0.46734921769736887 0.08724982647681348 0.010236340040791348 0.009634202391332992
0.0 0.42698469974854786 0.08856601743144062 0.011950094647676223 0.010261494317026276
0.0 0.4567732691694795 0.1256127658624063 0.011040848315787954 0.010651171316407115
0.0 0.05250859018822425 0.31219868371018666 0.00796529874463232 0.011947948116948836
0.0 0.571688706398349 0.20319713018013097 0.009351094717670705 0.012273311816943178
0.0 0.4024923363504918 0.24761483008906743 0.008766651297816707 0.011104424977234472
0.0 0.40921343567881757 0.26134925045564683 0.00935109471767106 0.010519981557379765
0.0 0.5807475794060932 0.26339480242513724 0.007597764458107647 0.006428877618398587
0.0 0.5821334691574724 0.26847630757440333 0.012435200816740632 0.011018532369263668
0.0 0.703878588699388 0.25823380410658725 0.011247505716385931 0.009411178252486252
0.0 0.6498216989808384 0.2552497719777499 0.010099801051448764 0.011706587582361294
0.0 0.7084694073591373 0.28853320726093357 0.009411178252486607 0.00987026011846126
0.0 0.6611839751637181 0.2671859004930985 0.012165669448335947 0.010788423850411278
0.0 0.8086585569306376 0.31869186189612664 0.012874228864082227 0.01210177513223698
0.0 0.7547155379901337 0.3398055972332218 0.012101775132237336 0.010041898513983937
0.0 0.7776316653681997 0.2677099155943615 0.009526929359421033 0.012616744286800596
0.0 0.8444524884142091 0.33932532361763634 0.01395048897120077 0.010109049979131157
0.0 0.9661659324041529 0.34920011645749316 0.011112329893223461 0.014353426112080214
0.0 0.6123721338836976 0.3208568751251727 0.0106034557654624 0.01139871494787208
0.0 0.6045520852566693 0.3314603308906353 0.010338369371326196 0.014049578889238034
0.0 0.6414072681175689 0.3468962842318451 0.01033836937132726 0.009808196583053074
0.0 0.6453835640296175 0.3597529743474688 0.013519406100963138 0.01007328297718928
0.0 0.6159589742804578 0.3716818620836138 0.01033836937132584 0.012193974130281759
0.0 0.5739427808098123 0.35696956720903417 0.01166380134200864 0.010338369371326196
0.0 0.6351777378553589 0.391960971235061 0.013254319706828355 0.011928887736145555
0.0 0.5838835205899336 0.3992508470738164 0.010338369371326196 0.01166380134200864
0.0 0.5888494023609805 0.47688717188174046 0.01035488836802223 0.010786342050023379
0.0 0.6954184618152095 0.49371386547977636 0.013806517824029996 0.014237971506030433
0.0 0.712460882254246 0.4695524592877245 0.009923434686021438 0.011649249414024964
0.0 0.6833377587191836 0.4801230744967473 0.012943610460028055 0.012080703096025758
0.0 0.686789388175191 0.5245628037428425 0.012080703096025758 0.0129436104600277
0.0 0.6374430270470774 0.5477060413705874 0.011390220098340365 0.015317882201216548
0.0 0.6420580300179568 0.533271883142518 0.011979369413771934 0.013943200465210026
0.0 0.6075927950652199 0.5051890991069549 0.011390220098340365 0.010015538362333843
0.0 0.6235980181344395 0.5580161543906369 0.01197936941377158 0.009230005941758535
0.0 0.597675448255458 0.5495716808694533 0.008444473521183226 0.014335966675497502
0.0 0.9300241106671372 0.5445838518103514 0.01125464377717691 0.013914832306327441
0.0 0.8886888735218704 0.5437653322629202 0.007980565587453015 0.012687052985180714
0.0 0.8796851585001292 0.5556338657006702 0.01207316332460806 0.00941297479545682
0.0 0.8904474953319059 0.5837072949321328 0.009003715021741243 0.013096312758896288
0.0 0.7502505684614332 0.5706664374594265 0.010119159029110137 0.011591036706071733
0.0 0.7572419874270004 0.5879610001637241 0.009751189609869825 0.011223067286831423
0.0 0.7167312438086129 0.49632633600505544 0.011805077400318354 0.013951455109467048
0.0 0.8791787716770731 0.7129119259259206 0.010343864621052034 0.012859939799145436
0.0 0.9148231700333997 0.679084692975995 0.01062342852972904 0.010064300712374675
0.0 0.8945547866543123 0.6184193247930707 0.009225608986343304 0.013419067616499447
0.0 0.9819668645191065 0.9528198554589575 0.010975902149223771 0.014111874191860352
0.0 0.9959225882267042 0.9156585867537264 0.008154823546591672 0.011289499353487997
0.0 0.9979609700544172 0.8816332900911306 0.0040780598911656085 0.015366263008914416
0.0 0.985465682474554 0.8167503865807607 0.00783993010658932 0.012230290966278545
0.0 0.8450539910963062 0.9557846574078542 0.010819852821900611 0.011652149192816097
0.0 0.8746005122638042 0.9557846574078539 0.011652149192816097 0.012484445563730873
0.0 0.8679421412964807 0.9691013993425013 0.01331674193464707 0.013316741934646359
0.0 0.8914545137748402 0.968061028878856 0.01290059374918684 0.014565186491019944
0.0 0.9137184416968257 0.9799212521644008 0.006658370967318206 0.018310520160139277
0.0 0.8875011060129931 0.9970351452349819 0.014981334676478043 0.00592970953003622
0.0 0.8612837703291575 0.8669370198126319 0.0108198528218999 0.016229779232850915
0.0 0.8148832476506221 0.9464213232350556 0.009571408265527026 0.01955896471651286
0.0 0.9099439723164615 0.8037734433790931 0.009958726584987688 0.009271917854989199
0.0 0.9066816308489652 0.8181964267090762 0.012362557139985597 0.010645535314986887
0.0 0.8851714400541244 0.818972946717959 0.008089397645829877 0.012237806694972875
0.0 0.8205010658627948 0.900776039494312 0.013020199871034066 0.010977815577538763
0.0 0.8065873228633557 0.8933723964303912 0.010722517540850162 0.013020199871034066
0.0 0.7071192638436077 0.7513013298825527 0.0116439112109461 0.011329210907947385
0.0 0.718920525206053 0.751458680034052 0.00944100908995651 0.009126308786957794
0.0 0.7985397018646835 0.6940258747368183 0.010070409695953408 0.012588012119941538
0.0 0.8561240138659276 0.7281717903797602 0.013890669559737034 0.010381447776224562
0.0 0.8119490909117936 0.5694457012320617 0.009195877760058835 0.01360989908488719
0.0 0.7990748620477106 0.5558358021471749 0.012138558643277264 0.011402888422472657
0.0 0.7516241328058086 0.543329408393495 0.009195877760058835 0.013609899084886834
0.0 0.8668148298851535 0.5898992272713881 0.00871617157963982 0.009228887554912645
0.0 0.8471607174996916 0.5697323989106531 0.011108846130913008 0.011963372756368074
0.0 0.8904077465692535 0.6316146918106311 0.010218187843707937 0.014454997437441363
0.0 0.6580194369977267 0.9874560114137886 0.01078328450175121 0.01012975210770577
0.0 0.6854791316654533 0.8436339710244678 0.010456518304728135 0.013070647880910257
0.0 0.6205263263386941 0.8797278207624007 0.011033027425480313 0.018730488420001024
0.0 0.5080640249599548 0.9260747724558929 0.013844025702874064 0.013095699989204946
0.0 0.46710251466981845 0.852864420066122 0.010850722848198657 0.01459235141654247
0.0 0.5239752689086525 0.8195639258078572 0.008605745707192015 0.016837328557549824
0.0 0.543756085739347 0.774970576732087 0.0126196939879069 0.015276471669571735
0.0 0.5308042945412318 0.7744170813817405 0.00929872188582621 0.01682625865054277
0.0 0.5801760797921662 0.7462995175841229 0.013283888408323109 0.011512703287213455
0.0 0.4953805921190371 0.7877009697900638 0.011069907006935154 0.010627110726658274
0.0 0.6314273956297782 0.7064615016306757 0.009169864783745752 0.013754797175618094
0.0 0.5759306098031516 0.678092232455963 0.009742981332729527 0.010507136731375155
0.0 0.5703997510346335 0.7012064330254612 0.01225769473656726 0.014207782535566694
0.0 0.6798265063096751 0.5814018932041722 0.010521806722277916 0.013081165114183335
0.0 0.6603469452157276 0.6539170476414944 0.0119436724955591 0.011374926186246626
0.0 0.6555126015865731 0.600454894566135 0.013649911423495809 0.011374926186246626
0.0 0.7698692906436448 0.6675058677768959 0.012023541367584656 0.011508246737545491
0.0 0.7742850688289618 0.6964943547811913 0.01104605959831062 0.011414261584921093
0.0 0.8381968353554236 0.7970965952584118 0.013799115787711713 0.011970317309821964
0.0 0.822212932823463 0.9876017105593711 0.011979369413771224 0.01610341462179079
0.0 0.6016270256591248 0.5926552473120446 0.014441499970187266 0.012997349973168325
0.0 0.5840083956954969 0.5940993973090631 0.011553199976150097 0.010109049979131157
0.0 0.5760655707118936 0.5074503974879399 0.014152669970783549 0.01068670997793859
0.0 0.5425612907810592 0.6003092422962435 0.008376069982708855 0.016174479966609923
0.0 0.5486916822157852 0.6292752520494302 0.011842029975553458 0.010109049979131157
0.0 0.5614002021895503 0.641117282024984 0.011264369976746024 0.008376069982708501
0.0 0.5499914172131024 0.680831406942999 0.008664899982112572 0.015019159968995055
0.0 0.5248689833991168 0.5038547183446527 0.01157534363877417 0.012269864257100593
0.0 0.4821559653720401 0.4870704700684298 0.015973974221508414 0.012501371129876305
0.0 0.4886694438587645 0.5359402381771206 0.012761158975960996 0.013233794493588746
0.0 0.44449527042541065 0.5840645270760815 0.010288510878483592 0.012611723012334864
0.0 0.4187739932292015 0.6132706224730674 0.011947948116948836 0.011947948116948836
0.0 0.4565258769657735 0.5222395916089916 0.010620398326176428 0.015266822593878616
0.0 0.45536427089884823 0.5524413493490563 0.013607385355413726 0.01128417322156281
0.0 0.4668143878442573 0.6005650292645441 0.011947948116948836 0.008629073640018348
0.0 0.5197504357512939 0.6719208305185435 0.013607385355414081 0.019913246861581156
0.0 0.38492409002464234 0.44427525431327836 0.009902926194697414 0.01407257932930719
0.0 0.3428366536971783 0.46929317312093505 0.008599909590132172 0.012508959403828257
0.0 0.34054287223402396 0.6506702230179003 0.010922160366034106 0.013813320462925206
0.0 0.3609416129176461 0.6055360015053189 0.011885880398331139 0.014777040495222594
0.0 0.3615840929391775 0.6855247641859794 0.01252836041986285 0.01670448055981666
0.0 0.37234563329982856 0.7080115649395788 0.011564640387565462 0.014134560473690883
0.0 0.39268574672222895 0.6847407805624168 0.006864469515928917 0.010882695574034073
0.0 0.4580389174208074 0.7604805279517801 0.014741605145252735 0.01389922770838119
0.0 0.36585037263027476 0.8133633859683045 0.014320416426816963 0.012214472834638456
0.0 0.3386837002911662 0.8554822578118838 0.013056850271509646 0.011372095397766202
0.0 0.01711600379993552 0.9079672881741111 0.0076684336538150434 0.014515249416150056
0.0 0.22162774374673386 0.9774793137083655 0.01278006439666619 0.01597508049583283
0.0 0.1794934689389754 0.9339472193572214 0.013978195433853813 0.01517632647104108
0.0 0.2679341311464102 0.852821765800082 0.01278006439666619 0.016374457508228347
0.0 0.1778746148511539 0.7433924644036288 0.01317944140906171 0.009984425309895073
0.0 0.2681338196526083 0.7108432378933683 0.01158193335947857 0.011981310371874443
0.0 0.2224051517332873 0.6840849780628501 0.011182556347082696 0.013578818421457584
0.0 0.2505612311071923 0.7172332700917025 0.009984425309895073 0.012780064396665836
0.0 0.19205249879120528 0.7114423034119632 0.01118255634708305 0.01317944140906171
0.0 0.20063910455771553 0.7080475988065986 0.01158193335947857 0.010383802322291302
0.0 0.547332757793853 0.31965660054830725 0.008447808164791936 0.01310866784191802
0.0 0.49708286439983385 0.32883266803765 0.008156504434971268 0.009904326813893504
0.0 0.5413080239580335 0.2738911999829057 0.010778238003355155 0.010778238003354802
0.0 0.643142584129188 0.47118987961660286 0.011813854815438063 0.017846461529704528
0.0 0.08865036798777855 0.21740726095483112 0.006677025574889228 0.010801070782908795
0.0 0.07599249151941052 0.21432006757389602 0.010485814095911294 0.00786436057193356
0.0 0.14962671071563918 0.19401373070230382 0.008379675592006208 0.011122114876662792
0.0 0.19237627514301697 0.49028787209010466 0.01039588807476619 0.014891407242232901
0.0 0.22273061059864202 0.4180047244354709 0.010676858022732817 0.012362677710532921
0.0 0.2947646082107308 0.41734338631116275 0.01548767054076734 0.012619583403588309
0.0 0.24698006399825428 0.515079501972677 0.00720661694499114 0.008557857622177067
0.0 0.21213620544448109 0.5799903117383115 0.00965524328655576 0.011759591182343598
0.0 0.12943902951135494 0.06427255147709428 0.009404549467201661 0.011822862187339212
0.0 0.10619635725669915 0.12244640746707063 0.012360265014036642 0.015315980560871623
0.0 0.10082232898972662 0.04035812568906714 0.011285459360642135 0.009135848053853124
