0.0 0.9076465894996778 0.970531603154458 0.014502136995234593 0.016768095900739865
0.0 0.5522387682048389 0.7302217159117206 0.008044824516587213 0.011083980445075525
0.0 0.588811555030626 0.5551822672927486 0.007625504788725479 0.01192351657873516
0.0 0.6557005371496054 0.5820124557726413 0.009701325394103755 0.008169537173981922
0.0 0.6662954056721134 0.5867354694513487 0.008935431284042927 0.00893543128404275
0.0 0.5672115452761948 0.4613425543066942 0.009736827374774926 0.009164072823317326
0.0 0.6895633413226372 0.3063958970421098 0.012277793211465137 0.012277793211465137
0.0 0.6025405822994958 0.30314485076884273 0.00969810441872081 0.012413573655962296
0.0 0.5200486610158337 0.09117051242851346 0.010156659319692096 0.013013219753356254
0.0 0.50846372147931 0.10497722119121988 0.010474054923432518 0.009521868112211961
0.0 0.5011636225932807 0.12052960577449774 0.013013219753355365 0.008252285697250982
0.0 0.5113202819129733 0.13163845190541218 0.009839263715951674 0.009521868112211252
0.0 0.8171160037999355 0.10796728817411108 0.0076684336538150434 0.014515249416150056
0.0 0.9794934689389754 0.13394721935722131 0.013978195433853813 0.01517632647104108
0.0 0.8296724033497533 0.2299804572577063 0.006734997108004848 0.012551585519459252
0.0 0.6316606782253766 0.07823729936646658 0.012512156778026907 0.012080703096025758
0.0 0.7988592877013955 0.43457610951997905 0.013008709080740566 0.015010048939316078
0.0 0.6800312178548051 0.3598069806224508 0.007803199363765145 0.011426113354085032
0.0 0.7481792837256863 0.28664048623253463 0.00901765602568858 0.0074545956479028066
0.0 0.7383199798042666 0.2981229682385784 0.006372476924819992 0.008296243543633609
