0.0 0.23443345811853078 0.9038054693536033 0.013722269471922566 0.010467219504164404
0.0 0.17667227731811064 0.8978059654914599 0.013084024380205506 0.012254305760972528
0.0 0.18417165714578898 0.8679360951990883 0.017870862568085677 0.012254305760972528
0.0 0.14699388055325358 0.9177192123530414 0.012445779288488446 0.01174370968759888
0.0 0.21400961518357509 0.9437596120951092 0.011807534196771385 0.011233113614225233
0.0 0.30735295984723754 0.95409918258093 0.01404139201778154 0.009956623430790757
0.0 0.1772537513910537 0.8324460042494024 0.01466428926694352 0.014338416172122948
0.0 0.11108687312435883 0.7455572712405457 0.011530894124434532 0.014739490750363871
0.0 0.3685577869513259 0.7886187564947804 0.014859065110700342 0.01356151294610406
0.0 0.3552660282550879 0.7439978981233472 0.013330615357095787 0.012664084589241042
0.0 0.3477896421273452 0.702249262283399 0.018607317269280443 0.012219730744004665
0.0 0.3298661743272935 0.7235136467130566 0.011339696265578958 0.013154047668071555
0.0 0.2328897157348604 0.6854611415113118 0.014083031899606802 0.01599105557632825
0.0 0.21403662464344997 0.6963641339497176 0.01272015784480729 0.01162985860096626
0.0 0.14308602246136726 0.75319246350331 0.010564305818627773 0.006300167833655124
0.0 0.14308602246136726 0.7599536192272321 0.009795992668182762 0.006607493093833128
0.0 0.13460720315551633 0.6817335986860407 0.011488411650912411 0.015573180237903373
0.0 0.16284954846400845 0.628503958036814 0.014360514563640514 0.01021192146747758
0.0 0.0854623310932805 0.685052473162971 0.01659437238465067 0.010467219504164404
0.0 0.20625021470078808 0.6180367385326496 0.014998759655358462 0.011233113614225233
0.0 0.22505244844774897 0.580651782402963 0.01404139201778154 0.01225430576097324
0.0 0.1564411010881348 0.5454206533401654 0.017232617476368617 0.009701325394103576
0.0 0.11798683431216439 0.5911190019071274 0.01818998511394465 0.011743709687599236
0.0 0.12740094941499613 0.5797582392745586 0.017870862568085677 0.011488411650912056
0.0 0.11591253776408283 0.5578026081194819 0.017870862568085677 0.009446027357416753
0.0 0.32703963976273975 0.5344922386049094 0.01574076052751927 0.011805570395639365
0.0 0.32339958889075104 0.5458255861847233 0.01357640595498566 0.008342603079585231
0.0 0.28528536529850035 0.477058371844023 0.011620302079514033 0.015571204786549586
0.0 0.31672472104548843 0.4353543140732096 0.011620302079514921 0.013479550412237274
0.0 0.34797619196841767 0.4678690430022051 0.01407344152762846 0.008919272033094217
0.0 0.2328172535374291 0.4442203428955276 0.014925608491285658 0.011492718538289638
0.0 0.1247249509590973 0.4193676573896793 0.014612631744833848 0.011888242775458479
0.0 0.2091241728130182 0.38069819295049995 0.015115662490693182 0.013567228772134144
0.0 0.16297191154569912 0.3524217008758074 0.013924433143723824 0.016107182123009524
0.0 0.19881791849001385 0.3555829235354633 0.020133977653761903 0.010386874453156026
0.0 0.20436887494595224 0.36175483444241097 0.01129008092735262 0.008881530329509956
0.0 0.31838316447370074 0.31914544923078625 0.01615960039684161 0.013272418459272472
0.0 0.2767001425267379 0.15373325988848024 0.015431039117483891 0.01368342745839506
0.0 0.328906045716002 0.1142696083847449 0.011871252040214664 0.008598636612912002
0.0 0.29762369236678676 0.11401293266495642 0.014117164588363984 0.007571933733758485
0.0 0.2664127770527398 0.044739968299663244 0.01359314891821306 0.011168425057125831
0.0 0.2789956243621661 0.03445326101020516 0.014511604926200405 0.00940498952179034
0.0 0.06991531554629704 0.24840160128514022 0.01342909185051333 0.012555391898792933
0.0 0.013096228275926602 0.2310593007478717 0.015316374288532053 0.013767527450366402
0.0 0.16988872000607103 0.4236215537372036 0.01734743578846487 0.013784808035934404
0.0 0.00943542792720864 0.702566926627564 0.01679712867254679 0.01431886378643341
0.0 0.0575243982688316 0.46637182652853115 0.013784583341824863 0.013444689505998753
0.0 0.07108070119942589 0.42309335921173263 0.01567449586088898 0.01050614857702854
0.0 0.00912122555806949 0.3679670755326471 0.012859373984622557 0.012034433012025048
0.0 0.2147860476090271 0.07244601182113115 0.0121391839560685 0.006886227989624061
0.0 0.21059251133329449 0.08012680457878876 0.015229158053976732 0.010947336804018094
0.0 0.11822435704939371 0.11888390826398129 0.014125595876152808 0.010770766855565838
0.0 0.1473438716207478 0.1195123939743608 0.011430050085153631 0.01171982600280579
0.0 0.3697923000648724 0.9751836065324891 0.012030919978872845 0.01792192217542308
