0.0 0.10764658949967779 0.970531603154458 0.014502136995234593 0.016768095900739865
0.0 0.3185181578178954 0.8195058859922547 0.010643093200530274 0.015608783443148155
0.0 0.30604281184458254 0.8143864441429536 0.01208825031709182 0.01127331209346707
0.0 0.29035525103981746 0.8186648698169801 0.0116807812052798 0.01303901157798677
0.0 0.36784991830235736 0.771470321124427 0.010893578269607929 0.01544907463689924
0.0 0.40459098682985334 0.8003878198037497 0.00990325297237149 0.012676163804634655
0.0 0.3138771896029359 0.7806803463887316 0.009507122853476347 0.009705187912923208
0.0 0.8271289073274264 0.8692588037412818 0.015559584484470434 0.014653200922267472
0.0 0.6002995925862196 0.7592434437780102 0.011736505100309814 0.012898535308261216
0.0 0.5951285581608353 0.7668547416400926 0.00976105374679257 0.011387896037924606
0.0 0.531924040771024 0.6910441024990422 0.011440652344330005 0.008633130296641412
0.0 0.5293270828769122 0.6943780349306721 0.01073877183240839 0.008141813938296138
0.0 0.9490333474415873 0.5117050373975918 0.016742608575437145 0.013728939031857835
0.0 0.9523651265480992 0.5756182713351429 0.017914591175717476 0.015905478146665077
0.0 0.8107724522896895 0.521965959941992 0.014190321449879662 0.013677418264944664
0.0 0.9819668645191065 0.15281985545895757 0.010975902149223771 0.014111874191860352
0.0 0.9959225882267042 0.11565858675372631 0.008154823546591672 0.011289499353487997
0.0 0.9979609700544172 0.08163329009113056 0.0040780598911656085 0.015366263008914416
0.0 0.985465682474554 0.01675038658076069 0.00783993010658932 0.012230290966278545
0.0 0.8450539910963062 0.15578465740785424 0.010819852821900611 0.011652149192816097
0.0 0.8746005122638042 0.1557846574078539 0.011652149192816097 0.012484445563730873
0.0 0.8679421412964807 0.16910139934250132 0.01331674193464707 0.013316741934646359
0.0 0.8914545137748402 0.16806102887885607 0.01290059374918684 0.014565186491019944
0.0 0.9137184416968257 0.17992125216440086 0.006658370967318206 0.018310520160139277
0.0 0.8875011060129931 0.19968829097364313 0.014981334676478043 0.01123600100735871
0.0 0.8612837703291575 0.06693701981263196 0.0108198528218999 0.016229779232850915
0.0 0.8148832476506221 0.14642132323505558 0.009571408265527026 0.01955896471651286
0.0 0.858319003913909 0.4689264977016109 0.011362918610959127 0.010996372849315605
0.0 0.8667495564317178 0.43337155882215656 0.011362918610959127 0.010996372849315605
0.0 0.9000392425042125 0.3276641604850482 0.013928738942466623 0.010263281326027851
0.0 0.9969301813741719 0.4939912629267965 0.006139637251656183 0.013916454523005228
0.0 0.9099439723164615 0.004204701153293832 0.009958726584987688 0.008409402306587665
0.0 0.9066816308489652 0.018196426709076265 0.012362557139985597 0.010645535314986887
0.0 0.8851714400541244 0.018972946717958905 0.008089397645829877 0.012237806694972875
0.0 0.8205010658627948 0.10077603949431194 0.013020199871034066 0.010977815577538763
0.0 0.8065873228633557 0.09337239643039119 0.010722517540850162 0.013020199871034066
0.0 0.6580194369977267 0.18745601141378856 0.01078328450175121 0.01012975210770577
0.0 0.7228825271067437 0.28221820855038793 0.012417115486864461 0.01405094647197842
0.0 0.6854791316654533 0.043633971024467755 0.010456518304728135 0.013070647880910257
0.0 0.6205263263386941 0.07972782076240073 0.011033027425480313 0.018730488420001024
0.0 0.5080640249599548 0.12607477245589288 0.013844025702874064 0.013095699989204946
0.0 0.46710251466981845 0.05286442006612191 0.010850722848198657 0.01459235141654247
0.0 0.5239752689086525 0.019563925807857173 0.008605745707192015 0.016837328557549824
0.0 0.8381968353554236 0.0015408769566613856 0.013799115787711713 0.003081753913322771
0.0 0.822212932823463 0.18760171055937108 0.011979369413771224 0.01610341462179079
0.0 0.36585037263027476 0.013363385968304442 0.014320416426816963 0.012214472834638456
0.0 0.3386837002911662 0.05548225781188378 0.013056850271509646 0.011372095397766202
0.0 0.43789187646583105 0.2137765264047804 0.011182556347082696 0.015268490396978507
0.0 0.4124089163648236 0.24938783514759919 0.00816168083816322 0.01001660830138249
0.0 0.533350186966698 0.2510572698644964 0.008903651823451143 0.011871535764601048
0.0 0.5464918455506217 0.2814529259429609 0.011500550271957266 0.011500550271957621
0.0 0.500860629955436 0.307421910428026 0.010758579286669701 0.014468434213107884
0.0 0.49251345637095073 0.2515885937851362 0.0140974487204641 0.010387593794025918
0.0 0.5936801112064465 0.22786649502822626 0.013124673541358689 0.016966041407121678
0.0 0.2391530646720957 0.6377407680800005 0.010483208783014319 0.019536889095616773
0.0 0.30467311956593546 0.6715729418797288 0.014771794194247434 0.01667783215479517
0.0 0.22016315240714732 0.5734129343415496 0.01021464599158044 0.01702440998596728
0.0 0.01711600379993552 0.10796728817411108 0.0076684336538150434 0.014515249416150056
0.0 0.22162774374673386 0.17747931370836553 0.01278006439666619 0.01597508049583283
0.0 0.1794934689389754 0.13394721935722131 0.013978195433853813 0.01517632647104108
0.0 0.2679341311464102 0.05282176580008198 0.01278006439666619 0.016374457508228347
0.0 0.029672403349753296 0.2299804572577063 0.006734997108004848 0.012551585519459252
0.0 0.25461922318504226 0.2656576391791649 0.014528646211521234 0.012679545784600066
0.0 0.2093162627254806 0.29022425913682814 0.013736174599983997 0.013207860192292031
0.0 0.3157292229797172 0.3513323177235943 0.014026742347061472 0.011572062436326292
0.0 0.3921583443196518 0.3234481142948553 0.015129151044358479 0.015129151044358479
0.0 0.3179020009284635 0.2788325566232263 0.013585360121464874 0.011115294644834961
0.0 0.37162592504516534 0.3439805335693421 0.01049777827567766 0.013585360121464163
0.0 0.002681821120882866 0.43457610951997905 0.005363642241765732 0.015010048939316078
0.0 0.7356284054940734 0.5689871447356545 0.010841098149984418 0.016600431542164527
0.0 0.4906694707563988 0.4178335666054746 0.0135823037270697 0.01774015180678461
0.0 0.5813105588941886 0.4054986173023199 0.01469106321499325 0.01247354423914473
