0.0 0.9797418515419413 0.6910219795605532 0.01689625926799181 0.015392778570416432
0.0 0.9937149568203557 0.7794260629798719 0.012570086359288624 0.014491978519189708
0.0 0.7100128426360776 0.7987207301677222 0.015144171936097451 0.020651143549224038
0.0 0.7769285844325602 0.7615429277557211 0.014412875182283713 0.02114932771313338
0.0 0.7651267373630095 0.7958779474381537 0.01671057992148839 0.020888224901860042
0.0 0.8811013185959358 0.4793193410188179 0.013595753433032343 0.024170228325391285
0.0 0.8249103859824025 0.6393414184307922 0.01224601065302693 0.017430453119271938
0.0 0.9052441639966986 0.6421089216935574 0.014022265376618747 0.010235230201910639
0.0 0.5873141209102455 0.4447158076245774 0.012085114162695022 0.02048078241514517
0.0 0.888874766246931 0.551914204425036 0.01743045311927176 0.01815672199924201
0.0 0.14501743794480415 0.8717522639219224 0.01021192146747758 0.01080107078290915
0.0 0.10764658949967779 0.21316450394307251 0.014502136995234593 0.020960119875924832
0.0 0.8549381865370936 0.3220824563251652 0.012840433797862972 0.018882990879211192
0.0 0.3185181578178954 0.024382357490318363 0.010643093200530274 0.019510979303935194
0.0 0.30604281184458254 0.01798305517869192 0.01208825031709182 0.014091640116833837
0.0 0.29035525103981746 0.023331087271225126 0.0116807812052798 0.016298764472483462
0.0 0.40459098682985334 0.004203688566291941 0.00990325297237149 0.008407377132583882
0.0 0.8271289073274264 0.0865735046766023 0.015559584484470434 0.01831650115283434
