0.0 0.7194217236633232 0.30108045421247065 0.012611723012334864 0.009624735983097921
0.0 0.7172644552533185 0.3777464546295583 0.010288510878483769 0.014271160250800108
0.0 0.8525085901882242 0.31219868371018666 0.00796529874463232 0.011947948116948836
0.0 0.5200486610158337 0.8911705124285134 0.010156659319692096 0.013013219753356254
0.0 0.50846372147931 0.9049772211912199 0.010474054923432518 0.009521868112211961
0.0 0.5011636225932807 0.9205296057744977 0.013013219753355365 0.008252285697250982
0.0 0.5113202819129733 0.9316384519054122 0.009839263715951674 0.009521868112211252
0.0 0.8171160037999355 0.9079672881741111 0.0076684336538150434 0.014515249416150056
0.0 0.9794934689389754 0.9339472193572214 0.013978195433853813 0.01517632647104108
0.0 0.9778746148511539 0.7433924644036288 0.01317944140906171 0.009984425309895073
0.0 0.9920524987912053 0.7114423034119632 0.01118255634708305 0.01317944140906171
0.0 0.997424068938988 0.7080475988065986 0.0051518621220237645 0.010383802322291302
0.0 0.8886503679877785 0.21740726095483112 0.006677025574889228 0.010801070782908795
0.0 0.8759924915194105 0.21432006757389602 0.010485814095911294 0.00786436057193356
0.0 0.9496267107156392 0.19401373070230382 0.008379675592006208 0.011122114876662792
0.0 0.6585552861024203 0.08427858663635987 0.011663687587452643 0.017495531381178965
0.0 0.7282963730193699 0.672564175231475 0.012100308777155 0.008963191686781257
0.0 0.7045068665810292 0.6303013134181658 0.01254846836149479 0.010755830024137936
0.0 0.6801421338156795 0.539085873259466 0.011767878368423723 0.010787221837721716
0.0 0.6219862948975635 0.46501606837137804 0.011955499567490868 0.010848508866797247
0.0 0.6316606782253766 0.8782372993664666 0.012512156778026907 0.012080703096025758
0.0 0.6803257009341341 0.7933756419395145 0.009819155257189927 0.01057447489235841
0.0 0.6299166723020403 0.7759845713277651 0.009489424521186684 0.009150516502573324
0.0 0.6574529488144123 0.7531930070759856 0.010336694567721239 0.012370142679404594
0.0 0.47215942075864603 0.7552256282975739 0.011408184369477502 0.009801397838564796
0.0 0.7357177300176831 0.3347830553083 0.011726497975791972 0.014961393969113956
0.0 0.630464872228336 0.30586989604860404 0.010160674591305074 0.012844626370140232
0.0 0.6071718584449894 0.12839686588221183 0.012445136410919488 0.010487474503583982
0.0 0.992376275143017 0.49028787209010466 0.01039588807476619 0.014891407242232901
0.0 0.9294390295113549 0.06427255147709428 0.009404549467201661 0.011822862187339212
0.0 0.9061963572566991 0.12244640746707063 0.012360265014036642 0.015315980560871623
0.0 0.9008223289897266 0.04035812568906714 0.011285459360642135 0.009135848053853124
