0.0 0.9035911458119632 0.9404492475175203 0.014499162534391274 0.017271061254201924
0.0 0.8473002795019738 0.9851194615021523 0.009808257008558741 0.010234702965453124
0.0 0.21085187147762846 0.9635372253025623 0.016448169813481427 0.0156875608047649
0.0 0.25260239531380047 0.9456368605529011 0.013712196423282563 0.01919707499259573
0.0 0.21790672588399715 0.9229616078641879 0.014463717662449227 0.010886669208294819
0.0 0.38617790989707573 0.9019086571822914 0.01568740780734501 0.018127671244042888
0.0 0.027128907327426434 0.8692588037412818 0.015559584484470434 0.014653200922267472
0.0 0.9825898465811189 0.9808627429336756 0.01439724195069374 0.01453306498796394
0.0 0.7861060568251546 0.8619704666811412 0.013059234688840604 0.016240330318174047
0.0 0.9770159510790293 0.8587467597339259 0.010205922055086348 0.013587672609821055
0.0 0.9439105833025383 0.8251082389956078 0.012316572041627439 0.014888164006362104
0.0 0.14903334744158733 0.5117050373975918 0.016742608575437145 0.013728939031857835
0.0 0.15236512654809928 0.5756182713351429 0.017914591175717476 0.015905478146665077
0.0 0.010772452289689483 0.521965959941992 0.014190321449879662 0.013677418264944664
0.0 0.21749391533942627 0.556951429769051 0.013247144370646424 0.015106392703368953
0.0 0.2433854298246459 0.7366979374812704 0.014902495173983255 0.017430597033855834
0.0 0.46169395663834434 0.7167412717561351 0.012742911729668549 0.016906437344312762
0.0 0.5306453182582054 0.7112559346553133 0.013494238556038596 0.010954146592549563
0.0 0.5570781502532697 0.7287190669043049 0.015240551780938461 0.009049077619932433
0.0 0.5620789563063898 0.692522756424576 0.013811750051475257 0.01222419257429408
0.0 0.5501083954210785 0.6396040248378732 0.016849316775967082 0.013424658894673059
0.0 0.5887063545175156 0.6359346371445213 0.010269694604463097 0.013692926139285078
0.0 0.8958749210060659 0.5742692336394558 0.011656403780195746 0.014986804860251368
0.0 0.9011827477274046 0.5936271899172813 0.010615653442678763 0.013321604320223912
0.0 0.8729697068736613 0.4683484614185353 0.01559871004157216 0.013607385355413726
0.0 0.8862452047813821 0.40462607146147533 0.014271160250799397 0.012279835564641673
0.0 0.9300543478768603 0.4356575478207727 0.010288510878483948 0.014603047698492588
0.0 0.7244432963605224 0.7220216408947501 0.014529932794633282 0.018681342164529012
0.0 0.7197334818701148 0.49136750321067135 0.01333589871114782 0.016250366641399693
0.0 0.739468648288511 0.6335805912509098 0.012840433797864393 0.011934050235661431
0.0 0.7422633309386342 0.6463454930852567 0.01148085845456066 0.014200009141166703
0.0 0.8059754938884837 0.6039886371494859 0.013947368458337906 0.012904574554909943
0.0 0.9942776198048289 0.3397028166025294 0.011444760390342168 0.01910610446055756
0.0 0.4682363768291715 0.9764426031877711 0.014804264849301774 0.0216021415658183
0.0 0.8082297224243167 0.4321430613105505 0.017072905362979895 0.01421252331263716
0.0 0.8425586808640059 0.37398104758113 0.014578365903948764 0.012628933254001851
0.0 0.9058603140263515 0.30533180405980287 0.014478735773056427 0.015538155463767111
0.0 0.9234290238973152 0.2832605605033155 0.014302165824604174 0.010594196907114651
0.0 0.9813987591798412 0.3574408716881088 0.013255123209173547 0.01554048927972076
0.0 0.9838364829884249 0.37473347495524933 0.01416926963739229 0.013255123209174258
0.0 0.9618969687111726 0.3824275407260913 0.014778700589538118 0.010055610710406882
0.0 0.8599553703768571 0.22474959252889093 0.013089042422306818 0.011094521672239921
0.0 0.8951228798782704 0.20693929429705663 0.010011711360423448 0.011087349771047172
0.0 0.5885469772667697 0.29793183392494277 0.012666129266671078 0.01406056551621262
0.0 0.6414146678969782 0.29229156123646405 0.012450941577267827 0.010357420427107656
0.0 0.9875467664948246 0.10380546935360328 0.010977815577538052 0.010467219504164404
0.0 0.9413378218544886 0.0978059654914599 0.010467219504164404 0.012254305760972528
0.0 0.9473373257166312 0.06793609519908834 0.014296690054468542 0.012254305760972528
0.0 0.9175951044426028 0.11771921235304142 0.009956623430790757 0.01174370968759888
0.0 0.9712076921468601 0.14375961209510918 0.009446027357417109 0.011233113614225233
0.0 0.941803001112843 0.03244600424940245 0.011731431413554816 0.014338416172122948
0.0 0.3052642115486588 0.17272446339094394 0.014064682772473702 0.010167240558413938
0.0 0.2889966266551955 0.15340670632995632 0.012031234660790346 0.012200688670097293
0.0 0.2644604583531258 0.12418808179403129 0.013305799262484897 0.01577687626837445
0.0 0.23157612589012758 0.15479142009774663 0.013685964955698182 0.016537207654802443
0.0 0.44080123310690594 0.025347945365060555 0.010131789579425288 0.01237144832856174
0.0 0.7541800324419817 0.0603157363147826 0.009393831225923322 0.012269493846104495
0.0 0.7527422011318912 0.012963158502474315 0.012269493846103785 0.0111192287980316
0.0 0.29708872259647484 0.12984163858955036 0.010408304572621319 0.014335966675497502
0.0 0.7056344085355508 0.032209733012440366 0.0114884116509117 0.015828478274590198
0.0 0.6582232711741927 0.01905643756534765 0.01174370968759888 0.014296690054468542
0.0 0.787010277973231 0.12197302152275924 0.01426068428021452 0.015647139696346103
0.0 0.4939822773270176 0.013055498679904787 0.0135342479468747 0.014958905625493202
0.0 0.1819668645191065 0.15281985545895757 0.010975902149223771 0.014111874191860352
0.0 0.19921471075360167 0.11565858675372631 0.014739068600386674 0.011289499353487997
0.0 0.20093949537705136 0.08163329009113056 0.010035110536433934 0.015366263008914416
0.0 0.21384622946040538 0.029607871955566623 0.008780721719379159 0.014739068600386674
0.0 0.2566522478423806 0.03979978109413196 0.01662065182596848 0.013798276987596125
0.0 0.18546568247455397 0.01675038658076069 0.00783993010658932 0.012230290966278545
0.0 0.045053991096306235 0.15578465740785424 0.010819852821900611 0.011652149192816097
0.0 0.07460051226380422 0.1557846574078539 0.011652149192816097 0.012484445563730873
0.0 0.06794214129648068 0.16910139934250132 0.01331674193464707 0.013316741934646359
0.0 0.09145451377484015 0.16806102887885607 0.01290059374918684 0.014565186491019944
0.0 0.11371844169682568 0.17992125216440086 0.006658370967318206 0.018310520160139277
0.0 0.08750110601299319 0.19968829097364313 0.014981334676478043 0.01123600100735871
0.0 0.06128377032915751 0.06693701981263196 0.0108198528218999 0.016229779232850915
0.0 0.014883247650622166 0.14642132323505558 0.009571408265527026 0.01955896471651286
0.0 0.058319003913909026 0.4689264977016109 0.011362918610959127 0.010996372849315605
0.0 0.06674955643171784 0.43337155882215656 0.011362918610959127 0.010996372849315605
0.0 0.10003924250421256 0.3276641604850482 0.013928738942466623 0.010263281326027851
0.0 0.20840938338603082 0.4833957805058716 0.011386190064276746 0.0186607003831206
0.0 0.1981301840224475 0.4939912629267965 0.008539642548207382 0.013916454523005228
0.0 0.26591189678339544 0.37708539143876685 0.011069907006936575 0.01644671898173371
0.0 0.2872821657091425 0.6200087120479555 0.012595968109540934 0.013195776114757507
0.0 0.10994397231646147 0.004204701153293832 0.009958726584987688 0.008409402306587665
0.0 0.10668163084896527 0.018196426709076265 0.012362557139985597 0.010645535314986887
0.0 0.0851714400541244 0.018972946717958905 0.008089397645829877 0.012237806694972875
0.0 0.02050106586279483 0.10077603949431194 0.013020199871034066 0.010977815577538763
0.0 0.006587322863355638 0.09337239643039119 0.010722517540850162 0.013020199871034066
0.0 0.03819683535542353 0.0015408769566613856 0.013799115787711713 0.003081753913322771
0.0 0.02221293282346295 0.18760171055937108 0.011979369413771224 0.01610341462179079
0.0 0.37430516998725205 0.8285530605406184 0.014821050376697542 0.020521454367735004
