0.0 0.2107394060232199 0.9672604851040507 0.007154878447815349 0.009875747716701966
0.0 0.0630902589742263 0.7538953316963445 0.01403893939516081 0.013939372449096155
0.0 0.8537071349531142 0.5485766352160955 0.01591087515502778 0.012692945348393181
0.0 0.34219326280632956 0.47158543565482525 0.012488912994527368 0.01319053732006239
0.0 0.6287827333913321 0.3177660330097744 0.016558623865816458 0.010756029177795412
0.0 0.9327638701051164 0.3206049747700563 0.016205481094284123 0.011219179219119723
0.0 0.9960499039554905 0.2784814825262375 0.007900192089018886 0.015980913529271133
0.0 0.8703857064242324 0.0148980954491563 0.013347137428998224 0.009509835418161217
0.0 0.9148483579845816 0.004654490825381696 0.01017719228961127 0.009308981650763392
0.0 0.25226133721856314 0.23356430161858946 0.01384916593754113 0.01174168416443706
0.0 0.37711443019449503 0.10001386379815998 0.013888487926647031 0.012289813057392962
