0.0 0.7835356465396158 0.9276792220082003 0.012086119196073141 0.014615772051064724
0.0 0.985261993092745 0.2281050845985578 0.007462557995464181 0.006873408680032967
0.0 0.933255086689962 0.24073425889052094 0.00930353855659689 0.0052902474145357205
0.0 0.9351705210986733 0.29619064558082664 0.008391426933400937 0.010033227855153991
0.0 0.44871406935181835 0.9458371927401095 0.011467848441015605 0.01068916737403285
0.0 0.6519307368197846 0.8704302212991456 0.011050840033720987 0.01237973851878813
0.0 0.6852280136162335 0.8553393936284044 0.011454658330153578 0.009963983615955385
0.0 0.5673198710344943 0.7684565692298093 0.010490865717342502 0.012755938997223382
0.0 0.5517076981960367 0.748618697966115 0.010722240378133917 0.011501693009522284
0.0 0.546151435578104 0.6813218996254486 0.011295840160987326 0.01319222208582449
0.0 0.5584779180895462 0.678559778126229 0.009234555460076876 0.012120354041351079
0.0 0.8403444032083485 0.4547329388019247 0.013974040362121798 0.011082859597545004
0.0 0.8125882999787801 0.21882807479140642 0.015513042080826978 0.010972639520585048
0.0 0.735951780171038 0.27793784018937784 0.01119686379797571 0.011512268412003302
0.0 0.6622809155435798 0.5879034229721745 0.01107080992360281 0.013754642632354753
0.0 0.6975948519509458 0.5658225339171954 0.008611923248885845 0.011289580057363047
0.0 0.6847215633566852 0.5474464876799277 0.0136137361831004 0.007914962897151412
0.0 0.6972471480444759 0.5201185951814766 0.011080948056012119 0.008970291283438315
0.0 0.6539903970840106 0.2618243453471275 0.00908088520147352 0.010296436763875505
0.0 0.6470873977058951 0.3412290448383884 0.008419142289047343 0.009313210496734125
0.0 0.593028079186805 0.29191072754921904 0.009843756491078538 0.011625007665654774
0.0 0.6059228020805808 0.32315646309283913 0.01246875822203286 0.008250005440142072
0.0 0.6197175092341792 0.3621946225610661 0.0144533263810537 0.010142873365168458
0.0 0.6372030734783074 0.5560642919765837 0.00999029253074717 0.013064228694053704
0.0 0.5691118792955973 0.5442529170647051 0.011490837828085177 0.011677680719598982
0.0 0.5906716415355884 0.5184890239501893 0.011210573490815178 0.009715830358706334
0.0 0.5538168811845343 0.5096606973261725 0.012985580960193843 0.010930309153544648
0.0 0.5776860605753946 0.4789250416721882 0.009715830358706512 0.007006608431759353
0.0 0.5628787614229431 0.4798125454068778 0.011864523611112432 0.010463201924760667
0.0 0.5727647705848762 0.4375565611934003 0.012087836486228909 0.00909262036574745
0.0 0.5127840671427739 0.4200648717435536 0.013439380011432434 0.009959540544186574
0.0 0.5057490405323865 0.37770713447933313 0.011787651858411153 0.009955787042577135
0.0 0.5189514409872322 0.28606960181221475 0.013087028118845722 0.009448195910190905
0.0 0.48451766399222385 0.24020102032332602 0.013708344538958172 0.010332408943543304
0.0 0.3688743219501555 0.896782236627538 0.013245103994747254 0.011221546439994156
0.0 0.32801920863514145 0.892819727952624 0.012002251820233312 0.010528291070379937
0.0 0.2217986239899588 0.9241924310340586 0.0114489257165026 0.012233098710783352
0.0 0.19809252133822 0.880321917174457 0.008848408758344917 0.012491871188251836
0.0 0.29382163100108194 0.7750437357361262 0.013767007755609484 0.011361122905114308
0.0 0.35183379357852207 0.6209154698117273 0.009492401896587666 0.009415850268389292
0.0 0.3820993157439629 0.6011756547026348 0.0132486377670336 0.008341734890354502
0.0 0.34654389526973617 0.5670921731972905 0.012172871488774818 0.012067020432350617
0.0 0.3578517806953359 0.5396816111784222 0.010479254585989039 0.010690956698837083
0.0 0.38373237811571226 0.5194869997248814 0.014352830894371848 0.010237683575006429
0.0 0.40217154248584863 0.4801883685938536 0.009060346619783033 0.010992332296060425
0.0 0.4146957240340143 0.4699051239344832 0.01094874273306239 0.011696793478799705
0.0 0.428500660523528 0.4591603950411674 0.009044613562095094 0.007480507457371921
0.0 0.45186500545347685 0.3384628285233731 0.009852751596519837 0.009693836248190202
0.0 0.42055868183227185 0.34593184989492853 0.010170582293183017 0.008740344158204304
0.0 0.38053016954256835 0.3683472137507191 0.010864442422859 0.008649361928878108
0.0 0.43899982643878327 0.23506050010317608 0.0091049274689329 0.008175853237409391
0.0 0.2616755658414386 0.429948557761309 0.010512444851083557 0.009127571876689089
0.0 0.31227989818485896 0.21519733587406598 0.009771899254706184 0.010307345789210665
0.0 0.2531410338633263 0.23316165835148733 0.01085754656139315 0.01478474425381222
0.0 0.24639179085918314 0.20411612773465038 0.014260053828257568 0.008816699947578676
0.0 0.1909080120984939 0.3316805348636222 0.013698680036268129 0.010322244816061055
0.0 0.1825426490801977 0.29268869880307513 0.012155166792744865 0.009261079461138789
0.0 0.17168352973257175 0.2339763619320827 0.009219330855018627 0.008743494423791808
0.0 0.12384956293692077 0.9937204590975064 0.006391166143733073 0.006739775206118637
0.0 0.06978949023358058 0.9147721329319516 0.011866111782283894 0.00883904245006839
0.0 0.018284275293937745 0.8855369332255949 0.013433047642156382 0.008266490856711429
0.0 0.05510040730667374 0.8445317976765395 0.014152669970783193 0.01259587627399732
0.0 0.002407112027214886 0.8464714783885527 0.004814224054429772 0.009109421295291043
0.0 0.06970813339123882 0.7899615206946026 0.009213525566602598 0.010509177599405995
0.0 0.07462355885985908 0.7471279627266854 0.009689206238108383 0.01204939750123728
0.0 0.029529905390110224 0.7072781239701796 0.010611493640285019 0.011361801271416283
0.0 0.04709731554719667 0.6943561192097609 0.0169355151026771 0.010289933226943226
0.0 0.18228713470233532 0.7201973884392181 0.012215238730337318 0.01237810858007542
0.0 0.17616044440370598 0.6102733269676628 0.01123801963191049 0.010749410082696897
0.0 0.18487398136467997 0.6204526925762772 0.009446451284794577 0.013518197528240173
0.0 0.03184320320531562 0.6152788839926137 0.0095827314442829 0.012954433248752829
0.0 0.04292545111746584 0.5874746749314466 0.01348680721787936 0.010470021392827534
0.0 0.006372735359989878 0.5014630623590246 0.012745470719979756 0.009849224226661946
0.0 0.03380872630340104 0.4729393058745542 0.008365854870648804 0.008365854870648804
0.0 0.028098698375815266 0.4830314482581941 0.009959351036486907 0.009162602953567855
0.0 0.11839941025508001 0.45268252433194445 0.014931411644314352 0.014527859978251812
0.0 0.15099127344893865 0.3977131050313253 0.013829339476357916 0.013240856945448876
0.0 0.10170586148532337 0.3891801083331471 0.01118116808726768 0.01029844429090474
0.0 0.08846500453987449 0.38609057504587574 0.014123580741811992 0.011181168087267945
0.0 0.11313832187040411 0.31863881302556146 0.010235637537930487 0.011556364962179622
0.0 0.13111283409561753 0.2324480266678421 0.009245091969743768 0.010896001250055054
0.0 0.0894273747677552 0.24920475586300256 0.010400728465961606 0.01205163774627307
0.0 0.08579537435107003 0.27363821321161097 0.011061092178086086 0.01172145589021083
0.0 0.10147901251402817 0.2757018498120002 0.012712001458397636 0.013537456098553325
0.0 0.13251014628019905 0.2079691777855916 0.011921238725890149 0.012764154595397236
0.0 0.10050243905563469 0.20861937025778432 0.009725451337896374 0.012021738459343822
0.0 0.04222520090025004 0.2716310480479217 0.013679969681031422 0.009731112453517099
