0.0 0.07296687828941924 0.8442193084647446 0.01617326024502148 0.011219288638438485
0.0 0.8630902589742263 0.7538953316963445 0.01403893939516081 0.013939372449096155
0.0 0.04301073115436314 0.6619231974486105 0.014908279906397582 0.012905675142851791
0.0 0.3281440869353519 0.6791597894846007 0.012603929127556413 0.014704583982149088
0.0 0.6903095157831791 0.6217770699996932 0.01701115241635698 0.01023048327137559
0.0 0.6936125230516627 0.37194428900799037 0.013134501266365107 0.012978138156051245
0.0 0.7835356465396158 0.12767922200820028 0.012086119196073141 0.014615772051064724
0.0 0.044723264997422164 0.5293349949713064 0.013852516759615695 0.010617497875633574
0.0 0.3397740566718442 0.44112147263024004 0.012548945066020067 0.015058734079223868
0.0 0.2996400245778716 0.39709631482088525 0.01122571125010623 0.012252453132737883
0.0 0.056677367519882615 0.3552593415788479 0.010801070782908795 0.013157668044634363
0.0 0.0033388945372522017 0.29208212423943414 0.0066777890745044035 0.010189922378964055
0.0 0.03454310827815377 0.28477500445605164 0.01892527268547539 0.01834740176378169
0.0 0.04416666982563857 0.21345105321453098 0.011165393810796332 0.01232043454984435
0.0 0.17568516407368406 0.2069932176876769 0.012290866470663176 0.011439024240022988
0.0 0.308748756476799 0.2753056643544916 0.012032857182929391 0.008388620436099715
0.0 0.37591141718179666 0.23128397135915382 0.012192103864214942 0.012713691195304123
0.0 0.3777441935998759 0.2068265450435165 0.011214127618422155 0.01088813553649146
0.0 0.44871406935181835 0.14583719274010942 0.011467848441015605 0.01068916737403285
0.0 0.6519307368197846 0.07043022129914558 0.011050840033720987 0.01237973851878813
0.0 0.6852280136162335 0.055339393628404385 0.011454658330153578 0.009963983615955385
0.0 0.3688743219501555 0.09678223662753797 0.013245103994747254 0.011221546439994156
0.0 0.32801920863514145 0.09281972795262394 0.012002251820233312 0.010528291070379937
0.0 0.2217986239899588 0.12419243103405861 0.0114489257165026 0.012233098710783352
0.0 0.19809252133822 0.08032191717445691 0.008848408758344917 0.012491871188251836
0.0 0.12384956293692077 0.1937204590975064 0.006391166143733073 0.006739775206118637
0.0 0.06978949023358058 0.11477213293195163 0.011866111782283894 0.00883904245006839
0.0 0.018284275293937745 0.08553693322559486 0.013433047642156382 0.008266490856711429
0.0 0.05510040730667374 0.044531797676539496 0.014152669970783193 0.01259587627399732
0.0 0.002407112027214886 0.04647147838855279 0.004814224054429772 0.009109421295291043
