0.0 0.06644849622688605 0.08373126961645401 0.009219588308975712 0.01394181646723176
0.0 0.0951191671877252 0.266211657731913 0.008994720301439751 0.014166684474767877
0.0 0.25705022019316953 0.35108964076383786 0.009181637319498925 0.006886227989624061
0.0 0.2148146885234746 0.3622223760137304 0.008722555453523916 0.011706587582360938
0.0 0.18463005583562198 0.39562058176340764 0.0071157689226116535 0.009640719185473757
0.0 0.22713075319110398 0.46006495163473 0.008493014520536501 0.013542915046260973
0.0 0.23416840715090803 0.5477476289406178 0.00565900169849769 0.004527201358798294
0.0 0.23728085808508137 0.5519918802144884 0.005093101528647104 0.007922602377901811
0.0 0.23317808185367098 0.6317838041633081 0.00763965229297181 0.009054402717596232
0.0 0.2286508804948728 0.6271151277620474 0.005941951783422539 0.005941951783422539
0.0 0.11589527165230691 0.6231538265730989 0.007356702208046917 0.009903252972370779
0.0 0.11141988033345014 0.6857267038227464 0.004883009288313511 0.004319585139661797
0.0 0.10672467909468715 0.6813132146583094 0.004507393189212472 0.004883009288313289
0.0 0.10287461407890149 0.6810315025839835 0.006197665635167171 0.0054464334369651365
0.0 0.10710029519378819 0.6862901279713981 0.0030049287928083147 0.005822049536066132
0.0 0.11066864813524806 0.6817827347821851 0.004507393189212472 0.0046952012387624364
0.0 0.23656309996775016 0.7145353443872047 0.005574361386811777 0.004335614411964883
0.0 0.24084709992242953 0.7183031997690315 0.004645301155676407 0.004438843326535036
0.0 0.1792717190227582 0.817225764013991 0.005412935173783095 0.003699981004864128
0.0 0.18218374110992003 0.8156498461785858 0.004933308006485904 0.0028777630037836845
0.0 0.10169927377354371 0.9488723407771609 0.004636052197693708 0.006119588900956074
0.0 0.13096213812278157 0.8950137560191088 0.008115635631978434 0.004637506075416553
0.0 0.3073232742281109 0.884540484398795 0.004425137752860397 0.004169841344041458
0.0 0.3077487682428092 0.8799025996385861 0.004084742541101871 0.0040847425411023154
0.0 0.24485373257339535 0.7778192349431412 0.0061975656725998364 0.005049868325821905
0.0 0.3395155420028763 0.8124287047531272 0.00652957570933479 0.009359058516713504
0.0 0.3327418862153716 0.7229781751810547 0.0037920583964399235 0.0044240681291800145
0.0 0.336358386352717 0.7248390927274556 0.003721835092802195 0.006460543934674945
0.0 0.4561477139017841 0.6751175899085124 0.005340534326740176 0.007865150553926625
0.0 0.36306542085871885 0.5376110520349797 0.005674767144158199 0.006971856777108698
0.0 0.3110373733540885 0.48869814464198047 0.005712025182805824 0.007781599524401983
0.0 0.2125819567331389 0.058610789306499635 0.008134211455660267 0.011620302079514745
0.0 0.2199142168548161 0.0325365424868318 0.006623572185323301 0.008018008434865465
0.0 0.2816634989207316 0.0561947428412104 0.006835022704573123 0.007613696177246254
0.0 0.3009384522870082 0.04476236451411157 0.008381303229721571 0.00665911763457352
0.0 0.6439135645246765 0.926550373291008 0.0051124170046021435 0.0037491058033744195
0.0 0.6469242100940534 0.9289361678931563 0.0031810594695302896 0.004657979937526591
0.0 0.5343303480333982 0.9381496384170486 0.009485096225225576 0.007398375055676354
0.0 0.49595970331531947 0.8942098829306747 0.008458373084090809 0.00669621202490589
0.0 0.5148148266486057 0.8928882621362856 0.010572966355113778 0.008987021401846818
0.0 0.5738900010194768 0.8470946410057959 0.005969699202108636 0.0093678356710015
0.0 0.6030943295542619 0.7430855886684661 0.007421497578711822 0.009374523257320178
0.0 0.6175467195759635 0.7241412395859648 0.007030892442990044 0.009765128393041778
0.0 0.39465360880255473 0.0032602497558221087 0.007511250286488025 0.006520499511644217
0.0 0.3982527495648302 0.10041112809274359 0.006572344000676944 0.008763125334236222
0.0 0.3801005613724845 0.12310136333317648 0.00782421904842483 0.010327969143921579
0.0 0.3779097800389258 0.2332663675350009 0.006572344000676189 0.008450156572301637
0.0 0.3810394676582959 0.22982371115369524 0.004694531429055626 0.005320468952926305
0.0 0.4106150156613416 0.3234013709728549 0.007511250286487936 0.01220578171554294
0.0 0.4602205644283558 0.35407230964268077 0.0053204689529287915 0.008450156572298795
0.0 0.49245634690786655 0.40852887421971856 0.007198281524551042 0.010327969143920868
0.0 0.500124081575323 0.4096242648864978 0.007511250286487936 0.007511250286487936
0.0 0.41624845337620753 0.42887184374562326 0.0068853127626137935 0.008450156572298795
0.0 0.4351830634733959 0.46470676698740954 0.008450156572298972 0.013144688001353799
0.0 0.5001240815753234 0.4634548919396616 0.005007500190992431 0.007511250286487581
0.0 0.5024713472898505 0.4679929389877479 0.005320468952928969 0.0071982815245508645
0.0 0.5350200985312984 0.4795727831794171 0.005320468952928969 0.006572344000676722
0.0 0.5318904109119283 0.47659957994101526 0.004068593905181039 0.006259375238740006
0.0 0.4514574390941199 0.6718920873897023 0.004694531429055004 0.005007500190992076
0.0 0.8493289497137037 0.91817511460088 0.007911722926667508 0.009362205463223462
0.0 0.9014519385371271 0.8824767777742221 0.007623288364030501 0.008988653444155403
0.0 0.6365874350200015 0.6394204822347593 0.005186664687501619 0.00484088704166794
0.0 0.6339941026762508 0.63570337254205 0.0055324423333349415 0.004667998218751279
0.0 0.6141814162249741 0.6552400725195726 0.003529631640379627 0.004765002714512789
0.0 0.5762223919007974 0.5671167165960533 0.009806927883795603 0.008527763377213305
0.0 0.6183460406396379 0.5225259265591939 0.007508562355298842 0.010511987297418202
0.0 0.6601124187409877 0.49990638246385616 0.00919798888524106 0.008822560767476163
0.0 0.5999419105681525 0.44870014135961733 0.01020434365283016 0.006478948351002956
0.0 0.5528982726927164 0.11315740728652876 0.006992128898932926 0.013019826225599117
0.0 0.5592876318589824 0.10833524942519582 0.007233236791999431 0.011090963081066007
0.0 0.6389049049132197 0.001468032983141221 0.003169963857643232 0.002936065966282442
0.0 0.6536769967388015 0.1356772885705091 0.005337881730677729 0.007366276788335213
0.0 0.6583209538444913 0.1356239097532022 0.0030959714037930297 0.005978427538359199
0.0 0.7305128025810361 0.22307814348279856 0.006404288537738801 0.012188807216986675
0.0 0.7322580878069387 0.177686951769315 0.006404288537738801 0.008883367971702328
0.0 0.737629426580526 0.17737706684006974 0.00433838900943595 0.007850418207550548
0.0 0.7681014446229927 0.2141500784438602 0.007437238301890225 0.010329497641514251
0.0 0.8657979232031836 0.0266912030938407 0.007075543491665925 0.011856316121169996
0.0 0.818946351434044 0.03950367374091161 0.006310619870945189 0.009561545259008142
0.0 0.836730825615799 0.05767060973302698 0.007840467112386663 0.007266774396846287
0.0 0.8274561267145615 0.18560408529855527 0.007266774396846287 0.008414159827927037
0.0 0.8610180651895998 0.24026587347549117 0.0072603654817829264 0.006930348868974434
0.0 0.8443475038700592 0.2905398970250582 0.008910448545824323 0.0079203987073992
0.0 0.814840259078841 0.40338748858664353 0.008136085133524418 0.007823158782234784
0.0 0.855071254898272 0.4969232629188978 0.0071973060796558744 0.006884379728366597
0.0 0.9385126908307994 0.6292977548202539 0.006807995913396781 0.009495362721316524
0.0 0.9145951262403138 0.6185482875885748 0.004120629105476681 0.007345469274980587
0.0 0.9633260443572587 0.618548287588575 0.007703784849370265 0.009495362721316524
0.0 0.9911846047075681 0.6333172265059496 0.009723272390580818 0.009723272390580462
0.0 0.9859545526358066 0.38697584319562106 0.006924148520565154 0.008250049301098983
0.0 0.9926541051998979 0.21831201535308206 0.008991233472483273 0.008114039962972797
0.0 0.9913383149356318 0.18651375063332373 0.006798249698706726 0.008114039962972797
0.0 0.9884874360297227 0.09704001266324572 0.007675443208217203 0.008552636717728036
