0.0 0.02007139804544078 0.45537883689096254 0.008968691800694373 0.008531194639684969
0.0 0.1580675107173704 0.46657899960689625 0.006726524794172661 0.00900670269050181
0.0 0.1235421776003319 0.3564547858071855 0.00714893950447717 0.009975264424851814
0.0 0.2583124151406997 0.47056684547181715 0.007570177323454175 0.005492089430740777
0.0 0.24925788932245058 0.4607701454061708 0.0048983500328233735 0.004007740935946913
0.0 0.25304297798417785 0.4644067992184187 0.0032655666885489155 0.00564052428021995
0.0 0.3065701030305588 0.3967913150984629 0.0049311059286377915 0.004572480042919125
0.0 0.30863220187344387 0.3924429762341184 0.0047517929857782805 0.007172517714382565
0.0 0.38182773548660426 0.4594899229836642 0.006072393974191214 0.005551903062118413
0.0 0.3824349748840232 0.46426108967767127 0.006245890944882859 0.005031412150044901
0.0 0.39261817653119363 0.42496989342214564 0.00832785459317691 0.007807363681103396
0.0 0.184285156057247 0.20938743656263484 0.010778842319751191 0.005988245733195186
0.0 0.04932894971370363 0.11817511460088 0.007911722926667508 0.009362205463223462
0.0 0.10145193853712708 0.08247677777422205 0.007623288364030501 0.008988653444155403
0.0 0.6690198320151814 0.4589358406251446 0.008384666214563552 0.008194105618778025
0.0 0.6552994691186236 0.4600792041998574 0.009146908597705661 0.010480832768204352
0.0 0.48089930131611763 0.4264482930430177 0.009233372060083057 0.006450711987181989
0.0 0.39958892232984394 0.3484302315158594 0.006919292988312264 0.006365749549246402
0.0 0.32831154097773413 0.2908650943837223 0.009751286131495007 0.008590418734888772
0.0 0.291509445086198 0.26265286918579916 0.00825562982253345 0.008365704886833214
0.0 0.26576610276335266 0.05458246249087715 0.008864702997459162 0.009868254280191025
0.0 0.3287033731232665 0.044142427811851806 0.007748535742264906 0.008071391398192417
0.0 0.33338478013421824 0.04559527826352685 0.00613425746262628 0.006457113118554503
0.0 0.3811674172115188 0.04478813912370718 0.01000852533375891 0.009362814021903176
0.0 0.3797145667598441 0.0607694940921288 0.005165690494843389 0.005165690494843033
0.0 0.37697029368445883 0.06496661761918965 0.01065423664561429 0.008394247054120285
0.0 0.3900459477495307 0.16860328317198317 0.007748535742265261 0.009685669677831044
0.0 0.40489730792220513 0.2020188435605011 0.009039958365975664 0.009362814021903176
0.0 0.7772421133249356 0.42721056173003547 0.004567278054494394 0.009855705275488447
0.0 0.517607495012004 0.3180398366306669 0.01020774124268442 0.008612781673515002
0.0 0.5769399909851071 0.2697125616848329 0.008293789759681402 0.00956975741501651
0.0 0.6343585354752068 0.30703461560339773 0.01020774124268442 0.01020774124268442
0.0 0.6469587160716455 0.3368603595468656 0.009250765501182912 0.008612781673515002
0.0 0.6115506136360839 0.3671645913610849 0.009250765501182912 0.008612781673515002
0.0 0.5940060583752199 0.2816747584536031 0.007974797845847093 0.006060846362843364
0.0 0.5922516028491334 0.28757610885953044 0.006379838276677674 0.007655805932012783
0.0 0.6588039592163188 0.38369114267312343 0.012648264274960042 0.009235240581717364
0.0 0.6919932691962805 0.337091712015113 0.008231410083704205 0.008632942282909539
0.0 0.7430229315972646 0.3608634081065283 0.013747227346096125 0.01075869966216203
0.0 0.7537355428772476 0.2981633584506323 0.00836787751501511 0.008666730283408697
0.0 0.7462642236674124 0.3014507389029596 0.007770171978228646 0.009862141356982334
0.0 0.7462642236674124 0.276197679973718 0.006574760904654653 0.009563288588589102
0.0 0.749402177735543 0.275151695284341 0.005678202599474602 0.005080497062687784
0.0 0.7555286594876076 0.21851909567379302 0.008965583051801573 0.010160994125375567
0.0 0.7343101129316768 0.18773726052927345 0.007172466441441117 0.011954110735735667
0.0 0.42064169897061865 0.09833317536403782 0.004119856306758507 0.006408665366066657
0.0 0.4248378489126857 0.09856205626996832 0.0036620944948950298 0.004119856306757441
0.0 0.5244907651799584 0.19172815779644986 0.007873488813941166 0.009071628416062794
0.0 0.5912067718044707 0.19332031188263982 0.006624447041920334 0.010599115267073245
0.0 0.6460720885179398 0.19694768619928632 0.00411578070651899 0.0064676553959579055
0.0 0.6645319680695845 0.13264568266566207 0.008035571855583967 0.009603488315210029
0.0 0.6461089496689769 0.1365654738147281 0.008819530085397176 0.008035571855583613
0.0 0.6369954352473997 0.13186172443585029 0.008623540527943873 0.007643592740677718
0.0 0.6156325734849929 0.12372815780153808 0.008623540527943873 0.007447603183224061
0.0 0.6234721557831238 0.12284620479299875 0.006271665838504958 0.008035571855584322
0.0 0.5871160928755416 0.15930026247930762 0.008035571855584322 0.005291718051238093
0.0 0.5895659623437078 0.16204411628365314 0.005879686723597999 0.007643592740677718
0.0 0.7413542301150408 0.09680402887516557 0.006037385042785459 0.008641747218104711
0.0 0.5235667680382827 0.06882906428589415 0.007504691518860085 0.00875547343866998
0.0 0.5927767009344327 0.08696540212313834 0.00917240074527328 0.00875547343866998
0.0 0.5477485518212746 0.05559162230123889 0.009172400745272924 0.008130082478764677
0.0 0.5737754752579235 0.03935816956423466 0.009589328051875868 0.006670836905652777
0.0 0.5674173338322227 0.021742990860245115 0.00896393709197163 0.009380864398574574
0.0 0.6555996719329903 0.0378093408010205 0.00841829079551637 0.010522863494395551
0.0 0.7447575368159253 0.017503586845850804 0.009915264435156602 0.008446336370689523
0.0 0.6967419507086381 0.006303010354285021 0.010098880443215209 0.007711872338455805
0.0 0.5956147849568753 0.0004101620258850858 0.007229507892215636 0.0008203240517701716
0.0 0.5997650580061104 0.0005440418016672055 0.004819671928143166 0.001088083603334411
