0.0 0.026061478296838914 0.5326608989913616 0.006119388965765182 0.007458005302026294
0.0 0.03873875012019088 0.5935807296792232 0.009179083448647773 0.009561545259007964
0.0 0.022292892274696996 0.600465042265709 0.009179083448647773 0.006501850776125551
0.0 0.014739271520080522 0.6434919959312453 0.006693081681305557 0.009179083448647773
0.0 0.021814815011746445 0.6951243403298892 0.008605390733107043 0.01109139250044926
0.0 0.05642760884935587 0.7394899103316869 0.008987852543467767 0.010326468879728701
0.0 0.06579792320318364 0.8266912030938407 0.007075543491665925 0.011856316121169996
0.0 0.01894635143404404 0.8395036737409116 0.006310619870945189 0.009561545259008142
0.0 0.03673082561579903 0.857670609733027 0.007840467112386663 0.007266774396846287
0.0 0.027456126714561435 0.9856040852985553 0.007266774396846287 0.008414159827927037
0.0 0.1913383149356319 0.9865137506333237 0.006798249698706726 0.008114039962972797
0.0 0.18848743602972268 0.8970400126632457 0.007675443208217203 0.008552636717728036
0.0 0.20460586676697937 0.9163382698724781 0.007894741585595 0.009868426981994105
0.0 0.26776379945174006 0.9804830452554384 0.004824564302307976 0.007456144830840117
0.0 0.2719304686219154 0.9825663798405262 0.0043859675475527386 0.006798249698706726
0.0 0.14677010068126323 0.7560024986578749 0.007725836810707776 0.008733554655582943
0.0 0.1638261342981906 0.7241012558673785 0.0031351221840552057 0.008285680057860923
0.0 0.16735314675525323 0.7249970050628238 0.00414284002893055 0.0073899308624163496
0.0 0.09315706041597967 0.6608614576994923 0.012559938653292945 0.010724255311657594
0.0 0.1823121270682188 0.6529203183297657 0.008012676965495302 0.012286104680426036
0.0 0.24098301207392403 0.6813473680863866 0.008250414476455603 0.008366617497250673
0.0 0.1900167861581968 0.5770629515715536 0.005729636832016993 0.009883623535229447
0.0 0.19968554831222587 0.5766332288091524 0.005586395911216613 0.008164732485624349
0.0 0.31225222834878696 0.6630044823674849 0.004603916683825204 0.008890321872214103
0.0 0.3169355229064713 0.6618931921334581 0.0050801839269794865 0.011430413835703668
0.0 0.32700705305083827 0.6364517926018889 0.008890321872213747 0.010160367853958796
0.0 0.3488359683620777 0.5706475351727338 0.006826497151878641 0.00968410061080469
0.0 0.24343433149283894 0.6730296060282517 0.005342466294818849 0.007945206284602335
0.0 0.34250314742267474 0.5159870318975431 0.008746949712766749 0.007564929481311466
0.0 0.37716370307628877 0.5156366470459748 0.007197829334270977 0.007197829334270977
0.0 0.4199124887805672 0.5430642270281971 0.008286547684431867 0.010411303500952762
0.0 0.4394409076868401 0.5638129242138393 0.009976985228176005 0.010410767194618486
0.0 0.4767461568008894 0.5797544114805988 0.009109421295291043 0.009326312278512461
0.0 0.33929006836566133 0.7808201450897764 0.008071391398192773 0.011622803613397358
0.0 0.4238782502187206 0.7779144441864271 0.008071391398192773 0.009685669677831221
0.0 0.4524509757683228 0.7814658564016321 0.007748535742264906 0.007748535742264906
0.0 0.3275733783275193 0.8930187442960398 0.008717102710048153 0.007748535742264906
0.0 0.41393726628818117 0.8720331266607386 0.007102824430409526 0.010331380989686778
0.0 0.3642174952753143 0.9659841225357015 0.007102824430409526 0.00903995836597602
0.0 0.33919618194091683 0.970826957374617 0.010008525333759266 0.0096856696778314
0.0 0.42991862125660274 0.9525856128147018 0.004842834838915877 0.011299947957469669
0.0 0.4247529307617596 0.9653384112238461 0.006779968774482015 0.010331380989686778
0.0 0.417327250675422 0.9921354306658461 0.007425680086337394 0.00903995836597602
0.0 0.4475142545046628 0.9914897193539906 0.00903995836597602 0.009039958365975664
0.0 0.7305109674707051 0.9998747949171809 0.007864360571933205 0.00025041016563811527
0.0 0.5127204939573915 0.9847753629981894 0.008564172209762688 0.008146407711725345
0.0 0.4778371583712852 0.953025261147363 0.0056398207235027085 0.008564172209762688
0.0 0.48796794744868743 0.9611716688590878 0.007937525462706674 0.007728643213688357
0.0 0.5711030825580898 0.9736001626756943 0.008355289960744017 0.010861876948967009
0.0 0.6366850134993038 0.9453603718979974 0.009775784595203518 0.011108846130913364
0.0 0.7091062607112948 0.9199168043166879 0.008626987860542102 0.01073580711534099
0.0 0.7066555021333153 0.8807196051406605 0.008818698701887229 0.009968963749959415
0.0 0.6970939282345741 0.8777629973531619 0.008758769915080577 0.011217371996507453
0.0 0.7313748687306022 0.8199649589206164 0.0067673472756190735 0.009474286185866987
0.0 0.7153265880484193 0.8029499143419165 0.007540758392832458 0.009474286185866898
0.0 0.7217072297654317 0.7988895059765451 0.005607230599798996 0.009474286185866898
0.0 0.5166622771298659 0.7899221486602654 0.008260364608575798 0.011282449221469194
0.0 0.5052790917546336 0.7583917325324098 0.006044169225787144 0.009469198453733086
0.0 0.5098122186739739 0.7567799540721999 0.0042309184580510365 0.0066485861483656095
0.0 0.5783128032328939 0.785288285587162 0.009469198453733086 0.005238279995682227
0.0 0.5877820016866269 0.7556718563808056 0.0026191399978412024 0.005641224610734597
0.0 0.5848606532274964 0.7581902602248836 0.005238279995682049 0.009872143068785633
0.0 0.6194424487995264 0.7980396266650825 0.009360421435196997 0.01170052679399607
0.0 0.6250001990266745 0.7780512267253393 0.007215324856297301 0.009165412655297089
0.0 0.7204010713691821 0.7194640812800956 0.008815567794340496 0.011374926186246448
0.0 0.5160604091855845 0.7036142518681257 0.008711659003201078 0.00995618171794419
0.0 0.6318575716294446 0.6805381211869438 0.007193329744998778 0.012255302528516764
0.0 0.6499741058020344 0.6750765189731485 0.007193329744998778 0.00985752594685021
0.0 0.4924578789989763 0.6271787422824887 0.00850580956196545 0.010115016776391528
0.0 0.5128378327287747 0.603333250898919 0.008664515574922049 0.01010860150407602
0.0 0.6840900434337593 0.6214993042020033 0.010133742099109356 0.008037105802741884
0.0 0.5315367743778328 0.5386659960415532 0.013266985427606315 0.013417746625647098
0.0 0.5824871588084874 0.5263499817573174 0.01121228650803019 0.015169564099099553
0.0 0.5929408596299723 0.606809982774195 0.008915990451711764 0.00891599045171194
0.0 0.6140783243629633 0.592679180327927 0.007374998346499595 0.01331097262538936
0.0 0.6140783243629631 0.562459674908124 0.008094510380304242 0.008993900422560408
0.0 0.6593353334432788 0.626364037500066 0.005044395825781933 0.008878136653376067
0.0 0.6659939359333107 0.6213196416742841 0.007869257488219716 0.008878136653376067
0.0 0.6129966958764358 0.5288864039797591 0.007446567410346461 0.008397193037199279
0.0 0.36263550735350647 0.9449841782832339 0.005695110049169827 0.011390220098340365
