0.0 0.09811770388350874 0.6168241962496462 0.01046721950416447 0.008680133247356104
0.0 0.22958091916927198 0.6776048270732522 0.007818099627392706 0.011466546120175992
0.0 0.24796405984880604 0.6210177137358958 0.010684736157436703 0.007818099627392527
0.0 0.28861817791124844 0.5903968235286081 0.008078702948306038 0.008078702948305861
0.0 0.06644849622688605 0.883731269616454 0.009219588308975712 0.01394181646723176
0.0 0.2125819567331389 0.8586107893064996 0.008134211455660267 0.011620302079514745
0.0 0.2199142168548161 0.8325365424868318 0.006623572185323301 0.008018008434865465
0.0 0.258179923272034 0.7592409204800614 0.007181099803538871 0.007786734726728817
0.0 0.2816634989207316 0.8561947428412104 0.006835022704573123 0.007613696177246254
0.0 0.3009384522870082 0.8447623645141116 0.008381303229721571 0.00665911763457352
0.0 0.32187241118213217 0.7769056291404147 0.007766985279965955 0.013176135742799388
0.0 0.39632518747881074 0.5847854327863995 0.009389062858110054 0.006885312762613971
0.0 0.4012259528032316 0.6552001031151057 0.007511250286487936 0.01220578171554294
0.0 0.3719633735621223 0.6941647139762617 0.010327969143920868 0.013144688001353978
0.0 0.3937147025167437 0.7303126059799852 0.008763125334236043 0.010953906667794833
0.0 0.39465360880255473 0.7999481555109671 0.007511250286488025 0.013144688001354066
0.0 0.4156225158523341 0.7833608111283057 0.0062593752387387624 0.01064093790585705
0.0 0.42016056290042003 0.7783533109373143 0.0046945314290548264 0.006259375238740006
0.0 0.3982527495648302 0.9004111280927436 0.006572344000676944 0.008763125334236222
0.0 0.3801005613724845 0.9231013633331765 0.00782421904842483 0.010327969143921579
0.0 0.5528982726927164 0.9131574072865287 0.006992128898932926 0.013019826225599117
0.0 0.5592876318589824 0.9083352494251958 0.007233236791999431 0.011090963081066007
0.0 0.49977293419654145 0.7667370501380512 0.0071330021637219685 0.012779962210002082
0.0 0.5412335092731763 0.7047690938407153 0.007430210587210518 0.014860421174421212
0.0 0.5739264358569025 0.7310720393194405 0.0062413768932568555 0.012779962210002261
0.0 0.5828426885615552 0.7289915803550217 0.0062413768932568555 0.008024627434187259
0.0 0.4180286647090125 0.6560745544804281 0.004308420879213415 0.007360219001989243
0.0 0.4229653969664445 0.6541896203457724 0.004487938415847203 0.007898771611890964
0.0 0.4626387725625336 0.6490733705517066 0.00807828914852493 0.011668639881202657
0.0 0.48676180058278523 0.6149373217393809 0.006283113782185978 0.011668639881202657
0.0 0.4878145665153526 0.5581010446849572 0.008209760274263723 0.007435254588012441
0.0 0.5354253239405389 0.566417159784906 0.007196720697036163 0.009445695914859975
0.0 0.5549164424950119 0.5573462930730168 0.006596993972283194 0.008995900871295249
0.0 0.5522926380742175 0.5726393245542185 0.00764651574060089 0.005997267247530224
0.0 0.5803298624564208 0.5665670914660943 0.00554747220396532 0.00764651574060089
0.0 0.5831035985584039 0.5524735134343988 0.006297130609906709 0.0058473355663418046
0.0 0.5967546534240731 0.5536935263134376 0.006447062291094774 0.00764651574060089
0.0 0.5625752363222222 0.6214396108252946 0.006856729337720679 0.008667940860891931
0.0 0.5982744085415084 0.6484235364020188 0.007030251569230472 0.011404630323418274
0.0 0.6116359990406443 0.5819650251175449 0.004430925221914172 0.007224334600946847
0.0 0.6389049049132197 0.8005119759574963 0.003169963857643232 0.00484818001757219
0.0 0.6536769967388015 0.9356772885705091 0.005337881730677729 0.007366276788335213
0.0 0.6583209538444913 0.9356239097532022 0.0030959714037930297 0.005978427538359199
0.0 0.7322580878069387 0.977686951769315 0.006404288537738801 0.008883367971702328
0.0 0.737629426580526 0.9773770668400698 0.00433838900943595 0.007850418207550548
0.0 0.7375888783103586 0.7194492839274143 0.008378278268424388 0.012300025543006044
0.0 0.7201991585533809 0.6221702580864362 0.0078091763782092375 0.006744288690271638
0.0 0.7362848283689699 0.5595764290567923 0.008572939563962656 0.0071441163033021836
0.0 0.7644326466039806 0.5690781037401843 0.006572586999037888 0.0067154693251040955
0.0 0.7700764984835893 0.5468599020369144 0.0075727632815002725 0.007715645607566479
0.0 0.5921187023550593 0.5430078896396446 0.006002152778813397 0.008615993505070562
0.0 0.826061478296839 0.5326608989913616 0.006119388965765182 0.007458005302026294
0.0 0.8387387501201908 0.5935807296792232 0.009179083448647773 0.009561545259007964
0.0 0.822292892274697 0.600465042265709 0.009179083448647773 0.006501850776125551
0.0 0.8147392715200805 0.6434919959312453 0.006693081681305557 0.009179083448647773
0.0 0.8218148150117465 0.6951243403298892 0.008605390733107043 0.01109139250044926
0.0 0.8564276088493559 0.7394899103316869 0.008987852543467767 0.010326468879728701
0.0 0.8657979232031836 0.8266912030938407 0.007075543491665925 0.011856316121169996
0.0 0.818946351434044 0.8395036737409116 0.006310619870945189 0.009561545259008142
0.0 0.836730825615799 0.857670609733027 0.007840467112386663 0.007266774396846287
0.0 0.8274561267145615 0.9856040852985553 0.007266774396846287 0.008414159827927037
0.0 0.9913383149356318 0.9865137506333237 0.006798249698706726 0.008114039962972797
0.0 0.9884874360297227 0.8970400126632457 0.007675443208217203 0.008552636717728036
0.0 0.9467701006812632 0.7560024986578749 0.007725836810707776 0.008733554655582943
0.0 0.9638261342981906 0.7241012558673785 0.0031351221840552057 0.008285680057860923
0.0 0.9673531467552532 0.7249970050628238 0.00414284002893055 0.0073899308624163496
0.0 0.8931570604159796 0.6608614576994923 0.012559938653292945 0.010724255311657594
0.0 0.9823121270682188 0.6529203183297657 0.008012676965495302 0.012286104680426036
0.0 0.9900167861581968 0.5770629515715536 0.005729636832016993 0.009883623535229447
0.0 0.9984461751783087 0.5766332288091524 0.0031076496433824373 0.008164732485624349
