0.0 0.007911783352414936 0.5549531187661467 0.008015465606647964 0.00942995953723269
0.0 0.17623656109201935 0.6391155076359488 0.009901457514094502 0.007072469652924696
0.0 0.20759117655331813 0.6327502849483166 0.008486963583509421 0.00942995953723269
0.0 0.3353671282828216 0.6256778152953922 0.011315951444679229 0.00942995953723269
0.0 0.4207082620947782 0.5594323495463321 0.008486963583509421 0.010844453467817594
0.0 0.18307328175651313 0.40690275403159265 0.011315951444679229 0.010372955490956137
0.0 0.17765105502260442 0.32863408987256093 0.010844453467817771 0.009429959537232779
0.0 0.26181344389240646 0.34725825995859566 0.006600971676062883 0.008958461560371056
0.0 0.2589844560312365 0.29727947441126207 0.00942995953723269 0.007072469652924518
0.0 0.33230239143322127 0.3394785433403785 0.009901457514094502 0.008486963583509421
0.0 0.32051494201168024 0.39983028437866813 0.008958461560371233 0.008486963583509421
0.0 0.3162714602199257 0.38709983900340394 0.008958461560371233 0.006600971676062972
0.0 0.36177101498707354 0.41845445446470286 0.008486963583509066 0.008015465606647787
0.0 0.3940686264020957 0.33476356357176223 0.00707246965292434 0.011315951444679317
0.0 0.42919522567828744 0.3606959522991523 0.00942995953723269 0.010372955490956048
0.0 0.7526115682170558 0.4486303249838475 0.00942995953723269 0.008015465606647964
0.0 0.7794869528981687 0.6452449813351502 0.008486963583509777 0.009901457514094325
0.0 0.8865169936457604 0.63369328090204 0.00942995953723269 0.01037295549095596
0.0 0.3282946586298971 0.6994672486742384 0.008486963583509421 0.008015465606647787
0.0 0.558385671338376 0.7822151436134557 0.006600971676062883 0.007543967629786152
0.0 0.6861616230678796 0.7383658317653234 0.005657975722339614 0.007543967629786152
0.0 0.5897402868793373 0.9545476522193986 0.008015465606647964 0.009901457514094502
0.0 0.8443491942651274 0.8677920302878143 0.01273044537526431 0.00707246965292434
0.0 0.05921439014247518 0.7855881676017734 0.00797919653150494 0.007253815028640531
0.0 0.048877703726662426 0.6900191545994339 0.005440361271480398 0.006891124277208505
0.0 0.30945308617315737 0.9963783016716079 0.005846443222799991 0.006878168497411963
