0.0 0.5897402868793373 0.15454765221939865 0.008015465606647964 0.009901457514094502
0.0 0.8443491942651274 0.06779203028781425 0.01273044537526431 0.00707246965292434
0.0 0.3888821486566176 0.36200676397550424 0.009901457514094502 0.008015465606647964
0.0 0.5190155902704289 0.33607437524811434 0.01273044537526431 0.006129473699201071
0.0 0.679089153414955 0.4671508128156493 0.013201943352125767 0.010844453467817417
0.0 0.6720166837620305 0.49968417321910225 0.007543967629786508 0.006129473699201427
0.0 0.859672878552962 0.34974781657710174 0.007543967629786152 0.008958461560370879
0.0 0.7090292747863444 0.2361168041534473 0.012730445375263955 0.007072469652924696
0.0 0.33654587322497564 0.8292612590453864 0.007072469652924696 0.005186477745477447
0.0 0.5001556711959635 0.6413693152660238 0.009901457514094502 0.008486963583509421
0.0 0.5048706509645801 0.6625867242247978 0.008958461560371589 0.005657975722339614
0.0 0.7069075340497915 0.5864398009616434 0.011315951444679229 0.008015465606647964
0.0 0.6962988295704046 0.7630157932963266 0.008958461560371233 0.008486963583509421
0.0 0.7043142951770524 0.7785752265327606 0.008958461560371233 0.008486963583509421
0.0 0.6955915826051123 0.8099298419940592 0.007543967629786152 0.007072469652924696
0.0 0.7700882629492511 0.8669810971943172 0.00942995953723269 0.00801546560664761
0.0 0.7083220279803765 0.9336980609202392 0.00942995953723269 0.006600971676063239
0.0 0.7830544573129459 0.679089153414955 0.008958461560370879 0.010372955490955604
0.0 0.8608516234951157 0.7509925948863547 0.006129473699201071 0.009901457514094148
0.0 0.08986175863848178 0.9793608265255311 0.007616505780072558 0.00942995953723269
0.0 0.17491273984929237 0.9677547224797063 0.006528433525776478 0.005803052022912425
0.0 0.05087250285953857 0.9021076964705095 0.010155341040096744 0.007979196531504584
0.0 0.08859234100846951 0.8963046444475967 0.008704578034368637 0.007253815028640531
0.0 0.14426537135328577 0.8513309912700251 0.007616505780072558 0.005803052022912425
0.0 0.049965775980958506 0.7153219594830146 0.00834188728293661 0.006528433525776478
0.0 0.12377334389737626 0.7524977615047973 0.007253815028640531 0.004714979768616345
0.0 0.3257920924450161 0.7581194681519939 0.00797919653150494 0.005077670520048372
0.0 0.07988776297410069 0.5370594551541726 0.005803052022912425 0.0061657427743444515
0.0 0.056675554882451 0.4699616661392474 0.005803052022912425 0.006891124277208505
0.0 0.08369601586413697 0.3818278135412642 0.007616505780072558 0.006891124277208505
0.0 0.2639533193258551 0.4908163843465891 0.007616505780072558 0.007253815028640531
0.0 0.30945308617315737 0.19637830167160786 0.005846443222799991 0.006878168497411963
