0.0 0.33654587322497564 0.029261259045386366 0.007072469652924696 0.005186477745477447
0.0 0.6955915826051123 0.009929841994059174 0.007543967629786152 0.007072469652924696
0.0 0.7700882629492511 0.06698109719431714 0.00942995953723269 0.00801546560664761
0.0 0.7083220279803765 0.13369806092023923 0.00942995953723269 0.006600971676063239
0.0 0.5081711368026116 0.32606923547978717 0.008015465606647964 0.006600971676063239
0.0 0.7936631617923329 0.3751050250733968 0.005657975722339259 0.006600971676062528
0.0 0.13568773508191825 0.367561057443611 0.008958461560371233 0.005657975722338904
0.0 0.19273899028217656 0.42131182680583734 0.00801546560664761 0.00942995953723269
0.0 0.0018613525866873815 0.23213233085889157 0.003722705173374763 0.006165742774344096
0.0 0.06755627742541179 0.26441180773634193 0.00942995953723269 0.00689112427720886
0.0 0.08986175863848178 0.17936082652553118 0.007616505780072558 0.00942995953723269
0.0 0.17491273984929237 0.16775472247970633 0.006528433525776478 0.005803052022912425
0.0 0.2960514508275896 0.3529083510857568 0.008704578034368637 0.00906726878580102
0.0 0.05087250285953857 0.10210769647050952 0.010155341040096744 0.007979196531504584
0.0 0.08859234100846951 0.09630464444759675 0.008704578034368637 0.007253815028640531
0.0 0.14426537135328577 0.05133099127002509 0.007616505780072558 0.005803052022912425
