0.0 0.9212581831689283 0.07938577304462839 0.00838061785659221 0.010242977380279327
0.0 0.8656873978650237 0.16150216344260748 0.00878773493329632 0.008787734933295965
0.0 0.8701949901804522 0.2269095964909015 0.010043125638052786 0.011716979911061642
0.0 0.9161213667961313 0.2158203119322181 0.008578503149169947 0.00962466206980075
0.0 0.9569215647007235 0.26111899319552023 0.010670820990431196 0.00648618530791083
0.0 0.9146567443072486 0.36521180579825374 0.008578503149170302 0.007113880660287108
0.0 0.9392414789420653 0.3874949908076838 0.007113880660287464 0.008996966717422339
0.0 0.8782504138693072 0.41772898361390587 0.009833893853927123 0.0075323442285395005
0.0 0.8667426657423716 0.5890898148131816 0.01025235742217916 0.00878773493329632
0.0 0.8661149703899932 0.5960990795814067 0.010252357422178093 0.007323112444411706
0.0 0.8812842747391354 0.7021795941333387 0.00878773493329632 0.009415430285674375
0.0 0.8275117062187277 0.8421556577137 0.008369271365044284 0.008160039580918266
0.0 0.9132967377104286 0.8948820673134776 0.00878773493329632 0.008996966717422339
0.0 0.97815859078952 0.9235468217387531 0.006695417092035072 0.009415430285674375
0.0 0.8617211029233458 0.877934292799264 0.006904648876160735 0.009833893853927833
0.0 0.9899824168015098 0.5059587957478933 0.007218228815420247 0.010015292481395478
