0.0 0.028140694978497027 0.8206832835189044 0.010737115362937644 0.008084416273270278
0.0 0.08830012076201443 0.8072934690662997 0.00947392532023894 0.00808441627327099
0.0 0.08952383611587855 0.7996511693079739 0.011447659761954831 0.0065685882220323675
0.0 0.1197285945420794 0.7862601361898391 0.010325071598312974 0.010010069413958078
0.0 0.15490383846175648 0.7705100269720735 0.009625066744189503 0.009450065530659657
0.0 0.13721555799736063 0.7316635961916884 0.013303394347341069 0.008573298579397103
0.0 0.12298831682034272 0.7219077736703046 0.011825239419859024 0.008868929564894046
0.0 0.0905612930986992 0.7315157806989401 0.013488163713276435 0.00886892956489369
0.0 0.08817829982501602 0.7068762729342923 0.013150684931506618 0.008133942161339646
0.0 0.13560934848012707 0.6681169276073551 0.015781344447564294 0.008457574888402774
0.0 0.1310259323318106 0.6095465431493293 0.009193302891933541 0.010520547945205294
0.0 0.1289767139041369 0.6388215858694043 0.009277670404580718 0.009896181764885981
0.0 0.11993098525967083 0.6353579222516942 0.011287832325573177 0.007916945411908571
0.0 0.10819372985696418 0.6629568979901457 0.011341078102103275 0.007898727336994326
0.0 0.08924745820403945 0.667493329230987 0.016144358239464474 0.008432425130034105
0.0 0.07488132668771597 0.6846889836845321 0.01688806100677276 0.00747048345711363
0.0 0.04146621378122539 0.6846378595310814 0.016414238823115213 0.00875426070566121
0.0 0.022428575877678547 0.6922511208918968 0.010538286081037462 0.010066422525170182
0.0 0.0007158652817309541 0.5828554911239682 0.0014317305634619082 0.00945089566436117
0.0 0.0011940979061859647 0.5664612072764482 0.0023881958123719293 0.008528857062960072
0.0 0.10510444036354549 0.5475916735286557 0.009935212507687474 0.008891173227218375
0.0 0.09718994904386236 0.5374207102157007 0.010608786237021661 0.0074093110226822745
0.0 0.1261258807327703 0.5161717587742432 0.010059398951193899 0.00885227107705049
0.0 0.148735705347403 0.46627587708236823 0.009086809446208655 0.007986153654132976
0.0 0.1117471236267975 0.42651902351140053 0.011856831261139789 0.007078705230532378
0.0 0.14347602524856917 0.3235320941900646 0.009202316799692412 0.009910187322745045
0.0 0.1396133844669203 0.18869908395958568 0.009361800052263725 0.006808581856190798
0.0 0.14024561298500426 0.1761804236313571 0.008936263686250001 0.008737680048778174
0.0 0.13882715843163185 0.11785357239665598 0.00865257277557685 0.008510727320238587
0.0 0.08620286554692846 0.12908968954179975 0.01339113512572343 0.00836627108807093
0.0 0.09373481790281879 0.16615126912789968 0.013008531264987688 0.008672354176658814
0.0 0.07881326733415506 0.23486692251589697 0.010202769619598762 0.008978437265247052
0.0 0.049625130102991744 0.255527034163884 0.011846824542278256 0.008019388920926573
0.0 0.08483774268826272 0.4640178149057862 0.010534543991378875 0.007131075932625919
0.0 0.07203969425851975 0.4533275552381125 0.01176482389378819 0.007280872145589967
0.0 0.020724404800197327 0.487457589293485 0.010655804897126586 0.009932383280257895
0.0 0.11750149593272807 0.41616520380643196 0.011744460831754289 0.008234318605634883
0.0 0.07818636430004533 0.38140822533097507 0.010641494850832878 0.008189909961147279
0.0 0.04439700191308038 0.39245937492989463 0.010218140470509063 0.009809414851689268
0.0 0.020151758437314538 0.43289641956753205 0.012486538483694964 0.01028594061231125
0.0 0.11926757556398693 0.221650296795735 0.012215599366030894 0.007916945411908571
0.0 0.004887449848010483 0.06715319343846922 0.009774899696020967 0.00673408818320631
