0.0 0.1212581831689283 0.07938577304462839 0.00838061785659221 0.010242977380279327
0.0 0.06568739786502373 0.16150216344260748 0.00878773493329632 0.008787734933295965
0.0 0.07019499018045217 0.2269095964909015 0.010043125638052786 0.011716979911061642
0.0 0.1161213667961313 0.2158203119322181 0.008578503149169947 0.00962466206980075
0.0 0.15692156470072352 0.26111899319552023 0.010670820990431196 0.00648618530791083
0.0 0.11465674430724863 0.36521180579825374 0.008578503149170302 0.007113880660287108
0.0 0.13924147894206537 0.3874949908076838 0.007113880660287464 0.008996966717422339
0.0 0.07825041386930724 0.41772898361390587 0.009833893853927123 0.0075323442285395005
0.0 0.06674266574237162 0.5890898148131816 0.01025235742217916 0.00878773493329632
0.0 0.06611497038999321 0.5960990795814067 0.010252357422178093 0.007323112444411706
0.0 0.0812842747391354 0.7021795941333387 0.00878773493329632 0.009415430285674375
0.0 0.027511706218727738 0.8421556577137 0.008369271365044284 0.008160039580918266
0.0 0.11329673771042863 0.8948820673134776 0.00878773493329632 0.008996966717422339
0.0 0.17815859078952007 0.9235468217387531 0.006695417092035072 0.009415430285674375
0.0 0.3306885614174478 0.8403771875486296 0.006695417092035782 0.010043125638053142
0.0 0.46752614823591687 0.8641249950469405 0.007113880660287108 0.009415430285675087
0.0 0.48447392275013146 0.8491649224819249 0.00962466206980075 0.007532344228540211
0.0 0.4251567119503816 0.9053436565197824 0.010252357422178804 0.008578503149170302
0.0 0.3166700318809985 0.9000082460245669 0.007950807796792247 0.009624662069801105
0.0 0.06172110292334576 0.877934292799264 0.006904648876160735 0.009833893853927833
0.0 0.2236805136194926 0.7061716948239793 0.010124223709165037 0.00883176961863299
0.0 0.24791402781696198 0.7208195078500053 0.010770450754430883 0.007539315528101653
0.0 0.3530336271802076 0.7283588233781073 0.009477996663899192 0.009262587648810694
0.0 0.39320740849423486 0.7312668450818032 0.008400951588455996 0.009477996663899192
0.0 0.37726714137767703 0.7593777215508679 0.007108497497924304 0.0088317696186337
0.0 0.34721758377281464 0.7673478551091465 0.009477996663899545 0.009693405678987688
0.0 0.3781287774380317 0.7913659602915276 0.0066776794677469555 0.008616360603544848
0.0 0.410870947731501 0.7950279135480336 0.01055504173934203 0.0081855425733675
0.0 0.5126517073608736 0.8959470371170515 0.009047178633721486 0.007539315528101298
0.0 0.5640267574595091 0.8700979553064176 0.007539315528101653 0.009262587648810694
0.0 0.55831841855966 0.8245389486151751 0.00775472454318944 0.010770450754431237
0.0 0.6341423918708529 0.8488801673201862 0.010339632724253534 0.008616360603545559
0.0 0.6937029845428574 0.8873306765135069 0.009693405678987688 0.0088317696186337
0.0 0.7563870079336452 0.8572811189086444 0.007539315528101653 0.010770450754430528
0.0 0.9959683829665243 0.8108604761570476 0.008063234066951353 0.009693405678987688
0.0 0.9635027759413515 0.7696096497675773 0.008616360603544848 0.009047178633721486
0.0 0.9947370831292008 0.7508690654548676 0.008616360603544848 0.008616360603544848
0.0 0.9750271582485925 0.7351442073533982 0.007539315528101298 0.009477996663898836
0.0 0.9008187525505633 0.7524846330680323 0.008185542573367144 0.010124223709165391
0.0 0.8154090780679262 0.7327747081874237 0.0088317696186337 0.010339632724253534
0.0 0.8150859645452918 0.7509767699624126 0.008616360603544848 0.008831769618632279
0.0 0.822873224969942 0.7733620860885718 0.007916945411908216 0.011504311301679948
0.0 0.785948096759711 0.8159775188136124 0.008040647683969837 0.009401372676641984
0.0 0.28105515583322693 0.5822029347685808 0.007136669541985085 0.007993069887023196
0.0 0.32473157343017556 0.5491839436876633 0.009230092607634077 0.008564003450382173
0.0 0.2596451472072717 0.532293825771632 0.009991337358779263 0.00789791429313027
0.0 0.2380924051904767 0.5296770469395706 0.009705870577099773 0.008944625825954945
0.0 0.2682091506576535 0.5069824377960576 0.0077076031053433525 0.009039781419848226
0.0 0.18998241680150976 0.5059587957478933 0.007218228815420247 0.010015292481395478
0.0 0.21123357511133137 0.8920092343875204 0.009257683931605953 0.010149164606501416
0.0 0.7102322985518998 0.7729892135111216 0.00790523395419882 0.010101132274809643
0.0 0.6880704414104635 0.7630159228403712 0.008565750431199604 0.007333690437670626
0.0 0.6339707989801004 0.7880170986415947 0.006867579908676191 0.008572298325722727
0.0 0.2875059451715899 0.7919122583612687 0.006002122076336036 0.0059289254656491154
0.0 0.45915344760524734 0.7174049041008835 0.00795664424166027 0.009753305844615668
0.0 0.6062863045151266 0.7704525791193845 0.00940006518393659 0.010200070731505306
0.0 0.5715193213651318 0.7414053159440428 0.008860238761059592 0.0077434019424387655
0.0 0.5624662896429227 0.722998726104357 0.009080459242137452 0.008720123557926129
0.0 0.5531541670520523 0.7014775455225356 0.006975511721222816 0.009926689757124763
0.0 0.5683929772738004 0.7033019101265472 0.007941351805699525 0.006492591678984283
0.0 0.6704508339377812 0.7325239886089967 0.009131668039712437 0.005951890775883939
0.0 0.643300563638269 0.7274210214047854 0.008028082392116076 0.007952345765775349
0.0 0.6354600234097607 0.7049455135797468 0.008870132975652822 0.00916336051203821
0.0 0.3413048028373845 0.5005817478931363 0.007793243139848016 0.009648777220763804
0.0 0.33518154037036146 0.4865415400142039 0.011133204485496507 0.010762097669313419
0.0 0.24446302670285575 0.3992893565298591 0.009716345948783456 0.007995743020353174
0.0 0.2509559936007603 0.350107320972873 0.009163063540469096 0.00744805164786797
0.0 0.2643827940527176 0.33969062506534176 0.007403348554033684 0.007744292237442707
0.0 0.3373666383005224 0.27122266032827314 0.00720705089841509 0.009402949219025559
0.0 0.4851438914845881 0.28612898500264555 0.0067395939022091515 0.008923721555702712
0.0 0.47323567655590254 0.34032217486906935 0.009241502981155846 0.006433311467544911
0.0 0.39334777592782133 0.41540381844076785 0.007836601741663785 0.00677760150630391
0.0 0.41795030635097774 0.5097386607762722 0.010854593789394684 0.006792055762954874
0.0 0.43488513948984286 0.532970198641104 0.007939117199391532 0.009984779299848156
0.0 0.507849564936684 0.544547462790305 0.00858969229035118 0.00852653278821478
0.0 0.5212775928349993 0.5208765284022506 0.00739895755167339 0.006230701096145453
0.0 0.6470492837496531 0.6903572156705826 0.009515559389313566 0.006470580384733182
0.0 0.6016157629550347 0.593193244201921 0.00906789534528336 0.0077327451103951
0.0 0.6120466241651007 0.5808987357889899 0.007565851331034068 0.008956632825709576
0.0 0.6339653405211851 0.5766151287853901 0.005563125978701677 0.008845370306135436
0.0 0.6977817737283599 0.6811310161204549 0.005968339025249491 0.00822054243100503
0.0 0.7439143671107604 0.6671554971654905 0.006757843175916633 0.009373782469819503
0.0 0.7817821431240688 0.7325497595580046 0.011738203957382254 0.006721461187214573
0.0 0.7673167251693209 0.7021827788599154 0.006148432140111381 0.008994928501273591
0.0 0.8810036734831247 0.6798391858552773 0.007758840732824979 0.008637200061069095
0.0 0.7711373113373167 0.6220577857951082 0.007107672275428456 0.010398261291830125
0.0 0.5684019249713191 0.336920907163244 0.010371959734351677 0.011799293642748409
0.0 0.5984179163894231 0.22919993060605764 0.008669710806697494 0.006770167427701779
0.0 0.7036932494353142 0.08742217406747343 0.007284590830552417 0.010445828360791864
0.0 0.707429244039284 0.11723994165453959 0.0092088223706984 0.006185029950468745
0.0 0.5504342709911008 0.3408094753173977 0.007199823888975487 0.00674983489591483
0.0 0.7491908238810325 0.21987367493061657 0.00464734099781623 0.00437922517101903
0.0 0.7557420849901746 0.1481022495256795 0.009562797822430014 0.006881639554459085
0.0 0.8241216972377139 0.1659809301513903 0.008477466387248712 0.007205846429161511
0.0 0.8680542553162983 0.0625975487301055 0.008231354642313704 0.007013698630137099
0.0 0.7527713543952377 0.13140458512120592 0.00805623642276423 0.008252729994050866
0.0 0.8655926315190865 0.15635189138514677 0.008718417047184346 0.006429223744292401
0.0 0.6545778309151249 0.4305426615398519 0.008669710806697494 0.007549467275494592
0.0 0.6913232709553121 0.558069265947065 0.007707603105343708 0.008849470232061663
0.0 0.7122845390063567 0.4733821129872739 0.009428281205109457 0.007248331793523022
0.0 0.7744982204529883 0.5632088710120614 0.008461597137749521 0.007846208255004327
0.0 0.7711180800744355 0.5311694582551751 0.007371123002898372 0.007222211427082214
0.0 0.8167792998477932 0.5725905631659056 0.006867579908676191 0.009254185692541838
0.0 0.849502746671255 0.6656667679514296 0.00669114311279273 0.00976119701160343
0.0 0.834843060782131 0.6746885823941664 0.0064549851205768505 0.008895284373477707
0.0 0.9257039354662059 0.6583975314398559 0.007500761035007741 0.0076468797564686495
0.0 0.9621731974318604 0.6848059419026361 0.010005311092980662 0.007830243464071884
0.0 0.8514900070763023 0.5110892797334572 0.007026874625954349 0.009295969557252448
0.0 0.8865145852900451 0.5092227661609382 0.008417610229007976 0.007758840732824979
0.0 0.9187210939923365 0.533743630741092 0.009149576335877896 0.008344413618321056
0.0 0.9846055186587854 0.6265407271979198 0.008686061130453736 0.00998897030002226
0.0 0.960672220195729 0.5707529763101332 0.007494982231605718 0.00900839210529547
0.0 0.9809941867374665 0.5863381878696904 0.009430891847093647 0.007889303756703114
0.0 0.9969102587555009 0.5583076555733271 0.006179482488998289 0.008010113945720576
0.0 0.98825793838203 0.5185537567316045 0.008751791162916333 0.009493468380112802
0.0 0.9352406398040756 0.5061791460267837 0.0079356837079807 0.010239591881265043
0.0 0.9438822875792734 0.4763678734489879 0.007891705993619524 0.008229921964774789
0.0 0.989878052539499 0.485424135955566 0.008063230653922204 0.007437635172152568
0.0 0.9146203826017896 0.45275010835258184 0.009611515231694767 0.007245603790046573
0.0 0.7465116893396504 0.40204621064935664 0.008043527372731774 0.007445248477239019
0.0 0.7231488387521949 0.3614800575675357 0.008833435061875505 0.007456795831453178
0.0 0.6717534464470015 0.31135058707081703 0.00844455791291523 0.008083679369628172
0.0 0.8690864172233628 0.39325768282291185 0.00593315450909202 0.008621615146024197
0.0 0.8759466271245007 0.3952508519158101 0.006674798822729144 0.00945596499886534
0.0 0.8616722638135098 0.3497869146547611 0.007433371185024384 0.009557191523603237
0.0 0.8217870160520068 0.30759704712321856 0.006258975035395764 0.010047302030503146
0.0 0.8014281163753576 0.27511839201850086 0.0074591554786531235 0.009967544046695665
0.0 0.8090903059481356 0.2558208042927186 0.006384365201024167 0.007886568777735904
0.0 0.8814880496657057 0.29218541662179653 0.00742732949416478 0.00733331266512458
0.0 0.931763005246783 0.14100297831553696 0.008197063841828367 0.00879684900098603
0.0 0.9460221076388085 0.13265146739067735 0.008540059220300123 0.00791005485158891
0.0 0.9425839932449854 0.15431795913343133 0.009072363300809627 0.008631957315333238
0.0 0.9860999036062974 0.27596201082389965 0.008342712018580301 0.009249528542342133
0.0 0.9989896000337705 0.278637119568989 0.0020207999324590277 0.00861475697570988
0.0 0.9595710586210856 0.32498262440525527 0.007628754349912015 0.009709323718070095
0.0 0.6620924322511506 0.5540951401150723 0.007883566667908681 0.0093907191191267
0.0 0.739182268266686 0.5999901896281656 0.007204637823337023 0.010331178765540372
0.0 0.9099487598008406 0.49768759442493166 0.0059580096160310346 0.010261016560942337
