0.0 0.17398010648846718 0.9665708525663558 0.01077709661398032 0.013471370767475222
0.0 0.24638872436364706 0.9237992503796215 0.010103528075606504 0.012797802229101407
0.0 0.5666705643603734 0.9763375963727754 0.008082822460485061 0.011450665152354133
0.0 0.004141123024260196 0.7826866415903173 0.008282246048520393 0.010777096613980141
0.0 0.33193192873711547 0.4041411230242603 0.006062116845363974 0.010777096613980275
0.0 0.3649367871174302 0.37551446014337514 0.0074092539221116025 0.008756390998858965
0.0 0.402656625266361 0.38999618371841105 0.007409253922111248 0.01077709661398032
0.0 0.39019560730644615 0.517300637471053 0.008082822460485417 0.01212423369072777
0.0 0.45384783446727467 0.5307719999371617 0.00875639099885923 0.01212423369072777
0.0 0.5084068857910424 0.6311337204562197 0.011450665152353778 0.010777096613980141
0.0 0.5393910385562357 0.5210052644321088 0.0074092539221116025 0.008756390998858877
0.0 0.51952076667421 0.43680919713538796 0.009429959537232335 0.011450665152354133
0.0 0.943352317952208 0.6233492340872515 0.010723433781685544 0.008340448496866593
0.0 0.9512956022349381 0.5055900445957764 0.009134776925139221 0.00794328428273019
0.0 0.9785013509032886 0.3105824154547503 0.009531941139275801 0.011914926424095284
0.0 0.9328274662775904 0.3864407803548236 0.010326269567548962 0.008737612711003174
0.0 0.924089853566587 0.4182139174857443 0.009531941139275801 0.00794328428273019
0.0 0.8363722910503949 0.9409252051996825 0.010692331877268656 0.010692331877269012
0.0 0.8769140494183738 0.9346880116046089 0.013365414846586533 0.008019248907951849
0.0 0.6365593390939279 0.7947966695436712 0.008464762736171139 0.008019248907951849
0.0 0.6316586869835132 0.7660610276235105 0.006682707423293266 0.00935579039261043
0.0 0.6390096651491355 0.7442308500407526 0.00891027656439114 0.00757373507973238
0.0 0.8316943958540897 0.7794264424700968 0.011137845705488304 0.011137845705488836
0.0 0.619852570535695 0.6203780057957188 0.008019248907951849 0.00935579039261043
0.0 0.7463784977500463 0.5760493798878737 0.009801304220829721 0.00623719359507362
0.0 0.8223386054614789 0.5604563959001898 0.010246818049049011 0.008910276564390963
0.0 0.8936208179766065 0.6212690334521579 0.012028873361927594 0.012028873361927771
0.0 0.9069862328231931 0.594538203758985 0.008464762736171139 0.012919901018366708
0.0 0.8577569548049329 0.6680479854152102 0.008019248907951493 0.008464762736171494
0.0 0.8994124977434609 0.7010160087034567 0.008464762736171139 0.006682707423293266
0.0 0.9121096418477176 0.6785175603783695 0.008910276564390784 0.011583359533708305
0.0 0.7960532895965255 0.6664886870164419 0.008464762736171671 0.008019248907951849
0.0 0.7922664220566599 0.6344116913846344 0.010692331877269368 0.01069233187726919
0.0 0.60515061420445 0.36888544976578463 0.007128221251512912 0.008910276564390963
0.0 0.6087147249054785 0.43148012981896 0.008019248907951849 0.00757373507973238
0.0 0.8207793070627109 0.31007762444080444 0.01247438719014724 0.009801304220829987
