0.0 0.6695243096229756 0.8851035905211486 0.01306827817441274 0.010345720221410204
0.0 0.6695243096229759 0.930570308336292 0.007623162268407669 0.007623162268407313
0.0 0.7179858411864224 0.9400992611718012 0.007623162268407669 0.009256697040208905
0.0 0.7095459115321138 0.9915556064835505 0.01252376658381138 0.009801208630809199
0.0 0.782510464672584 0.9798486072856392 0.010345720221409494 0.011434743402610793
0.0 0.8451292975916441 0.9724977008125322 0.010345720221409494 0.013068278174412385
0.0 0.8641872033086614 0.8859203511962394 0.01361278976501339 0.010890231812010497
0.0 0.8712658539404693 0.9300257967456915 0.008167673859008318 0.013068278174412385
0.0 0.9964820972198428 0.9858382347822451 0.007035805560314401 0.011434743402611146
0.0 0.9172770833462127 0.9362876800375975 0.011979254993211442 0.009256697040208905
0.0 0.9398743143561351 0.9371044474234985 0.009256697040208905 0.010890231812010497
0.0 0.9837074973994767 0.9343818894704958 0.009801208630808845 0.010890231812010497
0.0 0.3079768847117908 0.9379032916833671 0.011914926424095284 0.010723433781685898
0.0 0.4096509235307376 0.9988382529554558 0.011914926424094575 0.002323494089088385
0.0 0.48173622839651353 0.9875488184504306 0.011517762209959415 0.009134776925139577
0.0 0.4616794355826205 0.9039457513746951 0.010326269567548962 0.012709254852368446
0.0 0.2865300171484197 0.8304703717594413 0.010326269567549673 0.012709254852368446
0.0 0.425537492096198 0.8171653705858679 0.011120597995821413 0.009929105353412737
0.0 0.5057646633517724 0.8888535112375079 0.009531941139275801 0.009531941139276157
0.0 0.519268246632414 0.8886549291304398 0.010326269567548962 0.010723433781685544
0.0 0.5417080247311269 0.9347259779702748 0.010723433781684832 0.009929105353412737
0.0 0.5019916033174759 0.9273784400087492 0.00913477692513993 0.011120597995822124
0.0 0.4878922737156298 0.9299600074006367 0.012709254852368446 0.00834044849686677
0.0 0.617367807524132 0.9243997084027255 0.012709254852367735 0.010723433781685544
0.0 0.6040628063505593 0.7093352864478057 0.010723433781685544 0.011120597995822124
0.0 0.658275721580192 0.7043707337710994 0.006354627426184578 0.009929105353412914
0.0 0.6723750511820381 0.7057608085205771 0.005957463212047287 0.009531941139276157
0.0 0.6809140817859735 0.6868955083490929 0.011120597995822833 0.01072343378168572
0.0 0.6255096739139298 0.8060447725900458 0.00834044849686677 0.01310641906650476
0.0 0.6086301948131286 0.8298746254382363 0.009531941139275801 0.014695075923050638
0.0 0.6209422854513604 0.8509243287874713 0.012709254852368446 0.011517762209958704
0.0 0.14335231795220799 0.6233492340872515 0.010723433781685544 0.008340448496866593
0.0 0.3544450977657629 0.5878030369220337 0.010326269567549673 0.006354627426184223
0.0 0.3590124862283325 0.6163988603398625 0.009929105353413093 0.00794328428273019
0.0 0.35027487351732917 0.6644557302503802 0.007546120068593609 0.010326269567549317
0.0 0.39237428021579923 0.6735905071755199 0.007546120068593609 0.01032626956754914
0.0 0.47637451150567073 0.6878884188844342 0.007148955854457029 0.01032626956754914
0.0 0.4533389870857533 0.7532219321098901 0.010326269567549673 0.01072343378168572
0.0 0.5023887675316121 0.76573260485519 0.012312090638231864 0.009531941139276157
0.0 0.15129560223493818 0.5055900445957764 0.009134776925139221 0.00794328428273019
0.0 0.20610426378577634 0.44025653137032067 0.007546120068593609 0.009134776925139577
0.0 0.5508428016562664 0.48235593806879057 0.00913477692513993 0.009929105353412737
0.0 0.6233252707361793 0.41185929005956023 0.011914926424095284 0.01032626956754914
0.0 0.6664175879699904 0.5071787014523224 0.00834044849686677 0.013503583280641251
0.0 0.6378217645521616 0.4899020581373842 0.007546120068593609 0.007546120068593609
0.0 0.6314671371259785 0.5596043777183416 0.007546120068593609 0.011914926424095284
0.0 0.6036656421364224 0.5778739315686212 0.011517762209958704 0.00794328428273019
0.0 0.6068429558495143 0.6277180404427529 0.00834044849686677 0.010723433781685898
0.0 0.5039774243881585 0.5882002011361703 0.00913477692513993 0.011120597995822124
0.0 0.43149495514048797 0.5810512485449355 0.011120597995822833 0.008737612711003174
0.0 0.3844309959330694 0.5631788556455701 0.007546120068593609 0.00873761271100335
0.0 0.31989181113588644 0.4474054872247778 0.00794328428273019 0.01072343378168572
0.0 0.3413386786992579 0.43747638187136495 0.010326269567548962 0.007546120068593787
0.0 0.340742932378053 0.4613062347195555 0.007546120068593609 0.007546120068593787
0.0 0.4173956257063992 0.478781460141562 0.007546120068593609 0.00992910535341256
0.0 0.4227573425972423 0.5071787014523224 0.011914926424095284 0.009531941139276157
0.0 0.1785013509032886 0.3105824154547503 0.009531941139275801 0.011914926424095284
0.0 0.1328274662775904 0.3864407803548236 0.010326269567548962 0.008737612711003174
0.0 0.12408985356658704 0.4182139174857443 0.009531941139275801 0.00794328428273019
0.0 0.3252535280267292 0.39160391513859827 0.00834044849686677 0.008737612711003262
0.0 0.3238634532772512 0.3737315255024553 0.007148955854457739 0.011914926424095284
0.0 0.2849413602918734 0.33719241780189646 0.00873761271100335 0.00794328428273019
0.0 0.39892748974905173 0.3209086850222996 0.009531941139276513 0.009531941139276245
0.0 0.3737075621513835 0.3685683907186807 0.007546120068593609 0.008737612711003174
0.0 0.4316935374153136 0.3695613012540219 0.007546120068593609 0.009134776925139665
0.0 0.4728000335784426 0.39974578152839657 0.00794328428273019 0.009929105353412692
0.0 0.5500484732279933 0.3491073442259917 0.009929105353413093 0.0111205979958223
0.0 0.5810272819306409 0.34652577683410435 0.009929105353412382 0.009134776925139665
0.0 0.6644317668993083 0.3437456273351488 0.00913477692513993 0.009134776925139754
0.0 0.6819069923213146 0.3544690611168346 0.00913477692513993 0.009929105353412737
0.0 0.6674104985053319 0.37015704757522666 0.0063546274261838676 0.011914926424095196
0.0 0.03637229105039488 0.9409252051996825 0.010692331877268656 0.010692331877269012
0.0 0.07691404941837376 0.9346880116046089 0.013365414846586533 0.008019248907951849
0.0 0.03169439585408966 0.7794264424700968 0.011137845705488304 0.011137845705488836
0.0 0.022338605461478877 0.5604563959001898 0.010246818049049011 0.008910276564390963
0.0 0.09362081797660657 0.6212690334521579 0.012028873361927594 0.012028873361927771
0.0 0.10698623282319311 0.594538203758985 0.008464762736171139 0.012919901018366708
0.0 0.057756954804932904 0.6680479854152102 0.008019248907951493 0.008464762736171494
0.0 0.0994124977434609 0.7010160087034567 0.008464762736171139 0.006682707423293266
0.0 0.11210964184771761 0.6785175603783695 0.008910276564390784 0.011583359533708305
0.0 0.00014283548230569209 0.6664886870164419 0.00028567096461138417 0.008019248907951849
0.0 0.020779307062710826 0.31007762444080444 0.01247438719014724 0.009801304220829987
0.0 0.756755832179174 0.8662257123313596 0.010138618091546193 0.010561060512027255
0.0 0.7618251412249475 0.8043378977308798 0.013518157455394687 0.009293733250583979
0.0 0.8384984405422646 0.7954666069007769 0.011405945352989732 0.008448848409621946
0.0 0.8551849161512681 0.8649583850699164 0.01436304229635752 0.013095715034913625
0.0 0.929957224576421 0.8546085457681295 0.013518157455394687 0.011828387773470794
0.0 0.9508681243902352 0.822925364232048 0.012250830193951855 0.00929373325058407
0.0 0.9991964483471787 0.8385557337898482 0.0016071033056427098 0.015207927137319287
0.0 0.9985627847164571 0.8003246947363094 0.002874430567085895 0.010561060512027164
0.0 0.7464059928773871 0.7747669282972035 0.008871290830103361 0.008448848409621767
0.0 0.7785116168339499 0.7388593225563109 0.008871290830103361 0.00929373325058407
0.0 0.7930858803405478 0.7511101527502624 0.01182838777347115 0.007603963568659644
0.0 0.8203334164615782 0.7274533772033214 0.012250830193951855 0.01267327261443274
0.0 0.8296271497121616 0.7432949679713622 0.012250830193951855 0.010561060512027255
0.0 0.8940496188355282 0.7228065105780294 0.01182838777347044 0.010138618091546193
0.0 0.9113697580752532 0.7126678924864832 0.00929373325058407 0.00929373325058407
0.0 0.9153829610698232 0.6854203563654527 0.009716175671065485 0.010561060512027255
0.0 0.8796865765391712 0.6400077961637355 0.00929373325058407 0.010983502932508316
0.0 0.9683994848402004 0.6900672229907447 0.013518157455395396 0.009716175671064952
0.0 0.9160670563853763 0.6562643002173745 0.013518157455394687 0.010561060512027255
0.0 0.9365555137787098 0.6530959820637663 0.008871290830102652 0.008448848409621767
0.0 0.9549317590696365 0.6199342520560006 0.00929373325058407 0.008871290830102829
0.0 0.9716182346786401 0.5694523828085103 0.010561060512027608 0.011828387773470617
0.0 0.7063243946165148 0.5747329130645239 0.010561060512027608 0.008871290830102829
0.0 0.8197501845156875 0.5531883496199883 0.0076039635686598215 0.010561060512027255
0.0 0.7956709665482652 0.5462180496820503 0.010983502932508316 0.010138618091546193
0.0 0.7994729483325955 0.5823368766331837 0.013518157455394687 0.013095715034913802
0.0 0.8581924447794673 0.5272081407604012 0.01182838777347044 0.00929373325058407
0.0 0.8307336874481959 0.5090431166797142 0.010138618091546193 0.010138618091546014
0.0 0.8151033178903955 0.470600856415935 0.012673272614432563 0.01267327261443274
0.0 0.7574399274947268 0.4667988746316052 0.013940599875875393 0.008448848409621767
0.0 0.6917501311099172 0.3662575785571056 0.008448848409621946 0.007603963568659555
0.0 0.7424432215676479 0.36879223307999226 0.010138618091545482 0.01267327261443274
0.0 0.7470900881929403 0.3411222545384808 0.008448848409621946 0.007181521148178582
0.0 0.7682122092169947 0.3578087301474838 0.01436304229635752 0.009293733250583979
0.0 0.7728590758422864 0.40575594487208766 0.010138618091546193 0.0063366363072164585
0.0 0.7713805273706029 0.43384836583408026 0.008871290830102652 0.00675907872769752
0.0 0.924938347215479 0.4431420990846641 0.009293733250583358 0.010138618091546193
0.0 0.9904169223900482 0.512000213623082 0.011828387773469728 0.011828387773470617
0.0 0.9785885346165777 0.49193419865023 0.01182838777347044 0.012250830193951678
0.0 0.9762651013039317 0.4146272357021905 0.012250830193951855 0.012250830193951678
0.0 0.853545578154175 0.3673136846083084 0.008448848409621946 0.008871290830102829
0.0 0.8862848657414599 0.3947724419395793 0.011405945352989732 0.009716175671065131
0.0 0.8334795635381933 0.39097045321341806 0.01309571503491327 0.010561060512027255
0.0 0.8307336874481959 0.4091354842359364 0.010138618091546193 0.008026405989140705
0.0 0.9716182346786401 0.34323446664088625 0.010561060512027608 0.010561060512027255
0.0 0.9952084611950245 0.347036448425216 0.009583077609951118 0.008026405989140794
