0.0 0.038033957405188 0.7232635694250715 0.010329545000621998 0.006427272444831544
0.0 0.0759089557408017 0.6720749353108777 0.009181817778331158 0.010559090445080698
0.0 0.1157924767154257 0.6371840277532209 0.010903408611767418 0.008722726889414289
0.0 0.033443048516021534 0.6787317532001674 0.009181817778331158 0.006427272444831544
0.0 0.03057373046029399 0.669779480866295 0.012624999445204566 0.007804545111581263
0.0 0.08767315976928769 0.6977840250902038 0.010903408611767418 0.007804545111581263
0.0 0.08853395518600671 0.7131635698689076 0.010329545000621998 0.010099999556164007
0.0 0.16198849741265242 0.7434635685373993 0.006886363333748591 0.010099999556163652
0.0 0.19211633699780029 0.7459885684264403 0.010903408611768306 0.009640908667247317
0.0 0.21248849519347157 0.7101794790909504 0.006886363333747703 0.010559090445080344
0.0 0.22970440352784172 0.6957181160900794 0.008034090556038542 0.009181817778330626
0.0 0.2569629250572607 0.7058181156462432 0.007460226944894011 0.008263636000497598
0.0 0.24433792561205658 0.7244112966473628 0.013198863056350874 0.007804545111580907
0.0 0.2644231520021547 0.744840841204149 0.010903408611767418 0.011018181333997035
0.0 0.298854968670895 0.7565476588715209 0.006312499722602283 0.008722726889414289
0.0 0.299715764087614 0.7776658397616811 0.009181817778331158 0.005968181555914854
0.0 0.299715764087614 0.7462181138708986 0.009181817778331158 0.010099999556163652
0.0 0.28881235547584616 0.7446112957596908 0.00918181777833027 0.008722726889414289
0.0 0.20474133644300485 0.6846999347560827 0.009755681389476578 0.008263636000497598
0.0 0.20273281380399588 0.6647294810882132 0.012624999445204566 0.010559090445080344
0.0 0.22310497199966672 0.6144590287518523 0.008607954167185738 0.009181817778330626
0.0 0.23027826713898714 0.6298385735305562 0.010329545000622886 0.00688636333374788
0.0 0.23601690325044444 0.645906754642635 0.008034090556040319 0.010559090445080344
0.0 0.25839758408512514 0.6358067550864712 0.005738636111455975 0.005968181555914854
0.0 0.24806803908450314 0.6282317554193483 0.006886363333747703 0.006427272444831189
0.0 0.25294587977924143 0.6803385713113755 0.008607954167185738 0.011477272222913726
0.0 0.271596447141476 0.6651885719771297 0.011477272222913726 0.00688636333374788
0.0 0.27274417450920385 0.6739113379858775 0.011477272222912838 0.004131818000248799
0.0 0.28680383283683586 0.6110158470849782 0.0074602269448931224 0.005968181555914498
0.0 0.26212769755757215 0.6229522101968084 0.009755681389477466 0.008722726889414289
0.0 0.04291179809992496 0.7668772038721425 0.012051135834059146 0.010099999556163652
0.0 0.09455952310303584 0.7595317496494779 0.00975568138947569 0.006427272444831544
0.0 0.08853395518600671 0.7997022024296752 0.010329545000621998 0.011477272222913193
0.0 0.04893736601695542 0.843086291432288 0.011477272222912838 0.008263636000497598
0.0 0.00151413856265048 0.8552521999885763 0.00302827712530096 0.006886363333748591
0.0 0.0015141385626500359 0.8176067470974203 0.0030282771253000718 0.009640908667247317
0.0 0.053241343100547844 0.8740749264341542 0.008607954167185738 0.00688636333374788
0.0 0.08968168240829755 0.9068999249916867 0.011477272222913726 0.008263636000497598
0.0 0.08910781879715168 0.8642044723224487 0.012624999445204566 0.011018181333997035
0.0 0.102306681853503 0.8462999276547037 0.011477272222913726 0.011936363111829707
0.0 0.11866179477115413 0.8485953820992862 0.012051135834059146 0.008263636000497598
0.0 0.13071293060521327 0.8371181098763731 0.012051135834059146 0.012854544889663089
0.0 0.14936349796744786 0.8547931090996599 0.008034090556038542 0.009640908667247317
0.0 0.14018168018911714 0.8749931082119872 0.013772726667496293 0.007804545111581263
0.0 0.00151413856265048 0.7875362938733869 0.00302827712530096 0.009181817778330626
0.0 0.0015141385626500359 0.904604470547104 0.0030282771253000718 0.008263636000497598
0.0 0.036312366571749966 0.8990953798801058 0.011477272222913726 0.010099999556163652
0.0 0.040903275460915545 0.8899135621017749 0.011477272222913726 0.008263636000497598
0.0 0.14477258907828183 0.8974885617688979 0.010329545000621998 0.008722726889413935
0.0 0.15854531574577813 0.8972590163244398 0.012624999445205454 0.0073454542226642165
0.0 0.16801406532968155 0.8915203802129827 0.00975568138947569 0.008722726889413935
0.0 0.17719588310801226 0.8853226532126094 0.008607954167185738 0.008263636000497598
0.0 0.17891747394144986 0.8733862901007793 0.013198863056350874 0.011018181333997035
0.0 0.18522997366405214 0.9241158333260568 0.012051135834059146 0.010559090445079989
0.0 0.221957244777375 0.8928976528797321 0.010903408611768306 0.01147727222291337
0.0 0.23400838061143414 0.8876181076571925 0.0074602269448931224 0.011018181333997035
0.0 0.22482656283310343 0.8768294717676532 0.012051135834059146 0.013313635778579424
0.0 0.2532328115848146 0.8405612915432468 0.006886363333747703 0.010559090445080698
0.0 0.24978962991793985 0.8297726556537086 0.012624999445204566 0.009181817778330981
0.0 0.22855667630555 0.8267885648757509 0.011477272222912838 0.007804545111581263
0.0 0.24921576630679443 0.8185249288752534 0.012624999445205454 0.00688636333374788
0.0 0.26040610672413544 0.762745385871894 0.010903408611768306 0.008263636000497598
0.0 0.2773350832529333 0.7648112948720185 0.010329545000621998 0.009640908667247672
0.0 0.2971333778374583 0.8306908374315413 0.014346590278641713 0.011936363111830417
0.0 0.2698748563080384 0.8752226536564454 0.011477272222913726 0.010099999556163652
0.0 0.19785497310925715 0.7703203855390168 0.009755681389476578 0.009640908667247317
0.0 0.20961917713774314 0.7556294770936877 0.01032954500062111 0.007804545111581263
0.0 0.21966179033279198 0.7707794764279333 0.006312499722602283 0.009640908667247317
0.0 0.22654815366654057 0.7980953843184673 0.009755681389476578 0.008263636000497421
0.0 0.19613338227581956 0.8520385637661605 0.00975568138947569 0.007804545111581263
0.0 0.007619186014466539 0.48384767085509706 0.010329545000622886 0.008722726889414289
0.0 0.03172145768258483 0.4978499429670517 0.011477272222913726 0.009181817778330626
0.0 0.012497026709204828 0.5331999414136254 0.012051135834059146 0.007345454222664571
0.0 0.03975554823862426 0.5272317598577099 0.01721590833437059 0.007345454222664571
0.0 0.05180668407268341 0.49509539763355226 0.008034090556040319 0.008263636000497598
0.0 0.06156236546215954 0.5823226665276945 0.00803409055603943 0.008263636000497598
0.0 0.05926691101757697 0.5547772131927025 0.010329545000621998 0.008263636000497598
0.0 0.10029815921449314 0.5591385766374097 0.012051135834060034 0.00688636333374788
0.0 0.10689759074266814 0.569238576193573 0.013772726667496293 0.008722726889414289
0.0 0.1301390669940674 0.5967840295285652 0.009755681389476578 0.0050499997780821815
0.0 0.14878963435630155 0.5639590309710331 0.00918181777833027 0.007345454222664927
0.0 0.18924701894207185 0.5462840317477463 0.007460226944894011 0.00688636333374788
0.0 0.1981419049148303 0.5267726689687933 0.011477272222912838 0.008263636000497598
0.0 0.21277542699904428 0.5400863047473731 0.008607954167185738 0.006427272444831544
0.0 0.21707940408263715 0.5320522141913339 0.00918181777833027 0.009640908667247317
0.0 0.22167031297180184 0.5641885764154914 0.012624999445204566 0.005968181555914854
0.0 0.2721703107526219 0.5616635765264503 0.006886363333747703 0.009181817778330626
0.0 0.28938621908699114 0.513459033190214 0.010329545000621998 0.008263636000497598
0.0 0.26557087922444644 0.5361840321915823 0.006312499722603171 0.008722726889414289
0.0 0.2446248574176293 0.5258544871909606 0.01606818111207886 0.009181817778330626
0.0 0.24232940297304717 0.5439885773031635 0.013772726667496293 0.008722726889414289
0.0 0.14821577074515613 0.5022113064117587 0.00803409055603943 0.007804545111580907
0.0 0.15309361143989442 0.520345396523962 0.009755681389476578 0.010099999556163652
0.0 0.14678111171729213 0.5331999414136254 0.010903408611767418 0.007345454222664571
0.0 0.10115895463121083 0.5047363063007996 0.013772726667496293 0.013772726667496116
0.0 0.0865254325469973 0.4783385801880987 0.012051135834059146 0.014231817556412807
0.0 0.11148849963183283 0.4567613084090215 0.00918181777833027 0.007804545111581263
0.0 0.17317883782999255 0.4852249435218468 0.013198863056350874 0.00688636333374788
0.0 0.19642031408139227 0.4852249435218468 0.006886363333747703 0.008722726889414289
0.0 0.2222441765829477 0.5001453974116344 0.00803409055603943 0.0055090906669985175
0.0 0.2276958808888323 0.4877499434108879 0.005164772500311443 0.0055090906669985175
0.0 0.21679247227706488 0.4804044891882233 0.008607954167185738 0.008263636000497598
0.0 0.21794019949935528 0.4659431261873522 0.008607954167185738 0.007804545111580907
0.0 0.23056519894456073 0.46410676263168626 0.00975568138947569 0.00688636333374788
0.0 0.23228678977799744 0.4716817622988092 0.00975568138947569 0.006427272444831544
0.0 0.24921576630679443 0.41704994651774124 0.008034090556038542 0.009181817778330626
0.0 0.28766462825355443 0.41704994651774124 0.006886363333747703 0.007345454222664571
0.0 0.28852542367027345 0.4282976732961963 0.006312499722602283 0.013313635778579424
0.0 0.213062358804617 0.4498749450752733 0.005738636111456863 0.00688636333374788
0.0 0.23027826713898758 0.42967494596294564 0.004590908889166023 0.008722726889414289
0.0 0.22080951755508416 0.4319704004075284 0.009755681389476578 0.00688636333374788
0.0 0.21994872213836514 0.41475449207315834 0.012624999445204566 0.010099999556163652
0.0 0.23199985797242428 0.3771090391820021 0.011477272222913726 0.007345454222664927
0.0 0.137025430327816 0.3970794928498716 0.008607954167185738 0.010559090445080344
0.0 0.10144588643678398 0.31214767840031216 0.006312499722602283 0.008722726889414289
0.0 0.04176407087763456 0.3020476788441485 0.008607954167185738 0.005049999778081826
0.0 0.133295316855369 0.33716813184626365 0.00918181777833027 0.008263636000497598
0.0 0.07676975115752027 0.36310676707004796 0.00975568138947569 0.005968181555914854
0.0 0.05783225198971298 0.35094085851375956 0.00860795416718485 0.008263636000497598
0.0 0.06844872879590769 0.3394635862908462 0.012624999445204566 0.006427272444831544
0.0 0.022539639904254116 0.3295931321791407 0.010329545000622886 0.008722726889414289
0.0 0.011636231292486698 0.33464313195722256 0.016068181112077973 0.005968181555915208
0.0 0.04750270698909098 0.3461204041801361 0.012051135834059146 0.007804545111580907
0.0 0.17863054213587715 0.3823885844045426 0.011477272222913726 0.008722726889414289
0.0 0.18293451921946957 0.31788631451176885 0.006312499722602283 0.009181817778330626
0.0 0.1906816779699363 0.3311999502903486 0.006886363333748591 0.007345454222664571
0.0 0.20732372269316102 0.3539249492917172 0.006886363333748591 0.00688636333374788
0.0 0.1981419049148303 0.3539249492917172 0.011477272222912838 0.005968181555914854
0.0 0.2592583795018437 0.3656317669590889 0.010903408611768306 0.006427272444831544
0.0 0.26528394741887373 0.3564499491807581 0.010329545000621998 0.006427272444831544
0.0 0.27790894686407874 0.35208858573605095 0.00918181777833027 0.007804545111580907
0.0 0.29742030964303146 0.3465794950690526 0.006886363333747703 0.008722726889414289
0.0 0.2512242889458043 0.3054908605110224 0.007460226944894011 0.008263636000497598
0.0 0.24491178922320156 0.3146726782893531 0.0074602269448931224 0.006427272444831544
0.0 0.24376406200091072 0.3279863140679328 0.0074602269448931224 0.004590908889165135
0.0 0.241181675750755 0.34726813140242746 0.005738636111456863 0.008263636000497598
0.0 0.25380667519596045 0.3465794950690526 0.011477272222913726 0.008722726889414289
0.0 0.01909645823737982 0.2928658610658177 0.012624999445204566 0.007804545111580907
0.0 0.0951333867141817 0.195079501726595 0.010903408611768306 0.005968181555914854
0.0 0.168014065329682 0.20311359228263443 0.012051135834059146 0.008263636000497598
0.0 0.1809259965804597 0.23479086361787543 0.013772726667496293 0.010099999556164007
0.0 0.2578237204739793 0.26072949884165997 0.008034090556040319 0.0050499997780821815
0.0 0.28680383283683586 0.24443177228512275 0.0074602269448931224 0.008263636000497598
0.0 0.295124855198448 0.26371358961961755 0.00918181777833027 0.007345454222664571
0.0 0.2925424689482927 0.16822268472497778 0.0074602269448931224 0.006427272444831544
0.0 0.24577258463992058 0.14962950372385803 0.01721590833437059 0.005968181555915208
0.0 0.01622714018165139 0.04977723538451091 0.012624999445204566 0.007345454222664571
0.0 0.02770441240456556 0.03761132682822268 0.011477272222913726 0.005968181555915208
0.0 0.055823729350703566 0.05781132594055034 0.011477272222913726 0.00688636333374788
0.0 0.0040965248128062015 0.07135450716358811 0.008193049625612403 0.008263636000497598
0.0 0.02770441240456467 0.08581587016445909 0.010329545000622886 0.010559090445080344
0.0 0.05266747948940198 0.09247268805374897 0.012051135834058258 0.0055090906669985175
0.0 0.05295441129497469 0.11037723272149388 0.00803409055603943 0.008263636000497598
0.0 0.06242316087887767 0.1640908667247288 0.012051135834059146 0.007345454222664571
0.0 0.00151413856265048 0.12346132305561533 0.00302827712530096 0.006886363333748235
0.0 0.013931685737069266 0.11818177783307479 0.00918181777833027 0.0055090906669985175
0.0 0.028278276015710535 0.10647496016570343 0.00918181777833027 0.0050499997780821815
0.0 0.0006533431459319061 0.10647496016570343 0.0013066862918638122 0.006886363333748235
0.0 0.15223281602317584 0.13884086783431915 0.009181817778331158 0.006427272444831544
0.0 0.16744020171853657 0.11978859594428268 0.012051135834060034 0.006886363333748235
0.0 0.1513720206064577 0.07824087049733616 0.00975568138947569 0.010099999556164007
0.0 0.11234929533942362 0.09798184131168171 0.014346590278641713 0.0055090906669985175
0.0 0.08882088699157897 0.1273635956114056 0.007460226944894011 0.009181817778330626
0.0 0.09255100046402598 0.13769314061202795 0.008034090556038542 0.008722726889414289
0.0 0.19182940519222713 0.13470904983407053 0.011477272222913726 0.0055090906669985175
0.0 0.20215895019284957 0.1482522310571083 0.010329545000621998 0.005968181555915208
0.0 0.2099061089433163 0.13356132261177897 0.012051135834059146 0.00688636333374788
0.0 0.2222441765829477 0.11841132327753315 0.00918181777833027 0.007804545111580907
0.0 0.21621860866591858 0.11290223261053497 0.013198863056350874 0.008722726889414289
0.0 0.2363038350560167 0.10693405105461995 0.012051135834059146 0.006886363333748235
0.0 0.2342953124170073 0.0929317789426655 0.008034090556038542 0.008263636000497598
0.0 0.21650554047149173 0.07250223438587948 0.011477272222912838 0.009640908667246961
0.0 0.2678663336690281 0.10785223283245297 0.009755681389477466 0.0050499997780821815
0.0 0.22654815366654057 0.04977723538451091 0.009755681389476578 0.006427272444831544
0.0 0.2558151978349694 0.05918859860729988 0.010903408611767418 0.007804545111581263
0.0 0.006471458792175255 0.001934073246428536 0.011477272222912838 0.003868146492857072
0.0 0.06242316107279411 0.013279509715646043 0.009755681389477466 0.006886363333748235
0.0 0.11665327213214427 0.03577496327255645 0.00918181777833027 0.007804545111580907
0.0 0.22425269922195756 0.00032725513522073867 0.007460226944894011 0.0006545102704414773
0.0 0.24032088033403687 0.0007863460241372521 0.007460226944894011 0.0015726920482745043
0.0 0.25151122075137655 0.004786328270690277 0.010329545000621998 0.006427272444831544
0.0 0.24950269811236758 0.01947723671601942 0.009755681389476578 0.006427272444831544
0.0 0.28852542367027256 0.037381781383764336 0.013198863056350874 0.011936363111829707
0.0 0.24204247116747357 0.18222495683693207 0.010903408611767418 0.009640908667247317
0.0 0.24978962991793985 0.18911132017067994 0.012624999445204566 0.010559090445080698
0.0 0.2813521285309526 0.20150677417142654 0.006886363333747703 0.006886363333748235
0.0 0.29110780992042873 0.21780450072796356 0.005738636111455975 0.010099999556164007
0.0 0.23831235769502657 0.22239540961712906 0.008034090556040319 0.005509090666998162
0.0 0.2417555393619013 0.20563859217167532 0.00803409055603943 0.010559090445080698
0.0 0.25811065227955154 0.21367268272771475 0.0028693180557279874 0.007345454222664571
0.0 0.251511220751377 0.2210181369503795 0.006886363333747703 0.006427272444831544
0.0 0.2526589479736687 0.23364313639558426 0.006886363333748591 0.006886363333748235
0.0 0.1301390669940674 0.07686359783058663 0.009755681389476578 0.007345454222664927
