0.0 0.9353976861674452 0.980618138725724 0.007804545111581263 0.007345454222664571
0.0 0.9257567775001979 0.9753385935031842 0.008722726889414289 0.008722726889414289
0.0 0.9937022290598456 0.724215877265838 0.005968181555914854 0.00688636333374788
0.0 0.8904067790536245 0.792620419714402 0.007804545111581263 0.006886363333748235
0.0 0.9145090507217428 0.807081782715273 0.009181817778330981 0.006427272444831544
0.0 0.9376931406120279 0.8043272373817736 0.005968181555915208 0.008263636000497598
0.0 0.9392999587232357 0.8334795088279738 0.009181817778330981 0.005968181555915208
0.0 0.8821431430531268 0.6776181520408094 0.008722726889414289 0.006427272444831544
0.0 0.9461863220569839 0.4953590691409439 0.007345454222664927 0.007345454222664571
0.0 0.995997683504428 0.5130340683642307 0.007804545111581263 0.0059681815559150305
0.0 0.9312658681671964 0.232299989791768 0.007804545111581263 0.01009999955616383
0.0 0.9190999596109082 0.0927363595611406 0.009181817778330981 0.006427272444831522
0.0 0.9363158679452782 0.18983408256698828 0.012395454000746398 0.005049999778081915
