0.0 0.1353976861674452 0.980618138725724 0.007804545111581263 0.007345454222664571
0.0 0.1257567775001979 0.9753385935031842 0.008722726889414289 0.008722726889414289
0.0 0.2825363160651955 0.9468749583903586 0.006427272444831544 0.006886363333748235
0.0 0.2921772247324427 0.9248385957223648 0.009181817778330626 0.009640908667247317
0.0 0.3649431306257139 0.8979817787207474 0.007804545111581263 0.0036727271113324634
0.0 0.19370222905984563 0.724215877265838 0.005968181555914854 0.00688636333374788
0.0 0.09040677905362457 0.792620419714402 0.007804545111581263 0.006886363333748235
0.0 0.11450905072174286 0.807081782715273 0.009181817778330981 0.006427272444831544
0.0 0.13769314061202795 0.8043272373817736 0.005968181555915208 0.008263636000497598
0.0 0.13929995872323567 0.8334795088279738 0.009181817778330981 0.005968181555915208
0.0 0.29332495195473385 0.7366113312665845 0.005968181555914854 0.008722726889414289
0.0 0.3236249506232257 0.7230681500435467 0.007804545111581263 0.007345454222664749
0.0 0.3417590407354288 0.7226090591546301 0.007345454222664571 0.009181817778330626
0.0 0.3892749477382903 0.7703545116019499 0.008722726889413935 0.004590908889165313
0.0 0.5412340319696642 0.7838976928249879 0.008722726889414289 0.006886363333748235
0.0 0.660597663087964 0.7958340559368178 0.005968181555915208 0.009640908667247228
0.0 0.6142294833073938 0.7444158763781656 0.006886363333748235 0.005968181555914854
0.0 0.5793385757497369 0.711590877820633 0.006886363333748235 0.006427272444831544
0.0 0.5947181206835725 0.6475477066406431 0.006427272444831544 0.006886363333748235
0.0 0.6578431177544649 0.7193954229322144 0.008722726889413935 0.006427272444831544
0.0 0.6539408451986741 0.7278886043771702 0.007345454222664571 0.005968181555914854
0.0 0.4099340377395347 0.5965886101470405 0.00688636333374788 0.005968181555914854
0.0 0.0821431430531268 0.6776181520408094 0.008722726889414289 0.006427272444831544
0.0 0.1461863220569839 0.4953590691409439 0.007345454222664927 0.007345454222664571
0.0 0.195997683504428 0.5130340683642307 0.007804545111581263 0.0059681815559150305
0.0 0.21068859194975734 0.5121158865863977 0.010559090445080344 0.007804545111581085
0.0 0.2396113179514991 0.535529521921141 0.005968181555914854 0.005049999778082004
0.0 0.3034249515108979 0.510738613919648 0.006886363333748235 0.008722726889414112
0.0 0.32087040528972627 0.5010977052524006 0.008722726889414289 0.009640908667247317
0.0 0.4145249466287 0.4733227064729502 0.009640908667246961 0.008263636000497598
0.0 0.47168176229880904 0.4285613448035878 0.008263636000497598 0.008722726889414289
0.0 0.5148363058569634 0.49099770569623696 0.008263636000497954 0.007804545111581085
0.0 0.45285903585323106 0.5362181582545158 0.006427272444831544 0.006427272444831544
0.0 0.5740590305271969 0.5332340674765583 0.007345454222664571 0.0059681815559150305
0.0 0.6477431181983011 0.5476954304774292 0.005968181555914854 0.0055090906669985175
0.0 0.625477210085849 0.45427043458291383 0.009181817778330626 0.007804545111581085
0.0 0.6486612999761341 0.2176090813464388 0.00688636333374788 0.009181817778330803
0.0 0.6146885741963104 0.2166908995686057 0.008722726889413935 0.009181817778330803
0.0 0.6089499380848535 0.22380680834681202 0.008263636000497598 0.0087227268894142
0.0 0.6009158475288141 0.2993272595735824 0.005049999778081826 0.0073454542226646605
0.0 0.5924226660838583 0.32779089468640776 0.006427272444831544 0.008263636000497777
0.0 0.5974726658619401 0.33697271246473853 0.01101818133399668 0.0055090906669985175
0.0 0.5304453960801256 0.23367726245851764 0.008263636000497954 0.01009999955616383
0.0 0.5472022135255793 0.23964544401443258 0.005968181555914854 0.009181817778330714
0.0 0.5465135771922043 0.2529590797930122 0.007345454222664571 0.009181817778330714
0.0 0.38881585684937414 0.2667318064605083 0.007804545111581263 0.009181817778330803
0.0 0.28138858884290396 0.26145226123796816 0.005968181555915564 0.0078045451115811735
0.0 0.31375449651152004 0.2295454444582688 0.006427272444831544 0.01009999955616383
0.0 0.24764540850753852 0.31677271335241086 0.009181817778330626 0.009181817778330714
0.0 0.1312658681671964 0.232299989791768 0.007804545111581263 0.01009999955616383
0.0 0.11909995961090818 0.0927363595611406 0.009181817778330981 0.006427272444831522
0.0 0.13631586794527822 0.18983408256698828 0.012395454000746398 0.005049999778081915
0.0 0.3256908596233499 0.1983272640119442 0.010099999556163652 0.008263636000497643
0.0 0.5494976679701619 0.15976362934295504 0.008722726889414289 0.00918181777833076
0.0 0.7299203873143612 0.27591362423883903 0.008722726889414289 0.011936363111829973
0.0 0.7388726596482338 0.21393635423510649 0.006427272444831189 0.011018181333996856
0.0 0.7510385682045218 0.1514999933424574 0.008722726889413935 0.00918181777833076
0.0 0.828624928431417 0.20682044545690012 0.006886363333748591 0.0087227268894142
0.0 0.8270181103202091 0.10490226811742882 0.009181817778330981 0.0087227268894142
0.0 0.8490544729882025 0.11201817689563516 0.009181817778330981 0.0064272724448315
0.0 0.8839453805458597 0.10650908622863671 0.006427272444831544 0.007345454222664571
0.0 0.8926681074352736 0.11041135878442727 0.0073454542226642165 0.0068863633337481025
0.0 0.9870112851076225 0.1962613550118198 0.007804545111580552 0.00964090866724725
0.0 0.975763558329167 0.299786350462499 0.010099999556163652 0.0055090906669985175
0.0 0.9573999227725057 0.33559543979798895 0.00918181777833027 0.008263636000497687
0.0 0.8770590172121114 0.29726135057345804 0.008263636000497598 0.008722726889414112
0.0 0.7579249315382702 0.35763180246598275 0.008722726889413935 0.008263636000497687
0.0 0.8049817476522154 0.3546477116880252 0.005509090666998162 0.006886363333748058
0.0 0.7462181138708983 0.42098634513646493 0.010099999556164007 0.007345454222664571
0.0 0.7482840228710229 0.42947952658142075 0.008722726889414289 0.0059681815559150305
0.0 0.8192135652086279 0.43246361735937827 0.011936363111829707 0.006427272444831544
0.0 0.887388562212734 0.4471545258047075 0.007804545111580552 0.006427272444831544
0.0 0.9158521973255592 0.40285225502426164 0.009640908667247317 0.008722726889414157
0.0 0.9250340151038898 0.39963861880184587 0.00688636333374788 0.010559090445080388
0.0 0.9963749606095396 0.4175431634695908 0.007250078780920788 0.009640908667247317
0.0 0.7131635698689079 0.6353817902604878 0.009181817778330626 0.007345454222664571
0.0 0.7482840228710229 0.6213795181485334 0.008722726889414289 0.007804545111581263
0.0 0.7122453880910747 0.4533522528050808 0.007345454222664571 0.008722726889414289
0.0 0.7058181156462432 0.4712567974728258 0.008263636000497598 0.0059681815559150305
0.0 0.7225749330916967 0.49260452380744474 0.008722726889414289 0.008263636000497777
0.0 0.7583840224271867 0.4880136149182793 0.010559090445080698 0.007345454222664571
0.0 0.7703203855390166 0.46850225213932645 0.009640908667247317 0.008722726889414112
0.0 0.795570384584558 0.4774545010015987 0.012395454000746754 0.008263636000497777
0.0 0.8061294748745066 0.511656795697481 0.007804545111581263 0.007804545111581263
0.0 0.792815839095927 0.5102795230307315 0.009640908667247317 0.005049999778082004
0.0 0.789602202873511 0.5238227042537693 0.005049999778081826 0.006427272444831544
0.0 0.8339044736539574 0.5102795230307315 0.0073454542226642165 0.0059681815559150305
0.0 0.8915203802129827 0.4799795243622399 0.007804545111581263 0.008722726889414289
0.0 0.8912908347685242 0.5196908862535204 0.0073454542226642165 0.009181817778330803
0.0 0.8582362907665338 0.5398908853658482 0.008263636000497598 0.007345454222664571
0.0 0.9023090161025212 0.5520567939221362 0.009181817778330981 0.007804545111581085
0.0 0.8580067453220753 0.5734045202567553 0.005968181555915208 0.008263636000497598
0.0 0.8609908361000329 0.5584840663669679 0.011018181333997035 0.008722726889414289
0.0 0.9365112873268032 0.5903908831466671 0.00688636333374788 0.008263636000497598
0.0 0.9803544672183324 0.6248226998154076 0.008263636000497598 0.01009999955616383
0.0 0.9945862847747453 0.6477772442612344 0.006427272444831544 0.0055090906669985175
0.0 0.9759931037736255 0.5442522488105552 0.008722726889413935 0.009640908667247317
0.0 0.9995885968319553 0.4818158879179061 0.0008228063360892435 0.012395454000746575
0.0 0.9668112859952949 0.4772249790287407 0.009640908667248028 0.007804545111581085
0.0 0.9778294673292915 0.46712497947257703 0.005968181555915208 0.008722726889414289
0.0 0.8922090165463572 0.8897181427202497 0.006427272444831544 0.007345454222664571
0.0 0.8348226554317904 0.8931613243871237 0.009181817778330981 0.004131818000248799
0.0 0.838724927987581 0.8842090520532512 0.012395454000746754 0.009181817778330626
0.0 0.9787476491071245 0.8130499642711879 0.005968181555914498 0.008263636000497598
0.0 0.9851749215519561 0.8842090520532512 0.006886363333748591 0.006427272444831544
0.0 0.9727794675512097 0.8982113241652057 0.007804545111581263 0.005049999778081826
0.0 0.869487999984722 0.9092071870242868 0.007812509991047278 0.0068417263839162246
0.0 0.7877658391627133 0.8316431687439078 0.01147727222291337 0.007804545111580907
0.0 0.797865838874009 0.7974408740480257 0.00780454511158144 0.007345454222664571
0.0 0.8150817472083791 0.790784056158736 0.004590908889165491 0.006886363333748058
0.0 0.8453817458768704 0.7607136029347027 0.0045909088891647794 0.008263636000497598
0.0 0.8219681105421269 0.7336272404886269 0.009181817778330981 0.007345454222664393
0.0 0.6959476615345375 0.6620090618176471 0.009640908667247317 0.009181817778330803
0.0 0.7482840228710229 0.6599431528175227 0.008722726889414289 0.007804545111581085
0.0 0.7611385677606858 0.6890954242637229 0.00688636333374788 0.01009999955616383
0.0 0.7379544778704007 0.7322499678218775 0.008263636000497954 0.009181817778330803
0.0 0.706506751979618 0.740513603822375 0.007804545111581263 0.006427272444831722
0.0 0.8749931082119872 0.6833567881522662 0.007804545111581263 0.007804545111581085
0.0 0.8883067439905666 0.6925386059305969 0.008722726889413935 0.006886363333748235
0.0 0.9257226514372647 0.655122698483899 0.008263636000497598 0.009181817778330803
0.0 0.9647453769951703 0.6631567890399384 0.007345454222664927 0.012395454000746575
0.0 0.9753044674402507 0.711590877820633 0.0073454542226642165 0.01009999955616383
0.0 0.7935044754293019 0.9647795030581037 0.009181817778330626 0.00688636333374788
0.0 0.842168109654455 0.9168045051663256 0.0073454542226642165 0.007345454222664571
0.0 0.8527271999831865 0.9218544814728074 0.008263636000497598 0.007345454222664571
0.0 0.9972931423873727 0.9289704137226138 0.005413715225254734 0.009640908667247672
