0.0 0.014218617542641532 0.3271022583530329 0.010903408611767418 0.006886363333748147
0.0 0.036312366571749966 0.29335907801766753 0.011477272222913726 0.008263636000497687
0.0 0.06156236546215954 0.29817953235129113 0.00803409055603943 0.0087227268894142
0.0 0.06012770643429555 0.284406805683795 0.010903408611768306 0.009640908667247317
0.0 0.09542031851975485 0.3654363475775638 0.010329545000621998 0.006427272444831456
0.0 0.1157924767154257 0.3328408944644897 0.010903408611767418 0.007345454222664571
0.0 0.151085088800885 0.33444771257569755 0.014920453889787133 0.0087227268894142
0.0 0.1941248596368097 0.3000158959069573 0.011477272222912838 0.006886363333747969
0.0 0.2185140631105016 0.3479908937987354 0.008607954167185738 0.008263636000497687
0.0 0.26327542477986343 0.3176908951302439 0.00860795416718485 0.008263636000497687
0.0 0.27102258353033015 0.3117227135743289 0.010329545000621998 0.008263636000497687
0.0 0.2939771279761567 0.3351363489090724 0.00918181777833027 0.009181817778330714
0.0 0.276761219641787 0.33789089424257157 0.006886363333747703 0.006427272444831456
0.0 0.27963053769751545 0.34822043924319374 0.012624999445204566 0.005049999778081826
0.0 0.12411349907703828 0.26810907912725795 0.011477272222913726 0.008263636000497687
0.0 0.07906520560210328 0.23941589856997428 0.012051135834059146 0.006886363333748058
0.0 0.020818049070817413 0.2077386272347332 0.00918181777833027 0.007804545111581085
0.0 0.07217884226835469 0.21554317234631443 0.009755681389476578 0.010559090445080344
0.0 0.13300838504979673 0.24400680745913966 0.010903408611768306 0.005049999778081915
0.0 0.13415611227208712 0.23413635334743416 0.010903408611767418 0.009181817778330714
0.0 0.2325737215835706 0.24446589834805627 0.010329545000621998 0.006886363333748058
0.0 0.24433792561205658 0.214395445124023 0.010903408611767418 0.009181817778330714
0.0 0.2730311061693409 0.22702044456922774 0.012051135834059146 0.0078045451115811735
0.0 0.28651690103126315 0.1636659018987456 0.013772726667496293 0.007804545111581129
0.0 0.20875838172102457 0.18868635534469697 0.009755681389476578 0.0073454542226646154
0.0 0.199863495748267 0.19809771856748595 0.00803409055603943 0.007804545111581129
0.0 0.21076690436003442 0.20429544556785917 0.008034090556038542 0.00918181777833078
0.0 0.005818115646243127 0.14185908467521008 0.011636231292486254 0.009181817778330714
0.0 0.058693047406432 0.15081135700908258 0.010329545000621998 0.008722726889414245
0.0 0.07992600101882097 0.13589090311929508 0.009181817778331158 0.01009999955616383
0.0 0.10001122740891955 0.17307726512153465 0.011477272222913726 0.00918181777833076
0.0 0.1321475896330777 0.17996362845528274 0.00803409055603943 0.0073454542226646154
0.0 0.15711065666943647 0.188915869493688 0.010903408611767418 0.007804545111581129
0.0 0.153954406856613 0.2033772637900261 0.00918181777833027 0.007345454222664638
0.0 0.15624986130119556 0.14851590256449987 0.00918181777833027 0.009640908667247271
0.0 0.14505952088385454 0.1411704483418353 0.010903408611768306 0.009640908667247271
0.0 0.14305099824484557 0.10490226811742882 0.00918181777833027 0.010559090445080355
0.0 0.20359360922071357 0.17124090156586852 0.010903408611768306 0.012854544889663044
0.0 0.0951333867141817 0.995079501726595 0.010903408611768306 0.005968181555914854
0.0 0.168014065329682 0.9994908871411928 0.012051135834059146 0.001018225717614385
0.0 0.2925424689482927 0.9682226847249777 0.0074602269448931224 0.006427272444831544
0.0 0.24577258463992058 0.949629503723858 0.01721590833437059 0.005968181555915208
0.0 0.01622714018165139 0.8497772353845109 0.012624999445204566 0.007345454222664571
0.0 0.02770441240456556 0.8376113268282227 0.011477272222913726 0.005968181555915208
0.0 0.055823729350703566 0.8578113259405503 0.011477272222913726 0.00688636333374788
0.0 0.0040965248128062015 0.8713545071635881 0.008193049625612403 0.008263636000497598
0.0 0.02770441240456467 0.8858158701644591 0.010329545000622886 0.010559090445080344
0.0 0.05266747948940198 0.892472688053749 0.012051135834058258 0.0055090906669985175
0.0 0.05295441129497469 0.9103772327214938 0.00803409055603943 0.008263636000497598
0.0 0.06242316087887767 0.9640908667247288 0.012051135834059146 0.007345454222664571
0.0 0.00151413856265048 0.9234613230556153 0.00302827712530096 0.006886363333748235
0.0 0.013931685737069266 0.9181817778330748 0.00918181777833027 0.0055090906669985175
0.0 0.028278276015710535 0.9064749601657034 0.00918181777833027 0.0050499997780821815
0.0 0.0006533431459319061 0.9064749601657034 0.0013066862918638122 0.006886363333748235
0.0 0.15223281602317584 0.9388408678343192 0.009181817778331158 0.006427272444831544
0.0 0.16744020171853657 0.9197885959442826 0.012051135834060034 0.006886363333748235
0.0 0.1513720206064577 0.8782408704973361 0.00975568138947569 0.010099999556164007
0.0 0.11234929533942362 0.8979818413116817 0.014346590278641713 0.0055090906669985175
0.0 0.08882088699157897 0.9273635956114056 0.007460226944894011 0.009181817778330626
0.0 0.09255100046402598 0.9376931406120279 0.008034090556038542 0.008722726889414289
0.0 0.19182940519222713 0.9347090498340705 0.011477272222913726 0.0055090906669985175
0.0 0.20215895019284957 0.9482522310571083 0.010329545000621998 0.005968181555915208
0.0 0.2099061089433163 0.9335613226117789 0.012051135834059146 0.00688636333374788
0.0 0.2222441765829477 0.9184113232775332 0.00918181777833027 0.007804545111580907
0.0 0.21621860866591858 0.9129022326105349 0.013198863056350874 0.008722726889414289
0.0 0.2363038350560167 0.90693405105462 0.012051135834059146 0.006886363333748235
0.0 0.2342953124170073 0.8929317789426655 0.008034090556038542 0.008263636000497598
0.0 0.21650554047149173 0.8725022343858795 0.011477272222912838 0.009640908667246961
0.0 0.2678663336690281 0.907852232832453 0.009755681389477466 0.0050499997780821815
0.0 0.22654815366654057 0.8497772353845109 0.009755681389476578 0.006427272444831544
0.0 0.2558151978349694 0.8591885986072999 0.010903408611767418 0.007804545111581263
0.0 0.007045322403321119 0.7515317851563719 0.011477272222913726 0.00550909066699834
0.0 0.032869184904876114 0.7372999675999593 0.006886363333747703 0.011936363111829884
0.0 0.006471458792175255 0.8004249648259831 0.011477272222912838 0.00688636333374788
0.0 0.06242316107279411 0.813279509715646 0.009755681389477466 0.006886363333748235
0.0 0.11665327213214427 0.8357749632725564 0.00918181777833027 0.007804545111580907
0.0 0.15395440685661255 0.7703545116019499 0.00803409055603943 0.008263636000497598
0.0 0.08738622796371498 0.7494658761562474 0.010329545000621998 0.008722726889414289
0.0 0.09341179588074455 0.714804514043049 0.010903408611768306 0.009181817778330803
0.0 0.12382656727146513 0.7104431505983418 0.00860795416718485 0.007804545111581085
0.0 0.15510213407890427 0.7113613323761748 0.00803409055603943 0.008722726889414289
0.0 0.21736633588820942 0.7395954220445419 0.010903408611768306 0.007345454222664571
0.0 0.24577258463992058 0.7269704225993372 0.006886363333747703 0.008722726889414289
0.0 0.28278678755881614 0.7377590584888757 0.006312499722602283 0.0064272724448313666
0.0 0.22425269922195756 0.7972113286035675 0.007460226944894011 0.006886363333748058
0.0 0.24032088033403687 0.7976704194924839 0.007460226944894011 0.0078045451115811735
0.0 0.25151122075137655 0.8047863282706903 0.010329545000621998 0.006427272444831544
0.0 0.24950269811236758 0.8194772367160195 0.009755681389476578 0.006427272444831544
0.0 0.28852542367027256 0.8373817813837643 0.013198863056350874 0.011936363111829707
0.0 0.24204247116747357 0.9822249568369321 0.010903408611767418 0.009640908667247317
0.0 0.24978962991793985 0.9891113201706799 0.012624999445204566 0.010559090445080698
0.0 0.2813521285309526 0.9990317962522763 0.006886363333747703 0.0019364074954475897
0.0 0.1301390669940674 0.8768635978305866 0.009755681389476578 0.007345454222664927
0.0 0.02856520782128369 0.46804316125041 0.009755681389476578 0.008722726889414289
0.0 0.00962770865347684 0.520838613475812 0.008607954167185738 0.009640908667247317
0.0 0.002374934100565884 0.5336931818370753 0.004749868201131768 0.010559090445080344
0.0 0.05697145657299396 0.5823567925906278 0.019511362778953156 0.008722726889414289
0.0 0.12784361254948484 0.4508272529160398 0.010903408611767418 0.009181817778330803
0.0 0.08824702338043311 0.47286361558403367 0.009755681389476578 0.008263636000497598
0.0 0.10804531796495898 0.4776840699176573 0.014920453889787133 0.009640908667247317
0.0 0.18580383727519756 0.48686588769598804 0.009755681389476578 0.007804545111581085
0.0 0.19613338227582 0.5015567961413172 0.006312499722602283 0.009640908667247317
0.0 0.14132940741140843 0.5247408860316024 0.00918181777833027 0.01009999955616383
0.0 0.17834361033030355 0.5297908858096844 0.007460226944894011 0.007345454222664571
0.0 0.20789758630430644 0.566288611478549 0.011477272222913726 0.00964090866724714
0.0 0.22281804019409357 0.5690431568120482 0.00803409055603943 0.007804545111581263
0.0 0.2325737215835697 0.5825863380350862 0.008034090556040319 0.008263636000497598
0.0 0.21220156338789842 0.5860295197019603 0.008607954167185738 0.006886363333748058
0.0 0.2575367886684061 0.5910795194800421 0.007460226944894011 0.0059681815559150305
0.0 0.2652839474188733 0.5750113383679631 0.012624999445204566 0.00964090866724714
0.0 0.2695879245509447 0.5945226776753156 0.008607954167185738 0.00550909066699834
0.0 0.24376406200091028 0.4861772513626132 0.007460226944894011 0.006427272444831544
0.0 0.2532328115848146 0.4691908884727013 0.006886363333747703 0.009181817778330803
0.0 0.2644231520021547 0.450138616582665 0.009755681389477466 0.009640908667247317
0.0 0.30774985464365257 0.5194613408090623 0.00803409055603943 0.009640908667247317
0.0 0.24319019838976486 0.4363658899151689 0.010903408611767418 0.007804545111581263
0.0 0.25323281158481414 0.42902043569250436 0.00918181777833027 0.010559090445080344
0.0 0.2701617881136116 0.39481816446822227 0.007460226944894011 0.01009999955616383
0.0 0.24778110727893043 0.38127498324518444 0.012051135834058258 0.005049999778081915
0.0 0.26557087922444644 0.376684074356019 0.007460226944894011 0.007804545111581263
0.0 0.24032088033403642 0.2816522603502958 0.008607954167185738 0.0087227268894142
0.0 0.23917315311174558 0.26879771546063275 0.009755681389477466 0.012395454000746575
0.0 0.002374933979369054 0.6900136060415558 0.004749867958738108 0.009181817778330803
0.0 0.021678844487535542 0.6939158785973466 0.012051135834059146 0.008722726889414289
0.0 0.023400435320971802 0.6670590615957291 0.014346590278641713 0.009181817778330803
0.0 0.031147594071438967 0.6301022450379479 0.012624999445204566 0.008722726889414289
0.0 0.09857656838105511 0.6622386072621053 0.007460226944894011 0.009640908667247317
0.0 0.1264089535216204 0.6939158785973466 0.014920453889787133 0.005049999778081826
0.0 0.049798161433673105 0.6957522421530127 0.00860795416718485 0.011477272222913193
0.0 0.0340169121271674 0.7086067870426757 0.010329545000621998 0.015149999334245656
0.0 0.21421008602690783 0.7012613328200111 0.009181817778331158 0.008722726889413935
0.0 0.23544303963929814 0.6948340603751795 0.00918181777833027 0.008722726889414289
0.0 0.24032088033403642 0.6778476974852677 0.007460226944894011 0.007804545111581085
0.0 0.24347713019533712 0.6672886070401873 0.010329545000622886 0.009640908667247317
0.0 0.233721448805861 0.6530567894837747 0.011477272222913726 0.01147727222291337
0.0 0.26958792450246616 0.6342340630381966 0.006312499722602283 0.008722726889414289
0.0 0.25811065227955243 0.6822090609299748 0.013198863056349985 0.007345454222664749
0.0 0.2724572425581937 0.6732567885961023 0.007460226944894011 0.008722726889414289
0.0 0.28135212853095126 0.6792249701520172 0.00803409055603943 0.005968181555914854
0.0 0.28192599214209757 0.689324969708181 0.00918181777833027 0.0059681815559150305
0.0 0.27934360589194185 0.6971295148197623 0.007460226944894899 0.005049999778081826
0.0 0.2931163325594377 0.6950636058196379 0.0074602269448931224 0.01009999955616383
