0.0 0.19416131994876212 0.9339478535016215 0.008722726889414289 0.027331922688986654
0.0 0.14366132216794297 0.8610627263309945 0.009640908667247317 0.036442563585314364
0.0 0.22698631850629453 0.5000535808139901 0.010099999556164007 0.04783086470572312
0.0 0.2749613163980726 0.5524397659678788 0.007804545111581263 0.0432755442575575
0.0 0.2924067701769012 0.6629062868358588 0.006886363333748235 0.05010852492980769
0.0 0.25774540806370255 0.8200648422975181 0.008263636000497954 0.02733192268898313
0.0 0.3569090400696746 0.8473967649865047 0.006427272444831544 0.04555320448164207
0.0 0.3968499474054134 0.700487680533212 0.00918181777833027 0.0296095829130677
0.0 0.4161317647399079 0.6150754221301358 0.007345454222664571 0.04555320448163855
0.0 0.434036309407653 0.7597068463593456 0.008263636000497598 0.0296095829130677
0.0 0.4650249444095193 0.6594897964997338 0.008722726889414644 0.03416490336122979
0.0 0.4627294899649364 0.5023312410380728 0.009640908667247317 0.0432755442575575
0.0 0.3667794941813799 0.35086683613661807 0.009640908667247317 0.036442563585314364
0.0 0.3621885852922146 0.15612688697760224 0.008722726889414644 0.0296095829130677
0.0 0.19989995606021882 0.08551942003105809 0.004590908889165491 0.03416490336122979
0.0 0.1170340506107836 0.03541089510125392 0.006886363333748235 0.0432755442575575
0.0 0.10991814183257738 0.2643157476214995 0.011936363111830061 0.031887243137148746
0.0 0.13516814072298686 0.27912053907803164 0.004590908889165135 0.04783086470572312
0.0 0.1328726862784043 0.3235349134476314 0.010099999556163652 0.03188724313715227
0.0 0.4207226736290732 0.12765613417657684 0.005509090666998162 0.04555320448164207
0.0 0.4282976732961961 0.0023312410380728486 0.009640908667247317 0.004662482076145697
0.0 0.5162135785237127 0.5877434994411491 0.010099999556164007 0.03644256358531084
0.0 0.5391681229695401 0.5364961443993044 0.0055090906669985175 0.05238618515388521
0.0 0.5410044865252062 0.6754334180683081 0.0055090906669985175 0.05694150560205083
0.0 0.5554658495260769 0.7972882400566987 0.005049999778081826 0.031887243137148746
0.0 0.5680908489712817 0.8587850661069134 0.007345454222664571 0.036442563585314364
0.0 0.5467431226366625 0.880422838235694 0.007804545111581263 0.0296095829130677
0.0 0.6206567557522253 0.7187089623258675 0.006886363333748235 0.04783086470572312
0.0 0.6709272080885862 0.6822663987405548 0.005509090666998162 0.03416490336123332
0.0 0.6684022081995451 0.4499450558841859 0.007804545111581263 0.05238618515388521
0.0 0.6165249377519768 0.36567162759315014 0.008722726889414289 0.03872022380939541
0.0 0.6229522101968081 0.26659340784558233 0.007804545111581618 0.06377448627429749
0.0 0.6560067541987987 0.008025391598278107 0.005968181555915208 0.016050783196556215
0.0 0.6018340293066471 0.013719542158483367 0.00688636333374788 0.027439084316966733
0.0 0.5857658481945686 0.04679919622166444 0.005968181555915208 0.05238618515388521
0.0 0.5618931219709087 0.0969077211514686 0.008722726889414289 0.03872022380939541
0.0 0.7983249297629252 0.039966215549417775 0.008722726889414112 0.0432755442575575
0.0 0.8116385655415048 0.4260296235313243 0.006886363333748591 0.040997884033476456
0.0 0.8671885631004059 0.6868217191887187 0.007804545111581263 0.025054262464902083
0.0 0.8584658362109916 0.006886561486236704 0.010559090445079989 0.013773122972473408
0.0 0.8765999263231951 0.019467273532677784 0.0073454542226642165 0.03416490336122979
0.0 0.910802197547477 0.01827486260664634 0.005968181555915208 0.03654972521329268
0.0 0.9374294691046362 0.1891529602267915 0.00688636333374788 0.05466384537796978
0.0 0.9158521973255589 0.3417561952402886 0.006886363333748591 0.03188724313714522
0.0 0.9062112886583119 0.5080253915982772 0.007804545111580552 0.03644256358531084
0.0 0.9590067408837136 0.4203354729711182 0.006886363333748591 0.03872022380939541
0.0 0.9466112868829668 0.6982100203091292 0.00688636333374788 0.04783086470572312
0.0 0.9918317394412458 0.5843270091050276 0.008263636000497598 0.04783086470572312
