0 0.3007762651917253 0.9019682643927617 0.0035866475696604283 0.00535141504513291
0 0.29532456088584136 0.9150919727177305 0.002438920347369091 0.003567610030088417
0 0.29991546977500677 0.9269415346033821 0.003012783958514795 0.002803122166498184
0 0.2761718628638546 0.8559715779334047 0.0037301134724468453 0.00560624433299651
0 0.27409160727345155 0.8405544060176646 0.003299715764087594 0.004841756469405851
0 0.3080930262338326 0.809465232898321 0.0038735793752332627 0.003822439317952302
0 0.3282499855753243 0.8434849428280947 0.0034431816668740113 0.004586927181542535
0 0.3807585059951533 0.869859774121964 0.0028693180557283426 0.004332097893679077
0 0.39029898853045014 0.8832383117347965 0.0027258521529419256 0.005606244332996227
0 0.368635637209701 0.9181499241720923 0.003012783958514689 0.004586927181542535
0 0.4368536739846428 0.9144548994980718 0.0037301134724469164 0.003312780742225101
0 0.4352038161025989 0.8473073821460468 0.002725852152942068 0.0035676100300885594
0 0.3018522594626234 0.7486884477428828 0.002869318055728307 0.0035676100300885594
0 0.33922512713848535 0.7497077648943368 0.0035866475696604283 0.004586927181542535
0 0.34754614950009755 0.7898433777328338 0.003299715764087594 0.00382243931795216
0 0.37466120512673057 0.7872950848541989 0.0027258521529419256 0.004841756469405993
0 0.3809019718979397 0.7810517673015438 0.004017045278019751 0.0035676100300887016
0 0.4171271123515103 0.7599009364088758 0.0030127839585148307 0.005096585757269452
0 0.4481157473533765 0.5938796553658231 0.002151988541796328 0.004332097893679077
0 0.4401533897487303 0.7159428842524265 0.0028693180557282714 0.004841756469405993
0 0.3640447283205356 0.7286843486456002 0.0027258521529419256 0.004332097893679077
0 0.28133663536416564 0.7068964445332732 0.002582386250155508 0.003057951454361785
0 0.27911291387097614 0.6235672674019177 0.002151988541796257 0.004586927181542535
0 0.44912000867288143 0.5402380902705621 0.002151988541796257 0.005096585757269523
0 0.41784444186544234 0.455252522768094 0.002438920347369091 0.00382243931795216
0 0.31964203140813924 0.5143729175524197 0.0022954544445826742 0.0022934635907712673
0 0.2996285379694339 0.404031835907536 0.0027258521529419256 0.004841756469405993
0 0.2722265505372281 0.38542929789350255 0.003299715764087594 0.004841756469405922
0 0.29001632248274395 0.29407299819444754 0.002725852152941961 0.005606244332996333
0 0.2969744187678852 0.3340811963890127 0.003730113472446881 0.0045869271815424635
0 0.31612711678987204 0.329112025275675 0.00272585215294189 0.00535141504513291
0 0.31454899187134105 0.3656800411125519 0.00301278395851476 0.00356761003008856
0 0.3248068039084503 0.3635139791372438 0.00200852263900984 0.004332097893679077
0 0.36949643262641957 0.3800778828483696 0.0035866475696605706 0.003312780742225101
0 0.3844886194676002 0.3014630475424882 0.002582386250155508 0.0035676100300886305
0 0.40823222637875234 0.3046484136407816 0.0018650567362232806 0.004841756469405993
0 0.39646802235026607 0.29471007141410616 0.0027258521529418545 0.0033127807422251364
0 0.4456768270060074 0.3279652934802894 0.0018650567362234226 0.004077268605815618
0 0.4419467135335606 0.36007378375108684 0.00243892034736902 0.004077268605815547
0 0.44553336110322106 0.3798230535605061 0.0035866475696604283 0.004841756469405993
0 0.4291782481855694 0.38249876108307246 0.002151988541796186 0.0045869271815424635
0 0.29001632248274395 0.15863123169501175 0.0035866475696604283 0.0038224393179521064
0 0.3009197310945117 0.19290577091264882 0.003012783958514795 0.005606244332996368
0 0.3091690205047307 0.2174967971914739 0.002582386250155473 0.004841756469405993
0 0.28872512935766614 0.22488684653951466 0.003299715764087594 0.004332097893679041
0 0.28650140786447664 0.25826948324962956 0.002869318055728378 0.004332097893679077
0 0.2914509815106081 0.263366069006899 0.003299715764087594 0.0038224393179521242
0 0.3510610641183648 0.2678255815445098 0.003156249861301177 0.004077268605815583
0 0.3383643317217668 0.25138909247731583 0.0027258521529419967 0.006370732196586851
0 0.34711575179173837 0.22246596830481166 0.0027258521529419256 0.005096585757269487
0 0.35866475696604494 0.24132333560670863 0.003156249861301248 0.004586927181542535
0 0.3448202973471557 0.1838593311934955 0.0035866475696604283 0.005351415045132946
0 0.3694246996750262 0.1885736730189698 0.0034431816668740113 0.004077268605815547
0 0.3757371993976287 0.15544586559671836 0.003156249861301319 0.005606244332996422
0 0.38477555127317303 0.16856957392168717 0.003156249861301177 0.004841756469405993
0 0.38599501144685755 0.1801643065194752 0.00243892034736902 0.004077268605815547
0 0.41612285103200536 0.18653503871606197 0.00301278395851476 0.004077268605815583
0 0.42501773700476325 0.2750882162486188 0.0018650567362234938 0.004332097893679041
0 0.4379296682555409 0.2752156308925505 0.003299715764087523 0.0045869271815424635
0 0.44653762242272593 0.21010674784343322 0.002438920347369091 0.00535141504513291
0 0.44912000867288143 0.2051375767300955 0.002151988541796257 0.003567610030088595
0 0.4326931628038366 0.1500944505515854 0.0022954544445826742 0.004586927181542517
0 0.4480440144019833 0.14780098696081417 0.0025823862501555793 0.004077268605815565
0 0.45277963370635177 0.17327152734824888 0.002011011663842979 0.0055814675351712854
0 0.282125697829491 0.11059591093274715 0.0018650567362234226 0.004077268605815565
0 0.32667186064467374 0.12881620501498545 0.003156249861301248 0.005351415045132928
0 0.3250937357140231 0.06587337091270769 0.0022954544445826742 0.004332097893679032
0 0.33133450248523233 0.06013971193577955 0.0027258521529419967 0.004586927181542509
0 0.33054544001990704 0.04039044212636042 0.0040170452780196085 0.004332097893679037
0 0.3927379088778191 0.12410186318951119 0.002438920347369091 0.006625561484450291
0 0.41784444186544234 0.12040683851549083 0.003299715764087594 0.005351415045132928
0 0.43341049231776874 0.04459512537610772 0.00200852263900984 0.0035676100300886214
0 0.45041120179795924 0.08600488465392203 0.002438920347369091 0.0038224393179520887
0 0.453065320999508 0.22692548084242245 0.0028693180557284137 0.0022934635907712673
0 0.5162620511769251 0.23087533480430625 0.002151988541796186 0.0035676100300886305
0 0.48175850155679156 0.16245367101296382 0.0025823862501555793 0.0038224393179521242
0 0.47293534853542696 0.15455396308919617 0.00301278395851476 0.0038224393179520887
0 0.4621754058264456 0.13939162046131956 0.00301278395851476 0.005096585757269452
0 0.4645425932224214 0.13060001003002977 0.003156249861301177 0.003312780742225154
0 0.45593463905523635 0.11722147241719744 0.003156249861301177 0.005096585757269452
0 0.4680575078406887 0.11734888706112917 0.0024389203473691623 0.0022934635907712673
0 0.46855963850044113 0.09772703189564177 0.002582386250155508 0.0033127807422251364
0 0.46920523506298006 0.09199337291871362 0.003299715764087523 0.004077268605815565
0 0.4660489852016788 0.055297955466373575 0.0027258521529419256 0.004077268605815556
0 0.511742875239153 0.15378947522560577 0.002582386250155508 0.003312780742225154
0 0.5198486987465856 0.17226459859570753 0.002151988541796186 0.004077268605815583
0 0.5283131870109843 0.16245367101296382 0.00243892034736902 0.0038224393179521242
0 0.5315411698236787 0.15480879237705966 0.0020085226390096976 0.0038224393179520887
0 0.49488563166174887 0.1079202034101807 0.0027258521529419256 0.003312780742225154
0 0.4953160293701081 0.10409776409222861 0.002151988541796186 0.004332097893679023
0 0.4841256889527676 0.11085074022061062 0.002151988541796328 0.004077268605815565
0 0.47845878579270396 0.11734888706112917 0.003156249861301177 0.0038224393179520887
0 0.4831931605846557 0.15455396308919617 0.0022954544445827453 0.004332097893679023
0 0.48505821732087917 0.14869288946833634 0.0037301134724468453 0.0038224393179520887
0 0.5303217096499941 0.10639122768299984 0.00301278395851476 0.003312780742225154
0 0.5253721360038627 0.046378930391152026 0.002295454444582816 0.004077268605815565
0 0.5458877601023204 0.04892722326978676 0.0045909088891653484 0.004077268605815565
0 0.5555717085404036 0.056189857973895724 0.0018650567362235649 0.005351415045132928
0 0.5422293795812668 0.07657620100297353 0.0027258521529419967 0.004841756469405976
0 0.549187475866408 0.09683512938811961 0.003156249861301177 0.004586927181542499
0 0.5448834987828155 0.12766947321959982 0.003443181666874082 0.005096585757269452
0 0.5695596340620794 0.1472913283850872 0.0028693180557282714 0.005096585757269469
0 0.5534914529500006 0.20207962527573387 0.00200852263900984 0.003057951454361678
0 0.5626732707283313 0.20309894242718776 0.0022954544445826742 0.005096585757269487
0 0.574580940659604 0.20959708926770626 0.002582386250155508 0.004332097893679006
0 0.5884254002784934 0.22221113901694817 0.00301278395851476 0.004586927181542535
0 0.6110212799673542 0.21851611434292784 0.0025823862501554375 0.0033127807422251364
0 0.6148231263911943 0.22029991935797213 0.002438920347368949 0.0033127807422251364
0 0.6268755067376701 0.22296323848162608 0.002728341177775064 0.0035428332322635114
0 0.6270177281280397 0.20437308886650513 0.0018650567362233517 0.004586927181542499
0 0.623287614655593 0.19698303951846438 0.0027258521529419967 0.005096585757269452
0 0.6226420180930541 0.1764692818454548 0.0022954544445826742 0.003822439317952053
0 0.6148948593425876 0.1833496726177686 0.002582386250155508 0.005351415045132946
0 0.6120972742382523 0.18067396509520214 0.0024389203473691623 0.004077268605815583
0 0.5681967079856084 0.17850791614836262 0.0015781249306506596 0.002803122166498184
0 0.5755852019791089 0.174940306118274 0.0028693180557283426 0.004841756469405993
0 0.5883536673271001 0.1559555241724453 0.002582386250155508 0.004586927181542499
0 0.5915816501397946 0.14690908445329198 0.0018650567362234938 0.005351415045132928
0 0.5943792352441297 0.16678576890664287 0.00200852263900984 0.0053514150451329815
0 0.5883536673271001 0.12537600962882856 0.0028693180557284137 0.0035676100300886127
0 0.5840496902435076 0.049309467201581955 0.0028693180557284137 0.004841756469405976
0 0.5884971332298865 0.060521955867574764 0.0028693180557283426 0.004841756469405993
0 0.5950965647580618 0.050965857572694534 0.002582386250155508 0.006625561484450291
0 0.6105191493076018 0.05032878435303585 0.0038735793752332627 0.005351415045132928
0 0.6233593476069862 0.06281541945834601 0.002582386250155508 0.004841756469405976
0 0.617118580835777 0.06816683450347895 0.0018650567362233517 0.004841756469405976
0 0.6129580697034492 0.082309851294256 0.002438920347369091 0.004586927181542499
0 0.5989701441332951 0.09059181183546454 0.003156249861301177 0.004332097893679023
0 0.5856278151741583 0.10562673981940943 0.0037301134724469164 0.004332097893679059
0 0.6049957120503247 0.1125071305917232 0.004303977083592514 0.003312780742225154
0 0.6014807974320574 0.1272872292878046 0.0024389203473691623 0.005351415045132928
0 0.6174055126413499 0.10702830090265852 0.00243892034736902 0.006625561484450291
0 0.640503522989963 0.22042733400190387 0.0027258521529419967 0.004586927181542499
0 0.6600866187203092 0.21928060220651824 0.00401704527801968 0.004332097893679041
0 0.6708465614292904 0.22947377372105715 0.002582386250155508 0.004841756469405993
0 0.6979616170559234 0.2429797259778212 0.002295454444582816 0.003312780742225172
0 0.706354372368929 0.21048899177522845 0.0030127839585148307 0.005096585757269452
0 0.7188359059113474 0.22195630972908473 0.0027258521529418545 0.0045869271815424635
0 0.7645297959488215 0.21864352898685957 0.0028693180557283426 0.006115902908723356
0 0.7511874669896846 0.19672821023060091 0.0045909088891653484 0.006115902908723356
0 0.7548458475107382 0.17736118435297699 0.0027258521529418545 0.006625561484450308
0 0.7463096262949463 0.1683147446338237 0.0037301134724467035 0.00535141504513291
0 0.7566391712955687 0.14448820621858904 0.002582386250155508 0.006115902908723356
0 0.7425077798711064 0.11505542347035792 0.0027258521529419967 0.004841756469405976
0 0.7476008194200241 0.1339127907722549 0.0028693180557283426 0.004841756469405993
0 0.7377734050791546 0.13340313219652797 0.0030127839585148307 0.004841756469405958
0 0.7387059334472661 0.1490751334001315 0.0022954544445826742 0.0071352200601772255
0 0.7325368996274503 0.1571022559678309 0.0037301134724468453 0.004841756469405976
0 0.7267265305646003 0.1494573773319267 0.0018650567362233517 0.004841756469405976
0 0.7209161615017504 0.13773523009020697 0.0028693180557282007 0.005861073620859898
0 0.7283763884466441 0.14181249869602253 0.0028693180557283426 0.0033127807422251364
0 0.7290937179605763 0.13263864433293754 0.003443181666873869 0.004841756469405993
0 0.7262243999048479 0.1683147446338237 0.0022954544445826742 0.004332097893679077
0 0.7229964170921533 0.17761601364084043 0.003873579375233334 0.004077268605815547
0 0.7308870417454065 0.17990947723161171 0.0027258521529419967 0.005096585757269452
0 0.7047045144868852 0.18411416048135906 0.002582386250155508 0.004841756469405958
0 0.6450226989277352 0.18513347763281288 0.0028693180557283426 0.004841756469405958
0 0.6470312215667451 0.1809287943830656 0.0025823862501556504 0.004586927181542499
0 0.6570021018104012 0.17341133039109316 0.002151988541796186 0.005351415045132946
0 0.663171135630217 0.1809287943830656 0.0027258521529418545 0.0030579514543616427
0 0.6632428685816103 0.1433414744232034 0.002582386250155508 0.005351415045132928
0 0.6728550840683005 0.1476735723168824 0.0014346590278641713 0.004841756469405993
0 0.6806022428187668 0.15824898776321653 0.002582386250155508 0.004077268605815547
0 0.6892101969859519 0.154171719157401 0.003443181666874153 0.004586927181542553
0 0.6968138898336322 0.15149601163483453 0.0028693180557283426 0.004332097893679023
0 0.6993245431323944 0.1458897673018381 0.0027258521529419967 0.004332097893679059
0 0.7059239746605698 0.14410596228679382 0.003299715764087665 0.003312780742225154
0 0.7114474119178468 0.13110966860575668 0.0028693180557282007 0.006370732196586815
0 0.6859822141732576 0.05351415045132926 0.003012783958514689 0.005096585757269452
0 0.693370708166758 0.05274966258773883 0.0037301134724468453 0.004077268605815556
0 0.7119495425775991 0.06026712657971128 0.003299715764087665 0.0038224393179520978
0 0.7262243999048479 0.0718618591774993 0.003156249861301177 0.004586927181542499
0 0.7321782348704844 0.07453756670006575 0.00243892034736902 0.005351415045132919
0 0.7448749672670822 0.07950673781340348 0.002869318055728485 0.005096585757269452
0 0.7560653076844227 0.06561854162484422 0.0028693180557282007 0.006880390772313767
0 0.7582172962262191 0.0740279081243388 0.004303977083592514 0.004332097893679023
0 0.7605844836221951 0.09033698254760104 0.003299715764087381 0.0058610736208598805
0 0.7578586314692529 0.10511708124368248 0.003012783958514689 0.004841756469405958
0 0.7630951369209572 0.09772703189564177 0.0028693180557282007 0.0038224393179520887
0 0.7671839151503701 0.09173854363085017 0.003299715764087523 0.0030579514543616604
0 0.7717030910881424 0.08536781143426335 0.0034431816668740113 0.004586927181542517
0 0.7733529489701861 0.09938342226675434 0.004160511180806168 0.005096585757269469
0 0.7888472664711194 0.11034108164488365 0.0038735793752331916 0.004077268605815565
0 0.7945141696311828 0.09772703189564177 0.0037301134724469875 0.004841756469405993
0 0.8048437146318049 0.09122888505512322 0.0020085226390096976 0.006115902908723356
0 0.7935099083116779 0.08027122567699391 0.002582386250155508 0.005606244332996386
0 0.7951597661937216 0.07109737131390888 0.003012783958514689 0.0035676100300886214
0 0.7868387438321094 0.07670361564690528 0.0027258521529419967 0.006115902908723338
0 0.7770113294912397 0.07632137171511007 0.002582386250155508 0.004841756469405985
0 0.7800241134497545 0.07160702988963583 0.0022954544445826742 0.004077268605815565
0 0.77880465327607 0.06612820020057115 0.002151988541796328 0.00382243931795208
0 0.7741420114355114 0.062050931594755596 0.0017215908334371477 0.0038224393179520887
0 0.6474616192751043 0.154171719157401 0.002869318055728485 0.005096585757269434
0 0.6818934359438447 0.13378537612832317 0.0028693180557283426 0.004586927181542499
0 0.6848344869509663 0.13442244934798184 0.002151988541796186 0.004332097893679059
0 0.7087215597649049 0.11072332557667888 0.0028693180557283426 0.005351415045132928
0 0.71151914486924 0.10511708124368248 0.0027258521529418545 0.004841756469405958
0 0.6980333500073166 0.10639122768299984 0.0027258521529418545 0.002803122166498202
0 0.6961682932710933 0.09785444653957351 0.0024389203473691623 0.007644878635904177
0 0.7045610485840987 0.07963415245733522 0.002582386250155508 0.004332097893679041
0 0.6828259643119564 0.07619395707117832 0.0018650567362234938 0.004077268605815565
0 0.6787371860825435 0.07198927382143103 0.0028693180557283426 0.004841756469405976
0 0.65965622101195 0.057464004413213095 0.003156249861301319 0.004841756469405985
0 0.6618799425051394 0.06498146840518552 0.0024389203473691623 0.004586927181542509
0 0.6592975562549839 0.0718618591774993 0.0027258521529419967 0.004077268605815565
0 0.6486093464973958 0.06982322487459151 0.0031562498613010347 0.005096585757269452
0 0.6390688639620989 0.0624331755265508 0.003299715764087523 0.005096585757269443
0 0.6413643184066816 0.08039864032092563 0.0030127839585148307 0.004332097893679041
0 0.6458117613930605 0.09301269007016753 0.0030127839585148307 0.004586927181542499
0 0.6415077842852288 0.10371548107502773 0.0030127839585148307 0.005606244332996404
0 0.6413643184066816 0.13263864433293754 0.0024389203473691623 0.004841756469405993
0 0.6323259665311373 0.1314919125375519 0.0035866475696604283 0.0035676100300886127
0 0.6349083527812929 0.12257288746233037 0.003299715764087665 0.004586927181542499
0 0.6288827848642633 0.1125071305917232 0.0030127839585148307 0.004841756469405993
0 0.7709857615742104 0.21915318756258653 0.003443181666874153 0.005606244332996368
0 0.7813870395262257 0.2187709436307913 0.0038735793752330493 0.004332097893679077
0 0.7855475507070317 0.21010674784343322 0.003012783958514689 0.005861073620859898
0 0.7760788011231281 0.23393328625866794 0.004160511180806026 0.005606244332996368
0 0.7795219827900022 0.2307479201603745 0.0024389203473691623 0.0033127807422251364
0 0.796307493416013 0.22195630972908476 0.003299715764087523 0.004077268605815547
0 0.8024047942844359 0.2191531875625865 0.002869318055728485 0.005096585757269487
0 0.7964509593187995 0.21163572357061405 0.0032997157640878073 0.0033127807422251364
0 0.7902101925475904 0.18373191654956378 0.002295454444582816 0.005096585757269452
0 0.7821043690401575 0.17863533079229435 0.003586647569660357 0.005096585757269452
0 0.7772982612968127 0.16436489067193988 0.0037301134724469875 0.004077268605815547
0 0.7829651644568761 0.16270850030082734 0.0035866475696604994 0.005861073620859862
0 0.7740702784841181 0.13671591293875307 0.004160511180806168 0.005351415045132928
0 0.7939403060200371 0.1413028401202956 0.003443181666874153 0.0038224393179521242
0 0.803480788555334 0.13531435185550397 0.0027258521529419967 0.004586927181542499
0 0.8095063564723634 0.14818323089260935 0.002151988541796328 0.004841756469405958
0 0.7935816412630712 0.13340313219652797 0.003299715764087665 0.006370732196586815
0 0.7976704194924841 0.12652274142421419 0.003156249861301177 0.0038224393179521242
0 0.8076412997361401 0.12473893640916987 0.00444744298637886 0.006880390772313767
0 0.8006114704996056 0.16347298816441774 0.0038735793752331916 0.004841756469405993
0 0.7956618968534741 0.16958889107314107 0.004590908889165206 0.004841756469405993
0 0.803480788555334 0.17392098896682012 0.00243892034736902 0.004332097893679006
0 0.8056327770971302 0.16704059819450637 0.003299715764087523 0.004841756469405993
0 0.8039829192150865 0.18513347763281288 0.0034431816668740113 0.004841756469405958
0 0.8055610441457369 0.19405250270803442 0.003156249861301177 0.0038224393179521242
0 0.6229289498986269 0.3586722226678378 0.0025823862501556504 0.0053514150451329815
0 0.6360560800035842 0.3365020746237157 0.0030127839585148307 0.004332097893679006
0 0.6425837785803662 0.3470774900700498 0.0037301134724468453 0.0035676100300887016
0 0.6183380410094615 0.3001889011031708 0.003156249861301177 0.005096585757269452
0 0.6089410243769511 0.2678255815445098 0.002438920347369091 0.006115902908723356
0 0.6228572169472336 0.26986421584741754 0.0030127839585146177 0.004586927181542499
0 0.6328280971908897 0.2626015811433086 0.002582386250155508 0.004332097893679006
0 0.64423363646241 0.24807631173509065 0.0024389203473691623 0.0033127807422251364
0 0.6427272444831528 0.270628703711008 0.002582386250155508 0.005096585757269452
0 0.6421533808720069 0.305412901504372 0.0031562498613010347 0.004332097893679006
0 0.6281654553503312 0.39600471333983656 0.003299715764087594 0.004077268605815618
0 0.6400013923302107 0.3995723233699252 0.0028693180557284137 0.004077268605815547
0 0.6522677270184494 0.38186168786341385 0.003873579375233334 0.005351415045132839
0 0.649398408962721 0.36071085697074556 0.0035866475696604994 0.004841756469405993
0 0.6540610508032796 0.4026302748242868 0.0037301134724468453 0.005606244332996439
0 0.6627407379218578 0.41040256810412273 0.003012783958514689 0.0038224393179520887
0 0.6798131803534416 0.37854890712118866 0.0024389203473691623 0.00535141504513291
0 0.6908600548679957 0.396769201203427 0.003299715764087523 0.005606244332996439
0 0.697746418201744 0.39205485937795276 0.0027258521529419967 0.0053514150451329815
0 0.7058522417091766 0.4063252994983072 0.003156249861301177 0.004332097893679077
0 0.7157513890014394 0.38491963931777545 0.0017215908334370057 0.004332097893679077
0 0.7111604801122741 0.37944080962871085 0.0028693180557283426 0.005606244332996368
0 0.7089367586190847 0.3710314431292162 0.002151988541796328 0.005606244332996368
0 0.6814630382354855 0.3608382716146773 0.0031562498613010347 0.0035676100300887016
0 0.701548264625584 0.3831358343027311 0.003156249861301177 0.005861073620859898
0 0.705995707611963 0.38364549287845817 0.0025823862501556504 0.0053514150451329815
0 0.715966587855619 0.37268783350032875 0.003299715764087523 0.004841756469405922
0 0.7302414451828676 0.3739619799396462 0.004303977083592514 0.004841756469405922
0 0.7395667288639848 0.3831358343027312 0.002582386250155508 0.006370732196586886
0 0.7564239724413889 0.3767651021061444 0.003012783958514973 0.00535141504513291
0 0.7546306486565587 0.3712862724170797 0.004303977083592656 0.005096585757269452
0 0.7654623243169332 0.3572706615845887 0.003873579375233334 0.008664195787358012
0 0.7790198521302497 0.3819891025073456 0.002582386250155508 0.004077268605815618
0 0.7824630337971237 0.3841551514541851 0.0028693180557282007 0.004841756469405993
0 0.7867670108807162 0.39052588365077184 0.0031562498613010347 0.0053514150451329815
0 0.7978138853952704 0.4022480308924916 0.0031562498613010347 0.00535141504513291
0 0.8085738281042518 0.4101477388162593 0.0020085226390096976 0.004841756469405993
0 0.7789481191788564 0.4124412024070305 0.0027258521529418545 0.004841756469405922
0 0.7702684320602782 0.39689661584735875 0.00200852263900984 0.0053514150451329815
0 0.7658927220252925 0.3995723233699252 0.0032997157640878073 0.005606244332996439
0 0.7924339140407798 0.352301490471251 0.002151988541796186 0.0053514150451329815
0 0.7955184309506876 0.3488612950850941 0.002582386250155508 0.0045869271815424635
0 0.8090759587640042 0.3589270519557013 0.0035866475696604994 0.004841756469405993
0 0.6708465614292904 0.3101272433298463 0.0028693180557283426 0.004586927181542606
0 0.6699140330611787 0.2957293885655601 0.0027258521529418545 0.0038224393179521242
0 0.6688380387902808 0.2831153388163182 0.002582386250155508 0.004077268605815476
0 0.6822521007008108 0.27725426519545826 0.0024389203473691623 0.005606244332996475
0 0.6750070726100966 0.2488407995986811 0.003156249861301177 0.004841756469405993
0 0.6849779528537527 0.24947787281833977 0.0030127839585148307 0.005096585757269452
0 0.6636015333385764 0.27075611835493973 0.0030127839585148307 0.004841756469405993
0 0.6958096285141272 0.2973857789366727 0.0025823862501556504 0.005096585757269523
0 0.698463747715676 0.3193010976929313 0.0032997157640878073 0.005606244332996404
0 0.7059239746605698 0.30898051153446066 0.003873579375233334 0.004841756469405993
0 0.7007592021602584 0.27865582627870744 0.0027258521529419967 0.004841756469405993
0 0.7049197133410648 0.27113836228673494 0.0030127839585148307 0.004077268605815547
0 0.7059239746605697 0.2879570952857241 0.004160511180806168 0.005606244332996439
0 0.7141015311193954 0.263875727582626 0.0024389203473691623 0.0038224393179521242
0 0.7312457065023724 0.26897231333989546 0.00200852263900984 0.00433209789367897
0 0.7267982635159936 0.26349348365083075 0.003156249861301319 0.006115902908723356
0 0.744516302510116 0.25342772678022363 0.0027258521529418545 0.00535141504513291
0 0.7442293707045434 0.26935455727169066 0.002151988541796328 0.005096585757269452
0 0.7483181489339563 0.2680804108323733 0.003156249861301177 0.006625561484450308
0 0.7443011036559365 0.28477172918743077 0.0031562498613010347 0.009428683650948493
0 0.7484616148367426 0.296239047141287 0.0037301134724468453 0.005861073620859862
0 0.7524786601147625 0.321849390571566 0.003156249861301177 0.005606244332996439
0 0.7620908756014524 0.30018890110317087 0.0031562498613010347 0.004586927181542535
0 0.7643863300460351 0.2920343638915397 0.003156249861301177 0.0045869271815424635
0 0.766394852685045 0.25100684854552063 0.0028693180557282007 0.005096585757269487
0 0.7918600504296341 0.32656373239704023 0.0030127839585148307 0.0038224393179520175
0 0.7919317833810272 0.3187914391172043 0.002008522639009982 0.005096585757269416
0 0.8082151633472858 0.32528958595772295 0.003012783958514973 0.004841756469405993
0 0.7973834876869111 0.30057114503496607 0.003156249861301319 0.005861073620859862
0 0.8079282315417129 0.2782735823469122 0.002151988541796328 0.004586927181542535
0 0.8026199931386153 0.27381406980930145 0.0024389203473693046 0.004841756469405993
0 0.7995354762287075 0.2586517271814248 0.0034431816668740113 0.006115902908723392
0 0.640144858232997 0.7875499141420623 0.003156249861301106 0.00535141504513291
0 0.6587236926438382 0.809465232898321 0.0030127839585148307 0.004332097893679077
0 0.6735724135822323 0.8107393793376383 0.003156249861301177 0.00382243931795216
0 0.6344779550729336 0.8354578202603952 0.00301278395851476 0.004841756469405993
0 0.6351235516354724 0.8456509917749341 0.002869318055728485 0.00535141504513291
0 0.6451661648305218 0.8603036758270838 0.0022954544445826742 0.004077268605815618
0 0.635984347052191 0.9163661191570478 0.002869318055728485 0.005096585757269594
0 0.6131732685091505 0.9237561685050885 0.0025823862501554375 0.005096585757269452
0 0.6070042346893345 0.9033698254760105 0.003156249861301177 0.005096585757269594
0 0.7074303666398272 0.8382609424268935 0.00401704527801968 0.005351415045133052
0 0.750326671572966 0.8989103129383998 0.00200852263900984 0.004841756469405993
0 0.7546306486565587 0.8065346960878911 0.0028693180557283426 0.006115902908723285
0 0.7884168687627602 0.8925395807418129 0.003873579375233334 0.003312780742225101
0 0.8085020951528585 0.8651454322964898 0.0024389203473693046 0.005606244332996368
0 0.8016874647705038 0.8339288445332145 0.003443181666874153 0.0058610736208596845
0 0.8039829192150865 0.8227163558672217 0.003156249861301319 0.005351415045132768
0 0.8047002487290186 0.8159633797388395 0.0034431816668740113 0.004586927181542535
0 0.7985312149092024 0.7909901095282191 0.003156249861301177 0.005096585757269594
0 0.7986029478605957 0.7479239598792924 0.0027258521529418545 0.004586927181542393
0 0.7409296549404558 0.6991241512534373 0.003299715764087665 0.005861073620859827
0 0.7095823551816234 0.7112285424269522 0.0037301134724467035 0.006115902908723285
0 0.7043458497299191 0.7470320573717701 0.0027258521529418545 0.006370732196586744
0 0.6947336342432291 0.7651249368100767 0.003873579375233334 0.005861073620859969
0 0.6813913052840923 0.7666539125372575 0.003012783958514689 0.004841756469405851
0 0.6075780983004802 0.6128644373116517 0.0028693180557282714 0.0035676100300886305
0 0.6663991184429117 0.6524903915744218 0.003443181666874153 0.005861073620859827
0 0.6883494015692335 0.6787378082243595 0.0037301134724467035 0.004841756469405993
0 0.70570877580639 0.66115458736178 0.0028693180557283426 0.005861073620859969
0 0.6935859070209378 0.6356716585754326 0.003299715764087523 0.004332097893679148
0 0.7054218440008172 0.6360539025072278 0.0028693180557283426 0.005096585757269452
0 0.7922904481379933 0.6491776108321966 0.0032997157640878073 0.004841756469405851
0 0.7991768114717414 0.6721122467399092 0.003299715764087665 0.004332097893678935
0 0.8087890269584314 0.662556148445029 0.002151988541796186 0.00560624433299651
0 0.7501832056701797 0.6131192665995153 0.0034431816668742954 0.0061159029087234276
0 0.7342584904608873 0.6131192665995152 0.0037301134724468453 0.004077268605815547
0 0.6095148879880968 0.4260745693077263 0.003873579375233334 0.0045869271815424635
0 0.6104474163562085 0.4525768152455275 0.003443181666874082 0.0035676100300885594
0 0.6051391779531111 0.5067280389165155 0.002582386250155508 0.004332097893679077
0 0.6306043756977003 0.5532343839515993 0.00301278395851476 0.0030579514543617138
0 0.6614495447967801 0.530172333399955 0.003012783958514689 0.005351415045132839
0 0.6797414474020484 0.5427863831491969 0.003443181666874153 0.005096585757269452
0 0.6758678680268152 0.5206162351050747 0.0028693180557283426 0.005096585757269381
0 0.6207052284054374 0.4798435490469191 0.00301278395851476 0.004077268605815547
0 0.6319673017741713 0.46926813360058506 0.002295454444582603 0.004332097893679006
0 0.6501157384766532 0.4835385737209395 0.003012783958514973 0.0038224393179520175
0 0.6640319310469357 0.5029055995985634 0.003873579375233334 0.004841756469405993
0 0.670057498963965 0.49500589167479575 0.003012783958514689 0.005861073620859827
0 0.6738593453878053 0.5022685263789046 0.0037301134724468453 0.005606244332996368
0 0.6839019585828545 0.498700916348816 0.0028693180557283426 0.004077268605815547
0 0.6868430095899761 0.51513740541601 0.003299715764087523 0.004841756469405993
0 0.6927251116042192 0.5208710643929382 0.004160511180806168 0.004586927181542393
0 0.7017634634797636 0.5127165271813071 0.0027258521529418545 0.007644878635904106
0 0.6930837763611853 0.4811176954862364 0.002582386250155508 0.005606244332996439
0 0.6917925832361075 0.4648086210629742 0.0014346590278641713 0.0030579514543617138
0 0.6958096285141272 0.46429896248724734 0.0025823862501556504 0.005096585757269523
0 0.6883494015692335 0.43155339899679107 0.0034431816668740113 0.004332097893679006
0 0.7380603368847274 0.4314259843528593 0.0024389203473691623 0.004586927181542535
0 0.7308870417454065 0.44951886379116585 0.003299715764087665 0.005096585757269381
0 0.7203422978906048 0.4562718399195478 0.004017045278019537 0.004332097893679006
0 0.7069282359800746 0.4510478395183466 0.0038735793752331916 0.004586927181542535
0 0.7123082073345653 0.44990110772296105 0.003156249861301177 0.004332097893679006
0 0.7193380365710997 0.48812550090248197 0.0022954544445826742 0.0038224393179520175
0 0.7136711334110363 0.4906737937811167 0.0030127839585148307 0.003312780742225101
0 0.7146753947305412 0.49589779418231783 0.003299715764087523 0.0030579514543615715
0 0.7445163025101162 0.5071102828483106 0.0030127839585148307 0.004077268605815618
0 0.7610866142819473 0.5105504782344675 0.0031562498613010347 0.00535141504513291
0 0.7628799380667776 0.5475007249746712 0.0035866475696604994 0.005861073620859898
0 0.7819609031373712 0.5661032629887046 0.0038735793752331916 0.005351415045133052
0 0.7811718406720459 0.5871266792374411 0.0022954544445826742 0.0035676100300884883
0 0.7432968423364315 0.553361798595531 0.002582386250155508 0.004841756469405993
0 0.7377734050791546 0.5517054082244184 0.003299715764087665 0.005096585757269594
0 0.726583064661814 0.5519602375122818 0.0035866475696604994 0.004077268605815476
0 0.7431533764336453 0.5302997480438867 0.003156249861301319 0.004077268605815618
0 0.7665383185878314 0.4386886190569683 0.0031562498613010347 0.0053514150451329815
0 0.7607996824763745 0.4607313524571587 0.0034431816668740113 0.0035676100300887016
0 0.7517613306008303 0.4797161344029874 0.002869318055728485 0.004332097893679006
0 0.7585759609831851 0.4764033536607622 0.003586647569660357 0.0038224393179520175
0 0.7719900228937152 0.47423730471392267 0.004303977083592372 0.0035676100300885594
0 0.7787329203246768 0.4588201327981825 0.004017045278019822 0.0038224393179520887
0 0.787053942686289 0.4539783763287767 0.002869318055728485 0.003312780742225172
0 0.7890624653252989 0.443148131594579 0.0037301134724467035 0.005096585757269523
0 0.7810283747692596 0.4282406182545659 0.0037301134724467035 0.005861073620859827
0 0.803480788555334 0.4323178868603814 0.00243892034736902 0.004332097893679006
0 0.7919317833810272 0.46977779217631194 0.0037301134724469875 0.004332097893679077
0 0.7978856183709031 0.4744921340017862 0.003299715764087523 0.004077268605815618
0 0.7989616126175618 0.49194794022043403 0.0022954544445826742 0.00535141504513291
0 0.8024765272358289 0.4961526234701814 0.00243892034736902 0.005096585757269452
0 0.7844715564361334 0.5094037464390819 0.002582386250155508 0.004586927181542393
0 0.7768678635884534 0.5245660890669585 0.0034431816668740113 0.004841756469405993
0 0.796594425221586 0.5323383823467945 0.003299715764087665 0.0030579514543617138
0 0.7934381753602847 0.5102956489466041 0.0030127839585148307 0.00535141504513291
0 0.7962357604646197 0.5142455029084879 0.0017215908334371477 0.00560624433299651
0 0.808645561055645 0.5503038471411693 0.0027258521529421385 0.005351415045132839
0 0.8085738281042518 0.5622808236707525 0.0020085226390096976 0.006370732196586673
0 0.48663634225152974 0.7851789103310927 0.003156249861301177 0.005096585757269594
0 0.48850139898775324 0.8054378387162388 0.002582386250155508 0.003822439317952302
0 0.49510083051592846 0.8035266190572626 0.0034431816668740113 0.005096585757269452
0 0.48979259211283094 0.9220222379137775 0.0037301134724467746 0.004586927181542393
0 0.5270219938859064 0.9226593111334361 0.0030127839585148307 0.004332097893679077
0 0.5415120500673346 0.9427908248746504 0.002151988541796257 0.00535141504513291
0 0.5471789532273981 0.9534936549649163 0.0037301134724469164 0.004841756469405993
0 0.5582258277419523 0.9355281901705413 0.0022954544445826742 0.004586927181542535
0 0.5509090666998451 0.911574237111375 0.00200852263900984 0.005096585757269452
0 0.5714246907983029 0.955022630692097 0.0022954544445827453 0.0022934635907712673
0 0.5885688661812798 0.9397328734202888 0.0027258521529418545 0.004841756469405993
0 0.5999744054528 0.8630292577733835 0.002582386250155508 0.004841756469405993
0 0.5581045622546472 0.7640853496387805 0.002984090777957604 0.004637893039115255
0 0.5677096044461978 0.7281416785856378 0.0035436077988245528 0.0049691711133377225
0 0.5833760810304747 0.7579567052656642 0.0024245737570903715 0.0049691711133377225
0 0.6036119466184989 0.7483496411132111 0.002984090777957533 0.0056317272617828
0 0.575356337064714 0.6632111760380249 0.0031705964515798255 0.00496917111333758
0 0.5947529271214377 0.6395247937311151 0.0027975851043350987 0.004637893039115113
0 0.4810777190486194 0.5696251200701645 0.0033571021252021185 0.003975336890670178
0 0.544955912264272 0.5875141360781804 0.0035436077988244817 0.004637893039115113
0 0.5532554147404662 0.6019247323068597 0.0037301134724469875 0.006294283410227593
0 0.463373346114712 0.5343515337209158 0.0027975851043350987 0.005300449187560119
0 0.46383961029876786 0.465611333319744 0.0037301134724468453 0.004306614964892716
0 0.4968511145299226 0.4949294428884366 0.002238068083468079 0.003312780742225172
0 0.5134501194823112 0.4803532076226459 0.002238068083468079 0.004637893039115184
0 0.5267852751463087 0.4806844856968685 0.0024245737570903715 0.004637893039115184
0 0.5185790255069256 0.5025488385955544 0.0020515624098457154 0.0039753368906701066
0 0.5105592815411648 0.5187814642324576 0.0027975851043350987 0.0059630053360053385
0 0.5475806577552 0.5245788305313517 0.0037301134724469875 0.004306614964892645
0 0.5667907421383014 0.498407862667773 0.0029840907779574623 0.004306614964892716
0 0.5820842073753336 0.5307074749044682 0.004476136166936229 0.006625561484450273
0 0.5966316499178763 0.5081805658573372 0.0026110794307128062 0.005963005336005196
0 0.5807786676599771 0.4647831381341878 0.0033571021252021185 0.00728811763289535
0 0.5984967066540997 0.4914510231091002 0.002984090777957604 0.005631727261782729
0 0.4865933024806937 0.3402225822265224 0.0026110794307128062 0.00530044918756019
0 0.48342270602911397 0.3620869351252083 0.002611079430712735 0.00530044918756019
0 0.5081347077840744 0.3667248281643235 0.0024245737570905133 0.003975336890670178
0 0.524733712736463 0.3655653549045447 0.0027975851043351694 0.005631727261782658
0 0.5358308003169924 0.37384730676010763 0.0037301134724469164 0.004306614964892645
0 0.5441303027931866 0.3751724190569976 0.003170596451579755 0.0029815026680026337
0 0.5256662411045747 0.39422090832479223 0.0024245737570904426 0.00530044918756019
0 0.5294896074138328 0.4228764617450398 0.002238068083468008 0.0029815026680025626
0 0.5544813676792267 0.4412623948643893 0.004849147514180956 0.00530044918756019
0 0.5759295201457962 0.42403593500481856 0.0026110794307128062 0.005963005336005267
0 0.5915027438932619 0.32630890310917676 0.0031705964515798967 0.004637893039115184
0 0.6036256126787142 0.3268058202205106 0.003170596451579755 0.0049691711133377225
0 0.5735049463887057 0.32630890310917676 0.0029840907779574623 0.0039753368906701066
0 0.5507512542067797 0.31703311703094633 0.0029840907779574623 0.005300449187560297
0 0.5564396772522613 0.30709477480427094 0.0031705964515798967 0.005300449187560226
0 0.5652986967493228 0.30841988710116097 0.0033571021252022603 0.003975336890670142
0 0.5819909545385223 0.3551300955665355 0.0027975851043350276 0.005963005336005267
0 0.5726656708574052 0.37997595113322413 0.003170596451579755 0.006625561484450344
0 0.5860008265214028 0.38809226395167573 0.002611079430712877 0.005631727261782729
0 0.5922487665877513 0.4099566168503616 0.0035436077988244817 0.006956839558672811
0 0.5919690080773178 0.4381152531592754 0.0026110794307128062 0.006294283410227805
0 0.5959788800601982 0.24729908240710702 0.003916619146069209 0.005631727261782729
0 0.5996157406958338 0.2716480208624618 0.0026110794307128062 0.005300449187560297
0 0.5829234829066341 0.2877150074622538 0.0027975851043351694 0.0036440588164477106
0 0.5891714229729825 0.29301545664981404 0.004103124819691502 0.0049691711133377225
0 0.5553206432105273 0.29914410102293054 0.0027975851043353117 0.005300449187560297
0 0.5515905297380804 0.2761202748644658 0.004289630493313937 0.006956839558672776
0 0.5528028166166257 0.26601629360067913 0.0029840907779574623 0.005963005336005232
0 0.5582114811516736 0.2443175797391044 0.00223806808346815 0.0049691711133377225
0 0.5621281002977428 0.2840709486458061 0.003357102125202189 0.00828195185556286
0 0.5182992669964922 0.2426611893679918 0.002984090777957604 0.005631727261782764
0 0.5262257581254418 0.2413360770711018 0.0042896304933138655 0.004306614964892681
0 0.5329399623758462 0.2416673551453243 0.0042896304933138655 0.005631727261782729
0 0.45470083229127306 0.31239522399183106 0.0037301134724468453 0.0026502245937800595
0 0.4613217837048662 0.30096613043115444 0.0027975851043350987 0.0036440588164476395
0 0.4543278209440284 0.2804268898293585 0.0037301134724469164 0.004306614964892681
0 0.45600637200662947 0.25756870270800497 0.0037301134724469164 0.0049691711133377225
0 0.465518161361369 0.2535933658173348 0.004103124819691573 0.004306614964892716
0 0.4675697237712148 0.263366069006899 0.002984090777957533 0.0026502245937801306
0 0.47288513546945155 0.25044622411222095 0.0039166191460692805 0.0039753368906701066
0 0.48463499290765916 0.2680039620460142 0.0027975851043350987 0.005300449187560226
0 0.5191385425277928 0.30759169191560465 0.0027975851043351694 0.005631727261782729
0 0.5244539542260295 0.32167101007006155 0.0033571021252021185 0.006625561484450273
0 0.5123310854405771 0.3331001036307383 0.0037301134724467746 0.0036440588164476395
0 0.5089739833153749 0.2901995930189227 0.0033571021252022603 0.005963005336005267
0 0.5123310854405771 0.2827458363489161 0.0033571021252021185 0.005631727261782729
0 0.5255729882677634 0.2625378738213427 0.003357102125202189 0.006956839558672847
0 0.5300491244346998 0.27048854760268304 0.0033571021252021185 0.0056317272617828
0 0.5390013967685722 0.2809238069406923 0.004849147514180885 0.0046378930391152194
0 0.5303288829451333 0.2966595154662617 0.0027975851043351694 0.0036440588164477106
0 0.5363903173378595 0.3037819940620458 0.0026110794307128062 0.003975336890670142
