0.0 0.43514991056701113 0.2524816696750085 0.009181817778330981 0.04555320448164207
0.0 0.36215445922928174 0.31853381617338705 0.008263636000497598 0.04555320448164207
0.0 0.34241355100587045 0.13632099824682226 0.010099999556163652 0.04555320448164207
0.0 0.801045349033491 0.0964619443253881 0.006427272444831544 0.0432755442575575
0.0 0.9229339800408326 0.0395204387233355 0.012395454000746754 0.0296095829130677
0.0 0.08647038043490056 0.30873012199109934 0.009640908667247317 0.03872022380939541
0.0 0.13283856021547075 0.4886652796935813 0.00688636333374788 0.04783086470572312
0.0 0.15097265032767382 0.5843270091050276 0.011936363111830417 0.0432755442575575
0.0 0.1863226487742473 0.4237519633072415 0.0073454542226642165 0.040997884033476456
0.0 0.16290901343950423 0.20965190224352975 0.006427272444831544 0.04555320448164207
0.0 0.2285590105545694 0.597992970449519 0.007345454222664927 0.02049894201673999
0.0 0.2834203717800953 0.4613333570045964 0.008722726889413935 0.0432755442575575
