0.0 0.0026618657849417637 0.8194431106530861 0.0053237315698835275 0.008722726889413935
0.0 0.018522594626234845 0.6530226634208413 0.011477272222913726 0.01101818133399668
0.0 0.15366747505104073 0.8079658384301723 0.015494317500933441 0.005968181555915208
0.0 0.23400838061143414 0.7586135678716449 0.009755681389477466 0.010099999556163652
0.0 0.20674985908201515 0.7023749339793692 0.013772726667496293 0.010559090445079989
0.0 0.21593167686034587 0.6821749348670416 0.012624999445205454 0.009640908667246961
0.0 0.2188009949160743 0.670009026310753 0.013772726667496293 0.008263636000497598
0.0 0.1941248596368097 0.6250181191969324 0.012624999445204566 0.009181817778330981
0.0 0.19441179144238285 0.5474317589700377 0.010903408611767418 0.008263636000497598
0.0 0.16916179255197328 0.3695340395148792 0.013198863056350874 0.008722726889413935
0.0 0.19670724588696542 0.4108522195173677 0.013198863056350874 0.007804545111580907
0.0 0.23515610783372543 0.39363631118299747 0.00860795416718485 0.010099999556164007
0.0 0.0038095930072337136 0.3045726787331894 0.007619186014467427 0.011018181333997035
0.0 0.044346457127789396 0.11978859594428286 0.012624999445204566 0.009640908667247317
0.0 0.05151975226711025 0.18635677483718105 0.014346590278641713 0.010559090445080344
0.0 0.12784361254948484 0.21987040972808813 0.015494317500932553 0.009640908667247672
0.0 0.1246873626881837 0.25774540806370255 0.00918181777833027 0.006427272444831189
0.0 0.04319872990549811 0.03003632716109994 0.013772726667496293 0.006427272444831544
0.0 0.007045322403321119 0.06423859838538189 0.011477272222913726 0.007804545111580907
0.0 0.03430384393274055 0.058270416829466855 0.014346590278641713 0.00688636333374788
0.0 0.08796009157486084 0.05436814427367622 0.0172159083343697 0.006427272444831544
0.0 0.11493168129870712 0.026593145494225645 0.01606818111207886 0.006886363333748235
0.0 0.14821577074515613 0.01787041860481171 0.011477272222913726 0.005968181555915208
0.0 0.15624986130119556 0.0014749823575121112 0.014920453889787133 0.0029499647150242224
0.0 0.16772713352410884 0.04633405371763697 0.014920453889788021 0.007804545111581263
0.0 0.19154247348361242 0.05482723516259291 0.013198863056349985 0.007345454222664571
0.0 0.1958464504702473 0.08627496105337559 0.00918181777833027 0.009640908667247317
0.0 0.2099061089433154 0.0938499607204987 0.00975568138947569 0.009181817778330626
0.0 0.13788622574453369 0.11772268694415847 0.010329545000621998 0.008263636000497598
0.0 0.10747145435381356 0.14503859483469234 0.013772726667496293 0.008722726889414289
0.0 0.18637770088634387 0.15904086694664699 0.013198863056350874 0.0055090906669985175
0.0 0.17375270144113886 0.11932950505536635 0.012051135834059146 0.009640908667247317
0.0 0.18494304185847898 0.12644541383357275 0.006886363333748591 0.010099999556164007
0.0 0.23458224422258 0.19140677461526287 0.010903408611768306 0.009640908667246961
0.0 0.2342953124170073 0.21298404639434007 0.008034090556038542 0.011477272222913015
