0.0 0.05811918379528613 0.39389998269038917 0.011477272222913726 0.011018181333996947
0.0 0.006965842868534633 0.3544181662435669 0.013931685737069266 0.011018181333996947
0.0 0.019383390042952975 0.3195272586859101 0.010903408611767418 0.011936363111829973
0.0 0.02655668518227472 0.2603045340156768 0.010329545000621998 0.011018181333996947
0.0 0.02426123073769082 0.11821590389600842 0.011477272222912838 0.012395454000746532
0.0 0.03286918490487656 0.13336590323025413 0.0172159083343697 0.007804545111581129
0.0 0.04233793448878043 0.1627477201209125 0.013198863056349097 0.010559090445080388
0.0 0.031434525877011676 0.18937499167807173 0.012051135834059146 0.008722726889414157
0.0 0.052380547683828826 0.17606135589949215 0.011477272222912838 0.006886363333748058
0.0 0.0687356606014804 0.1652727200099535 0.013198863056349985 0.005509090666998428
0.0 0.08681236435256956 0.15379544778704007 0.013772726667496293 0.008263636000497687
0.0 0.09341179588074455 0.17904544667744962 0.01664204472322428 0.00918181777833076
0.0 0.15538906588447743 0.19878635490086072 0.015494317500932553 0.0073454542226646154
0.0 0.17805667852473128 0.17606135589949215 0.014920453889788021 0.008722726889414245
0.0 0.21937485852721972 0.16435453823212043 0.008034090556038542 0.011018181333996901
0.0 0.17403963324671157 0.14461363000870933 0.010329545000621998 0.010099999556163785
0.0 0.18063906477488656 0.12808635800771395 0.012051135834059146 0.006427272444831544
0.0 0.14735497532843755 0.13818635756387782 0.010903408611768306 0.011018181333996901
0.0 0.10804531796495898 0.137497721230503 0.010329545000621998 0.0087227268894142
0.0 0.12009645379901812 0.12900453978554705 0.00918181777833027 0.0073454542226646154
0.0 0.11521861310427983 0.11913408567384147 0.008607954167185738 0.006886363333748058
0.0 0.0965680457420457 0.11178863145117687 0.006886363333748591 0.006886363333748058
0.0 0.08394304629684157 0.3948181644682223 0.013772726667496293 0.010099999556163742
0.0 0.12554815810490272 0.3941295281348475 0.015494317500932553 0.0078045451115811735
0.0 0.142190202828127 0.37852043791168516 0.012051135834059146 0.010559090445080433
0.0 0.10431520449251241 0.4214454360253814 0.01664204472322428 0.01009999955616383
0.0 0.11808793116000871 0.4157067999139247 0.009755681389476578 0.0059681815559150305
0.0 0.18522997366405214 0.3998681642463042 0.013198863056349985 0.007345454222664527
0.0 0.20961917713774358 0.39481816446822227 0.011477272222913726 0.009181817778330803
0.0 0.185803837275198 0.3812749832451844 0.013198863056350874 0.005968181555914942
0.0 0.16084077019036158 0.33100453090882354 0.009181817778331158 0.009181817778330714
0.0 0.12841747616062982 0.3218227131304928 0.014346590278641713 0.009181817778330714
0.0 0.1091930451872507 0.29611362335116664 0.014920453889788021 0.007345454222664571
0.0 0.13186065782750456 0.29312953257320923 0.014346590278641713 0.010559090445080344
0.0 0.09628111393647254 0.24630226190372234 0.01664204472322428 0.009640908667247317
0.0 0.17576122408014827 0.25456589790422 0.013772726667496293 0.006886363333748147
0.0 0.213923154221336 0.24377726201468136 0.010903408611768306 0.008263636000497687
0.0 0.2380254258894534 0.2669613519049665 0.008607954167185738 0.0087227268894142
0.0 0.17432656505228472 0.24033408034780743 0.013198863056350874 0.011477272222913459
0.0 0.1906816779699363 0.22793862634706086 0.012624999445204566 0.006886363333748147
0.0 0.2305651989445603 0.22472499012464509 0.01778977194551512 0.012395454000746486
0.0 0.20244588199842228 0.2945068052399588 0.015494317500932553 0.0087227268894142
0.0 0.18264758741389642 0.3055249865739557 0.01836363555666054 0.0087227268894142
0.0 0.213923154221336 0.31332953168553684 0.00975568138947569 0.007804545111581085
0.0 0.22253110838852086 0.30093407768479036 0.013198863056349985 0.0087227268894142
0.0 0.21593167686034587 0.3335295307978644 0.013772726667496293 0.0087227268894142
0.0 0.2222441765829477 0.34959771190994327 0.012624999445204566 0.006886363333748147
0.0 0.0256958897655557 0.6787658792631007 0.012051135834060034 0.009640908667247317
0.0 0.018522594626234845 0.6688954251513951 0.01721590833437059 0.009181817778330803
0.0 0.061849297267732695 0.6436454262609856 0.015494317500933441 0.01560909022316217
0.0 0.11607940852099885 0.6881772424858899 0.010329545000621998 0.007345454222664749
0.0 0.1298521351884947 0.6920795150416803 0.011477272222912838 0.008722726889414289
0.0 0.14706804352286484 0.7035567872645936 0.012624999445204566 0.009640908667247317
0.0 0.1912555415810817 0.7246749681547544 0.012624999445204566 0.009640908667247317
0.0 0.2342953124170073 0.7389067857111672 0.008034090556038542 0.008722726889414289
0.0 0.1157924767154257 0.743038603711416 0.010903408611767418 0.008722726889414112
0.0 0.0810737282411127 0.7150340594875073 0.00803409055603943 0.009640908667247317
0.0 0.06357088810116984 0.719854513821131 0.013198863056350874 0.01009999955616383
0.0 0.16973565616311914 0.634693153927113 0.00860795416718485 0.009640908667247317
0.0 0.18207372380275055 0.6284954269267399 0.010329545000621998 0.008263636000497598
0.0 0.2363038350560167 0.6466295170389431 0.014346590278641713 0.008722726889414289
0.0 0.0006533431459319061 0.5336931583654749 0.0013066862918638122 0.010559090445080344
0.0 0.009914640459049995 0.5798317927015868 0.012624999445204566 0.01009999955616383
0.0 0.048363502405809555 0.5408090671436813 0.012624999445204566 0.008263636000497777
0.0 0.05754532018414027 0.526118158698352 0.012624999445204566 0.008263636000497598
0.0 0.06557941074018014 0.4522045255827895 0.011477272222912838 0.009181817778330803
0.0 0.16744020171853657 0.5883249741465428 0.012051135834059146 0.00688636333374788
0.0 0.16772713352410884 0.5743227020345885 0.008034090556040319 0.009181817778330626
0.0 0.2328606533891433 0.5860295197019603 0.012051135834060034 0.008722726889414289
0.0 0.18953395074764456 0.5414977034770561 0.012624999445205454 0.010559090445080344
0.0 0.23171292616685157 0.5013272506968589 0.008607954167185738 0.008263636000497777
0.0 0.21047997255446127 0.4932931601408196 0.009755681389477466 0.008722726889414289
0.0 0.19814190491482986 0.46597725225028563 0.013772726667496293 0.011018181333997035
0.0 0.044346457127789396 0.9197885959442829 0.012624999445204566 0.009640908667247317
0.0 0.05151975226711025 0.9863567748371811 0.014346590278641713 0.010559090445080344
0.0 0.06615327435132556 0.7903249652698194 0.012624999445204566 0.009640908667247317
0.0 0.04319872990549811 0.8300363271611 0.013772726667496293 0.006427272444831544
0.0 0.007045322403321119 0.8642385983853819 0.011477272222913726 0.007804545111580907
0.0 0.03430384393274055 0.8582704168294668 0.014346590278641713 0.00688636333374788
0.0 0.08796009157486084 0.8543681442736762 0.0172159083343697 0.006427272444831544
0.0 0.11493168129870712 0.8265931454942257 0.01606818111207886 0.006886363333748235
0.0 0.14821577074515613 0.8178704186048117 0.011477272222913726 0.005968181555915208
0.0 0.15624986130119556 0.7983590558258588 0.014920453889787133 0.009181817778330891
0.0 0.12411349907703828 0.7715022388242414 0.014920453889787133 0.010559090445080344
0.0 0.213923154221336 0.7788476930469059 0.00975568138947569 0.007804545111581085
0.0 0.16772713352410884 0.8463340537176369 0.014920453889788021 0.007804545111581263
0.0 0.19154247348361242 0.854827235162593 0.013198863056349985 0.007345454222664571
0.0 0.1958464504702473 0.8862749610533756 0.00918181777833027 0.009640908667247317
0.0 0.2099061089433154 0.8938499607204987 0.00975568138947569 0.009181817778330626
0.0 0.13788622574453369 0.9177226869441585 0.010329545000621998 0.008263636000497598
0.0 0.10747145435381356 0.9450385948346923 0.013772726667496293 0.008722726889414289
0.0 0.18637770088634387 0.959040866946647 0.013198863056350874 0.0055090906669985175
0.0 0.17375270144113886 0.9193295050553664 0.012051135834059146 0.009640908667247317
0.0 0.18494304185847898 0.9264454138335727 0.006886363333748591 0.010099999556164007
0.0 0.23458224422258 0.9914067746152628 0.010903408611768306 0.009640908667246961
