0.0 0.05081809924682403 0.10399368837795606 0.011787449421540686 0.006600971676063239
0.0 0.08830218840732407 0.09880721063247791 0.01037295549095596 0.007543967629786152
0.0 0.1422887067579813 0.05118591496945264 0.009901457514094502 0.007543967629786152
0.0 0.002187774262976383 0.232241138084321 0.004375548525952766 0.009429959537233402
0.0 0.17199307930026464 0.16811741323113835 0.006129473699201427 0.005657975722338904
0.0 0.08900943537261644 0.1815551055716952 0.00707246965292434 0.006129473699201071
0.0 0.3360743752481142 0.03232599589498726 0.008015465606647964 0.008486963583509777
0.0 0.06590603450639634 0.26406725152248145 0.008958461560371233 0.007072469652924696
0.0 0.13521623710505679 0.36685381047831844 0.010844453467817771 0.008958461560370523
0.0 0.19203174331688402 0.4220190737711299 0.008486963583509421 0.009901457514094858
0.0 0.2952898002495825 0.3531803691493309 0.00942995953723269 0.010844453467817771
0.0 0.5079353878141808 0.32654073345664864 0.008486963583509066 0.009429959537233402
0.0 0.32900190559518966 0.20795899227594675 0.00707246965292434 0.007072469652924696
0.0 0.6937055906976657 0.010872837947782443 0.005657975722339614 0.00801546560664761
0.0 0.7682022709223111 0.06627384829203961 0.013201943352126122 0.006600971676062528
0.0 0.7090292749456687 0.13511255485082393 0.008015465606647964 0.005657975722339614
0.0 0.7922486677820852 0.37557653079820064 0.007543967629786152 0.006600971676063239
