0 0.11960427430398227 0.6155258744810901 0.004187458181321038 0.0025048330020776177
0 0.13543810055210248 0.5982867297020864 0.004972606590318733 0.0027995192376159394
0 0.17168578543416274 0.5982867297020865 0.005234322726651328 0.0025048330020773337
0 0.20950376713421842 0.6029280379118183 0.0044491743176536145 0.002652176119846814
0 0.2282164708819968 0.612947369920128 0.0031405936359907827 0.0020628036487697443
0 0.17979898566047225 0.6175886781298598 0.0052343227266512925 0.0016207742954618
0 0.2715304914450363 0.5994654746442406 0.004972606590318769 0.0025048330020774755
0 0.33748295780084275 0.6094848066525503 0.0044491743176536145 0.0022101467665388698
0 0.06699933090113669 0.5778060363321592 0.004710890453986192 0.0027995192376159394
0 0.1096590611233448 0.5685970914715803 0.0036640259086559014 0.0017681174132312095
0 0.08754404760324305 0.594382137081201 0.004972606590318751 0.002357489884308137
0 0.17325608225215816 0.5753748748889663 0.005234322726651328 0.002652176119846814
0 0.17521895327465237 0.5565149558145008 0.0044491743176536145 0.002946862355385207
0 0.17809783077431063 0.5246888423763403 0.004449174317653579 0.002946862355385136
0 0.13007291975728488 0.5216683084620705 0.0057577549993164286 0.0025048330020775466
0 0.0984052672610445 0.5328663854125344 0.0036640259086559014 0.0022101467665388698
0 0.2636790073550594 0.560861577788694 0.0044491743176536145 0.002210146766538941
0 0.2721847817858678 0.5505475595448458 0.003664025908655937 0.0022101467665388698
0 0.2703527688315398 0.5421490018319978 0.00418745818132102 0.0027995192376158683
0 0.3083016085997618 0.5526103631936153 0.0031405936359907827 0.0019154605310004768
0 0.28749517576132283 0.5838471041606988 0.003925742044988531 0.0025048330020773337
0 0.3101336215540897 0.5201212057254933 0.004710890453986174 0.0014734311776927456
0 0.36561744245659356 0.5189424607833392 0.005234322726651328 0.002652176119846814
0 0.07105593101429145 0.44991221010844007 0.003402309772323333 0.0025048330020774755
0 0.11751054521332176 0.4742238245403682 0.003140593635990765 0.0025048330020774044
0 0.15441252043621345 0.4770970153368688 0.004187458181321055 0.002357489884308137
0 0.1321666488479454 0.48726369046294793 0.005234322726651311 0.002357489884308208
0 0.1247077389624673 0.498019738060104 0.004449174317653597 0.002357489884308137
0 0.23711481951730407 0.4968409931179499 0.005757754999316447 0.002062803648769602
0 0.3754340678575093 0.4951393842513168 0.006547443985203358 0.0024905069775042676
0 0.06385873726514589 0.4009942950090452 0.004187458181321038 0.0025048330020774044
0 0.07681368601360788 0.40659333348427723 0.00549603886298387 0.0025048330020774044
0 0.0855811765807488 0.41233971507727846 0.004710890453986192 0.002210146766538941
0 0.12745575839395923 0.42567426723539653 0.004710890453986174 0.002357489884308208
0 0.14747704282340046 0.43105229103397463 0.004972606590318716 0.0027995192376159394
0 0.16160971418535897 0.43819843224578375 0.004449174317653597 0.002062803648769673
0 0.17312522418399184 0.44283974045551555 0.003402309772323342 0.0027995192376160105
0 0.15415080429988087 0.4429870835732848 0.0031405936359907827 0.0019154605310004059
0 0.18594931486428756 0.4600788852345191 0.00392574204498846 0.0019154605310003348
0 0.19772654099925296 0.44807042113632434 0.003402309772323342 0.002357489884308208
0 0.20178314111240778 0.4446078578687467 0.0036640259086559014 0.0027995192376158683
0 0.20570888315739622 0.4423240395433231 0.0052343227266512925 0.0032415485909236706
0 0.24627488428894384 0.4582370962624034 0.005234322726651328 0.002652176119846672
0 0.28069055621667616 0.45551124858367203 0.0034023097723233776 0.0027995192376160105
0 0.32204170575722146 0.46236270355994263 0.003925742044988496 0.0026521761198467432
0 0.2932529307606393 0.4072563775142389 0.0034023097723233776 0.002652176119846672
0 0.3062078795091013 0.43134697726951315 0.003664025908655937 0.0027995192376160105
0 0.2683898978090456 0.4308312763573207 0.0054960388629838874 0.002357489884308208
0 0.28644831121599257 0.4381247606868992 0.0034023097723233776 0.0016207742954618
0 0.2566126716740802 0.40954019583966245 0.0044491743176536145 0.0027995192376160105
0 0.22559930951867116 0.4068143481609311 0.004710890453986174 0.002652176119846672
0 0.15676796566320653 0.40121530968569913 0.0036640259086559014 0.002357489884308137
0 0.17037720475249996 0.4007732803323914 0.0062811872719815654 0.0014734311776926036
0 0.18908990850027835 0.39355346756169757 0.0054960388629838874 0.0017681174132312095
0 0.22023412872385362 0.3892068455875044 0.003925742044988496 0.0025048330020774755
0 0.2361988130401401 0.3841971795833494 0.00444917431765365 0.0033888917086930094
0 0.23881597440346572 0.39009090429411997 0.005496038862983852 0.0030942054731544744
0 0.24745260690244034 0.39244839417842814 0.0044491743176536145 0.001326088059923265
0 0.2554349490605836 0.37800876863704047 0.003664025908655866 0.0025048330020774044
0 0.2758488076945237 0.3789664989025407 0.0036640259086559014 0.0017681174132312095
0 0.2844854401934983 0.38500756673108044 0.004710890453986209 0.0017681174132310672
0 0.3475590290496466 0.3690945100120001 0.005234322726651328 0.002946862355385278
0 0.3573733841621177 0.3752092493994245 0.004449174317653686 0.0025048330020774755
0 0.07092507303456191 0.38206070255977115 0.0041874581813210465 0.002062803648769602
0 0.07615939567277646 0.3774930677248481 0.0031405936359907827 0.002652176119846672
0 0.11450080964549728 0.3886174731164273 0.00549603886298387 0.0027995192376159394
0 0.1383169780517607 0.3881754437631195 0.008636632498974617 0.0030942054731544033
0 0.15009420418672612 0.38493389517219584 0.004972606590318733 0.0019154605310003348
0 0.12811004873479065 0.3769036952537711 0.006019471135648988 0.002946862355385278
0 0.08283315714925689 0.34588796896334145 0.004972606590318751 0.0033888917086929383
0 0.10612589328285515 0.35347613952845847 0.007066335680979261 0.002357489884308137
0 0.14420559111924341 0.3559073009716513 0.008898348635307212 0.002210146766538941
0 0.20675574770272648 0.34772975793545724 0.005757754999316411 0.002652176119846672
0 0.23776910985813543 0.3590751780036904 0.004972606590318769 0.002062803648769673
0 0.2513783489474289 0.35612831564830516 0.00444917431765365 0.002357489884308137
0 0.26394072369037463 0.3560546440894205 0.004972606590318804 0.0030942054731544033
0 0.2589681169010732 0.36040126606361367 0.0044491743176536145 0.002946862355385278
0 0.25150920701559515 0.34249907725464845 0.004187458181321091 0.0027995192376160105
0 0.28461629826166457 0.3346898920128776 0.004972606590318769 0.0022101467665390116
0 0.32321942837071793 0.32828046638991476 0.005234322726651328 0.0032415485909237417
0 0.17927555338780712 0.32540727559341415 0.004710890453986174 0.0027995192376160105
0 0.17875212111514202 0.31310412525968073 0.005234322726651328 0.0023574898843081726
0 0.16762918532100798 0.2998432446604472 0.002878877499658188 0.0023574898843081726
0 0.11253793862300303 0.30934687575656455 0.004710890453986174 0.0033888917086930094
0 0.12640889384862897 0.29947488686602414 0.004187458181321055 0.00250483300207744
0 0.12562374543963128 0.31096765005202653 0.0057577549993164286 0.0016207742954618709
0 0.2691750462180433 0.3020533914269862 0.003925742044988531 0.0026521761198467077
0 0.2691750462180433 0.2993275437482549 0.004972606590318698 0.0019154605310004059
0 0.28553230473882857 0.29947488686602414 0.005234322726651328 0.00250483300207744
0 0.36430886177493066 0.2624917643059394 0.004710890453986209 0.003388891708692974
0 0.3759575001301744 0.28996409275762014 0.004977147167207932 0.003816595037427639
0 0.3449418676863209 0.2960123235984464 0.004710890453986209 0.003536234826462241
0 0.3069930279180989 0.2705219642243642 0.0052343227266512925 0.0032415485909237417
0 0.2665578848547176 0.26949056239997937 0.0054960388629838874 0.0032415485909237773
0 0.2613235621280663 0.2820883989692512 0.004972606590318662 0.0027995192376160105
0 0.2521634973564265 0.2817200411748281 0.004972606590318733 0.0023574898843082438
0 0.22978676769999218 0.2898239126521374 0.005757754999316411 0.002946862355385207
0 0.22573016758683742 0.2946862355385231 0.006019471135649006 0.0032415485909237417
0 0.18058413406946996 0.24392653146701246 0.004710890453986174 0.0030942054731544744
0 0.15585195918604255 0.23935889481616535 0.006542903408314142 0.00309420547315451
0 0.18961334077294345 0.22410888212704677 0.008636632498974634 0.001768117413231174
0 0.23174963874459564 0.2386221768060871 0.0054960388629838874 0.003683577944231545
0 0.2508549168074187 0.2560823392882845 0.004972606590318734 0.002946862355385207
0 0.26577273644571997 0.2575557698606692 0.006019471135649006 0.002357489884308208
0 0.2674738913318816 0.2503359570899753 0.004710890453986209 0.002946862355385207
0 0.06359702112881334 0.2291185481312017 0.0062811872719815654 0.002652176119846672
0 0.09866698339737708 0.22388786745039288 0.0062811872719815654 0.0030942054731544744
0 0.24836861337960436 0.22506661239254697 0.004187458181320984 0.0022101467665389053
0 0.2748019431491934 0.22484559468935308 0.004187458181320984 0.0023574898843081726
0 0.2763722399671888 0.23457024348866434 0.004187458181321055 0.0038309210620008118
0 0.16200228838985783 0.21239510426439046 0.0036640259086559014 0.0019154605310003703
0 0.16069370770819502 0.2073854382602356 0.0068046195446466486 0.0022101467665389053
0 0.27702653030802016 0.20370186031600404 0.0054960388629838874 0.00250483300207744
0 0.30516101496377096 0.19883953742961843 0.0052343227266512925 0.0027995192376160105
0 0.3623459907524365 0.19110402374673222 0.0044491743176536145 0.002946862355385207
0 0.30803989246342917 0.14424891229610703 0.00418745818132102 0.002357489884308208
0 0.27768082064885163 0.16193008642841844 0.0036640259086559014 0.002946862355385278
0 0.2782042528109709 0.1731281633788823 0.005757754999316411 0.0029468623553852422
0 0.2698293365588747 0.16318250292945713 0.0031405936359907827 0.002210146766538941
0 0.24090970349412621 0.17747478535307554 0.003925742044988496 0.0025048330020774044
0 0.20610145736189509 0.1704759872590356 0.004449174317653579 0.0032415485909237417
0 0.16566631429851378 0.1802742997482276 0.0052343227266512925 0.0022101467665389053
0 0.1516645010047215 0.18012696147292226 0.002878877499658188 0.0016207742954619064
0 0.07537424726377878 0.10431892738063717 0.006804619544646684 0.004420293533077828
0 0.1058641771465226 0.1185375382453709 0.004449174317653597 0.0033888917086930094
0 0.12143628725831021 0.1178008226565246 0.0057577549993164286 0.0033888917086929917
0 0.11973513237214856 0.1065290741471761 0.0044491743176536145 0.0029468623553852245
0 0.14368215884657828 0.12634672348714177 0.006804619544646666 0.0030942054731544744
0 0.1690686240708371 0.13658707017210545 0.004710890453986174 0.0029468623553852422
0 0.14263529430124802 0.15161606818457013 0.0057577549993164286 0.00265217611984669
0 0.13465295214310477 0.16347718916499565 0.004972606590318716 0.0022101467665389053
0 0.15611367532237513 0.158025493807533 0.004972606590318716 0.0030942054731544744
0 0.18071499213763623 0.15507863145214776 0.0060194711356489706 0.0030942054731544744
0 0.22088841906468504 0.1410073637051833 0.0052343227266512925 0.0029468623553852422
0 0.23292736133598296 0.1448382847671841 0.005757754999316482 0.0023574898843081726
0 0.24522801974361352 0.153236842480032 0.0062811872719815654 0.002946862355385207
0 0.18542588259162243 0.10505564296948347 0.004972606590318769 0.0029468623553852422
0 0.15598281725420882 0.09282616419463477 0.003664025908655919 0.0026521761198467254
0 0.171816643502329 0.09275249263575013 0.004449174317653579 0.0025048330020774577
0 0.22703874826850026 0.09680442837440484 0.0054960388629838874 0.002357489884308208
0 0.250069768265766 0.10011964852421322 0.006019471135649042 0.0039782641797700795
0 0.2617161363325652 0.12678875284044955 0.004710890453986209 0.0025048330020774755
0 0.2665578848768268 0.1291462396982178 0.003925742044988531 0.0025048330020774586
0 0.27454022701286085 0.09717278616882798 0.004187458181321055 0.0025048330020774577
0 0.274147652808362 0.09326819354794255 0.005496038862983816 0.0023574898843081726
0 0.2530795038335905 0.0916474192524807 0.005234322726651328 0.0026521761198467254
0 0.424634431199587 0.0936365513423657 0.005496038862983923 0.002210146766538941
0 0.542668408685574 0.10299283932071379 0.005496038862983781 0.0026521761198467254
0 0.5454164281170658 0.12730445375264196 0.004710890453986138 0.002946862355385207
0 0.44792716733318527 0.17379120740884396 0.003925742044988567 0.0025048330020774044
0 0.43497221858472335 0.17077067349457412 0.0036640259086559014 0.002062803648769673
0 0.5878144422029413 0.09297350731240403 0.005234322726651328 0.0032415485909237595
0 0.5883378744756065 0.10851820623706113 0.0036640259086559014 0.0019154605310004059
0 0.6287730175389877 0.10593970167609904 0.004972606590318733 0.0032415485909237595
0 0.6622726829895561 0.10446627049840643 0.003402309772323093 0.0029468623553852245
0 0.6190895204946828 0.12148440060075613 0.004972606590318733 0.0022101467665389053
0 0.6209215334490108 0.12524165010387228 0.0034023097723233776 0.0023574898843081904
0 0.644606843787108 0.1312090463735274 0.004710890453986138 0.002210146766538923
0 0.6873974320774824 0.15478394521660926 0.003925742044988425 0.002210146766538941
0 0.6773213608286787 0.17474893767434418 0.0036640259086559014 0.002946862355385278
0 0.3887793205220255 0.20569099240588912 0.004972606590318733 0.0020628036487697087
0 0.39375192711234425 0.20657505111250468 0.003925742044988425 0.0026521761198467432
0 0.4048748629064783 0.18697841644919294 0.004187458181321091 0.0017681174132311028
0 0.47004218085328703 0.21571032441419888 0.0036640259086559014 0.002062803648769673
0 0.47723937460243265 0.24576832043912822 0.005496038862983923 0.0020628036487696376
0 0.5409672537994122 0.19957625301846477 0.004710890453986209 0.0019154605310004414
0 0.5590256672063592 0.19817649339965676 0.004187458181321162 0.0020628036487696376
0 0.629819882084318 0.1954506457209254 0.0049726065903188755 0.00250483300207744
0 0.626548430380161 0.21836250053404563 0.004187458181320877 0.0026521761198467077
0 0.38524615268153595 0.29446522086186916 0.005234322726651257 0.00250483300207744
0 0.42882188938090804 0.2761210026995961 0.004972606590318733 0.0020628036487697087
0 0.4313081926760674 0.356349330324959 0.003664025908656043 0.0019154605310004059
0 0.49045603948722716 0.36997856871861573 0.005234322726651328 0.002357489884308137
0 0.6597863796943969 0.3632007853012297 0.004187458181321091 0.0032415485909237417
0 0.7322817494585172 0.3550232422650356 0.007328051817311945 0.0019154605310003348
0 0.3826289913182103 0.43967186342347647 0.0036640259086558303 0.0014734311776926745
0 0.4714816196031162 0.4740028098637144 0.004972606590318662 0.002357489884308137
0 0.7235142588913764 0.4574267091146724 0.006542903408314089 0.001620774295461942
0 0.7225982524142124 0.45072259725617103 0.005234322726651328 0.002357489884308208
0 0.5903007454981007 0.4032781133344689 0.0044491743176536145 0.002357489884308208
0 0.48744630391940263 0.41771773887585645 0.0023554452269931403 0.0011787449421541397
0 0.4722667680121139 0.5324980276181113 0.006542903408314089 0.002062803648769673
0 0.4930732008505528 0.5308772533226493 0.005757754999316447 0.002357489884308208
0 0.5230396984606315 0.515995598427954 0.005496038862983852 0.002357489884308137
0 0.5123093368709962 0.48556924460860146 0.004449174317653686 0.0022101467665388698
0 0.40134169506598866 0.5542311374890773 0.007589767953644469 0.0019154605310004059
0 0.443608851083698 0.5725753556513503 0.005757754999316447 0.002946862355385349
0 0.5395278150495831 0.5525366916347307 0.0034023097723233776 0.0017681174132309963
0 0.49346577505505157 0.5567359704911548 0.003925742044988425 0.0019154605310003348
0 0.6306050304933157 0.5101018737171835 0.004449174317653686 0.002652176119846814
0 0.480641684374756 0.5825210161007754 0.004972606590318733 0.0022101467665388698
0 0.38642387529503247 0.6046961553250494 0.0044491743176536145 0.002357489884308137
0 0.42437271506325447 0.6218616285451684 0.003925742044988496 0.0027995192376158683
0 0.519113956415643 0.6146418157744745 0.006019471135649042 0.0027995192376158683
0 0.5506507508437171 0.6318809605534781 0.004710890453986138 0.0030942054731545455
0 0.6079665847005489 0.6103688653591659 0.005234322726651328 0.0033888917086930094
0 0.7260005621865357 0.6020439792052027 0.004710890453985996 0.002946862355385349
0 0.6266792884483273 0.5649871850862334 0.003925742044988283 0.002210146766538941
0 0.8615521638800729 0.1400496334396831 0.005234322726651186 0.0022101467665389053
0 0.8764873405777607 0.20200741446165757 0.005757754999316376 0.0026521761198467077
0 0.9362894777297518 0.19847117963519526 0.007066335680979279 0.002357489884308208
0 0.7532190403651225 0.24458957549697416 0.0047108904539862806 0.003241548590923813
0 0.9116881609144906 0.27140602293097976 0.00497260659031852 0.0023574898843081726
0 0.7700997311585729 0.29844348504163926 0.0044491743176536145 0.0022101467665389053
0 0.8334350361510536 0.30698938587225644 0.00287887749965833 0.0027995192376160105
0 0.8365756297870445 0.32363915818018296 0.006542903408314089 0.002210146766538941
0 0.9213716579587957 0.35995923671030594 0.00549603886298371 0.002357489884308208
0 0.8210035196752569 0.3962793152404289 0.0047108904539862806 0.0019154605310003348
0 0.8172086356984346 0.40666700504316183 0.005496038862984136 0.0017681174132311384
0 0.835005332969049 0.43385181027159064 0.005496038862983852 0.0019154605310004059
0 0.7572756404782771 0.46199434576551957 0.005496038862983852 0.0027995192376158683
0 0.8308178747877281 0.4888107931995252 0.0044491743176536145 0.0025048330020774044
0 0.8348744749008828 0.4933047582914877 0.006804619544646755 0.002062803648769673
0 0.921109941822463 0.4846115143431012 0.0034023097723232354 0.002946862355385207
0 0.8788427858047538 0.46273106135436576 0.005757754999316233 0.0033888917086930094
0 0.8291167199015663 0.503397761858682 0.003140593635990854 0.0025048330020774044
0 0.8704678693757841 0.5207105775912624 0.007328051817311945 0.002062803648769602
0 0.8376224943323747 0.5422226733908825 0.0044491743176536145 0.0017681174132311384
0 0.8838153923508539 0.6173676658744377 0.004187458181321091 0.0020628036487697443
