0.0 0.17765105502260442 0.32957708582628414 0.009901457514094148 0.00848696358350951
0.0 0.18260178377965133 0.4073742520084543 0.008486963583509421 0.00942995953723269
0.0 0.006968787398691667 0.5561318637083007 0.007072469652924696 0.00801546560664761
0.0 0.2589844560312365 0.2975152233996929 0.00942995953723269 0.010372955490956048
0.0 0.25992745198495976 0.3472582599585956 0.006600971676062883 0.006129473699201337
0.0 0.33277388941008257 0.3390070453635169 0.008958461560371233 0.010372955490956048
0.0 0.3931256304483721 0.33429206559490054 0.006129473699200716 0.00942995953723269
0.0 0.3153284642662021 0.3887500819224196 0.008958461560371233 0.007072469652924518
0.0 0.31862895010423353 0.4007732803323913 0.006129473699201427 0.007543967629786197
0.0 0.3612995170102117 0.41986894839528766 0.008486963583509421 0.007072469652924518
0.0 0.43838943622708937 0.4953086246931496 0.00707246965292434 0.007072469652924696
0.0 0.4202367641179164 0.5591966005579014 0.006600971676062883 0.009429959537232867
0.0 0.046810366443499875 0.6902730381254364 0.006600971676062883 0.006600971676062883
0.0 0.05977656080719509 0.7864586254052103 0.009901457514094502 0.006600971676062883
0.0 0.17458631817300355 0.6386440096590873 0.008486963583509421 0.006129473699201427
0.0 0.2071196785764565 0.6341647788789017 0.007543967629786508 0.006600971676062883
0.0 0.3346598813175293 0.6254420663069613 0.008958461560371233 0.008015465606647787
0.0 0.32876615660675873 0.698760001708946 0.007543967629785797 0.008486963583509421
0.0 0.7521400702401939 0.44815882700698595 0.00942995953723269 0.007072469652924518
0.0 0.779046724509622 0.6464237262773043 0.01037295549095596 0.008486963583509421
0.0 0.8867840122225061 0.6351077748326248 0.01273044537526431 0.00754396762978633
0.0 0.5569711774077911 0.7826866415903173 0.008486963583509777 0.010372955490956137
0.0 0.8424632023975118 0.8684992733791352 0.008958461560370523 0.007543967629786152
0.0 0.5873827969153664 0.9550191521332456 0.008015465606647964 0.00707246965292434
0.0 0.7014853073158825 0.9823660347912206 0.005186477745478158 0.008958461560371233
