0.0 0.08358720863870772 0.38393141989957036 0.00942995953723269 0.007543967629786152
0.0 0.38864639966818687 0.36224251296393495 0.007543967629786152 0.01037295549095596
0.0 0.51925133925886 0.336074375248114 0.013201943352126122 0.006129473699201071
0.0 0.049403605316238955 0.7168089915638861 0.008958461560370879 0.007543967629786152
0.0 0.5034561570339953 0.6637654691669518 0.011787449421540686 0.005186477745478158
0.0 0.5018059141149795 0.6423123112197473 0.00942995953723269 0.007543967629786152
0.0 0.26346368681142207 0.49048996267030043 0.008015465606647964 0.007543967629786152
0.0 0.07816498190479884 0.5366967644027406 0.0042434817917548886 0.003771983814893076
0.0 0.05081809924682403 0.903993688377956 0.011787449421540686 0.006600971676063239
0.0 0.08830218840732407 0.8988072106324779 0.01037295549095596 0.007543967629786152
0.0 0.1422887067579813 0.8511859149694526 0.009901457514094502 0.007543967629786152
0.0 0.12295728970665412 0.7538215827475246 0.008015465606647964 0.00707246965292434
0.0 0.17199307930026464 0.9681174132311383 0.006129473699201427 0.005657975722338904
0.0 0.08900943537261644 0.9815551055716952 0.00707246965292434 0.006129473699201071
0.0 0.3360743752481142 0.8323259958949872 0.008015465606647964 0.008486963583509777
0.0 0.8424632023975118 0.06849927337913524 0.008958461560370523 0.007543967629786152
0.0 0.5873827969153664 0.15501915213324563 0.008015465606647964 0.00707246965292434
0.0 0.7014853073158825 0.1823660347912206 0.005186477745478158 0.008958461560371233
0.0 0.7071432830382223 0.23564530617658547 0.011787449421540686 0.007072469652924696
0.0 0.8599086275413927 0.351869557472979 0.009901457514094148 0.007543967629786152
0.0 0.679089153414955 0.46809380876937257 0.008486963583509777 0.006129473699201071
0.0 0.672252432750461 0.5013344161381179 0.009901457514094858 0.005657975722339614
0.0 0.7043142951770524 0.58832579286909 0.009901457514094502 0.006129473699201427
0.0 0.5642793960491461 0.6783819064496626 0.009901457514094502 0.008958461560370879
0.0 0.6967703275472663 0.7641945382384806 0.008015465606647964 0.00801546560664761
0.0 0.7040785461886218 0.7785752265327606 0.012258947398402498 0.006600971676062883
0.0 0.859437129564531 0.7507568458979238 0.006129473699201071 0.00942995953723269
0.0 0.7832902063013769 0.6807393963339704 0.010372955490955604 0.010844453467817771
0.0 0.6937055906976657 0.8108728379477824 0.005657975722339614 0.00801546560664761
0.0 0.7682022709223111 0.8662738482920396 0.013201943352126122 0.006600971676062528
0.0 0.7090292749456687 0.9351125548508239 0.008015465606647964 0.005657975722339614
