0 0.15667700959370873 0.8609653396270702 0.007769107913737638 0.011977374700345536
0 0.08869731534850452 0.7251167386155114 0.0045319796163469485 0.004531979616347001
0 0.22627526798760825 0.6893464709293445 0.0038845539568687928 0.004208266786607879
0 0.11589048663774172 0.5885609316082716 0.0034861381664207337 0.003735148035450848
0 0.11514345703065157 0.5795965763231897 0.00398415790448082 0.003735148035450777
0 0.07405682864069296 0.5080062389770498 0.003984157904480829 0.0029881184283606643
0 0.3810859971547471 0.5363933640464756 0.002490098690300471 0.004980197380600942
0 0.16681300485438735 0.5871913773286063 0.002739108559330603 0.003486138166420716
0 0.3597956533526777 0.48820995438916065 0.003735148035450777 0.002739108559330532
0 0.11280147067061357 0.38808188088333606 0.0019920789522404015 0.003735148035450777
0 0.12325988516987575 0.3567066373855495 0.0034861381664207337 0.003735148035450848
0 0.13583488355589338 0.3670405469502967 0.0027391085593305854 0.002988118428360593
0 0.12699503320532654 0.22971160418022302 0.0034861381664207337 0.0032371282973906543
0 0.1555066632092675 0.25760070951158887 0.0022410888212704805 0.0032371282973906543
0 0.21987571435353595 0.14442572403743018 0.003984157904480839 0.002988118428360611
0 0.5759598270665103 0.6378151454957893 0.00448217764254089 0.003735148035450706
0 0.6095761593855674 0.7984501450448619 0.002490098690300471 0.005229207249631145
0 0.6161749209148638 0.799695194390012 0.0042331677735109 0.004731187511571164
0 0.6167974455874389 0.8170013802876008 0.0029881184283606643 0.004980197380601083
0 0.6018568534456358 0.8343075661851893 0.003486138166420716 0.005229207249631145
0 0.5247882989808346 0.9576683222648912 0.0042331677735109 0.0034861381664208577
0 0.5148279042196325 0.4752353350438543 0.0032371282973907966 0.004731187511570951
0 0.5730962135726648 0.5463276526519342 0.003735148035450706 0.005478217118661135
0 0.6156769011768036 0.5494402760148098 0.0032371282973906543 0.003735148035450777
0 0.6389593239311135 0.5032489453097352 0.0034861381664205737 0.004482177642541032
0 0.4794685028384009 0.4106172750535262 0.0032371282973907966 0.00398415790448091
0 0.5159484486302678 0.11827968778927471 0.0029881184283606643 0.004482177642540944
0 0.559151660906982 0.18364477840966337 0.003735148035450848 0.003237128297390619
0 0.6106967037962027 0.1692022060059204 0.002739108559330461 0.0037351480354507415
0 0.6661013996553891 0.26818362894536607 0.003984157904480839 0.0034861381664207515
0 0.660623182536728 0.3321791652860894 0.001992078952240348 0.00448217764254089
0 0.7090556020630732 0.38733485127624606 0.0027391085593306743 0.004233167773510971
0 0.7281048571280152 0.3687836160335071 0.0024900986903006123 0.00448217764254089
0 0.7355751531147737 0.36193584463518064 0.0034861381664205737 0.003735148035450777
0 0.6784273881723767 0.37749896144955897 0.003735148035451061 0.0029881184283606643
0 0.7132887698365841 0.39891381018614347 0.003735148035450635 0.004482177642540961
0 0.7251167386155114 0.39953633485871853 0.002988118428360593 0.003735148035450777
0 0.7282293619783873 0.39455613747811746 0.0042331677735109 0.003735148035450777
0 0.741800399840525 0.4742392955677341 0.0034861381664208577 0.003735148035450777
0 0.7208835708420005 0.5029999354407052 0.003486138166420716 0.00398415790448091
0 0.765331832463865 0.4245618266962387 0.003735148035451061 0.0024900986903005416
0 0.6471766496091053 0.5161974584992979 0.0029881184283607354 0.0029881184283606643
0 0.6500402631029509 0.5209286460108689 0.0032371282973906543 0.003984157904480839
0 0.6601251627986678 0.5274029026056501 0.002490098690300471 0.002988118428360522
0 0.6490442236268307 0.5640073533530677 0.003735148035450777 0.003486138166420716
0 0.6560164999596723 0.5608947299901922 0.005727226987691125 0.002739108559330461
0 0.6786763980414068 0.5453316131758139 0.003735148035450777 0.004980197380601083
0 0.7109231760807986 0.5483197316041745 0.003984157904480981 0.003486138166420787
0 0.7227511448597261 0.5485687414732046 0.0027391085593306743 0.003984157904480839
0 0.690006347082274 0.5774538862806906 0.0034861381664208577 0.0039841579044807675
0 0.689383822409699 0.5857957168931973 0.003735148035450777 0.003735148035450848
0 0.7202610461694257 0.5820605688577466 0.0042331677735109 0.0032371282973906543
0 0.6667239243279645 0.6251392761999456 0.0042331677735107575 0.00473118751157088
0 0.6883877829335789 0.9718618847996042 0.004233167773510615 0.004482177642541103
0 0.8245961812930173 0.9782116364598704 0.0032371282973906543 0.0042331677735107575
0 0.8089085595441241 0.947209907765629 0.0032371282973907966 0.004482177642540819
0 0.8166278654840556 0.9489529768488394 0.003735148035450635 0.004980197380600942
0 0.8340585563161593 0.9830673289059565 0.003735148035450777 0.004980197380600942
0 0.8473805843092671 0.9425023542787472 0.003984157904480839 0.004980197380601083
0 0.8963110235736724 0.8641887504687956 0.0027391085593306743 0.00622524672575139
0 0.900419686412668 0.8630682060581605 0.002988118428360593 0.007470296070901554
0 0.9311724052378796 0.8994236469365481 0.005727226987691125 0.005478217118661064
0 0.8303234082807086 0.8339340513816444 0.003735148035450777 0.003984157904480839
0 0.8594575629572248 0.836922169810005 0.005727226987691125 0.003984157904480696
0 0.8605781073678598 0.8087840546096092 0.004482177642540819 0.003984157904480839
0 0.8668033540936112 0.7833850479685438 0.006474256594781309 0.005478217118661064
0 0.9040303295136038 0.7858751466588444 0.003735148035450777 0.004482177642540961
0 0.8958130038356122 0.7782803456534276 0.003735148035450777 0.0042331677735109
0 0.8320664773639188 0.7186424820207301 0.0037351480354509193 0.003984157904480839
0 0.9078899824835698 0.7208835708420005 0.0024900986903006127 0.005478217118661206
0 0.904403844317149 0.7121682254259488 0.0034861381664208577 0.004482177642541103
0 0.8902102817824361 0.6819135263387974 0.0029881184283607354 0.003735148035450777
0 0.7861241565278744 0.6611212022747881 0.002988118428360593 0.004482177642540961
0 0.7838830677066039 0.531013545706586 0.0034861381664208577 0.004731187511571022
0 0.8285803391974982 0.5377368121703974 0.004731187511571022 0.0027391085593306743
0 0.8375446944825801 0.34438064886856196 0.0042331677735109 0.002988118428360593
0 0.8583370185465895 0.24191308776269557 0.002988118428360593 0.0037351480354508126
0 0.8565939494633791 0.24714229501232665 0.0034861381664205737 0.0037351480354508126
0 0.8443924658809064 0.21352596269326965 0.004482177642540961 0.00323712829739069
0 0.837420189548065 0.20281853832497737 0.004482177642540961 0.0027391085593305676
0 0.8343075661851893 0.19559725212310589 0.0032371282973907966 0.00323712829739069
0 0.7901083144323551 0.18314675867160332 0.002988118428360593 0.002241088821270445
0 0.7822645035579084 0.17069626522010067 0.003735148035450777 0.0032371282973906543
0 0.7300969359961127 0.1645955234288644 0.003984157904480839 0.0029881184283606643
0 0.6614947170783333 0.15152250530478667 0.003735148035450635 0.004731187511570969
0 0.7709345545170413 0.11641211377154934 0.003984157904480839 0.0027391085593305676
0 0.7252412435500265 0.1185286976583048 0.003735148035451061 0.0029881184283606465
0 0.713039759967554 0.1233843901043908 0.0042331677735109 0.0027391085593305676
0 0.6771823388272264 0.11491805455736903 0.004731187511571022 0.003735148035450777
0 0.6679689736731146 0.1176571631166996 0.0037351480354509193 0.0022410888212704805
