0.0 0.29838472517206904 0.9128465458394817 0.012948513189562583 0.016932671094043172
0.0 0.23563423817649642 0.7888396310625159 0.01294851318956347 0.017928710570163098
0.0 0.26651146193622255 0.7958119073953576 0.014940592141802433 0.019920789522403837
0.0 0.3362342252646373 0.932269315623826 0.014940592141803322 0.019920789522403837
0.0 0.3895223372370684 0.7700094171149887 0.015936631617923247 0.019920789522404725
0.0 0.5852440942946897 0.4567550018751825 0.010956434237322732 0.02490098690300524
0.0 0.601678745650672 0.4522728242326419 0.011952473713442657 0.029881184283606643
0.0 0.7246896209515183 0.5976945877461923 0.0229089079507645 0.021912868474644576
0.0 0.32129363312283443 0.3357362055265778 0.014940592141803322 0.015936631617923247
0.0 0.437830251828899 0.34768867924002 0.0229089079507645 0.01593663161792236
0.0 0.4423124294714391 0.2351362184384369 0.017928710570163098 0.015936631617923247
0.0 0.4672134163744448 0.1335401918741752 0.025897026379125165 0.021912868474644576
0.0 0.6161213180544154 0.14350058663537757 0.014940592141803322 0.017928710570163986
0.0 0.583252015342449 0.11312138261371052 0.014940592141803322 0.016932671094043172
