0.0 0.04744929350282412 0.7207530721403337 0.010358810551650777 0.01513980003702713
0.0 0.23390788343252744 0.9482484884861894 0.011952473713441946 0.017530294779715662
0.0 0.3701660837657716 0.9582088832473914 0.010358810551650065 0.011952473713442657
0.0 0.4446698365795633 0.8103966249911526 0.011155642132546006 0.01434296845613119
0.0 0.531524478897245 0.05818761262517143 0.012749305294338598 0.011155642132546361
0.0 0.5139941841175297 0.26297332891548597 0.006374652647168943 0.014342968456130834
0.0 0.6689779266018341 0.4394715240839874 0.008765147389858185 0.01354613687523525
0.0 0.7299355428096487 0.3801075713072228 0.007968315808962245 0.014342968456130834
0.0 0.7538404899672759 0.35819470283257804 0.011155642132546006 0.011952473713442657
0.0 0.5709676421516054 0.4079966766385887 0.011952473713443369 0.009561978970754125
0.0 0.6825240634770691 0.4765241925956591 0.011952473713441946 0.01434296845613119
0.0 0.7203735635696364 0.47851627154789933 0.009561978970754125 0.011952473713442657
0.0 0.7303339583308393 0.46257963992997586 0.013546136875234538 0.011952473713442657
0.0 0.7737612794896801 0.717565745816749 0.011155642132546717 0.011952473713442657
0.0 0.7068274266944016 0.8095997934102567 0.011155642132546006 0.012749305294338598
0.0 0.8490618638843681 0.5585978454279639 0.011952473713443369 0.00796831580896189
0.0 0.47096527874913685 0.8518318671977532 0.009561978970754125 0.009561978970754125
0.0 0.480128841929443 0.8669716672347804 0.010358810551650065 0.012749305294338598
0.0 0.5124005209557371 0.8876892883380805 0.007968315808961535 0.009561978970753416
0.0 0.4769415156058582 0.9996228548317718 0.011952473713442657 0.0007542903364562648
0.0 0.4992527998709512 0.994863135968615 0.018327126360611602 0.008765147389857475
0.0 0.5717644737325017 0.9450611621626045 0.011952473713442657 0.01593663161792378
0.0 0.6749541634585554 0.9546231411333583 0.012749305294339309 0.011155642132546717
0.0 0.7128036635511237 0.9554199727142546 0.008765147389858185 0.012749305294338598
0.0 0.9084258166611324 0.8992433462610752 0.011155642132546717 0.01513980003702713
