0 0.3313445366924388 0.1875635941376074 0.00271371859333982 0.004909467449709268
0 0.3082864975110421 0.21314608995761802 0.002784768371859272 0.004686068437495798
0 0.46263582641966144 0.04170619250613315 0.0024528403091369456 0.0052740489305513095
0 0.5144578554325239 0.042310251747290445 0.0023092918188365986 0.003995305565079485
0 0.542450232211755 0.09381710751146906 0.0022566875483329193 0.00636117152279465
0 0.5787746739618 0.1338508131911261 0.0027525374092262213 0.004190704954103737
0 0.6465444653465184 0.07130024515422746 0.0035252228289600397 0.004988076037813851
0 0.6631548373202617 0.08833399417697478 0.00244973111842981 0.005730980979615908
0 0.8359851280398328 0.0967944507449335 0.0032162590735879347 0.0042846261379281
0 0.7359051696455208 0.07817568793889461 0.0031130767572153674 0.005788756780112596
0 0.7203367765250468 0.10324722913782937 0.0029185094598894066 0.005529558715331433
0 0.7942237076845813 0.1389301627227026 0.0027239421625634462 0.005875156135039656
0 0.6676079710814184 0.15861234457522197 0.002716230181320051 0.004953323326669576
0 0.6494926753349843 0.2288920449864802 0.0029985642412339074 0.005382818722430543
0 0.6492534281880773 0.2357763868262203 0.003221861578347216 0.0036263199814269243
0 0.5758206776621126 0.2800030529287097 0.0019761385641914584 0.004238597160577236
0 0.39044031684175273 0.2544628089863772 0.0013728026142031523 0.0027093569951701113
0 0.3908216509012536 0.29605143886223845 0.0022574976322452043 0.004605906891789182
0 0.8374866787684015 0.2704667921155375 0.003176552586118788 0.004906353705925071
0 0.30828804286716804 0.48463566966253424 0.0025275704627864214 0.004331106303132444
0 0.8396044883564769 0.5329340843755893 0.0025900163212786253 0.004531816107423908
0 0.79473773454398 0.5520577587219146 0.0023137544665634427 0.004169281817199494
0 0.7204600791973568 0.5264344023639735 0.004531281421777891 0.0043851128019396415
0 0.6462571089728745 0.586100000703908 0.002287394083969085 0.00487554180465176
0 0.5470100318903709 0.5268069703699518 0.003231828498252014 0.004536191257706861
0 0.47006070812245204 0.5954824311812918 0.0024116112408221115 0.004085276104076172
0 0.8464226449647074 0.6327378953244162 0.002497834339694548 0.00448956141178297
0 0.8427663326007074 0.5930710624966148 0.0021112647395040087 0.005545928802791451
0 0.8238459751561716 0.5991450021893521 0.003242563725676431 0.004257064695997926
0 0.7929999872473619 0.6304434941154201 0.002352265640229092 0.005243204632350427
0 0.7138400403744524 0.6323995152658967 0.00402190288953662 0.004185284876787918
0 0.7601369703656087 0.6674891115063113 0.003523354249220887 0.0043099670562070005
0 0.8041124200988078 0.6863821177800952 0.003988702923646201 0.004782292213051704
0 0.817142182982719 0.6862049958462758 0.002792092046553034 0.004191885766995821
0 0.8443017658688683 0.71726899794119 0.003120268550614327 0.004758568769139231
0 0.5414073568449035 0.6284293649592037 0.00283663543838351 0.004187872181883421
0 0.347335340246722 0.7061430810746052 0.0018227273516767185 0.0028894654071885384
0 0.3476783265763386 0.7095895518614926 0.0016855328198300866 0.0033072194419625587
0 0.33204432848562215 0.8943897553649256 0.0031287769409235012 0.007601563994241331
0 0.33855524277992854 0.919533728547098 0.003092813987579461 0.006643383658832817
0 0.3341677624719669 0.8575394608461627 0.002373554920700656 0.006962777103968989
0 0.3398499091003107 0.8335849524609483 0.0023016290140126473 0.0061962328356422345
0 0.34537022243860677 0.8152837080546448 0.0028410733141718937 0.004854780366070059
0 0.3522241920311368 0.8271943985433938 0.0032583098008845466 0.004078828455322849
0 0.34848399108507466 0.8077458324125266 0.002358395665402142 0.0052363338277793044
0 0.34088126821634424 0.7928360608292185 0.0030410891474922153 0.0037481126346207818
0 0.33655127402736257 0.7489558639943803 0.0027674745357531803 0.0029313733634592156
0 0.3586954002724512 0.7406719405820891 0.0018465404824449649 0.004280536374081407
0 0.38451787526412856 0.787301528950465 0.0030925568015269535 0.003913841183684212
0 0.38952685763231787 0.8087918474143398 0.0025900163212787676 0.0042571605857618525
0 0.3928513561939592 0.8328242055597707 0.002512702401240607 0.003982505064100294
0 0.38568049011041877 0.8655082126375543 0.0020874758410305816 0.005355782672410214
0 0.35204385123253246 0.9274323906784591 0.0028352695255257033 0.0037918927325105755
0 0.3930924169944642 0.9351936767769881 0.0027070568378503167 0.003617307042030599
0 0.42074032361201597 0.9259767992477508 0.00219253422338042 0.004645196907583511
0 0.41143036782108633 0.8773087795913287 0.002641607498048728 0.004175985098736561
0 0.4285210877376405 0.8688173746562952 0.0025979924792748615 0.003271973483396381
0 0.4617556832846678 0.8248591612755868 0.002447660900484081 0.0043080993308907975
0 0.5193859939795091 0.7118331664306788 0.002527570462786386 0.00401419608582998
0 0.5139145473306538 0.7163227278424625 0.0022896814780535377 0.004331106303132515
0 0.45405163365004675 0.9132644417387688 0.0025208262286365367 0.004409739908487609
0 0.460372796390037 0.9057678838943397 0.002711797912624192 0.003934844841419789
0 0.48297196545429694 0.9052277596226219 0.002500017336153206 0.004361323763231013
0 0.4771013890310084 0.8963068701069219 0.0030803785034745346 0.0038062461933654392
0 0.47978011270785037 0.8755952180654221 0.0023214446692860543 0.00396483978475767
0 0.47194523694901086 0.8543040284212833 0.002544660502870357 0.0034097622148897243
0 0.47377974599153533 0.8216451873580874 0.002119819892579642 0.0046155292874162515
0 0.4888533412235195 0.7415160573506608 0.0013793389850501824 0.003208374494611519
0 0.4904354570880014 0.7636119315852727 0.0024682412256064623 0.004057001176199719
0 0.5055756504805587 0.9341918411492616 0.001640247691876009 0.0026601219024934134
0 0.4985550095385392 0.8568570558313786 0.003042989451189584 0.003062871371281365
0 0.4984078611109475 0.8325004499745015 0.0022991475853432063 0.004804504111813657
0 0.5322941110206543 0.7360652060505055 0.002593918276945075 0.0033008316047278188
0 0.5035996852417626 0.8419570883266491 0.00129582179417703 0.004785082387444248
0 0.5078598415967843 0.8320289141155439 0.001909632117734432 0.005148506366237626
0 0.5259221068308371 0.8967850220881336 0.002697108866036757 0.0035930262083542176
0 0.5448800918860462 0.9083322817654178 0.0026286732812979352 0.005767765954903013
0 0.547933991727554 0.9036631378971627 0.002242103681106968 0.005218454911579045
0 0.5528525137129554 0.9245934817351043 0.0025127024012407163 0.0039138411836843546
0 0.5346779202410356 0.8452423643798898 0.0019408087908264803 0.005382679811955313
0 0.5605774679405079 0.897709590552509 0.0019520640903100172 0.004503021206063096
0 0.5587973594625057 0.8846860612491851 0.001368980011386185 0.003197145056304862
0 0.5572002161158884 0.8691281229822369 0.0017746037184635805 0.0052235045990335046
0 0.5488125969643974 0.8532025153114859 0.001875013002118499 0.003928241263665383
0 0.5461614073682549 0.8159339276229851 0.0020336274013179082 0.005657451688040161
0 0.5578655482620969 0.8271029447165279 0.0023080774360408896 0.0036776631030268447
0 0.5539546300940839 0.8163811159682982 0.0022175173082990794 0.0036415633854656447
0 0.5621587165380036 0.8111632685420763 0.0023407201519528797 0.003312043143845358
0 0.5537129378611411 0.8052147375465162 0.0017801170185338577 0.0043080993308907975
0 0.5461454751132511 0.7891628193397104 0.0011263318112632703 0.00202766655973889
0 0.5466401478681978 0.7874730972065948 0.0012024353120244058 0.0033524087121017485
0 0.5771454394726415 0.7345271070433452 0.0019923202471374426 0.003063465433923085
0 0.5882602419574523 0.7168077252333933 0.001744781246477345 0.0047398659156384325
0 0.6405976839755249 0.685348458244618 0.002801338727003397 0.0037465136434445866
0 0.6215156237057023 0.712188716143357 0.0020762863506025298 0.005327074086772541
0 0.5764947287231481 0.9219426145879852 0.0023580745611641875 0.003501857901191272
0 0.5800670135663917 0.912886290124259 0.0024353884812023095 0.003570521781606715
0 0.5847638342087106 0.9223619056216 0.002319417601145233 0.00439448834659288
0 0.5867933246097127 0.9330048070860048 0.002744644161355083 0.004531816107423908
0 0.6067408378485211 0.9334936537005751 0.002783301121374109 0.003295866259944802
0 0.6155352962528631 0.9323606996737192 0.0024353884812023095 0.00514979103116346
0 0.6181059840941316 0.9309728462040926 0.002010161920992459 0.00476695947130305
0 0.6006325162965452 0.9157701731017107 0.0019715049609733627 0.0049437993899168475
0 0.5943096719328799 0.8898751531923547 0.001983029894346302 0.003357219734400587
0 0.6221750336468008 0.9226774441544354 0.0018803933473928668 0.005419658634401306
0 0.622838545269881 0.8990250026275928 0.0023480964204834007 0.004736301739500987
0 0.6124711025997808 0.8949956115954798 0.002149105198408634 0.005160448163933893
0 0.6107807979064472 0.8793427846299712 0.00272189387473702 0.0036080042041274395
0 0.6189871048123705 0.8964808045995771 0.001421884859937208 0.003535844120044942
0 0.6226241636725786 0.8890023267831486 0.0015728785195577189 0.0033310731686465546
0 0.6315621009116001 0.8629807126110194 0.00247640361159867 0.003678893502191727
0 0.61820395949681 0.8544632743939878 0.0019972722338065852 0.00471858079628916
0 0.6127549327628421 0.8294276575384205 0.0015863496875235937 0.0036305383735280826
0 0.6294826988763429 0.832392525517984 0.0027362494250663468 0.003302732647986057
0 0.6297019959777158 0.8278732491245111 0.0016891525543158536 0.003250361203101164
0 0.6372227416279356 0.7728184068123488 0.0017921958035761775 0.0029224311819562843
0 0.6505218558465816 0.9080567964544133 0.0012756796806299064 0.0036391856620221572
0 0.6523000760074595 0.9072671618296348 0.0011210518405533776 0.00274655521662055
0 0.6579496008007323 0.8873673782124283 0.0019427186147753161 0.0031902943662949212
0 0.6634845160994316 0.8845351781117379 0.0020160287511816932 0.0032554024145866832
0 0.6641348532415964 0.8712433482158503 0.0027491301152478796 0.003841374849212542
0 0.6605243290235708 0.8697784171292864 0.002639164910638101 0.0035158346077535894
0 0.6667727484433431 0.9129895153293444 0.0030639413035383036 0.004174901688509554
0 0.6676894843867514 0.9004778575878433 0.002598029502821245 0.0033473324188927588
0 0.6509761441247042 0.8068634233205924 0.002258806288496231 0.0032438844198469496
0 0.6533477040204646 0.8235198157437938 0.003220000453813725 0.004438999732422105
0 0.6525066591258118 0.8276600366480722 0.0024029854132938057 0.0036707113171952697
0 0.6567265205102218 0.8470801643457844 0.0017630547381007231 0.004543801814359919
0 0.6620781829789802 0.8342022686689654 0.002801913413460824 0.003892159126879875
0 0.6722853412436328 0.9212554117164672 0.0019599078729676477 0.0030170909054575644
0 0.6863313476665676 0.931899263911524 0.002743871022154707 0.004177510484479825
0 0.6998060100643224 0.93171683805801 0.0017345178273804151 0.0033890041296812967
0 0.6918341169235274 0.9203071782613185 0.0019513325558030204 0.005314574657909361
0 0.6970593518785109 0.9143379096238116 0.0022548731755945538 0.004929460552263976
0 0.7019160017951762 0.9160324116886523 0.0022548731755945538 0.003080912845164789
0 0.6861056539035788 0.9112731370558572 0.0025443415804164717 0.0038547404505916917
0 0.6858720432094576 0.9170452864889532 0.0022370968695693706 0.0030044381794091636
0 0.6878800057233982 0.895031825382066 0.0024007868844158507 0.00348902498253949
0 0.6863249505823563 0.8697363942586529 0.002455350222698058 0.005427372195061651
0 0.680910948665883 0.8846856389101067 0.0013411107270083278 0.0029114910338292077
0 0.6903906081924793 0.8383991066876937 0.001698176248745682 0.004155876021214482
0 0.6919755726913088 0.838399106687694 0.0016227017488011823 0.002681210336266596
0 0.7108979869338495 0.7161697116574337 0.001653173967981303 0.0028474443261482917
0 0.6998257877331022 0.7600564134752212 0.0022062504903324247 0.004075574192862776
0 0.69411004459249 0.7909056006450672 0.002779427826232137 0.0032123791293214767
0 0.7033066849962407 0.8358352423061425 0.0022927751438477626 0.00589602126802518
0 0.7044808283406212 0.824987099590439 0.0030456266836186787 0.0062607236145011316
0 0.7082445588056914 0.864617309839698 0.003638526379495204 0.004872018136434803
0 0.722937309212645 0.8899327242946353 0.001932848000954266 0.005123381846388355
0 0.7341353403107068 0.8789479535080027 0.0023415990669643717 0.005930757226942383
0 0.7214265005829364 0.8008298513796498 0.002227733929863973 0.004358413850641369
0 0.719993920332353 0.791768958274733 0.0021631619318968377 0.0036128956919790766
0 0.7434279822268107 0.7655299033493468 0.002409378267451103 0.0041249389788729374
0 0.7581167810628441 0.7628738705537796 0.0023795685902759088 0.0034258314548974056
0 0.7740685488517219 0.7655320774344188 0.0029502240559514804 0.003992604876116701
0 0.8095676129711775 0.7458189516066005 0.0018123199280682912 0.004281725815623645
0 0.850072435178117 0.8264441410488588 0.003479126401717707 0.003570521781606715
0 0.8471866072982743 0.8070752504039518 0.0028219580813932054 0.0042571605857618525
0 0.842760385376089 0.7983549375911815 0.0030925568015268824 0.0041198328249308245
0 0.8080970560353035 0.7811320775955036 0.0027632282184031 0.00365606732715122
0 0.814976930375001 0.7859650981033133 0.0023684813300599216 0.0032053193005161518
0 0.7550198218860887 0.7823863643652602 0.0025183079207157276 0.0032688103879809204
0 0.7306128922328267 0.9162457348343369 0.0024086259704198198 0.004067014455380474
0 0.7348948939580179 0.915057321519453 0.0021707369856869716 0.003169102173023788
0 0.7402473961145065 0.9164834174973134 0.001932848000954266 0.004859289998636456
0 0.7430586623336434 0.8877937803063253 0.0023946744286271835 0.004120584619597736
0 0.7362314280450599 0.9002480478187753 0.002806259096047512 0.003256591070327204
0 0.8144531072334666 0.9254644560711727 0.0018839405640223106 0.0047207054846720095
0 0.7365648601853291 0.8451388172383973 0.003047851642787407 0.003985087317079774
0 0.739485718009667 0.848221620634629 0.002201226186457319 0.0036843260101304055
0 0.7434006475667755 0.8164917580409343 0.0023282200049067115 0.0037595163368676766
0 0.747295124665892 0.8213415341154935 0.002412882550539669 0.003533945356655613
0 0.7375106096438903 0.8954675913283836 0.002216640994997192 0.005106156533142183
0 0.7399794108969553 0.89524911308445 0.002836150843094174 0.0037955070271254955
0 0.7731354941894969 0.9270148067091557 0.002412194305190953 0.0037490478706870166
0 0.7907979798665461 0.9314117655712647 0.002668488965200595 0.0030079918310784138
0 0.7481384906746129 0.8575662395623703 0.002702983834901573 0.004801136941785415
0 0.7575570225340321 0.8231972039837473 0.0025732108838465704 0.0040166138614266345
0 0.7606955600514511 0.8184880704910402 0.00222231849059483 0.005540157050243408
0 0.7720690484569402 0.8220163108349481 0.0018227091736536937 0.00487980281200706
0 0.7637347533904812 0.84820623416898 0.0018661459459962985 0.004761136716779645
0 0.7576891840006539 0.8717701595976862 0.0018322160197051574 0.004941939376910653
0 0.7586731518630881 0.8836127338362583 0.0021715152826133986 0.0043995313965177725
0 0.7676306524038686 0.8836127338362584 0.0015607766093785357 0.005002206930287372
0 0.7743093117723869 0.9096360534667914 0.00186962641743861 0.005937362329415663
0 0.7762849609365569 0.9069387054349737 0.001408399413463144 0.0036996226606785853
0 0.7778222983244919 0.904507524829385 0.0018646414769793295 0.002783525620891254
0 0.7792718996279037 0.9164820062105499 0.002036864665437861 0.002523445620775817
0 0.7738108179458004 0.8912767775435548 0.0019174580566098597 0.0027100374282643712
0 0.7773642993268345 0.8846441096912747 0.0025359929135818915 0.0033692357216258974
0 0.7770034873269343 0.891584002835274 0.0024329037707525457 0.003259369339399143
0 0.8383844068306239 0.9078158916704012 0.0022117179962683055 0.002429487463468405
0 0.8402032538670287 0.9086687968437466 0.0016587884972011579 0.0022744137955874066
0 0.837937060735523 0.8674822387693277 0.0021275239054650962 0.003915574148341666
0 0.7959863510553291 0.9178879835807262 0.0024835290152509515 0.004354043367001879
0 0.7958097812701204 0.9123439555198423 0.002160992779504198 0.004239463278396869
0 0.794068085597087 0.9024900678997848 0.0022255000266537196 0.004124883189791433
0 0.8098544795476382 0.9080178266551229 0.002091932556379419 0.003715765720264699
0 0.814327114897423 0.9069291363214446 0.0027839562990349975 0.003914762485835581
0 0.8164676835539662 0.9007559419712047 0.001420977694299097 0.002884561831668435
0 0.8023449662566208 0.8936256260475929 0.002870646578829081 0.004293848865434313
0 0.7832694623347755 0.8842580501906232 0.002477008252464259 0.003705053472257731
0 0.7948502766647372 0.8804278822370368 0.0019406211219704518 0.005170501376143477
0 0.7888803633559376 0.858734377242584 0.0021016473208530597 0.004922753361274929
0 0.822265355473925 0.881762394583426 0.0027124458843114495 0.00436150699513405
0 0.8280918769590591 0.8669776154972995 0.0019943017082037786 0.004239206099317699
0 0.8137784008744683 0.8629749967843128 0.0020150262896038384 0.005225576589782008
0 0.8194407623240137 0.8567830464416238 0.002216253767044313 0.004724493903090374
0 0.7976200201489217 0.8395358757652978 0.0022008102428732455 0.003720005361425507
0 0.7906943251613257 0.8311059435869538 0.0021298163640707914 0.004728820374693612
0 0.7942972645105456 0.8196937237493603 0.002378294939879169 0.00472882037469347
0 0.7951669395258745 0.8153432090046421 0.0032657184249087834 0.0038461072380840734
0 0.7990893513297052 0.8142713430530449 0.0023782949398793106 0.004350514744717913
0 0.812943021911627 0.8223473331382251 0.0029479288781931244 0.003966831153604176
0 0.8169405921328131 0.8154847152424898 0.0021886138641130514 0.005474226991973836
0 0.8230081440846351 0.8001098436819677 0.002322610631303661 0.004284177645892697
0 0.8353671223897853 0.8238471868323545 0.003426663178191916 0.004623157706306028
0 0.8322506884036812 0.8282385378491947 0.0021649581557743147 0.003266587489756176
0 0.8350092641182971 0.8282385378491947 0.002048562556001485 0.00409357166437772
