0.0 0.943160750540736 0.19456655594744934 0.007404014293003058 0.007511221773798482
0.0 0.7054722534315416 0.14840447800884604 0.01450010054968942 0.007900054782244226
0.0 0.4680227487131983 0.25589578251813433 0.007319661068701322 0.008783593282442936
0.0 0.15043210204918686 0.14907568255711628 0.01034185119440636 0.008172232062712581
0.0 0.937599959191558 0.3357833573673116 0.00752725004873298 0.009445960845468804
0.0 0.6842881291982476 0.339307251721217 0.012870089246516869 0.007540052285838072
0.0 0.8324383051699478 0.4025233524480889 0.011274733597506525 0.007764675024698064
0.0 0.9731597443161849 0.4365602840632027 0.0127638493556681 0.008615598315076056
0.0 0.13250354190369115 0.33215477780931535 0.00907723340282729 0.007544713477674492
0.0 0.06203518073442922 0.4824119388977698 0.008088225480916122 0.007231825135878012
0.0 0.0445265514580921 0.49050016437868643 0.007326980729771293 0.007802758699237344
0.0 0.01784208153778799 0.8830049888204666 0.005248792614003151 0.004792375864960974
0.0 0.00012240682261435153 0.743681539646218 0.00024481364522870307 0.005517954204823994
0.0 0.10334115526609366 0.5260674727753638 0.008300538486223984 0.005946654437892463
0.0 0.011518992773640236 0.7168383169384788 0.004146629741366326 0.008620624988629899
0.0 0.025151493109709832 0.6989520905862847 0.006110822776750524 0.009275356000425106
0.0 0.08295074185867861 0.8156142663556534 0.008630748371317765 0.0064730612784877906
0.0 0.14361629403534798 0.8364173763680107 0.008411754500153279 0.010390990853129977
0.0 0.1533887735281727 0.8280056218678571 0.007174731779542043 0.009401372676641272
0.0 0.1691280438814573 0.8657129444383986 0.008040647683970548 0.007051029507481132
0.0 0.11096934477131377 0.7227569470781452 0.0062105881306450785 0.009697234098725716
0.0 0.19384789740962524 0.8172799342297544 0.0062466050889923965 0.00811247414154792
0.0 0.1881515502800184 0.7938172322192351 0.004380736036435451 0.0057598566404990946
0.0 0.183040691570843 0.765788634060186 0.005678731899083545 0.00941047000419637
0.0 0.1562003102860718 0.7370976564908489 0.006000041606779405 0.007076972151572036
0.0 0.14771650357841573 0.6699559664832841 0.0065076076842174755 0.010192252806734813
0.0 0.18516975443871003 0.6900776488408698 0.007385847795330846 0.006625539934046643
0.0 0.17265481630106833 0.6707616042366373 0.007096055386556799 0.00656050403662789
0.0 0.19890789292161165 0.6613613259828345 0.0074903044862495 0.005966852726333727
0.0 0.1718814011556514 0.6506446756111455 0.005696374459308373 0.00776131020080797
0.0 0.1476655203624034 0.6217261417166972 0.003604261796042607 0.003652968036529458
0.0 0.149248473178233 0.6186820016862559 0.003847792998477928 0.006039573820395816
0.0 0.24686540631245285 0.5232964912827767 0.006375424790839901 0.005519024445802145
0.0 0.2824327742638474 0.49137391749078513 0.00558329998872722 0.008539164688642487
0.0 0.44991258872167955 0.43469808180631964 0.008964283926410844 0.0067495784857680265
0.0 0.38884999585824753 0.4830524839270165 0.0066441163219280956 0.00959705690945114
0.0 0.24478313191407394 0.8609372415936672 0.007545838595725485 0.006308815875114959
0.0 0.25621444341245336 0.8446217070519854 0.007793243139847306 0.0064325181471758695
0.0 0.2712442694678739 0.8616926205964137 0.0074221363236645745 0.007916945411908927
0.0 0.27773863875108057 0.8808664727658805 0.00878286131633601 0.008164349956030747
0.0 0.3415706811152674 0.8817471604949425 0.00890656358839692 0.005937709058931517
0.0 0.3697129480091618 0.8797060730059346 0.007793243139847306 0.009277670404580362
0.0 0.3779391491012213 0.8772057682395605 0.0064325181471758695 0.008587975422519633
0.0 0.32202405214894475 0.8498172024785507 0.006308815875114959 0.00890656358839692
0.0 0.30179095018521557 0.8031657056731014 0.00634569566190848 0.006048241177756352
0.0 0.39096010766976264 0.8622610829844749 0.006017258711656837 0.009763853758538943
0.0 0.3930833448636193 0.8196497312962727 0.007513908545546855 0.008532743602570036
0.0 0.35990752831929845 0.8123905315149816 0.006877136634907544 0.009296869895337068
0.0 0.3544985533006312 0.7841909854349325 0.008710060399158693 0.00650004507399835
0.0 0.38075873539958566 0.8150661995364257 0.004550031551799094 0.006370044172518163
0.0 0.3923973237522514 0.801593254345266 0.005033211262584558 0.006001136505389759
0.0 0.4209987229171205 0.7547136900632896 0.007924491557115942 0.006627756575042198
0.0 0.3782526703897918 0.7393689927754187 0.0063912711481812325 0.008500818215814832
0.0 0.3608157848410947 0.6942657642840608 0.005076319000075813 0.0065406417885590425
0.0 0.41434463640429725 0.6996071592534931 0.008755998160212641 0.005950079286137467
0.0 0.4150463871286906 0.691465400375877 0.005405288173810874 0.005855728854961839
0.0 0.43911277320939385 0.5922806610228722 0.005735026571444024 0.005264942426243024
0.0 0.48166993870906116 0.8359210723624038 0.004082174978015729 0.0065562204192367805
0.0 0.4873602432238705 0.8344984962337015 0.0035873658897706663 0.004948090882442813
0.0 0.5054387225623433 0.7986477923108279 0.006216699567281126 0.005747514694278344
0.0 0.5231504515181811 0.7935454068169279 0.0064512920037813615 0.005864810912528995
0.0 0.5252315303731084 0.7695993445201177 0.00879721636879296 0.0069204768767843206
0.0 0.5136778528754267 0.76696017960948 0.008445327714041894 0.006333995785531244
0.0 0.5336727950186979 0.8448076737105218 0.009804612171322447 0.007521346323205336
0.0 0.5366063500376044 0.8222671403105988 0.008313694409027761 0.006030428560911361
0.0 0.48312366119905337 0.6536148860760047 0.007228180123188111 0.005844060525130601
0.0 0.4907126528654867 0.6836224180509285 0.010304001452203693 0.00799713545544165
0.0 0.4880213092025979 0.6910812847737926 0.007689553322540376 0.006613015857384497
0.0 0.5015248656327099 0.7260678585792022 0.005641775161922169 0.008185942956182756
0.0 0.5186501855327368 0.702867524648933 0.008966122923074948 0.007011967927019569
0.0 0.551313091979625 0.8596992026704481 0.0062717051934967575 0.005435477834363667
0.0 0.5962603125330161 0.878874767640605 0.008780387270895317 0.007526046232195683
0.0 0.6393792322058317 0.8785461160638836 0.005550457047617386 0.006105502752379266
0.0 0.6138691741552875 0.8579909008364066 0.006244264178569381 0.009574538407139954
0.0 0.6305899260112348 0.8472368903066482 0.007215594161902317 0.008880731276187959
0.0 0.6461312057445638 0.8502896416828378 0.007215594161902317 0.005550457047617386
0.0 0.5955380924914522 0.8417155109771925 0.008141893057332794 0.006944555843018918
0.0 0.5947905382702643 0.852114398940255 0.007158709982621758 0.005412683157592113
0.0 0.6012160183148744 0.8124557729148784 0.0076825180301305805 0.00628569657010658
0.0 0.5962398418635402 0.7668844727816044 0.007857120712633758 0.00977775022016587
0.0 0.5789150357308255 0.793816471348989 0.00429155432642645 0.005245233065632959
0.0 0.6092499462159339 0.7104283906420482 0.005434163995985841 0.007487070394469342
0.0 0.6143218326121882 0.7104283906420488 0.005192645596163459 0.004830367996430241
0.0 0.6748735581883185 0.49022449615784536 0.005290156697540027 0.005129848918826596
0.0 0.6394425207459271 0.5692891324014532 0.0070600015690637005 0.007342401631829176
0.0 0.6211521426959681 0.6248658711621289 0.008894169043942668 0.005787301775168174
0.0 0.6505813919879703 0.7058094287171597 0.007336880460312755 0.010622050815676687
0.0 0.6543386506899879 0.6862658216059003 0.00974600538757997 0.011279084886749757
0.0 0.6663825881782124 0.7576621222580808 0.011643284414384425 0.00877724517392089
0.0 0.713399389480464 0.8032694236120541 0.006185113603053338 0.009230092607634077
0.0 0.7492330889942618 0.7834796724917611 0.007493117014286099 0.01068462981666336
0.0 0.7085648018653966 0.6427450291261504 0.007128748575564714 0.007851954952796092
0.0 0.7039805450635296 0.6264212638918238 0.006922118182070136 0.00650885739508098
0.0 0.7789695431257944 0.5791499665028075 0.007710010455843274 0.00743133537912577
0.0 0.8259736994011011 0.5743649574195435 0.0076146194888828235 0.00617184948046372
0.0 0.8770193563255102 0.579153883252945 0.00944071697904505 0.007192927222128986
0.0 0.9906163615077681 0.5436394550037662 0.005799423769818191 0.007713796664709349
0.0 0.9859105793129711 0.6072582585431496 0.008842330298890033 0.006586633794070806
0.0 0.816063430035484 0.6095179345517892 0.00805858534629067 0.005888966214596891
0.0 0.7379612551450453 0.8506739566624851 0.007707603105343708 0.007326980729771293
0.0 0.7516636606656573 0.8485329557998895 0.006946358354198168 0.005709335633588353
0.0 0.7687916675664208 0.8511021568350039 0.006185113603053338 0.008754314638168382
0.0 0.7777877194676588 0.7994159823331142 0.00766295817160696 0.007423490728744042
0.0 0.7559405697441918 0.8218531236485124 0.008980029107352294 0.0058669523501365005
0.0 0.7570075525930531 0.7225704004310503 0.00975312525691976 0.00717938386967667
0.0 0.7663542976309344 0.7281242634245739 0.007043923796663165 0.0066375435776254935
0.0 0.7788820722136816 0.6709609328456206 0.0074503040157011926 0.006773003650638288
0.0 0.7913443989308544 0.6796981075549438 0.007721224161726781 0.006366623431599905
0.0 0.7600339508604488 0.8132408325025409 0.007093251183991356 0.009199060129238745
0.0 0.767934114870257 0.8128472302912044 0.009075682697901044 0.006837843128555931
0.0 0.8740335814063901 0.8700751127119635 0.007719021776610902 0.006754144054534806
0.0 0.9305535355729475 0.8779965089119817 0.008539164688642131 0.005419085283177338
0.0 0.7940431701587614 0.7449591784615828 0.008649548271684893 0.008649548271685247
0.0 0.8241824721089028 0.6830412128019697 0.00823427482830894 0.0072361809097262865
0.0 0.8342257921646435 0.6745574144940146 0.0071114191699031435 0.00998093918582903
0.0 0.8706209550622088 0.6809137599885862 0.005832669355692132 0.00879126975350637
0.0 0.84395121084954 0.7280965437450531 0.0059716670271882325 0.0085774853663235
0.0 0.8246053888020924 0.7705484281502066 0.005863091263056219 0.008903212658715631
0.0 0.827754085961882 0.7918835658018841 0.006948848904362847 0.007926030781538885
0.0 0.8564180876923796 0.7918835658018842 0.004994485150011485 0.009011788422845867
0.0 0.8777897976716382 0.8387662025737666 0.005982804535803865 0.010696529321587888
0.0 0.884111874996982 0.8339067615101946 0.004506878123081748 0.006665101449628707
0.0 0.8890313546383741 0.829526837700439 0.005966852726334082 0.005014695376387124
0.0 0.8936700788092917 0.851099614313694 0.006517966929401098 0.004546145001179269
0.0 0.8761946174265614 0.8056908195433106 0.00613586578115175 0.00488230180435778
0.0 0.8875657578458703 0.7937416538656871 0.008115177323462319 0.006069888729741635
0.0 0.8864111594461896 0.8062443051079231 0.007785292066407834 0.0058719575755112885
0.0 0.9471563233770531 0.8536325704196521 0.007947292848803045 0.007844081253364266
0.0 0.9465913000643852 0.843644657366216 0.006915176894413122 0.007637658062486707
0.0 0.9410178739106783 0.8258922629507062 0.007121600085292101 0.007431234871608438
0.0 0.9915343345524423 0.8358508658333698 0.006694184180414453 0.006694184180414453
0.0 0.9675038920211865 0.8099224169263664 0.009186069052253032 0.007735637096634207
0.0 0.9064622794712814 0.7930461435465446 0.007926426407885856 0.006674885396114405
0.0 0.9435208853271589 0.7861458565926617 0.006209987590305133 0.00931498138545841
0.0 0.9244171627390003 0.7470636515010927 0.006725271426729762 0.008868647852422029
0.0 0.9523840644765496 0.7124763511834192 0.0070425927771943005 0.006701822158943216
0.0 0.9302218405162421 0.6972893014933714 0.006815412365026674 0.008519265456283875
0.0 0.941751246433746 0.676729474192207 0.007610543807613368 0.008519265456283875
0.0 0.9445342064827983 0.6688917499724255 0.010450298959707994 0.006929002571110843
0.0 0.9570859242550565 0.6669607164690012 0.007610543807614079 0.007837724219780995
0.0 0.9983504919560489 0.6815101173568335 0.0032990160879023734 0.007146494250164892
