0 0.133680403664382 0.21873242294737302 0.003773322722090455 0.0031156934950698554
0 0.2066222086461238 0.20232597134392175 0.00330269278995452 0.0025136026967382463
0 0.24077018530130903 0.19675358509038646 0.004538586279241343 0.0020203676794015735
0 0.2555738344433878 0.20745936264263767 0.004098381478171156 0.0018932026619917152
0 0.1117463487828498 0.2428382214008863 0.0035094232474933307 0.0014438276570544416
0 0.14794483587546203 0.2702726901773035 0.004796388754646141 0.001563337751212366
0 0.185794065353803 0.2370652857143307 0.003433615878409988 0.0021933085501858684
0 0.11456936151371366 0.3229019225752633 0.0034666314157023943 0.002453531598513052
0 0.1308916759170597 0.3294059251012778 0.003070444968193531 0.002602230483271342
0 0.09915488865131745 0.4783211626320623 0.0027402895952694985 0.0010037174721190213
0 0.11222495666971596 0.4655540557547613 0.003895833400503612 0.0016542750929367856
0 0.1165382573878698 0.4217808860412963 0.003928848937796019 0.0018773234200744329
0 0.15526627629687104 0.6308343241536251 0.0024311678203723375 0.0011731877079616026
0 0.155787240829808 0.6323768487326116 0.0023153979241641487 0.0011297363113703795
0 0.18783515816343466 0.630757622017578 0.003697740176749207 0.0019888475836430074
0 0.1894831392461668 0.5675658196460859 0.0037307557140416133 0.002118959107806688
0 0.14030340603204777 0.519929090071052 0.003103460505485902 0.0020446096654274724
0 0.14637405766727352 0.4743194048327257 0.0029849338239015923 0.0015223196795714955
0 0.15032470537537856 0.47078050583735814 0.002668882007253188 0.0014036973668776654
0 0.1482879270014222 0.47195684377157243 0.002739115744286167 0.0017397939195102196
0 0.19305999939088608 0.3971951109603816 0.003301553729240361 0.0023234200743494425
0 0.20848646550491004 0.39189780872005914 0.0027402895952694808 0.0023234200743494425
0 0.19060525022745822 0.34033572048066246 0.003301553729240361 0.0020074349442379003
0 0.24632478956196582 0.43597777254460035 0.003461519896625336 0.0028525841862104377
0 0.2967362715162194 0.5653934000348466 0.0032685381919479537 0.0021003717472119375
0 0.3423863287800597 0.6123478043207797 0.00328014705923259 0.002368101114218604
0 0.3313148171700163 0.6022277443187447 0.0016832109768252935 0.001359640252573513
0 0.38292612805844023 0.5147275283961398 0.002557631233491406 0.0017216391885175853
0 0.38367673722479095 0.5162770036658055 0.0025020305545024966 0.0018781518420190224
0 0.4243818366527533 0.5055843260774004 0.003609383953986125 0.001552570551309671
0 0.441033701873222 0.48746598007999753 0.00192893251265005 0.0018300544887947011
0 0.3973008372874036 0.6394446096441119 0.002212040998591078 0.001282527881040849
0 0.4341513396168182 0.6276265080316964 0.0033015537292403964 0.001524163568773318
0 0.4947372247165391 0.6357128105622403 0.004173890657959874 0.0020928365168134634
0 0.6242044564366804 0.6406582952317238 0.0020469633121290797 0.0014498141263939602
0 0.6622357641024486 0.5971728094701741 0.004325035385304829 0.0018959107806691834
0 0.5708823207925264 0.5660038013127413 0.0048862995192757806 0.0018215613382898965
0 0.277946041009814 0.3106744301694741 0.002778515087929847 0.002234673476829769
0 0.29121039006358757 0.2947117915925063 0.00285746225685493 0.002308983144661916
0 0.31110046542233033 0.3076647098879547 0.00230959790260421 0.002074250692592976
0 0.35045938709674723 0.2468880083523641 0.0030924452753036745 0.0022024830999072976
0 0.3411569113589731 0.24360261674154507 0.002377118685053077 0.0010594795539034152
0 0.3849834867866753 0.19618569802676816 0.0032355226546555114 0.0018773234200743615
0 0.4101084247372254 0.21661177620714597 0.00333259082221481 0.0016448960693550532
0 0.38649598131316354 0.29223360275242055 0.0034889177169417705 0.0023801722147650394
0 0.3974172652892956 0.27762704387939124 0.00221846709165888 0.0014461769183547447
0 0.3995773516680161 0.2775174850219401 0.002179546616366537 0.001314706289413401
0 0.3966714839557721 0.26993205790099795 0.002112994386713842 0.0012639405204458991
0 0.40320226511073526 0.37453206040707615 0.003296685615833681 0.002501558975177147
0 0.4421042060677586 0.3853548456982773 0.00281754880903371 0.0009682286647115035
0 0.4704093955861097 0.4113817935349226 0.0022450565358835208 0.0012081784386617045
0 0.46328208768340784 0.20499870198591622 0.0026412429833923314 0.0019330855018587201
0 0.4672190331972423 0.21646614671525996 0.0037034752594321675 0.001626768518001427
0 0.47802415824741024 0.22789262388536838 0.0019479167002525999 0.0015985130111523917
0 0.4800711215595388 0.22788333020507082 0.0020799788494214513 0.0015799256505576054
0 0.5048872694442337 0.3374424915086419 0.0022450565358835208 0.0016171003717472133
0 0.5064389996969766 0.33787000080232216 0.001848870088374568 0.0017657992565055026
0 0.5141803636309269 0.27089203525184596 0.0033345692665326964 0.0013940520446097083
0 0.5397065176650533 0.20080152067508755 0.0024595802124819954 0.0014802124113474236
0 0.5834419916270799 0.19009876080617116 0.002938382819023957 0.00213754646840151
0 0.6102133427975087 0.18457196461283565 0.002756426100195455 0.002048422982154996
0 0.5978921181296352 0.18952232015304354 0.003362839842238543 0.001955312846602517
0 0.5994951125314987 0.2051992204017826 0.004244896194300907 0.0015828723043924597
0 0.5674356931932696 0.22605764419080374 0.004462922159667641 0.0019652797743156827
0 0.5932018966237124 0.22325722701137668 0.004907092124100174 0.00178594609188373
0 0.5723043524775625 0.2316069348157297 0.0026742585206846314 0.0013382899628252786
0 0.5747970255431389 0.2315232916930531 0.002311087610468263 0.0018029739776951814
0 0.5851897969046491 0.23428584493527402 0.002971398356316328 0.00092936802973977
0 0.5836050511146138 0.2352709750467982 0.0015847457900353135 0.0011895910780669538
0 0.6130701646973384 0.23590394228658082 0.003476196582574005 0.0020188597689728737
0 0.6493772446277813 0.210990333313742 0.003829802325918763 0.0018587360594795755
0 0.6685822024590092 0.18737780175926738 0.003202507117363069 0.0014498141263940667
0 0.6699028239507056 0.18983133335778038 0.003730755714041578 0.0013754646840148865
0 0.6675624856235232 0.21848996699743242 0.0042834861597037845 0.001520798880690819
0 0.6850525595066564 0.2014693442923422 0.0027114333344079 0.0021424634282977808
0 0.7047204807114568 0.1897669708533486 0.002661230062050066 0.0014220595756624021
0 0.72988797356698 0.1898666047039866 0.003565678027579651 0.0016356877323419994
0 0.7146659520940569 0.20006691283825184 0.003301553729240254 0.0019516728624535062
0 0.697073168547944 0.21018474573601545 0.003796786788626321 0.0013382899628252786
0 0.6160993670991726 0.25486940935163593 0.002331764689550644 0.0018390227681107847
0 0.6018655494452888 0.2610256414029375 0.0037637712513340915 0.0016171003717471778
0 0.5848797428744066 0.27384453176964146 0.004369050169971161 0.0016075361874694494
0 0.595052642260703 0.2709771302105413 0.0032355226546555826 0.0021747211895911177
0 0.6062296369185745 0.27558627934325075 0.00169301726145477 0.0014892951221140648
0 0.6505979545526007 0.2733037778889614 0.0031605181664841097 0.0018781866176531636
0 0.5214652081589619 0.3339846437097694 0.003717494033409281 0.0021487163917976917
0 0.5793562720678136 0.31914428112256454 0.0032025071173631403 0.0022862453531599415
0 0.5852266484356772 0.3138776739897758 0.004225988773427787 0.0017843866171003953
0 0.6034479104387773 0.2965167946541611 0.004661061958193807 0.0018556483782414595
0 0.614584698535754 0.29140887830526124 0.0027391157442860957 0.0012079705509327355
0 0.5221416187103352 0.40629004597943547 0.0035192276849609527 0.0018696623149406831
0 0.5392668745575742 0.41362916820077017 0.0032713947494002584 0.002371959653283042
0 0.5575495543334743 0.369965397797219 0.002608227446099747 0.0023977695167287294
0 0.5414813930933395 0.3552433353602775 0.0037307557140417204 0.0015985130111523915
0 0.5777860499495993 0.34359552794839177 0.003400600341117581 0.002249070631970298
0 0.5727889879307992 0.34616583149949176 0.002441851819405798 0.0015580318200576926
0 0.5320394901588794 0.3554816258793991 0.002709015571271962 0.0027678539628573163
0 0.5990276677356207 0.32748119332338205 0.004423917545612639 0.002704860078225977
0 0.6114492457603854 0.3440628153848492 0.0028596107949303475 0.002361226804173171
0 0.6253317540454296 0.3415127500098265 0.0027733051325618875 0.002304832713754692
0 0.6349277990355595 0.3070601653332725 0.0038958334005027477 0.002137546468401472
0 0.638539969582263 0.2963274737360774 0.003037429430901142 0.0017472118959107519
0 0.6483290763894607 0.29497989009295467 0.002608227446099818 0.00221189591078069
0 0.6549594925296199 0.30219568793512763 0.003326783896836929 0.0023837422613078372
0 0.6092347759250007 0.4101918109603319 0.002539932097933715 0.000967320474854958
0 0.610859585428826 0.40871980154207443 0.002129060729150183 0.0015140668302078097
0 0.6277949401516527 0.39185734417108137 0.002872351744439143 0.0022862453531597993
0 0.6481973073957477 0.3835690350874058 0.002079978849421959 0.0016914498141263584
0 0.6501122085587069 0.38368985293127195 0.0020139477748367086 0.0016728624535315361
0 0.6513610160468007 0.3732839699051081 0.002034876516171522 0.0019017153097763639
0 0.6561633246249656 0.36879317230611813 0.0026860370013464772 0.0014434706568182776
0 0.58641420308547 0.4506918640207917 0.0036152444458770108 0.002008559464029176
0 0.5584390160748457 0.6333123809368097 0.0026753691691149568 0.001017703709614211
0 0.6053054222873613 0.5253074224996812 0.002509180834222846 0.0022490706319702267
0 0.6890853283818827 0.5596366363842874 0.004164285911591605 0.0020276273885409778
0 0.6782158622500276 0.5492335688710471 0.0042768341794726435 0.0018375373208652946
0 0.67465968179231 0.5432680462024669 0.004452725079333391 0.0011864395911155158
0 0.6788574798632845 0.5443492371201771 0.0026512408869312763 0.0010142144891793236
0 0.6669044202958961 0.5158056293392332 0.003018563409591195 0.002097716409983974
0 0.6748517317727104 0.5185671800561742 0.0035373789956146596 0.0019915029208709
0 0.6793442030971412 0.4952788104089219 0.0033345692665326964 0.0016728624535315361
0 0.6691380967179212 0.4852588537065124 0.003947660441372975 0.0018788030771283806
0 0.6851650527833221 0.47834207265243367 0.0033361025090664497 0.002056120086693909
0 0.6887469733720039 0.47633537852936203 0.0031254012979674427 0.0015618604504694389
0 0.7025152748987867 0.4791413806101552 0.0032025071173632114 0.0024721189591077317
0 0.639184528430738 0.4192481544846258 0.0029911143927604657 0.002315448232628299
0 0.6817638820481331 0.43233204074670645 0.0034466131530106734 0.002263803284338337
0 0.6958578814790477 0.43799630268256395 0.0030186051551284263 0.0011134257666586933
0 0.6638065347039646 0.42974426344086153 0.0024761652969301907 0.0009665427509293778
0 0.6626509908987304 0.4304877578646533 0.0011555438052340606 0.001226765799256526
0 0.6530515922494121 0.4198196640564514 0.0016617302182004323 0.0015035378133949706
0 0.6767015741048696 0.42327780102725987 0.003738892990950546 0.0021383648901617393
0 0.672547248559369 0.4226930918776063 0.0029080278818506143 0.0013698900077599063
0 0.6881485042750367 0.4240978086146099 0.00270115842914052 0.002471170879784381
0 0.6861789095871217 0.4221018629040148 0.002363513625498115 0.0020909907444329433
0 0.6617580455541243 0.40063531255310747 0.0034336158784100236 0.0020074349442379714
0 0.6850069094584811 0.39106332777048136 0.0017828390137897543 0.0011338289962825598
0 0.6911415810541421 0.392700364999404 0.001489611818848715 0.001257950996434971
0 0.6826639373203998 0.39097376559253233 0.002672538851464026 0.0014059452313097865
0 0.6803502834344338 0.38346845450819805 0.0027727987692884952 0.0023164015424259068
0 0.6813482137115008 0.3773720251943347 0.0029516890124686767 0.0015610532133739242
0 0.6598961263798606 0.3527601632253831 0.003210685121507595 0.0024289330694461596
0 0.691365664332426 0.3501974813529825 0.0018818856256670813 0.0011524163568773815
0 0.6786178612767082 0.34424721189591084 0.003994880012380833 0.0018029739776951458
0 0.6840159016240162 0.3394237918215613 0.002641242983392118 0.0024907063197026247
0 0.6673750470683498 0.3342022098060231 0.0026412429833924025 0.00230483271375455
0 0.664437688009621 0.32885687732342006 0.0030374294309009997 0.002434944237918302
0 0.6822760753149487 0.33046483992205294 0.0030044138936086997 0.0017286245353159303
0 0.6788424594365386 0.3287269217064396 0.0012876059544038299 0.0013382899628253142
0 0.6802951430774045 0.32874550906703454 0.0015517302527428 0.0013382899628254883
0 0.6766230871971106 0.32287682725034555 0.003875686858995806 0.00197325646499614
0 0.6895372792613427 0.317007877054285 0.003070444968193442 0.002118959107806617
0 0.6820019538491797 0.3128717472118959 0.00396186447508839 0.0015427509293680685
0 0.6790470632615094 0.3097026022304833 0.0030044138936086997 0.002193308550185904
0 0.6891168021356927 0.30743494423791823 0.003730755714041578 0.001635687732342035
0 0.6912888830758817 0.298558152301953 0.003037429430901142 0.0021189591078067593
0 0.6861054437209746 0.29974774338002047 0.0031694915800707995 0.0011895910780671884
0 0.6798657710937961 0.29708404531311183 0.003466631415702466 0.001598513011152427
0 0.7033898571028167 0.33322575062144283 0.0024761652969301907 0.0017286245353159303
0 0.7138722901931548 0.32966627106754004 0.002179025461298985 0.0017100371747211796
0 0.7196578886187498 0.3552785711284974 0.00389583340050379 0.0017843866171003242
0 0.6781382295730082 0.26486483089582846 0.0012545904171113876 0.0012453531598513835
0 0.6841140418229331 0.2659243104497318 0.0029053672817315147 0.001431226765799245
0 0.6800201151986751 0.2655990316393229 0.0018488700883744968 0.00141263940520453
0 0.6805318560267072 0.2622718940928545 0.003136476042778327 0.0017100371747211796
0 0.6790147532266346 0.24728186751270492 0.003013027318714734 0.0013107765552674167
0 0.6891122298851261 0.26730685085737776 0.001212058269486107 0.0016815659832852248
0 0.6927129449089884 0.2595947949848424 0.001947950790245585 0.0016084544187945228
0 0.6905052673467101 0.25919268138014373 0.0022076775622781497 0.001340378682328769
0 0.7074185730705707 0.24680333682431907 0.0029553185367035438 0.0013865080862708367
0 0.7328667687866447 0.23158051453016662 0.0016919902312781687 0.0013230148224986492
0 0.7348407573898024 0.23204356971804113 0.002255986975037416 0.0013494751189486464
0 0.7218453324190137 0.21921032593980405 0.003430980191202764 0.0013494751189486464
0 0.752691821107096 0.2347479318132231 0.003668107962773206 0.0016212014110438843
0 0.7868750167094376 0.19119355146492684 0.0022991520733371827 0.0017995256932615434
0 0.7682690880919861 0.21392189864061642 0.001717893011730922 0.0009901811015230423
0 0.7731569027325064 0.21615556298591265 0.0023314262302062618 0.0015888952559323499
0 0.7713163030770803 0.2152920329555147 0.0015951863680358257 0.0017040325933187362
0 0.7905058398031868 0.21589443891323545 0.0016177613273276848 0.0016171003717472133
0 0.7830572299571007 0.21016184659666876 0.0018158545510823388 0.001635687732342035
0 0.8275822008314502 0.22639873956349332 0.0029937839256305664 0.001973768536032878
0 0.8141101731661121 0.2241366677581523 0.0025210812005310858 0.0020181228851572186
0 0.8100093123953198 0.2337956141419835 0.003169491580070627 0.0019330855018587557
0 0.7981219803809266 0.23389947113725323 0.0032355226546556537 0.0017657992565055735
0 0.8265049282606557 0.23665620768905057 0.0030326576482156043 0.002175118036711403
0 0.8448527091742712 0.23930294212827646 0.002806320669854472 0.002026022304832722
0 0.7996998343161406 0.2434420097776664 0.0029053672817316565 0.0023234200743494425
0 0.7853761397219057 0.25325588208235245 0.004060911086965716 0.0015613382899628781
0 0.7933275524945939 0.27254491980154594 0.0025752119088075175 0.0022862453531599415
0 0.8144962888382077 0.2752839399018495 0.003862817863211063 0.001635687732342035
0 0.8227171576240161 0.2704791071880949 0.002608227446099818 0.0019516728624535062
0 0.8458085421254399 0.27883828996282534 0.0024761652969301907 0.0020631970260223654
0 0.8566080276345525 0.2758842800444787 0.0026742585206847025 0.0016542750929368565
0 0.8452671905746117 0.27555900123406973 0.002509180834222633 0.0013382899628253142
0 0.7096312028616184 0.270248246164704 0.002212040998591078 0.0018401486988847892
0 0.7123714924568878 0.2737333762762281 0.0024761652969301907 0.001301115241635671
0 0.7444885417806489 0.28108443975630776 0.00325580242587435 0.0016496807506494449
0 0.725235226018952 0.2801440563214316 0.001881885625666939 0.0015613382899627836
0 0.7331693642210209 0.3115008522671652 0.0024101342223455903 0.0008921933085501621
0 0.7347045867051176 0.31484657717422837 0.0027733051325618875 0.002193308550185904
0 0.7346220478618869 0.31228152141214655 0.0015517302527432587 0.0017472118959107868
0 0.7406472124072988 0.3000856110872394 0.0033675848038251387 0.0015055762081784961
0 0.7438332117560158 0.30127520216530634 0.0034006003411175805 0.001765799256505609
0 0.7518560273607261 0.31216339879018445 0.004325035385304829 0.0017472118959107519
0 0.7558178918358145 0.3127953690504075 0.0025421963715152175 0.0023420074349442288
0 0.7413092764624619 0.3257349077409677 0.0038958334005035054 0.0020074349442379003
0 0.7459234069713437 0.3457452254255986 0.0030044138936086997 0.001970260223048328
0 0.7244029662538167 0.3699193741405174 0.0022450565358833785 0.0009107806691449127
0 0.7201884591540529 0.3870187469543598 0.002212040998591078 0.0019144981412639339
0 0.7169777844183034 0.41386910454625025 0.0030044138936086997 0.0014312267657992806
0 0.732195723596534 0.414013383452158 0.0047182274805165035 0.0020599930129081654
0 0.7340714601001898 0.4167871644024252 0.00395175553230743 0.0023491516962823767
0 0.7384115869834418 0.4309741991776853 0.0029713983563163992 0.0022676579925650486
0 0.7257425738693192 0.4590141975363177 0.0025091808342224907 0.0012081784386617045
0 0.7352450232498698 0.4831039726894734 0.0025998396321213592 0.002358149896355357
0 0.7243217257868828 0.5279078541073904 0.002938382819023957 0.00213754646840151
0 0.7193391769748346 0.542977475892836 0.003703475259432304 0.00189736198557426
0 0.7199250773384435 0.5744167959391941 0.003697740176749278 0.0018215613382900385
0 0.7352439026839929 0.6094309070276974 0.0015187147154506419 0.001338289962825101
0 0.7552563793287306 0.6433138267932459 0.0029383828190238147 0.0013754646840149576
0 0.7454105583165213 0.6302642701270722 0.0024101342223453058 0.001078066914498166
0 0.7453506811096906 0.5825389699068887 0.0023441031477607053 0.001858736059479611
0 0.7536978170962323 0.5476700840812798 0.001848870088374639 0.0015241635687733889
0 0.7995710000008299 0.6408582118994179 0.002282596453571841 0.001482778908673481
0 0.7855589286539282 0.6322882767043696 0.0025210812005312276 0.002328603329027601
0 0.7838592938963916 0.6277027488075847 0.002757432563080897 0.0019515913614706903
0 0.7739493038294214 0.623763468629569 0.0021753771379947294 0.0022006540802949814
0 0.7751102550831466 0.6088705521453907 0.0023771186850530058 0.0011338289962825598
0 0.7763483377316117 0.6097813328145355 0.003070444968193584 0.0009851301115241995
0 0.8172285214269227 0.6101806687198645 0.0026742585206847025 0.001115241635687667
0 0.8130685637280799 0.6050877319168906 0.002212040998591078 0.0011895910780668117
0 0.811583109103596 0.6058157950224698 0.0023110876104681212 0.0011895910780668117
0 0.8179160416851823 0.6088205732809269 0.0020469633121290086 0.0012267657992564552
0 0.7926539578646166 0.5910739424084036 0.002410134222345448 0.0023234200743494425
0 0.8172019387471778 0.5933930169674023 0.0022450565358835208 0.0019516728624535773
0 0.8137683228687678 0.5925472920603391 0.0017168079392050118 0.001301115241635813
0 0.8225669635571934 0.5898428310937963 0.0026742585206847025 0.0018773234200742906
0 0.7833959360410887 0.579111335270234 0.0026833536476986806 0.0020394404884401494
0 0.8013622616155829 0.5834725817452074 0.00342389468035762 0.0019533140823593696
0 0.801290303910613 0.5751057190958726 0.0036348476046534016 0.0023349681781269283
0 0.8078027832705249 0.5651111006758983 0.0031766284560247014 0.0018789567260009221
0 0.8153020390559508 0.5630849967364155 0.002090945312826591 0.00208269902159131
0 0.7902915158272404 0.559353548767126 0.0033345692665328387 0.0023605947955391573
0 0.8239694284650101 0.5582186995249011 0.003301553729240254 0.0013568773234200649
0 0.7921984459069935 0.553771144439063 0.004853283981983338 0.0018215613382899676
0 0.7967493212020383 0.5448818497347566 0.004952371482791449 0.0018516569351230317
0 0.7993465396773458 0.5367795218345389 0.0029394231122441285 0.002401566233337107
0 0.8101934759081647 0.5345173329452345 0.002509180834222633 0.0021747211895911532
0 0.8069459541344566 0.5270981573501979 0.0037967867886264627 0.0018773234200743615
0 0.7688455586989139 0.5072278593663886 0.004060911086965717 0.0018029739776950749
0 0.7531524032914347 0.4877322865175502 0.0030044138936086997 0.0013754646840147444
0 0.7541923927161455 0.4887545913502639 0.0022450565358833785 0.0016356877323419638
0 0.761747018791636 0.47671068815783313 0.003301553729240254 0.001282527881040849
0 0.7642561996258661 0.4768779744031865 0.002179025461293607 0.000947955390334211
0 0.7950702960372737 0.49049579548660094 0.004320498567320783 0.0020347878407945075
0 0.793387794191346 0.48517494222475305 0.002201792539115388 0.0009355346394457342
0 0.793720140234986 0.48613386523018504 0.002617225093665354 0.0010758648353625944
0 0.7664238408373865 0.47698369519590705 0.001551730252742942 0.0009665427509293067
0 0.8434036780313362 0.5198241729830141 0.0024761652969303325 0.0014684014869887818
0 0.8342848886183418 0.5015262381336513 0.002179025461298636 0.0015241635687731757
0 0.8169720817214801 0.49466638589736 0.0026712244880944523 0.0022221334366437874
0 0.8135342188840755 0.48606093356696817 0.003565678027579651 0.0015985130111523206
0 0.8241943912012522 0.4872802532378367 0.002493920239701735 0.0013471270097572385
0 0.8240258830769486 0.48852302533838754 0.002359113740258323 0.0009866282324981768
0 0.8445173945180281 0.4882126883404091 0.0022450565358833785 0.0021747211895910114
0 0.8391341409046078 0.4703549350806336 0.004296031300941365 0.0017097108001868833
0 0.8228989966761711 0.4619977426716465 0.004027895549673275 0.0019330855018587557
0 0.8466206145286103 0.4604551849598507 0.001848870088374639 0.0012081784386617756
0 0.8463399824616248 0.4617098317999994 0.0016837924019125693 0.0007063197026022294
0 0.779117410144772 0.44766404120623676 0.0037264300143141325 0.0021891510563031603
0 0.7795494600015042 0.44410667073974425 0.0028623303008500044 0.0012770047828433917
0 0.7801435285545106 0.44526205601945973 0.0026463053724839368 0.0011553852797155173
0 0.8060664003256909 0.4577398178863272 0.0026526501256837775 0.0023410225467824118
0 0.8134508047296216 0.45682157197358075 0.001792331166002583 0.001675041994680555
0 0.788852784088605 0.49687800404795723 0.002179025461298494 0.0014126394052043879
0 0.7873505771418007 0.49519584791412824 0.0016177613273278268 0.001059479553903344
0 0.8240726973769031 0.4573805955371115 0.0016168925825877523 0.0014138571287382008
0 0.822989035326871 0.4545335133737619 0.003371393044544675 0.0018786868696931691
0 0.831021895285046 0.45738059553711147 0.002167324100064292 0.0010652348230219388
0 0.8472799217800282 0.44847175287273744 0.0021460099240061935 0.0014869888475836745
0 0.8445726477220511 0.4500702658838899 0.003070444968193442 0.0020446096654275435
0 0.8412215706868722 0.446241269601362 0.0030374294309009997 0.0020446096654275435
0 0.8205212169289089 0.4452043577169517 0.001749823476497312 0.002137546468401581
0 0.8451235642181181 0.44033190918904164 0.0024761652969301907 0.001301115241635671
0 0.8405839278404127 0.4421070021258446 0.0033015537292403964 0.0015427509293680685
0 0.8096170952638727 0.438516096206604 0.0039316536962618895 0.0018942237612178303
0 0.8067828993454271 0.4345753693081555 0.002873131547268315 0.00270299345701865
0 0.7701171870807638 0.43260767402475026 0.0034336158784100236 0.0019144981412639339
0 0.7663787557120375 0.42342817019546125 0.0038628178632112054 0.002081784386617045
0 0.7983052016366409 0.43008595665782257 0.0038186186524941947 0.0017624794344544626
0 0.8147927005109638 0.4270141570583334 0.0032025071173632114 0.0024907063197026247
0 0.7505721546599085 0.41364014750361855 0.00415995769884276 0.0020074349442379003
0 0.7450999752098025 0.40300754997650867 0.0032355226546555114 0.002118959107806688
0 0.744043515934293 0.3850384401624099 0.0035326624902875426 0.0025464684014869458
0 0.7485455971730062 0.367636761850961 0.003499646952994908 0.0019516728624535773
0 0.7726422365799482 0.3345822696147842 0.003780436246405543 0.0021751180367114388
0 0.8001033997058197 0.3130790150658622 0.0038958334005036476 0.0021189591078067593
0 0.8053555519493321 0.30652774639159647 0.00415995769884276 0.0016914498141263933
0 0.8146338854673814 0.31237561874704883 0.0032355226546556537 0.0014684014869887818
0 0.8394723740258841 0.30047342187922155 0.002410134222345448 0.002286245353159835
0 0.8530555108634934 0.3023090259004747 0.0035326624902870664 0.0018401486988848248
0 0.8406052596319594 0.4232969309785372 0.002306066110307512 0.0017878066959807627
0 0.8500537034906457 0.41338196301092084 0.002079104152562934 0.002361203775634024
0 0.8372493089342297 0.3012019444965068 0.002278072073175963 0.0009665427509293423
0 0.8520721444773316 0.33616089034891333 0.0026742585206847025 0.0017472118959107519
0 0.8503151629658532 0.3328066914498141 0.0026412429833924025 0.0017100371747211796
0 0.8155192978800492 0.3266891826372701 0.003499646952994766 0.0016914498141264288
0 0.791164961028295 0.33919197321427647 0.0036647246394569777 0.0025464684014869475
0 0.8409660340726091 0.3353724896975319 0.002604641940699537 0.0016725929832973208
0 0.8391956915035397 0.33894679799060556 0.0037848703200789656 0.0016725929832973208
0 0.8229777256696528 0.3385916583845629 0.003174407365227552 0.0025661700565657243
0 0.8101450008419182 0.34124116491469664 0.0030871972322188412 0.002932969269903651
0 0.829276614325358 0.34206745379744163 0.002740289595269303 0.0015055762081784961
0 0.8325946758232444 0.3422440337230921 0.0015187147154504998 0.0017100371747211084
0 0.7944051096742539 0.3517105661919004 0.0026412429833922602 0.0016728624535316072
0 0.7958412855464735 0.3496287818052833 0.0022120409985909363 0.0011895910780668829
0 0.7746105359543717 0.3616078066914498 0.0027733051325618875 0.002360594795539086
0 0.7941127830457417 0.3582854024025825 0.0026412429833922602 0.0021003717472118668
0 0.8439101487311266 0.35020446096654273 0.0017168079392050118 0.0010037174721189502
0 0.8423914340156758 0.35663568773234205 0.00369774017674942 0.0020446096654274724
0 0.8382314763168331 0.35770446096654285 0.003499646952994908 0.0014312267657992806
0 0.84522724158639 0.37145068821001526 0.003268538191948096 0.0014869888475836034
0 0.8439231278633399 0.3691737365371528 0.003301553729240254 0.0011710037174721322
0 0.8365972072208592 0.366682156133829 0.0028723517444390724 0.0018773234200742906
0 0.8360029275495958 0.37278810408921936 0.0031364760427781847 0.0012639405204461695
0 0.8314791732816664 0.3645991795549872 0.0031034605054860265 0.0019888475836431496
0 0.8300284767743625 0.4192291214654911 0.0037173713672454768 0.001762388645737687
0 0.807072078155583 0.4174483746046937 0.0034565032011229847 0.0020194036565744965
0 0.8236372067043615 0.4157043441740157 0.0026738987027555084 0.001468657204781394
0 0.8196799794611114 0.4099559256264631 0.003782588408776064 0.0016522393553790949
0 0.8382075554672869 0.4113887362291162 0.002214678205140359 0.0021955188690204607
0 0.8355114254784206 0.41290662581757476 0.004044194983300002 0.001707625787015914
0 0.8406770997369623 0.399839279592307 0.002179025461298636 0.001078066914498166
0 0.8353426168037479 0.4015055762081785 0.0022780720731756785 0.0014126394052044588
0 0.831080814893946 0.38865029296514003 0.0025091808342227752 0.0011710037174721322
0 0.8384597874787982 0.3897841219614226 0.0021460099240061935 0.0010966542750929164
0 0.8428206360004771 0.3854739776951675 0.0023771186850528635 0.0015799256505575699
0 0.7908753292323771 0.40724869789777635 0.004073556747912761 0.0019572681594490857
0 0.7710213643648988 0.39559359898363544 0.003659154297446321 0.0019776585491979404
0 0.7870089877835059 0.39349042135795825 0.003854713452506786 0.002099392463250851
0 0.7862967037759774 0.3896336722822109 0.004022309689572267 0.0019814490664390406
0 0.7662778159308443 0.3896259002870911 0.0036647246394568354 0.0019330855018587557
0 0.7619997269765031 0.3861016654586561 0.0036384469669179962 0.0018208026705105595
0 0.7669520575703638 0.3822703931727901 0.002897281844027333 0.0025794704498900245
0 0.7775978838809755 0.38405326245433175 0.0030320391390984015 0.0022760033381381815
0 0.8169340655080279 0.398781863865031 0.0032355226546555114 0.001802973977695217
0 0.8152349498231831 0.3799362836825891 0.0032307519035170173 0.002174742399387881
0 0.8108175951174862 0.37437777156278285 0.0027653109418324107 0.0023640868083270304
0 0.8118748087372939 0.36761549869485466 0.003994338027091687 0.0018451409235722594
0 0.8031435954857669 0.36585684875207475 0.0034310339463479523 0.0017298196158490242
0 0.8095271994565104 0.6297423271641865 0.0026387029996190847 0.0014585487052759306
0 0.8026934524841272 0.619734643855633 0.0025907265814441873 0.0021878230579139312
