0.0 0.047471926735600786 0.5164217393117523 0.004044609665427501 0.0038661710037175114
0.0 0.10958597135812731 0.27981597282765414 0.004044609665427501 0.005174721189591125
0.0 0.11238151039158435 0.2811840025674309 0.0033308550185871867 0.005650557620817764
0.0 0.12632806135384164 0.06685451280590708 0.006007434944237744 0.004460966542751165
0.0 0.3099415160396031 0.015582109925234988 0.0042008198235187425 0.005884872857954448
0.0 0.28429840392252803 0.03528205248939997 0.006780669144981743 0.005174721189591125
0.0 0.2536974117721732 0.07630250166285268 0.007871116946838796 0.005144115799902238
0.0 0.2720245258227978 0.06712681667373221 0.00582899628252811 0.006959107806691733
0.0 0.2921605802611193 0.0818760938984024 0.0030500764100896303 0.004765744390764937
0.0 0.37209287749866976 0.0745720892446764 0.005693871009306406 0.006010197176490095
0.0 0.1394521640738798 0.268750859871262 0.006697297844564076 0.006875892453752641
0.0 0.24374653389717035 0.22126169959220654 0.005769516728624424 0.007315985130111713
0.0 0.25432238382239963 0.2044085567672825 0.007613382899628362 0.005710037174721095
0.0 0.28714912614985977 0.1488537428933155 0.008397194434058619 0.00593807481037274
0.0 0.30721274595581943 0.132508410576836 0.004934688208065552 0.0038655057629846112
0.0 0.14067075995783823 0.5001281471341935 0.006340108626187302 0.0059829194078101725
0.0 0.17152297869512978 0.5236133382424646 0.005893622103216245 0.0075902708905058345
0.0 0.2044603689788998 0.38388927295110076 0.004698884758364131 0.007672862453532048
0.0 0.1755125722447195 0.33677867315288806 0.0067211895910784135 0.005115241635687795
0.0 0.24091768061232485 0.2995056894348537 0.006126394052044759 0.007197026022305053
0.0 0.23191516106908044 0.30773066079837363 0.004399148668398212 0.0049857018241844745
0.0 0.15850239398935617 0.33754120281407707 0.004880460865119574 0.008857132681143298
0.0 0.27918578265495403 0.24793981863482256 0.007969963953267722 0.00865555225032324
0.0 0.3015640318151943 0.30100100923151735 0.005151767572741761 0.007555925773354133
0.0 0.32657423814746933 0.2928408000314448 0.004996282527881135 0.0073754646840150425
0.0 0.34386211295000013 0.18259252906647205 0.007018587360593287 0.006840148698884718
0.0 0.35036966395054564 0.1482479159554476 0.005472118959107775 0.005591078066914434
0.0 0.3680053516828877 0.14393564829745492 0.004698884758364131 0.007078066914498038
0.0 0.3799504607603934 0.16702620139240842 0.005993409114145365 0.007627975236185236
0.0 0.2975745260023842 0.5126137950730622 0.004575846420183538 0.003095425519535766
0.0 0.3005017218741193 0.5079033649346382 0.0038356359698596522 0.004845013856665048
0.0 0.3310118218669619 0.45394350134746037 0.005174721189591125 0.007315985130111358
0.0 0.3677679616051517 0.4274209122796986 0.003747211895911917 0.005412639405204445
0.0 0.37121777573154535 0.4278075293800702 0.0036282527881041915 0.00535315985130076
0.0 0.3734675804718144 0.3945087036963459 0.0036659572236651173 0.006085488991284293
0.0 0.3821192395196647 0.380138151379578 0.004839063535238353 0.0046191061018184595
0.0 0.25646183774616704 0.6422139648665335 0.006513088822025281 0.006427390284893519
0.0 0.2904955498395744 0.8809837519989798 0.004520446096654496 0.007197026022304698
0.0 0.4414302869129857 0.9908372364297197 0.0075022213376016115 0.006488407643330874
0.0 0.4218482643348153 0.9575474203873509 0.007704984076456256 0.0058801194267687155
0.0 0.4154415829789585 0.9384577478478942 0.008021862525736622 0.0037966066915693375
0.0 0.42300417856619854 0.9419175587845668 0.004776376160362261 0.0032454863653740063
0.0 0.40146999468932537 0.8505780138855463 0.0054381306425916875 0.006712692511948859
0.0 0.4157875730217736 0.8594149761797574 0.006372809346786923 0.0063728093467865675
0.0 0.42388104089219336 0.7848921933085501 0.006007434944237744 0.00535315985130076
0.0 0.4054941023683799 0.7528283318608396 0.007111957013911052 0.006012169846810878
0.0 0.43436766540495364 0.7306946324877878 0.006010197176490095 0.00657958427742038
0.0 0.44082071921550076 0.7242732112939585 0.005630605775869313 0.00499795344150229
0.0 0.46562517493484545 0.7332524179524966 0.005769516728624779 0.007910780669144657
0.0 0.3515308770010014 0.5415940943508026 0.005388679523207429 0.007409434344410571
0.0 0.4282402437523398 0.5834625303894606 0.00620928900847062 0.007244170509882508
0.0 0.4536314646020969 0.6015881685842046 0.005438205849786115 0.003562962453307961
0.0 0.3958889601776111 0.5751816430107569 0.004460966542750811 0.0030929368029738668
0.0 0.393807175790994 0.5775608251668907 0.0020817843866169027 0.003925650557620841
0.0 0.3765132591618315 0.5434229249806444 0.0029937108462267047 0.004811321002863878
0.0 0.4191201795983043 0.5544889632872316 0.0067358494040092864 0.006842767648517522
0.0 0.4116359024827382 0.5526178940083402 0.005238993980896467 0.004383648024831643
0.0 0.43974253973299576 0.5571129875667516 0.004866305732498332 0.007907746815310191
0.0 0.43619419180304886 0.5507259612928473 0.00425801751593653 0.006691170382185518
0.0 0.39219847894360205 0.4820330001699439 0.006185873605948089 0.006423791821561409
0.0 0.4340827603212949 0.4514026488655404 0.0032118959107805267 0.0036282527881041915
0.0 0.445134754617853 0.45664116799809273 0.0026836287923945436 0.004025443188591993
0.0 0.4298617495787827 0.45111604989610343 0.0048147457745905346 0.00449902474019126
0.0 0.4256935574998472 0.42709905442623375 0.00499537028279633 0.007412484935763075
0.0 0.4274913912646257 0.4075904806218711 0.00531765223652556 0.004995370282796685
0.0 0.38884411518121753 0.32883252232122595 0.005784249914216133 0.00777258582222764
0.0 0.4455384546488862 0.320631940329544 0.0033903345724908716 0.0036877323420075213
0.0 0.4225724907063196 0.3015910780669147 0.007197026022304698 0.005769516728624424
0.0 0.4322973977695167 0.28615613382899613 0.00475836431226746 0.007970260223048342
0.0 0.40231785823407407 0.26944707137927393 0.004758364312267815 0.007375464684014688
0.0 0.3970260223048328 0.25234200743494417 0.005472118959107419 0.007791821561338707
0.0 0.4291629919345873 0.2574874877505694 0.005412639405204445 0.0055315985130111045
0.0 0.42297711832863916 0.25192614946060665 0.0023197026022305778 0.004282527881041176
0.0 0.4255942187003864 0.2519856290145105 0.002795539033456862 0.004282527881041531
0.0 0.41897878052854465 0.23320584720110576 0.006982292106909682 0.006314420687987621
0.0 0.44224450466926263 0.21442520657371206 0.0055315985130111045 0.006780669144981033
0.0 0.42866914498141284 0.20118959107806694 0.007137546468401368 0.004936802973977805
0.0 0.423345724907063 0.19104832713754655 0.005412639405204445 0.007018587360595063
0.0 0.4414869888475838 0.18379182156133833 0.006721189591078059 0.005234200743494455
0.0 0.445400128416393 0.15538608736624954 0.005472118959107775 0.006780669144981743
0.0 0.4360618384535682 0.1591927788160655 0.005710037174721449 0.003806691449814892
0.0 0.42482067823616704 0.15066894500195788 0.006245353159851419 0.005115241635687795
0.0 0.46720078943679316 0.26632240198861706 0.004460966542750811 0.0055315985130111045
0.0 0.48608554780110536 0.2549320674161281 0.0039256505576215515 0.005472118959107775
0.0 0.4965086649647164 0.33689142761119173 0.007018587360595063 0.005710037174721095
0.0 0.42170840421512246 0.04756745886665108 0.002260223048327248 0.0039851301115245265
0.0 0.432474203471628 0.05095779343914177 0.005234200743494455 0.00457992565055747
0.0 0.4250987387876132 0.049916901245833326 0.0033308550185871867 0.004520446096654496
0.0 0.4260206718731146 0.03927006109713442 0.005650557620817764 0.005472118959107775
0.0 0.44147875165242245 0.05538192274360885 0.0021835987261209057 0.005381011146512548
0.0 0.4479656648125994 0.030703343951495654 0.003509355095551925 0.0051470541401425155
0.0 0.4439883957043074 0.029416580416459937 0.003977269108291636 0.004289211783451918
0.0 0.6149042017177457 0.010418822663527828 0.007315985130111713 0.004996282527881135
0.0 0.6292291687910417 0.072143743364947 0.0046394052044611556 0.007315985130111713
0.0 0.6673659703600835 0.08090860768591845 0.006959107806691023 0.005234200743494455
0.0 0.6821763792820166 0.06553314300190376 0.004698884758364131 0.006245353159851063
0.0 0.7237769516728628 0.09228252788104108 0.004460966542750811 0.006602230483271398
0.0 0.7432328997853734 0.08282969614233178 0.004817843866171146 0.005293680297397785
0.0 0.7228016730195741 0.08178880394902314 0.00452044609665414 0.004282527881041176
0.0 0.4784449639053845 0.06479438772705279 0.003985130111524171 0.0058884758364314395
0.0 0.48338176687936196 0.07594680408393 0.004460966542750811 0.004163568773234161
0.0 0.5412426385517003 0.09947020722018482 0.005865531557864401 0.005278978402078138
0.0 0.5065565868747681 0.09646098022858104 0.0033903345724905164 0.00499628252788078
0.0 0.5208504327294328 0.19680272725492856 0.004342007434944506 0.0028550185873605473
0.0 0.5236162319859385 0.20750904695753078 0.004996282527881135 0.007018587360595063
0.0 0.5234675331011805 0.19930086851886894 0.002795539033457928 0.005591078066914434
0.0 0.5343222436025243 0.16027395547916612 0.006066914498141074 0.004817843866171146
0.0 0.5400620205541973 0.1640806469289803 0.006126394052044759 0.00565055762081812
0.0 0.5545156242920581 0.19892287612859025 0.0077918215613383525 0.005591078066914434
0.0 0.5616531707604595 0.200945180961304 0.004579925650557826 0.007494423791821703
0.0 0.535514993376904 0.24235170477109663 0.007018587360594708 0.006423791821561409
0.0 0.5438276378718114 0.3063847213619155 0.005412639405204445 0.006304832713754749
0.0 0.5050572188916418 0.3837419972496557 0.004044609665427501 0.002914498141263877
0.0 0.49746452094472354 0.4384599902539513 0.003985130111524171 0.006126394052044759
0.0 0.4916802897410998 0.5243811345480008 0.005412639405204445 0.004579925650557826
0.0 0.5190963582918806 0.5248428270469055 0.00850018169536817 0.006591977641306102
0.0 0.5224756148367481 0.5337189260877606 0.007119334576172776 0.0075172854281035486
0.0 0.5302946246748569 0.579117437368593 0.005353159851301114 0.007256505576208027
0.0 0.5074706057364453 0.6688454321162167 0.004520446096653785 0.0038661710037175114
0.0 0.5245898621985937 0.7459327126063149 0.004683773587243678 0.007546079668337313
0.0 0.5049108591129311 0.8893051331436492 0.005293680297397785 0.006840148698884718
0.0 0.4959344860187255 0.9375279228570751 0.006672042147070911 0.006071558353837503
0.0 0.5578337236124311 0.9525442690600954 0.003330855018587542 0.004877323420075186
0.0 0.6688175797367363 0.9992698355609917 0.0037669686651391034 0.0014603288780165257
0.0 0.6237595589825128 0.9899313560548031 0.006007434944238099 0.007553903345725388
0.0 0.6844324234689948 0.9862998384796835 0.005947955390334414 0.00434200743494415
0.0 0.627195012704318 0.9720676622050014 0.008743494423791987 0.005828996282527754
0.0 0.6353936989780472 0.9436219191512212 0.008922006749466504 0.005925302192393645
0.0 0.6400727503874684 0.9176944698705245 0.005295554450652417 0.007685011946679055
0.0 0.6596141839408031 0.9104554654247504 0.00452044609665414 0.006959107806691378
0.0 0.6537635704953569 0.8867141035206334 0.006840148698884718 0.006007434944238099
0.0 0.5851233268435122 0.8231291499724435 0.007315985130111713 0.005769516728624069
0.0 0.5568511265547255 0.7607433168561606 0.005412639405204445 0.004401486988847125
0.0 0.5587247325026808 0.7640146923208444 0.004044609665427501 0.005234200743494455
0.0 0.5723348635418066 0.725474202105066 0.005947955390334414 0.004104089219330831
0.0 0.5768553096384744 0.7260095180901969 0.003925650557611604 0.003033457249069471
0.0 0.632368830204651 0.769586545557123 0.007783648200188864 0.00651132109054231
0.0 0.6293376979728468 0.7525598151192098 0.003966666871249913 0.0029937108462263495
0.0 0.629936440142092 0.7556283687365921 0.0047150945828065005 0.003442767473160302
0.0 0.580760450758604 0.7263478246269026 0.002795539033457217 0.0030929368029738668
0.0 0.7194444387033292 0.8634373535456451 0.004460966542751165 0.004698884758364131
0.0 0.7030163696514814 0.8048839620276841 0.003925650557620841 0.0048773234200744755
0.0 0.6718262659763539 0.7829324348715521 0.004812377866832663 0.007110826997260134
0.0 0.6656327412083423 0.7553949874142981 0.006423791821561409 0.00511524163568744
0.0 0.6848377078985057 0.7592968103610774 0.004492953181837578 0.004310806431223213
0.0 0.6845341299808151 0.7632736810828401 0.004250090847684263 0.0031572103439941658
0.0 0.7214508685613851 0.7622806026893091 0.004044609665427501 0.006959107806691378
0.0 0.7117526007234576 0.7051357922580275 0.0077395688906023 0.005471074560598055
0.0 0.6825039736994144 0.6783927765492688 0.007256505576208383 0.006185873605948089
0.0 0.7252399508616995 0.6734565918715223 0.003330855018587542 0.0038661710037175114
0.0 0.724734374653521 0.6774714617599982 0.003033457249070537 0.002260223048327248
0.0 0.6036287092139407 0.6325249318599576 0.006713396572662944 0.007005283380170013
0.0 0.6044070740339599 0.6211413463671815 0.0051566669326252425 0.004086415305098967
0.0 0.6054773256614856 0.6248385792622712 0.004767484522615462 0.0036972328950895415
0.0 0.6521789993367525 0.6647674172362471 0.004778914992052208 0.007491272149703576
0.0 0.6654824653957089 0.6618290303154584 0.003228996616251578 0.005360134382977932
0.0 0.6211675938346275 0.7900096129534632 0.0039256505576204855 0.00452044609665414
0.0 0.6184612741320252 0.7846267133252104 0.002914498141263877 0.0033903345724908716
0.0 0.684618468868077 0.6636179057187569 0.002912933043318233 0.004524342811962257
0.0 0.6826661839560659 0.6545072427960381 0.006073775281812388 0.006011797983018141
0.0 0.6971378832244657 0.6636179057187567 0.0039045698240219194 0.003408751433670076
0.0 0.7264277340818321 0.6351096091927598 0.0038661710037175114 0.004758364312267815
0.0 0.7215504106617576 0.6402248508284476 0.0055315985130111045 0.006542750929368069
0.0 0.7155132359405683 0.6279720627243585 0.005472118959107419 0.006542750929368069
0.0 0.6782202548734875 0.6246539446942455 0.003152416356877197 0.006840148698885074
0.0 0.7225429211617034 0.6090621094049332 0.004460966542750811 0.004163568773234161
0.0 0.7143644824999935 0.6147424068027026 0.005947955390334769 0.004936802973977805
0.0 0.6585757981863207 0.6032515078611327 0.0070831198621718276 0.006061516035897085
0.0 0.6534698171019961 0.5906411817860976 0.005176126053125429 0.008649579062459622
0.0 0.5874142448501886 0.5843445568792008 0.006185873605948089 0.006126394052044759
0.0 0.5806792270874676 0.554970144625476 0.006959107806691378 0.006661710037174373
0.0 0.6381967148235109 0.5762750613050323 0.006879480166134044 0.005639934190254436
0.0 0.6678999745142832 0.5664453025866669 0.005769516728624779 0.007970260223048342
0.0 0.5522026473794913 0.5236484720115794 0.007494423791821347 0.006423791821561409
0.0 0.5423441740889098 0.4896241599248278 0.005828996282527754 0.0067806691449813885
0.0 0.5404408966753748 0.4321230085197117 0.00636431226765879 0.008148698884758332
0.0 0.548551677406994 0.3764376379230752 0.006304832713754749 0.006245353159851419
0.0 0.591963279338563 0.27066326276730945 0.006810692175164945 0.006960377717476618
0.0 0.6414362810325157 0.2018528482107591 0.007018587360594708 0.006780669144981743
0.0 0.6508983615587185 0.18088878845310868 0.007494423791821347 0.005412639405204445
0.0 0.6676138592873292 0.19960197999055626 0.00582899628252811 0.004698884758364131
0.0 0.7123619488310069 0.16151495001350896 0.00434200743494415 0.007315985130111358
0.0 0.7368328187900124 0.16738888288151904 0.006364312267657724 0.0058884758364314395
0.0 0.7144029130557019 0.5545501791313191 0.004154522226851043 0.0057209814271384826
0.0 0.7314248751948664 0.5228222816349467 0.003745636074851788 0.007555852082028735
0.0 0.7083569581268231 0.16384622238882168 0.004104089219331186 0.0030929368029738668
0.0 0.7350612227849427 0.27571484911652266 0.004817843866171146 0.005591078066914434
0.0 0.7318959107806698 0.26498141263940517 0.004758364312267815 0.005472118959107775
0.0 0.6692089850870261 0.2454053844392643 0.006304832713754749 0.005412639405204445
0.0 0.6253331251025378 0.2854143142856847 0.006602230483271754 0.008148698884758332
0.0 0.7150528707589349 0.27319196703210213 0.00469242524629152 0.005352297546551555
0.0 0.7118634879743457 0.2846297535699378 0.006818680436017388 0.005352297546551555
0.0 0.6826458089017338 0.28349330683060125 0.005718893268917924 0.008211744181010162
0.0 0.6595268530792684 0.29197172772702923 0.005561778763669168 0.009385501663691542
0.0 0.6939936504955279 0.29461585215181324 0.00493680297397745 0.004817843866171146
0.0 0.6999713456628138 0.2951809079138947 0.0027360594795538874 0.005472118959107419
0.0 0.631170455397523 0.32547381181408125 0.00475836431226746 0.005353159851301114
0.0 0.6337578159923186 0.3188121017769065 0.003985130111523816 0.003806691449814181
0.0 0.5955092936802977 0.3571449814126394 0.004996282527881135 0.007553903345725033
0.0 0.6306438107058441 0.346513287688264 0.00475836431226746 0.006721189591078059
0.0 0.7203568773234202 0.32065427509293676 0.0030929368029738668 0.0032118959107805267
0.0 0.717620817843866 0.3412342007434946 0.006661710037175084 0.006542750929368069
0.0 0.7101263940520447 0.3446542750929371 0.006304832713754749 0.004579925650557826
0.0 0.7227297024204807 0.3886422022720488 0.0058884758364314395 0.00475836431226746
0.0 0.7203802600412983 0.38135595691888896 0.005947955390334414 0.0037472118959108514
0.0 0.7071821561338292 0.3733828996282528 0.005174721189591125 0.006007434944237744
0.0 0.7061115241635687 0.39292193308550194 0.005650557620817409 0.004044609665427856
0.0 0.6979616981152521 0.3667173745759591 0.00559107806691479 0.0063643122676580784
0.0 0.6953481776888125 0.5415331886895715 0.0066970768538030965 0.0056396436663604275
0.0 0.6539907908021675 0.5358347987350198 0.006227106548273298 0.006462091701038375
0.0 0.6838339052033262 0.5302539013568502 0.004817195631682836 0.004699703055300475
0.0 0.6767047129979085 0.511858962004682 0.006814569430185458 0.005287165937212989
0.0 0.710083299146534 0.5164439559331718 0.003989881203948187 0.0070256603808655175
0.0 0.7052260524634673 0.5213012026162392 0.0072858700246012376 0.00546440251845084
0.0 0.714532337494871 0.4794856946953823 0.003925650557620841 0.003449814126394202
0.0 0.7049219330855021 0.4848178438661712 0.004104089219330476 0.00452044609665414
0.0 0.6972440305823746 0.4436809374884481 0.004520446096654496 0.0037472118959108514
0.0 0.7105377108797726 0.4473091902765523 0.0038661710037175114 0.0035092936802971764
0.0 0.7183940520446095 0.433516728624536 0.004282527881040466 0.00505576208178411
0.0 0.6248113353202044 0.5031958332728843 0.00733876707866159 0.006263258110237047
0.0 0.5890431767386379 0.4658995167476334 0.006592195163993253 0.006328507357433466
0.0 0.6178458795537225 0.4591693483454664 0.006944507204281791 0.006718055882402751
0.0 0.6165626553964092 0.4468277513030749 0.007246442300120037 0.006340637012604944
0.0 0.5804973777629117 0.4468028809186915 0.006602230483271398 0.006185873605948089
0.0 0.5727901331311063 0.4355253294676995 0.0065548896138381 0.005826568545633748
0.0 0.5817120662166084 0.4232652581529283 0.005219634322130418 0.008254305439648136
0.0 0.6008911876793199 0.4289704398538616 0.005462408011532105 0.0072832106820420964
0.0 0.6717577773918066 0.4761019643680992 0.005828996282527754 0.005769516728624779
0.0 0.6686967142908283 0.41579610778428505 0.005820401476179881 0.006959175678041163
0.0 0.6607385737038463 0.3980088690009051 0.004981880493645008 0.007565077786646413
0.0 0.6626432101157811 0.3763695958235349 0.007196049601932231 0.005904450955431173
0.0 0.6469133837423268 0.3707419160066392 0.00618122209396752 0.005535422770716991
