0.0 0.7996759444320269 0.9977149462168704 0.009189981203325991 0.004570107566259018
0.0 0.7786489816269582 0.8557900910750114 0.009040710155306542 0.012614944402753635
0.0 0.8070387923741112 0.797474735327403 0.010302204595581798 0.011353449962478113
0.0 0.8179717441898312 0.7952671200569211 0.0044152305409639325 0.011143200889098991
0.0 0.8137667627222467 0.7949517464468523 0.0044152305409639325 0.01135344996247838
0.0 0.8265919561983793 0.7680398650543114 0.009040710155306896 0.012194446255995217
0.0 0.7143189510138729 0.7710884766183101 0.008620212008548123 0.010722702742340573
0.0 0.6421999140293153 0.7596638762137793 0.009905455681868246 0.012263897510884548
0.0 0.6542279673572986 0.7117875070847492 0.00801870221865535 0.008490390584458574
0.0 0.7030477132179348 0.7215750406751668 0.005188572023835647 0.0077828580357536484
0.0 0.7090617398819263 0.7212212744008143 0.006367792938343797 0.006603637121245498
0.0 0.7110664154365901 0.7280607557049613 0.007547013852851947 0.008962078950261798
0.0 0.7542259009075876 0.7253485476015927 0.008962078950261443 0.010141299864769948
0.0 0.7994143316104119 0.6834544658371284 0.009903647096544432 0.0105425920705148
0.0 0.7863159596440144 0.6753079174190033 0.00926470212257371 0.011501009531470707
0.0 0.7791278286868449 0.6652445340789663 0.011501009531470884 0.013737316940367884
0.0 0.8307226353349708 0.6350543840588557 0.007986812174632263 0.01022311958352944
0.0 0.835035513909272 0.6376101639547381 0.005750504765735087 0.007667339687647256
0.0 0.8037518846661978 0.5942188257926551 0.008306284661617803 0.014056789427353066
0.0 0.7746798883505358 0.5360748331613309 0.006389449739706165 0.010862064557500162
0.0 0.7872990515864549 0.5843151786961109 0.008625757148602985 0.014056789427353066
0.0 0.7347458274773737 0.5849541236700816 0.010862064557500162 0.008945229635588525
0.0 0.7316423684199955 0.5952564566490477 0.005089194839296951 0.009966339893622767
0.0 0.5597727953895936 0.5693813125730337 0.006898059128373291 0.01332039004099599
0.0 0.46951839037378706 0.5344355443069485 0.008288390801772749 0.011281420813523901
0.0 0.4438342029604593 0.6766550157336029 0.008058157723945669 0.012432586202658946
0.0 0.43635162793108134 0.7398539955971192 0.00874885695742691 0.009900022346561777
0.0 0.50323433703983 0.7491784352491132 0.010820954657869919 0.008288390801772749
0.0 0.49448548008240306 0.7198237178261686 0.006676759256983189 0.012202353124831866
0.0 0.4533888756902803 0.7562005441228373 0.008288390801772749 0.012662819280486026
0.0 0.4981692093276354 0.7199388343650821 0.004374428478713455 0.005065127712194517
0.0 0.573616378484122 0.6994767010812495 0.005205858922119689 0.009572063179381373
0.0 0.5781505136743551 0.7015758377433947 0.0028548258605177066 0.005037927989148016
0.0 0.5765551698111248 0.6984691154834199 0.0036944805253753543 0.004869997056176523
0.0 0.5641029685283291 0.8713096457231607 0.007053099184807366 0.00923620131343803
0.0 0.5503326320246572 0.860562066012978 0.004702066123204673 0.005877582654006374
0.0 0.5462183241668532 0.8616536170772935 0.0055417207880630315 0.006045513586978047
0.0 0.5480655644295409 0.8652641321361829 0.00755689198372238 0.004534135190233357
0.0 0.4920351376557216 0.8954746416657422 0.009554067053094428 0.011305646012828064
0.0 0.4767418271951728 0.9401201980244827 0.004458564624777494 0.006369378035396167
0.0 0.48112077459450797 0.9405182841516947 0.007484019191590719 0.007484019191590363
0.0 0.5767163738685521 0.9925294873772217 0.011129349463643124 0.010717151335360242
0.0 0.36725536158950456 0.5366321145754464 0.010336778375397416 0.009328312192432086
0.0 0.3525507888568272 0.6877739367825493 0.007815612917983472 0.01058889492113888
0.0 0.3743588700634586 0.7027748712541629 0.005546564006310817 0.013362176924294467
0.0 0.37624974415651896 0.8226562887542007 0.008824079100948979 0.012605827287070426
0.0 0.38053828104072396 0.9510848693912811 0.011066295796823411 0.007978027202361205
0.0 0.40846137624898765 0.9257353313450695 0.009264805783386976 0.009264805783386976
0.0 0.2424543957949979 0.9657488419861988 0.011773226015648675 0.0081900702717558
0.0 0.27942566784776784 0.9037230665490144 0.0074222511837785275 0.012796984799617661
0.0 0.24768914554471558 0.8685313583500651 0.011005406927671402 0.011005406927671402
0.0 0.25831064292839834 0.8279649165352765 0.010749467231679332 0.006654432095801255
0.0 0.3055315168389884 0.7994276404321286 0.005886613007824337 0.009469768751717034
0.0 0.31180203939080114 0.7978920022561745 0.004606914527862216 0.007422251183778173
0.0 0.2936446586921475 0.5929481788899518 0.00410288396362013 0.009641777314506684
0.0 0.28923405843125616 0.5945893324753997 0.0055388933508869085 0.010462354107230709
0.0 0.2374142102012886 0.5548124839804993 0.0049234607563438 0.008000623729058631
0.0 0.23290103784130647 0.5545047676832278 0.007385191134515879 0.009026344719963752
0.0 0.19327603477683084 0.5636899500686109 0.006504919650939201 0.012287070451773907
0.0 0.19887749336513974 0.5626961428997175 0.005420766375782549 0.009215302838830475
0.0 0.10835210456640443 0.972370739936963 0.01036389375307536 0.007988834767995456
0.0 0.07531719322847721 0.9410631442245482 0.00993206484669713 0.008420663674373685
0.0 0.08168666959755466 0.9474326205936257 0.005397861329726794 0.006045604689293782
0.0 0.07812408111993499 0.9496997223521108 0.006909262502050239 0.00669334804886077
0.0 0.052768011030327425 0.8082598121300635 0.010658367615894804 0.008568491612778218
0.0 0.013896317372357992 0.7783745852854954 0.004806714807168433 0.011076342816518193
0.0 0.018912019779837762 0.7788970542862745 0.0060606404090382425 0.0091954544137133
0.0 0.05705225683671618 0.7761802154822228 0.010031404814959899 0.010867355216206676
0.0 0.07983190527068781 0.768029699070068 0.008359504012466346 0.01462913202181646
0.0 0.11379239032133323 0.7527736042473167 0.009404442014024994 0.0071055784105965355
0.0 0.10480592350793164 0.7566398748530824 0.009822417214648382 0.01233026841838818
0.0 0.04086160985398006 0.7419059811064073 0.006896590810285019 0.010867355216206498
0.0 0.05553633668048086 0.6725701345018036 0.008205019962257153 0.01547232335739963
0.0 0.05717734067293225 0.6446730666301286 0.0114870279471603 0.011252598805381453
0.0 0.028694199946810172 0.6202924358851354 0.010314882238266421 0.010314882238266421
0.0 0.03820139643003184 0.596036092972551 0.007267303395142121 0.008673878245815026
0.0 0.07020097428283556 0.5961533075434404 0.009377165671151034 0.010783740521823936
0.0 0.07617891739819456 0.584314635883612 0.009611594812930235 0.008673878245815026
0.0 0.10876456810544485 0.580446555044262 0.007267303395142121 0.01359689022316939
0.0 0.14439779765581964 0.6224093714226638 0.007736161678699815 0.007032874253363452
0.0 0.10888178267633446 0.6246364482695623 0.008908307387593694 0.01054931138004509
0.0 0.09422996131516062 0.6389366259180679 0.008205019962257153 0.009611594812930058
0.0 0.11978273776904765 0.6567532406932554 0.008673878245814847 0.011955886230717815
0.0 0.04180202108376481 0.9770882033087871 0.009397769516728615 0.008208178438661663
0.0 0.016219486509790215 0.9552884528725321 0.009809903568838152 0.007329238298557072
0.0 0.027326101469911813 0.9432797778141266 0.008569570933697434 0.0087950859582687
0.0 0.003297799180659666 0.9043648172163733 0.006595598361319332 0.008606918682901466
0.0 0.0022476287620899703 0.679421318829935 0.004495257524179941 0.0114304000567369
