0.0 0.8204970715188772 0.5728683202007641 0.006460457856508839 0.007220511721980216
0.0 0.8260285650411777 0.5764755310630125 0.007264966397316641 0.010032572643913796
0.0 0.8631886459620308 0.5263001037508065 0.0036739959363160323 0.0034443711902966355
0.0 0.8688144522395153 0.5289407883300339 0.004362870174375644 0.003214746444277239
0.0 0.704442412506436 0.5552543736267992 0.009806385022755748 0.011959006125312043
0.0 0.704442412506436 0.5391097153576283 0.0064578633076685325 0.011241465757793634
0.0 0.6425143436099766 0.6204558254161743 0.011108846130913364 0.007934890093509495
0.0 0.7366488868507254 0.4563938908329305 0.004002753830287986 0.006952151389447892
0.0 0.7402302981725619 0.4567098977142692 0.004845438847190309 0.004634767592965261
0.0 0.7397036200369975 0.46197667906991136 0.006320137626770972 0.005056110101416067
0.0 0.8696784850588586 0.4260424208913733 0.007380385390655419 0.006235153174864649
0.0 0.8156763830336058 0.39376549095586244 0.010638182083094704 0.008780721719379159
0.0 0.7642037605611491 0.39710156691231335 0.004242930975991044 0.00676217124298617
0.0 0.4822416130644626 0.6068612813554083 0.004858358024155152 0.006224771218449376
0.0 0.4865685881797258 0.6057985155376244 0.0025810027003320356 0.004402886959390173
0.0 0.4074024817474914 0.6160802417137792 0.008004394297323003 0.009707456913774592
0.0 0.2963849497909024 0.543003551091795 0.007996886246824531 0.010256875838317825
0.0 0.32341790221223243 0.5696018901301454 0.00886611301278215 0.008866113012785348
0.0 0.30107877432708213 0.5669072871556736 0.004519979182987655 0.006953814127673752
0.0 0.4600292651949431 0.5264284897895312 0.008077286741417566 0.010220240366692224
0.0 0.42673106270991623 0.5483525538019492 0.00873665708765543 0.00824212932797721
0.0 0.41566282393533827 0.530352984098176 0.009292436270081339 0.007985687419601106
0.0 0.36084167275311163 0.49834880611756915 0.0066695203467642015 0.009485540048731167
0.0 0.3837403592770018 0.48382407291794927 0.008299847542640038 0.008299847542640038
0.0 0.24206851974519736 0.4926743362525407 0.010141518831932572 0.00798021153988131
0.0 0.2582093010696974 0.41758035712982144 0.008645229168205048 0.007813957132800909
0.0 0.3385091963890467 0.4034520897203212 0.008205724301702234 0.009138192972350367
0.0 0.44901829437620455 0.438486420743153 0.005835586601764575 0.005305078728876822
0.0 0.44645417299058077 0.4437030814932147 0.002829375322067662 0.0037135551102139173
0.0 0.44892987639738974 0.4431725736203269 0.003183047237325809 0.0044208989407309215
0.0 0.5509324776823666 0.41760458250589744 0.0056951100491701824 0.005891493154314276
0.0 0.5558420553109615 0.41770277405846945 0.004124045208019567 0.00490957762859523
0.0 0.5564312046263928 0.42113947839848576 0.004516811418307398 0.004713194523451136
0.0 0.5523071594183732 0.4216304361613446 0.004516811418307398 0.004516811418307754
0.0 0.7697660647099035 0.397770231883932 0.004517598271398171 0.004627783595091017
0.0 0.8318607466437176 0.28071892715249797 0.00950761260894808 0.010761363722215833
0.0 0.8339705105324751 0.21654481245001164 0.008684391068079122 0.009903252972370779
0.0 0.7990805885221223 0.21243115352302694 0.00807496011593294 0.010207968448443693
0.0 0.7578732527293545 0.24172380875503735 0.006993971765261264 0.00874246470657738
0.0 0.7633027834418599 0.24103361417293917 0.0036810377711901767 0.0071780236538209865
0.0 0.7654536016968893 0.18547433582476777 0.009259633636981946 0.008857040870156397
0.0 0.8008146663830444 0.19225131406632698 0.004294322846136111 0.007112472213913179
0.0 0.8110807819370894 0.19104353576585104 0.006844077036029716 0.008454448103330492
0.0 0.8057190004256686 0.18924600741733605 0.006137172196402219 0.00463182807275615
0.0 0.705912426971478 0.23415500182460852 0.010391386650153222 0.009092463318884114
0.0 0.4881123667509296 0.37720868552979353 0.008445649399972766 0.009501355574969495
0.0 0.5822430692060555 0.32293001213275546 0.011083129242604173 0.009413068671801028
0.0 0.6481815611945434 0.24165964634122333 0.011512703287213455 0.011291305147074836
0.0 0.6736423473104963 0.1985977080842421 0.008855925605548976 0.011512703287213811
0.0 0.7034112691244155 0.13570808882399737 0.009551450444078213 0.00915347334224208
0.0 0.7467907732246051 0.0921295961728891 0.00795954203673226 0.010347404647751546
0.0 0.7682815367237813 0.06904692426636708 0.01193931305509821 0.008755496240405591
0.0 0.720325295952471 0.02706034002260509 0.009949427545915056 0.010745381749588745
0.0 0.8369325867905946 0.03939763017954014 0.006765610731221727 0.005969656527549461
0.0 0.8341467470777388 0.04337740119790574 0.00596965652754875 0.01472515276795434
0.0 0.8745414229141535 0.07640950065034388 0.009551450444078569 0.01472515276795434
0.0 0.8391214608506964 0.08735387095085016 0.011143358851424524 0.010347404647752256
0.0 0.8464840372346736 0.09829824125135644 0.008357519138568392 0.008357519138568392
0.0 0.7550955254265169 0.010016365479967603 0.007561564934895415 0.00915347334224208
0.0 0.7614631590559023 0.01160827388731427 0.00756156493489577 0.008357519138568392
0.0 0.5250323855211046 0.029670781725386418 0.006172790333990363 0.006172790333990719
0.0 0.5218316794219986 0.03447184087404587 0.00663003406243412 0.008001765247765035
0.0 0.5004011636939509 0.06676770110948738 0.007315899655100466 0.011202471346871334
0.0 0.44531640554043006 0.1167640415484243 0.005918160548369755 0.00650997660320698
0.0 0.4479795777871967 0.1208081179231435 0.005720888530090918 0.0063127045849277865
0.0 0.49912576516855867 0.2330380046744409 0.008000388407430847 0.010043040766775136
0.0 0.42085333170282324 0.29425289825846546 0.0046778684530735856 0.006432069122976713
0.0 0.4230948103365876 0.3009773341597587 0.005262602009707606 0.005067690824162696
0.0 0.4255312001558968 0.29581218774282336 0.003118578968715724 0.006042246751886182
0.0 0.23061555479476786 0.25574387019190575 0.00941829992049179 0.01042740348340132
0.0 0.23574516457289274 0.2908943109665973 0.007231908867520431 0.00941829992049108
0.0 0.22169664052231752 0.19128096002174963 0.01048958170647083 0.008704120990475416
0.0 0.2395845018881028 0.0981963235007676 0.006695477684981554 0.005356382147985528
0.0 0.2399192757723519 0.10199042752225722 0.004686834379486982 0.004017286610988435
0.0 0.23601358045611268 0.10176724493275771 0.0053563821479851725 0.005356382147985528
0.0 0.23712949340360973 0.10544975765949757 0.004017286610988791 0.005133199558486012
0.0 0.27325330034277506 0.23491008845611744 0.006355093992559446 0.01020666610926213
0.0 0.2760456901273848 0.2253774474672781 0.003851572116702684 0.004621886540043363
0.0 0.2797046836382524 0.2265329191022893 0.005777358175053848 0.005007043751713525
0.0 0.2798972622440873 0.22961417679565094 0.005007043751713525 0.004621886540043363
0.0 0.2843138401547135 0.18520367609167748 0.010976980532602454 0.009628930291756177
0.0 0.2852767331838891 0.16767902296068088 0.007895722839240449 0.01039924471509721
0.0 0.28132887176426885 0.150058080526766 0.01001408750342705 0.00828088005091061
0.0 0.2875435217770114 0.3372445600240013 0.007145361736636602 0.008474731362056787
0.0 0.29128237384850736 0.31755327244745607 0.009637929784300425 0.008308560158879884
0.0 0.3505906157316202 0.31842553194978684 0.003914408425737648 0.00678497460461287
0.0 0.354896464999932 0.3171859692816369 0.004958250672601139 0.004044888706595628
0.0 0.3544397840169296 0.3214918185499485 0.005871612638606649 0.005349691515175436
0.0 0.35320298981836357 0.28130290663386004 0.00727227002635864 0.00917691217611889
0.0 0.3561465276861755 0.2864973852241164 0.007618568599042063 0.005713926449281814
0.0 0.3527413738209761 0.20854429584079562 0.002943537867811585 0.00588707573562317
0.0 0.35992706920416373 0.20681280297737709 0.0058870757356238815 0.008311165744409266
0.0 0.0958532613791773 0.5109937974224646 0.007730374066775525 0.010004013498180342
0.0 0.11847597372165311 0.5322523261060969 0.008412465896196864 0.01159556110016311
0.0 0.16661145588477577 0.33836412774072144 0.007998376362618843 0.00754563807794213
0.0 0.10434226678059719 0.274625830261294 0.0067713776555063275 0.008985097273652798
0.0 0.16651692145880598 0.2873396424612725 0.007977737961428843 0.009775538065413513
0.0 0.08385715085319845 0.23797137342081384 0.008822428859175701 0.01066043487150381
0.0 0.0865222595710744 0.20828757632171174 0.007168223448080368 0.009006229460408832
0.0 0.13072630416756983 0.21453679676362788 0.006249220441916137 0.009006229460408122
0.0 0.07354601055645471 0.1508436425656477 0.00766957261477792 0.00932379415914184
0.0 0.15951678255542684 0.08962576337569458 0.0053202564925936 0.005450018846071459
0.0 0.16321500962954688 0.08573289277135743 0.004930969432159671 0.004152395311292878
0.0 0.06805021515104262 0.004786767487173016 0.00849900904815577 0.009573534974346033
0.0 0.02785216451934076 0.5968289137814977 0.006192155688294676 0.006784250750298782
0.0 0.028585753608602715 0.5639699740815953 0.007462557995464181 0.011390220098340365
0.0 0.0031972313636788206 0.5643627402918827 0.006394462727357641 0.007462557995464891
0.0 0.002215315837957821 0.571039765866772 0.004430631675915642 0.006284259364601752
0.0 0.017248292055918667 0.5020847574592224 0.008444473521183226 0.00981915525719046
0.0 0.003544563449331584 0.11571863968981902 0.005478498545690158 0.006518719788542881
