0.0 0.9932760347768308 0.5636899500686109 0.006504919650939201 0.012287070451773907
0.0 0.9980835550886242 0.5626961428997175 0.0038328898227515396 0.009215302838830475
0.0 0.9083521045664045 0.972370739936963 0.01036389375307536 0.007988834767995456
0.0 0.8753171932284772 0.9410631442245482 0.00993206484669713 0.008420663674373685
0.0 0.8816866695975547 0.9474326205936257 0.005397861329726794 0.006045604689293782
0.0 0.878124081119935 0.9496997223521108 0.006909262502050239 0.00669334804886077
0.0 0.8527680110303274 0.8082598121300635 0.010658367615894804 0.008568491612778218
0.0 0.813896317372358 0.7783745852854954 0.004806714807168433 0.011076342816518193
0.0 0.8189120197798377 0.7788970542862745 0.0060606404090382425 0.0091954544137133
0.0 0.8570522568367162 0.7761802154822228 0.010031404814959899 0.010867355216206676
0.0 0.8798319052706878 0.768029699070068 0.008359504012466346 0.01462913202181646
0.0 0.9137923903213332 0.7527736042473167 0.009404442014024994 0.0071055784105965355
0.0 0.9048059235079317 0.7566398748530824 0.009822417214648382 0.01233026841838818
0.0 0.8408616098539801 0.7419059811064073 0.006896590810285019 0.010867355216206498
0.0 0.8555363366804809 0.6725701345018036 0.008205019962257153 0.01547232335739963
0.0 0.8571773406729323 0.6446730666301286 0.0114870279471603 0.011252598805381453
0.0 0.8286941999468102 0.6202924358851354 0.010314882238266421 0.010314882238266421
0.0 0.8382013964300319 0.596036092972551 0.007267303395142121 0.008673878245815026
0.0 0.8702009742828356 0.5961533075434404 0.009377165671151034 0.010783740521823936
0.0 0.8761789173981945 0.584314635883612 0.009611594812930235 0.008673878245815026
0.0 0.9087645681054448 0.580446555044262 0.007267303395142121 0.01359689022316939
0.0 0.9443977976558197 0.6224093714226638 0.007736161678699815 0.007032874253363452
0.0 0.9088817826763345 0.6246364482695623 0.008908307387593694 0.01054931138004509
0.0 0.8942299613151606 0.6389366259180679 0.008205019962257153 0.009611594812930058
0.0 0.9197827377690476 0.6567532406932554 0.008673878245814847 0.011955886230717815
0.0 0.8418020210837648 0.9770882033087871 0.009397769516728615 0.008208178438661663
0.0 0.8162194865097903 0.9552884528725321 0.009809903568838152 0.007329238298557072
0.0 0.8273261014699118 0.9432797778141266 0.008569570933697434 0.0087950859582687
0.0 0.8030031453458475 0.9043648172163733 0.007184906030943505 0.008606918682901466
0.0 0.787435543155935 0.959039922851648 0.008856676433147293 0.007749591879003504
0.0 0.7577640178961543 0.9718867018867625 0.009313933512706107 0.007096330295395248
0.0 0.7879742108510299 0.6861968259828628 0.011106898168338653 0.014449751015120249
0.0 0.8013680726029973 0.679421318829935 0.0062543698423653815 0.0114304000567369
0.0 0.778006858188753 0.6531800857817457 0.008761058155191214 0.009053093427030845
0.0 0.7625289887812486 0.6236845233259356 0.010513269786229351 0.009053093427031023
0.0 0.7731633821956216 0.5696147977233466 0.0043805290775956966 0.011389375601748419
0.0 0.7775001433035694 0.5673455263332337 0.0042944859834276984 0.007361975971590162
0.0 0.7789751107812697 0.5437894752517921 0.00999012983795904 0.00745532077459643
0.0 0.7479714026025691 0.5595373706811038 0.010202749956871138 0.007693877016656891
0.0 0.7199778538084218 0.5719622845486676 0.00966963179537057 0.008948017482282999
0.0 0.730273684844392 0.5947545168465889 0.008659371757048007 0.011545829009397579
0.0 0.7206040530490215 0.6038468571914893 0.009525308932752986 0.008370726031813191
0.0 0.7011080503704021 0.6833371340150376 0.005966877024428996 0.01089603630547895
0.0 0.7286075705699442 0.7162846723673193 0.010117747997944803 0.012971471792236854
0.0 0.7219921199559035 0.7493619254375232 0.007782883075342006 0.011155465741323667
0.0 0.6960491763714297 0.7714134274843257 0.009858318562100088 0.00856117138287633
0.0 0.7356121653377522 0.8633811624912852 0.009598889126255195 0.007264024203652753
0.0 0.682818275143348 0.8286176180880902 0.01089603630547895 0.012452612920547423
0.0 0.6986434707298772 0.8723314780279285 0.01037717743378952 0.014268618971460612
0.0 0.7097989364712008 0.8960692714077221 0.01037717743378952 0.008820600818721047
0.0 0.6951411733459733 0.9091704579178813 0.010636606869634236 0.008561171382876154
0.0 0.6986434707298772 0.9259036565298668 0.01037717743378952 0.009339459690410478
0.0 0.7446921955923179 0.903722439765142 0.009080030254565764 0.00856117138287651
0.0 0.6186164623435566 0.9962465696101456 0.010150498014752962 0.007506860779708901
0.0 0.6310226265838101 0.9999120272265841 0.010150498014752962 0.00017594554683171283
0.0 0.5897157388293294 0.943291419676558 0.009868539736565474 0.014943788743941866
0.0 0.6304587100274353 0.9485076478230283 0.011842247683878426 0.01015049801475314
0.0 0.6503367686396596 0.9404718368946824 0.0076128735110648545 0.01325203907481658
0.0 0.6517465600305975 0.9297574223235541 0.005921123841939213 0.00817679006744001
0.0 0.6562578924815988 0.9317311302708673 0.006485040398314368 0.008176790067439654
0.0 0.5727982421380742 0.9184790911960509 0.005357207285564059 0.010432456292940272
0.0 0.5782964285627321 0.9172102789442068 0.0062030821201267015 0.009022664902002476
0.0 0.579847199092764 0.9266558812634906 0.005921123841939213 0.009868539736565651
0.0 0.5881649682992977 0.9291935057671787 0.010714414571128117 0.007612873511065032
0.0 0.5718113881644178 0.8730838084078499 0.006766998676502034 0.005921123841939035
0.0 0.5742080335290122 0.8788639531106954 0.007048956954689522 0.009022664902002476
0.0 0.6043775692950837 0.8901422842381985 0.009868539736565296 0.012406164240253759
0.0 0.6221409408209013 0.8720969544341933 0.010432456292940451 0.010714414571128473
0.0 0.5956368626712685 0.8468616885364048 0.005357207285563881 0.00817679006744001
0.0 0.6005711325395512 0.8470026676754981 0.005639165563751547 0.008458748345627144
0.0 0.5929582590284865 0.8164101944921459 0.011842247683878603 0.011560289405690937
0.0 0.6466713110232211 0.8296622335669621 0.009868539736565296 0.012688122518441248
0.0 0.6377896252603124 0.8276885256196491 0.008458748345627497 0.010996372849315605
0.0 0.6043775692950837 0.7715788282603202 0.00874070662381481 0.009304623180190142
0.0 0.558841307367789 0.7930076574025765 0.010150498014752962 0.013252039074816402
0.0 0.6294718560537784 0.7877914292561061 0.00817679006744001 0.008458748345627497
0.0 0.6373666878430309 0.7930076574025764 0.0076128735110648545 0.011560289405691116
0.0 0.6628839120190071 0.7889192623688566 0.011278331127503271 0.005639165563751547
0.0 0.6524514557260663 0.8058367590601115 0.005639165563751903 0.013533997353004068
0.0 0.6572447464552552 0.8055548007819239 0.0050752490073763925 0.012406164240253759
0.0 0.6645756616881325 0.795968219323546 0.010714414571128473 0.008458748345627497
0.0 0.6022628822086769 0.7287211699758075 0.00958658145837763 0.009304623180190142
0.0 0.5747719500853874 0.6931944269241722 0.009304623180190319 0.010996372849315783
0.0 0.6183345040653688 0.7047547163298631 0.008458748345627497 0.010996372849315783
0.0 0.6063512772423966 0.708843111363583 0.008740706623814987 0.012406164240253759
0.0 0.650759706056941 0.7016531752697996 0.009022664902002653 0.013815955631191557
0.0 0.6258063984373398 0.6761359510938234 0.008740706623815164 0.011278331127503271
0.0 0.6253834610200586 0.6576676838725368 0.009022664902002653 0.013252039074816402
0.0 0.6232687739336515 0.6332782928093109 0.005357207285564059 0.010150498014752962
0.0 0.6279210855237467 0.632432417974748 0.0062030821201267015 0.007330915232877188
0.0 0.6540022262560982 0.6332782928093109 0.007612873511064678 0.009586581458377808
0.0 0.5967646957840189 0.6596413918198498 0.0064850403983145455 0.0064850403983145455
0.0 0.5901386762466105 0.6538612471170044 0.005075249007376747 0.010714414571128117
0.0 0.5946500086976121 0.651323622613316 0.006766998676502034 0.007330915232877188
0.0 0.6384945209557812 0.6059283398251153 0.008176790067439831 0.012970080796628914
0.0 0.5665951600179475 0.5684278888261669 0.009304623180190142 0.013533997353004068
0.0 0.608888901746085 0.5625067649842277 0.009304623180190319 0.010150498014752962
0.0 0.6225638782381827 0.5815389487618894 0.009586581458377808 0.01268812251844107
0.0 0.6669723070527269 0.5680049514088854 0.008740706623814987 0.012124205962066092
0.0 0.6506187269178472 0.5821028653182646 0.005357207285564059 0.0076128735110648545
0.0 0.6758539928156357 0.5868961560474536 0.009022664902002653 0.011560289405690937
0.0 0.6917846355332343 0.5871781143256409 0.008176790067439831 0.010432456292940628
0.0 0.6861454699694827 0.5977515497576753 0.008740706623814987 0.007894831789252165
0.0 0.6845946994394508 0.5691327845216358 0.005639165563751547 0.01268812251844107
0.0 0.6788145547366056 0.5665951600179475 0.006485040398314368 0.008176790067439831
0.0 0.5908435719420797 0.5415008732592528 0.0076128735110648545 0.008740706623814987
0.0 0.5451739791731091 0.9878103978588884 0.01003419582481353 0.009069369303196595
0.0 0.5015638203960349 0.99945295142874 0.009262334607520194 0.001094097142520134
0.0 0.47975874100749766 0.9805741989467632 0.008104542781580192 0.011191987650753531
0.0 0.42550253934837123 0.9637856633275608 0.009260434856358302 0.015252480939884095
0.0 0.38682660553652204 0.9972814954691994 0.00871570339421961 0.005437009061601295
0.0 0.36719852218223087 0.9807089572923019 0.008349111613507265 0.008855118377962157
0.0 0.09193348561124733 0.9952399797240107 0.009845277940731223 0.008421864262552958
0.0 0.12811191659827179 0.9953585975305254 0.01031974916679057 0.006523979358316012
0.0 0.12917947685690492 0.9994882203146135 0.009133571101642212 0.0010235593707729862
0.0 0.15768535185958038 0.9929581564480667 0.012973154280922694 0.010378523424738263
0.0 0.12136051987299683 0.9639847785540063 0.011935301938448894 0.009167695691851918
0.0 0.1415986405512362 0.966665897105397 0.007437941787729008 0.005189261712369131
0.0 0.19669130239755458 0.9659739955437479 0.00968662186308895 0.011416375767212017
0.0 0.1383121081334025 0.975920080492455 0.010551498815150495 0.007091991006904408
0.0 0.2048211457469328 0.9901040625062638 0.012108277328861217 0.006746040226079941
0.0 0.07805472290852004 0.9621877691356191 0.010089711340108675 0.009119546788175014
0.0 0.1100166601892619 0.943582043210548 0.010477777160882074 0.009313579698561725
0.0 0.09788960329009282 0.9292236078419316 0.009507612608948557 0.006985184773921205
0.0 0.1042926893328541 0.9136039585558018 0.010671810071268818 0.0075672835050813346
0.0 0.1387335309264943 0.9012828687462463 0.011253908802428958 0.00931357969856208
0.0 0.11952427279821047 0.8899319434886241 0.011253908802428913 0.009895678429721855
0.0 0.09100143497136479 0.8755735081200078 0.00892551387778846 0.00834341514662853
0.0 0.16415184218715267 0.946104471045575 0.010089711340108698 0.01008971134010892
0.0 0.1578457725995847 0.9170965509427627 0.008731480967401728 0.01028374425049563
0.0 0.16929371431240037 0.9082680535201675 0.01300020499590926 0.011641974623202244
0.0 0.3194894482554518 0.9941829300398176 0.011223067286831334 0.011634139920364639
0.0 0.2578545705326897 0.976314861599513 0.010855097867590934 0.006807434255946631
0.0 0.2623621959183842 0.9418177285457284 0.008831266061768872 0.01030314373873047
0.0 0.2485633426968703 0.9480732086728147 0.01030314373873038 0.007359388384807275
0.0 0.2714694390445834 0.9570884594442038 0.008647281352148716 0.009935174319490158
0.0 0.26171824943471356 0.9818344028881187 0.011591036706071645 0.007911342513667919
0.0 0.28434836871799635 0.9478892239631946 0.009383220190629515 0.010671113157970424
0.0 0.31921347119102145 0.9574564288634442 0.011775021415691889 0.009567204900249492
0.0 0.35518967928026024 0.9740415118009687 0.008379128364561695 0.009968273399219995
0.0 0.5052446695957228 0.9660959883130701 0.007123288393091798 0.012974561001702866
0.0 0.4062818415631265 0.9260274911019287 0.011702545217222138 0.010176126275845476
0.0 0.38236794481488984 0.9467613483889638 0.009667319962053167 0.009412916805156612
0.0 0.4218004341337906 0.9355676094855336 0.009667319962053078 0.01043052943274141
0.0 0.3683757711856025 0.9308611510829554 0.009158513648260768 0.011193738903429918
0.0 0.3794423085105843 0.8821429465373457 0.009412916805157056 0.008395304177572527
0.0 0.40284739894502863 0.9000783690985232 0.008904110491364747 0.011193738903430273
0.0 0.45080239401995004 0.8835421639002743 0.010684932589637519 0.010684932589637697
0.0 0.47293546866991354 0.8892662349304373 0.009667319962053078 0.01093933574653363
0.0 0.4780235318078363 0.9129257285217779 0.010684932589637519 0.011448142060326206
0.0 0.454618441373392 0.9256458863665846 0.011702545217222138 0.011956948374118426
0.0 0.4530920224320152 0.9650783756854853 0.010176126275845476 0.009412916805156967
0.0 0.4558904571578727 0.9489237752225808 0.010176126275845476 0.0096673199620529
0.0 0.4996478001440077 0.915215356933843 0.012211351531014358 0.009412916805157323
0.0 0.5151663927146719 0.9138161395709143 0.007632094706884018 0.00864970733446846
0.0 0.5037182506543458 0.9489237752225808 0.009158513648260858 0.010176126275845476
0.0 0.48171237758283025 0.956174265194121 0.006868885236195688 0.01093933574653363
0.0 0.477260322337148 0.9344227952795012 0.010176126275845476 0.007632094706884018
0.0 0.47166345288543293 0.9504501941639576 0.006614482079299577 0.006105675765507357
0.0 0.46237773765872403 0.9519766131053344 0.005851272608611069 0.010176126275845476
0.0 0.42052841834931 0.911017704845057 0.008649707334468636 0.00864970733446846
0.0 0.1940974084413272 0.9368960881948016 0.014085015507799569 0.01376490151898615
0.0 0.22050681251845142 0.9521015026634491 0.00992353365322245 0.010883875619663285
0.0 0.2366725689535396 0.9388167721276837 0.008322963709154241 0.009283305675595344
0.0 0.23763291091998048 0.9489003627753128 0.007682735731527135 0.008322963709154151
0.0 0.252678268394221 0.9199300467876796 0.007042507753899763 0.01056376163084991
0.0 0.28340921132032915 0.926332326563952 0.011524103597290659 0.013124673541358689
0.0 0.24392685947598358 0.9083234432586659 0.008963191686781525 0.00992353365322245
0.0 0.23624412374445658 0.9081633862642591 0.0076827357315269575 0.008963191686781613
0.0 0.18326525859580128 0.9150458370237521 0.008643077697967927 0.008002849720340776
0.0 0.18214485963495364 0.8923177438179846 0.008963191686781525 0.011203989608477016
0.0 0.17958394772444458 0.8739111894612008 0.009603419664408763 0.012164331574917853
0.0 0.25721159001174904 0.8828743811479824 0.009283305675595165 0.01024364764203618
0.0 0.24648777138649258 0.8555046351044175 0.010243647642036002 0.01120398960847666
0.0 0.22568036211360684 0.8335768268706838 0.010243647642036002 0.008322963709154507
0.0 0.22472002014716602 0.8502227542889929 0.008963191686781613 0.008322963709154507
0.0 0.21447637250512988 0.8575853760317061 0.007682735731527135 0.010883875619663285
0.0 0.22135882326462292 0.863667541819165 0.008002849720340688 0.008322963709154151
0.0 0.2477682273417471 0.8262142051279706 0.008322963709154241 0.01024364764203618
0.0 0.28330088010005966 0.8407793916189907 0.010883875619663285 0.009283305675595344
0.0 0.26521443973208975 0.834537168837125 0.010563761630849645 0.008322963709154507
0.0 0.26633483869293745 0.8262142051279706 0.010883875619663285 0.007682735731527046
0.0 0.2861819059993823 0.8977596816278162 0.011524103597290569 0.014405129496613257
0.0 0.2879425329378572 0.882714324153576 0.009283305675595165 0.009283305675595344
0.0 0.31867347586396527 0.8681491376625555 0.008643077697967882 0.012804559552544958
0.0 0.31067062614362473 0.8297354590049206 0.013124673541358689 0.013444787530172064
0.0 0.32859700951718784 0.8428601325462793 0.009283305675595255 0.0064022797762728345
0.0 0.33035763645566274 0.8867157490137461 0.01152410359729048 0.00960341966440872
0.0 0.34684350687956467 0.8857554070473054 0.009283305675595165 0.00960341966440872
0.0 0.3484440768236327 0.9073631012922251 0.00864307769796797 0.01120398960847666
0.0 0.35388601463346436 0.938414158207147 0.00992353365322236 0.009923533653222094
0.0 0.5348221406952904 0.9141187794112591 0.011340925865260943 0.01234159579454861
0.0 0.5476640714544828 0.8775943269922568 0.011007369222165053 0.011340925865260943
0.0 0.5226473232222897 0.8829312332817914 0.007671802791205984 0.016010718868603745
0.0 0.5123070672863163 0.8849325731403669 0.009006029363589541 0.010006699292877386
0.0 0.5106392840708368 0.8737584255966537 0.008338916077397762 0.007004689505014028
0.0 0.5033010379227267 0.8787617752430925 0.009673142649781318 0.010340255935973274
0.0 0.4841215309447119 0.8710899724518866 0.00933958600668543 0.011674482508357186
0.0 0.4701121519346838 0.8709231941303385 0.010006699292877208 0.010006699292877386
0.0 0.4619400141788339 0.8532446920462553 0.009006029363589541 0.009339586006685252
0.0 0.45760377781858697 0.8614168298021052 0.010340255935973274 0.009006029363589718
0.0 0.4445950687378465 0.8590819333004338 0.008338916077397762 0.007004689505014028
0.0 0.4334209211941336 0.853911805332447 0.010006699292877208 0.009339586006685252
0.0 0.420412212113393 0.8627510563744888 0.011340925865260943 0.011674482508356832
0.0 0.5537040275392114 0.839395292350859 0.00933958600668543 0.00833891607739794
0.0 0.5308553974871416 0.8285547014502418 0.00833891607739794 0.014676492296219834
0.0 0.5313557324517856 0.8090416378291311 0.008672472720493651 0.009006029363589362
0.0 0.5498681261436086 0.8043718448257883 0.012341595794548788 0.011007369222165053
0.0 0.5353584121689363 0.7608427029017719 0.010006699292877386 0.014009379010028234
0.0 0.5208486981942644 0.7588413630431964 0.009673142649781318 0.008672472720493651
0.0 0.5216825898020041 0.7688480623360737 0.010006699292877208 0.01134092586526112
0.0 0.5492010128574166 0.7363262896342226 0.009006029363589718 0.012341595794548788
0.0 0.5291876142716622 0.7113095414020292 0.010340255935973274 0.01167448250835701
0.0 0.511175555544483 0.6956323791765218 0.009673142649781318 0.011674482508356832
0.0 0.49666584156981075 0.6846250099543565 0.008005359434301872 0.009006029363589541
0.0 0.4898279303863446 0.6579404785066835 0.00833891607739794 0.010340255935973097
0.0 0.5103416639367431 0.6524367938956009 0.009339586006685607 0.010673812579069164
0.0 0.5537040275392117 0.678954547021726 0.011340925865260943 0.013675822366932345
0.0 0.5460322247480056 0.5833905687747476 0.011340925865260943 0.009339586006685607
0.0 0.5266859394484428 0.5717160862663906 0.007338246148109917 0.008005359434301872
0.0 0.4893275954217008 0.5423631016739505 0.011340925865260943 0.012008039151452899
0.0 0.4766524429840562 0.5525365792883759 0.010006699292877386 0.009006029363589541
0.0 0.4781534478779877 0.5647113967613766 0.009673142649781497 0.012008039151452899
0.0 0.49666584156981086 0.5673798499061438 0.009339586006685607 0.011340925865260943
0.0 0.5008352996085097 0.5957321645692961 0.009673142649781318 0.010006699292877386
0.0 0.480988679344303 0.6012358491803788 0.008005359434301695 0.009673142649781497
0.0 0.47231620662380946 0.5905620366013096 0.010006699292877386 0.009673142649781497
0.0 0.5221829247666478 0.5832237904531996 0.010340255935973274 0.01167448250835701
0.0 0.47498465976857657 0.6367596316700933 0.00933958600668543 0.01134092586526112
0.0 0.46397729054641157 0.6455988827121348 0.009339586006685607 0.011674482508356832
0.0 0.45763971432758926 0.6582740351497793 0.010006699292877208 0.011674482508356832
0.0 0.4606417241154525 0.6712827442305199 0.008672472720493651 0.011007369222165053
0.0 0.4761521080194123 0.6696149610150405 0.009006029363589541 0.013008709080740389
0.0 0.4694809751574941 0.6652787246547935 0.0070046895050142055 0.009673142649781318
0.0 0.4748178814470285 0.693464260996398 0.010340255935973274 0.012675152437644499
0.0 0.480988679344303 0.7368266245988664 0.010673812579069164 0.01200803915145272
0.0 0.5105084422582911 0.7941983672113629 0.008338916077397762 0.014009379010028323
0.0 0.4854916940260979 0.7948654804975547 0.009673142649781497 0.013342265723836544
0.0 0.4904950436725365 0.8258862483054745 0.011007369222165053 0.016677832154795524
0.0 0.4786537828426316 0.8238849084468989 0.00933958600668543 0.01200803915145272
0.0 0.46280984229557587 0.8188815588004605 0.009006029363589541 0.008672472720493828
0.0 0.4516356947518629 0.8350590559906118 0.00933958600668543 0.006337576218822605
0.0 0.4509685814656711 0.8277208098425017 0.009339586006685607 0.0076718027912061615
0.0 0.4172793605129842 0.7938648105682671 0.015343605582411967 0.016010718868603658
0.0 0.4011018633228324 0.7628440427603473 0.010340255935973274 0.010006699292877386
0.0 0.4011018633228324 0.7471668805348395 0.010340255935973274 0.015343605582411967
0.0 0.4327897444169439 0.7421635308884008 0.013008709080740566 0.012675152437644676
0.0 0.4424628870667253 0.7273202602706329 0.010340255935973274 0.013675822366932345
0.0 0.44062832552969783 0.7158125560838239 0.0166778321547957 0.010006699292877208
0.0 0.43245618777384803 0.7053055218263028 0.009673142649781497 0.009673142649781318
0.0 0.46681252201272694 0.757006801506169 0.009006029363589541 0.013008709080740566
0.0 0.466145408726535 0.7700155105869095 0.009006029363589541 0.011674482508356654
0.0 0.4893275954217008 0.7608427029017719 0.011340925865260943 0.012008039151452899
0.0 0.10407068298981796 0.8454315570884792 0.014704622277055402 0.018714973807161427
0.0 0.09123755809347871 0.8203000208331481 0.00882277336623325 0.008020703060211787
0.0 0.11075460220666136 0.813482423231968 0.010426913978275642 0.00882277336623325
0.0 0.13869338453306662 0.8521154763053227 0.013367838433686741 0.010694270746949642
0.0 0.13160843016321264 0.8100067852392094 0.00882277336623325 0.010961627515623462
0.0 0.14791719305231044 0.8104078203922199 0.008288059828885785 0.01176369782164457
0.0 0.15981456925829166 0.8277860103560126 0.008555416597559474 0.012298411358991856
0.0 0.1590124989522704 0.852382833073996 0.00802070306021201 0.01176369782164457
0.0 0.1415006306041408 0.8689589527317677 0.007753346291538321 0.010159557209601999
0.0 0.14751615789929987 0.8610719280558927 0.008555416597559474 0.009357486903580892
0.0 0.12097893782486488 0.788702467587517 0.014704622277055402 0.017645546732466322
0.0 0.12031054590318058 0.7677149612466289 0.01015955720960191 0.009357486903580892
0.0 0.11135409415261047 0.7598279365707538 0.012565768127665545 0.008020703060212141
0.0 0.10039246663698734 0.7338943300094015 0.0072186327541908565 0.00909013013490707
0.0 0.11589915922006393 0.7205264915757148 0.010961627515623107 0.012833124896339143
0.0 0.1140276618393478 0.7020788745372275 0.010961627515623107 0.006951275985517924
0.0 0.11295823476465287 0.6924540308649726 0.009357486903580714 0.010694270746949463
0.0 0.1204442242875174 0.6802892978903177 0.007218632754190812 0.010961627515623107
0.0 0.1058732803947989 0.6443298125037002 0.008555416597559517 0.010159557209601822
0.0 0.12472193258629719 0.6420572799699735 0.012565768127665545 0.010426913978275642
0.0 0.11509708891404273 0.6584997212434083 0.010426913978275642 0.009624843672254357
0.0 0.1342130978742148 0.6030231917436083 0.009090130134906982 0.009892200440928178
0.0 0.15586899613678723 0.5925962777653326 0.011763697821644348 0.009357486903580714
0.0 0.18848652191498289 0.5746833742641925 0.008555416597559474 0.00882277336623325
0.0 0.20800356602816547 0.5488834460871771 0.009090130134906982 0.010694270746949286
0.0 0.19396733567279448 0.638447963592878 0.008822773366233294 0.009090130134906893
0.0 0.17886167824272844 0.6359080742904777 0.008555416597559474 0.009357486903580714
0.0 0.17217775902588506 0.6147868895652527 0.010694270746949374 0.010426913978275642
0.0 0.15546796098377658 0.6268179441555699 0.005614492142148331 0.00989220044092729
0.0 0.1552006042151029 0.6508800533362068 0.008822773366233294 0.01149634105297057
0.0 0.14410529831514293 0.6520831587952387 0.009624843672254446 0.008555416597559606
0.0 0.14624415246453285 0.6401857825892574 0.00802070306021201 0.007753346291538321
0.0 0.14971979045729134 0.6317640443760348 0.006416562448169616 0.010694270746949286
0.0 0.21428645009199826 0.6552914400193234 0.009357486903580714 0.011763697821644391
0.0 0.18821916514630918 0.5904574236159428 0.006416562448169616 0.008822773366233072
0.0 0.16509280465603116 0.6151879247182632 0.006149205679495884 0.010694270746949463
0.0 0.27251830879708594 0.5509510731117284 0.008397312073027052 0.012176102505889297
0.0 0.2837497136947596 0.5606079819957097 0.009866841685806805 0.008817177676678334
0.0 0.2926718577723509 0.5743585805152913 0.010076774487632445 0.008187379271201323
0.0 0.29120232815957114 0.5850651534084009 0.009656908883980986 0.0077675136675500415
0.0 0.2673556975969916 0.5934064755636858 0.01024819217872892 0.01563298030144029
0.0 0.2401886573159318 0.5861148174175292 0.009237043280329793 0.00734764806389876
0.0 0.3059964077065321 0.575431557789664 0.008093697478675476 0.010937429025237222
0.0 0.31419947947545984 0.5688691003745219 0.005687463093123313 0.009187440381199253
0.0 0.37490221056552564 0.5586972913810514 0.011593674766751239 0.010281183283722939
0.0 0.44431332772252896 0.5493637269306553 0.013353001513086582 0.016546110570563856
0.0 0.42602552130243215 0.5519762707049547 0.009869609814020564 0.012482153588320166
0.0 0.43662083772042476 0.5535728252336932 0.0084181966060763 0.010450175097198056
0.0 0.4329923047005641 0.5709897837290236 0.006966783398132037 0.009869609814020385
0.0 0.4254449560192543 0.5763600125984172 0.009289044530842717 0.010740457738787157
0.0 0.4401042294194907 0.5786822737311277 0.01015989245560931 0.0084181966060763
0.0 0.4450390343265009 0.591164427319448 0.013062718871497837 0.015384980004208338
0.0 0.3852408101592005 0.5792628390143054 0.00957932717243164 0.013643284154675328
0.0 0.3715975260045251 0.5850684918460822 0.01015989245560931 0.00957932717243164
0.0 0.40483488846644694 0.592325557885803 0.00986960981402043 0.01248215358831999
0.0 0.4202198684706554 0.5953735256224859 0.008127913964487555 0.011611305663553395
0.0 0.38114110840614357 0.6209145703585235 0.011611305663553572 0.009289044530842894
0.0 0.33759871216781784 0.6034976118631928 0.011030740380375725 0.009289044530842894
0.0 0.2989911208365025 0.6136575043188023 0.007547348681309707 0.011030740380375903
0.0 0.31234412234958897 0.6153992001683353 0.011030740380375815 0.008708479247665223
0.0 0.3352764510351071 0.6267202231903 0.009869609814020474 0.010450175097198233
0.0 0.3537093987759984 0.630929321493338 0.01015989245560922 0.01074045773878698
0.0 0.32903537424094714 0.6368801156459092 0.007837631322898542 0.012772436229908734
0.0 0.33803413613020117 0.6400732247033863 0.011321023021964648 0.013353001513086582
0.0 0.40436371973325036 0.6418149205529193 0.011611305663553529 0.011611305663553572
0.0 0.4197486997374589 0.6457337362143687 0.009869609814020564 0.01248215358831999
0.0 0.3998643387886235 0.6557484873491836 0.010740457738787023 0.012191870946731066
0.0 0.40915338331946627 0.6737460111276916 0.00899876188925397 0.015094697362619591
0.0 0.3693846614217955 0.7347053658613475 0.011901588305142319 0.013353001513086582
0.0 0.3425335170748281 0.669391771503859 0.008708479247665046 0.013933566796264073
0.0 0.3301965048073025 0.675632848298019 0.01074045773878698 0.013062718871497658
0.0 0.31219898102879473 0.6596673030106327 0.00783763132289863 0.01015989245560931
0.0 0.29855569687411926 0.6689563475414757 0.011901588305142319 0.015384980004208515
0.0 0.26014440985875564 0.8554063655195222 0.00693995771477649 0.010957827970699796
0.0 0.2672669980397105 0.8594242357754455 0.01022730610598641 0.0102273061059865
0.0 0.3762187603273576 0.8212892064039451 0.010957827970699708 0.010592567038343149
0.0 0.3289174695871704 0.7829368085064962 0.009131523308916468 0.010592567038343149
0.0 0.3159507064885091 0.8066787691096788 0.008766262376559818 0.01205361076776974
0.0 0.3042623566530961 0.7853110045668144 0.008766262376559818 0.00876626237655973
0.0 0.2945829419456446 0.771248458671083 0.009131523308916468 0.009862045173629675
0.0 0.278146199989595 0.7845804827021011 0.009131523308916468 0.010957827970699618
0.0 0.2691973071468567 0.7831194389726741 0.009496784241273116 0.009496784241272493
0.0 0.2834424835087665 0.8034500016231487 0.010957827970699796 0.012170772577125798
0.0 0.319238054879719 0.7538985643841418 0.009496784241273116 0.00876626237655973
0.0 0.32124699000768064 0.7436712582781552 0.009131523308916378 0.010227306105986322
0.0 0.29622661614124957 0.7305218647133158 0.009496784241273116 0.014610437294266277
0.0 0.293121898216218 0.7122588180954829 0.009131523308916468 0.013879915429553158
0.0 0.26682311108653856 0.682855313040772 0.009131523308916378 0.014975698226623101
0.0 0.25951789243940543 0.6436435037753652 0.009862045173629675 0.016178962949558694
0.0 0.23175806158029943 0.6264224989916684 0.007670479579489786 0.013149393564839684
0.0 0.11922982611243198 0.7474412405741651 0.007946582077735931 0.012965476021569167
0.0 0.12633992586619575 0.7413767437253667 0.010456029049652527 0.010874270211638582
0.0 0.13324090503896638 0.730502473513728 0.010037787887666428 0.010874270211638582
0.0 0.13365914620095248 0.69704318055484 0.009201305563694185 0.013383717183555178
0.0 0.1376324372398204 0.6893057190580971 0.011292511373624725 0.008783064401708174
0.0 0.17318293600863902 0.6993435069457635 0.011292511373624725 0.012965476021569167
0.0 0.14516077815557027 0.7361487292005404 0.009619546725680283 0.01045602904965257
0.0 0.14850670745145908 0.7568516667188524 0.009619546725680283 0.011710752535610958
0.0 0.13993276363074397 0.7767181219131921 0.009201305563694185 0.009619546725680194
0.0 0.1453698987365633 0.7852920657339072 0.010037787887666383 0.007528340915749787
0.0 0.15708065127217413 0.7746269161032617 0.00836482323972203 0.009619546725680373
0.0 0.16565459509288918 0.77588163958922 0.008783064401708129 0.015474922993485584
0.0 0.16565459509288918 0.747232119993172 0.012128993697596879 0.007528340915749787
0.0 0.18782137667815252 0.739285537915436 0.010456029049652482 0.013383717183555355
0.0 0.20287805850965213 0.7708627456453867 0.010456029049652482 0.013801958345541543
0.0 0.22441747835193632 0.7645891282155952 0.008364823239722074 0.014638440669513563
0.0 0.1660728362548753 0.8124777412630036 0.01380195834554132 0.017566128803416348
0.0 0.1832207238963054 0.818123996949816 0.012965476021569122 0.01380195834554172
0.0 0.20204157618567992 0.8170783940448507 0.0129654760215691 0.011710752535611135
0.0 0.22564110689150124 0.7133103017672945 0.010456029049652482 0.014638440669513563
0.0 0.2149759572608557 0.7289943453417733 0.007528340915749787 0.012547234859582979
0.0 0.25282678242059775 0.7335949981236204 0.008783064401708085 0.012547234859582979
0.0 0.25512710881152134 0.7170744722251694 0.010037787887666383 0.009619546725680194
0.0 0.26600137902315996 0.7076640460804822 0.01171075253561087 0.009201305563694185
0.0 0.23212384490228577 0.731712912894683 0.009201305563694185 0.012965476021569167
0.0 0.22145869527164025 0.7310855511517038 0.007110099753763688 0.008364823239722163
0.0 0.2718567552909653 0.8166158687778614 0.006691858591777677 0.011292511373624947
0.0 0.278548613882743 0.815570265872896 0.009201305563694273 0.009201305563694006
