0 0.3388799054405982 0.8660868380129467 0.002259945354961914 0.0053874736941403965
0 0.35210329624516307 0.9046394561467835 0.0025979598375449344 0.005122617753625036
0 0.3650924961941044 0.924592994342612 0.0025707726690641407 0.005041193788874665
0 0.3939842461120698 0.9272715846376856 0.002354925705027924 0.0060675085099974515
0 0.4026197842108924 0.8983027294703309 0.002240170957448484 0.00560017553539808
0 0.401198024620102 0.873958972863027 0.0024061095468892544 0.005452802494992994
0 0.38414523920488736 0.8611952653308197 0.0026990223116671788 0.004008859768718623
0 0.36158731193418164 0.8448396436143628 0.0022338560323105837 0.0034218201619404453
0 0.35692163740682664 0.844325684750794 0.0018824944272908795 0.002610876563393134
0 0.3415057520824037 0.7726858813937179 0.0022713864776637395 0.003510030850340087
0 0.33825633461090243 0.7600531600863556 0.00170513203866534 0.004908609908597441
0 0.3579888062505988 0.7071574725810372 0.0024282905356900375 0.004027445878214397
0 0.3628306853496299 0.7015502777385971 0.0019786846538157477 0.005080210054335339
0 0.4057827716507678 0.7356692721595013 0.001953051895379758 0.004410688577309685
0 0.3878786658471143 0.7161761340933437 0.0025110061580052444 0.0038913967037102278
0 0.39424150790375107 0.7685737057281236 0.002289332508262021 0.0051206450552597005
0 0.421295783791724 0.7818806952770508 0.0019979188203159736 0.0058479815795760715
0 0.3759475285735106 0.6850295810802034 0.0010350036714244482 0.0034349252260574303
0 0.3715314550779044 0.6739249412361287 0.0028219986828376164 0.003595197795585534
0 0.35132851357867956 0.6564126560684747 0.002396731521183284 0.004806471629085962
0 0.3521649057738715 0.6464704341120645 0.001932848000954337 0.004943799389917132
0 0.35865927505707773 0.6420416138252656 0.0023967315211831618 0.00418849670534641
0 0.37246514129493596 0.6148755800411414 0.0019577471927385657 0.005104470986072016
0 0.3609191853301354 0.5534119426420506 0.00284762511034792 0.0037333255483782326
0 0.36659783265836027 0.5418741388686515 0.002621623117463159 0.003251606122781184
0 0.33598744025108396 0.5184663386141324 0.0019096538249428364 0.004373889182468176
0 0.342620974590359 0.5085135091479036 0.002311686209141257 0.005355782672410143
0 0.3686636686729291 0.5023929401865498 0.0026408033921867967 0.00431327798323089
0 0.35150422274671456 0.509154142000651 0.0024942797889823255 0.0034672925125776286
0 0.35045435108940276 0.4952381792502629 0.0031142134451228286 0.004883345974659292
0 0.33791191448463204 0.4536411956141059 0.00212034976093193 0.004027268009600036
0 0.34922115372464035 0.4654946433797238 0.002044386051617693 0.004458699435376801
0 0.36458972082592384 0.46115931443868535 0.0021213247025750094 0.0046008934764353885
0 0.37545262790364214 0.457968833040589 0.001978799143492793 0.003603796725281541
0 0.3687272156248094 0.45338622732819384 0.0024046166806999734 0.00351481409008926
0 0.3464753047281478 0.4342173814831705 0.0023758396761218137 0.004220051740414164
0 0.3593333953377099 0.4322384349295898 0.0020967973582265388 0.004666726537616839
0 0.3723768323415327 0.43562648431372764 0.0025050806468841814 0.003598952656306195
0 0.3422620564241691 0.41005796457277754 0.0020690286563687012 0.0046773783517623
0 0.3478031910036654 0.4017336884332424 0.0022639625205547985 0.0035876585125824787
0 0.34751824690517147 0.3945241619276079 0.002574702474356485 0.003627083331402048
0 0.3492273166510806 0.3822236184558968 0.0019976139887248933 0.005204076084185516
0 0.34551954427621 0.3652693142075128 0.002100456621004554 0.005217861947061522
0 0.34426940639269404 0.350475405962343 0.002572298325722997 0.003703870915789835
0 0.35399568046820545 0.34586144046984235 0.0017808219178082397 0.0044338308772958615
0 0.3646467539728664 0.344472967883714 0.002134202979406936 0.004003135449373403
0 0.38162578376902845 0.36361165125938805 0.002465753424657535 0.0032172309414524136
0 0.3923402518606515 0.39755761429914815 0.0024703856106871314 0.003575397323411309
0 0.3791140759651253 0.4008306670318603 0.0021429116795778215 0.0038563997834335593
0 0.3854561311548935 0.3939301402978934 0.0013095875781554867 0.002075629473395466
0 0.36637610192671644 0.32220246358578386 0.0011786403153664794 0.0027787028575029637
0 0.3676297466257881 0.3211747241727349 0.0011143508436192206 0.002854831702914069
0 0.36405096603185705 0.31851021458334844 0.0013286490827768204 0.0017128990217484131
0 0.3375407404368873 0.29362551109711005 0.002480781912137573 0.0029695667641651013
0 0.35523440141436197 0.3159664250583305 0.0018094707543168198 0.0023755999012893625
0 0.3658256577794922 0.3057023385917249 0.002885096795051254 0.0033159257486309103
0 0.3539196387007588 0.2912587314584955 0.002900148635233819 0.0034237618732707274
0 0.34063314776794845 0.2742905908800225 0.002275664881580255 0.004042117673440018
0 0.4067377731784893 0.30005067750933306 0.001900822157977231 0.004740473646751049
0 0.39101592689164166 0.28346854822562034 0.001715156236403672 0.004815470403591782
0 0.36563120103092517 0.2888503534720776 0.0028167073736583602 0.0036039544563662316
0 0.37209574502836973 0.29266444156360066 0.0012652544255833931 0.0031881583912398525
0 0.36616493590257915 0.260229600980304 0.0028513944469438714 0.003757717148220436
0 0.34031281731131685 0.22335057527506227 0.0021626120186230935 0.004059565318881866
0 0.3604150560176299 0.22721654783335585 0.0021226468408840305 0.004162043253185956
0 0.34738571767388116 0.21324862563460692 0.001067298291771266 0.00397383301535573
0 0.34826829126130737 0.2136861118381323 0.0011493981603689462 0.0033176037100676225
0 0.3387333382352475 0.20135890142394103 0.0021550105362219798 0.0036151511433509496
0 0.347832271610407 0.20624998826494526 0.0019155649210862435 0.004784758866199752
0 0.343151423505351 0.1863279008660799 0.0028040140136658207 0.0038665109474058214
0 0.33655547148237 0.17153546448872325 0.001918535904087193 0.004390783618240484
0 0.3421261522169941 0.15712951087862884 0.0024978774827940954 0.004480317906658815
0 0.3448776141096131 0.14246977040027184 0.0024300573755478183 0.00427882164172038
0 0.36744537432942126 0.21672742269818876 0.0014656392089221271 0.0033264657076741955
0 0.35697524619490617 0.20891956030710368 0.0027166834076329848 0.004118289576400436
0 0.3592235359115681 0.21291305322967374 0.002014092871176203 0.004201487345620656
0 0.36287855977127365 0.19918909254659767 0.002526031605767898 0.003733040928192217
0 0.3763711084092919 0.19339869422357175 0.002946885065839524 0.0039861687962445555
0 0.35787223295652404 0.17733991938199437 0.0022913075388831315 0.005261093763893285
0 0.3644764864740345 0.18793582342320947 0.0015829528158294436 0.004028297565347998
0 0.3645867486532762 0.17894925262210584 0.0022195710985831595 0.0026808876797319316
0 0.3560962912768737 0.14873382361076412 0.0017047184170471753 0.0030550176166733146
0 0.3662727761788711 0.1544068609621821 0.0013937652110412558 0.003380222359848659
0 0.37556170430966374 0.14862995233210194 0.0014938651297450888 0.003803288198493071
0 0.3574050364949434 0.13408151160072612 0.0022128149166748302 0.005227921741181252
0 0.3790072300585605 0.13574684554339286 0.0030925451361647305 0.00443192465465037
0 0.3854504232516348 0.1348781452481141 0.0026078316517401134 0.004793709946005169
0 0.38511686338920287 0.13097315680895255 0.0023045954131657 0.0031239907513292307
0 0.3654952719226563 0.10902037412331467 0.002276397393232159 0.004136370942959502
0 0.3640038391477801 0.11185541488197227 0.0017530876476615732 0.0032068493827438795
0 0.38679332988053367 0.11033559885850852 0.00207420431437626 0.004380195014312012
0 0.39198725683053043 0.13100199001824792 0.00236457826680855 0.0038830640041691744
0 0.39702337483695405 0.10829874008404286 0.0018478503114584299 0.002974510128418828
0 0.39787993045007797 0.11161514792837192 0.0019055956336915614 0.0023590942397804502
0 0.3986113711983636 0.1138887677391748 0.0016746143447592488 0.002666802184099648
0 0.3811031596534522 0.15423733615192256 0.0013386847694702197 0.0032215625193953556
0 0.3939607678720513 0.15455963531550215 0.0017680745438917 0.00456020347852947
0 0.4114350428147948 0.15145290620444984 0.0020132003519321984 0.005520716669354187
0 0.41316522310355674 0.11433529693065914 0.0022604354828712303 0.00495609791907933
0 0.409244780312952 0.09880828129810051 0.0021897968740315576 0.0046424208355932885
0 0.3910805993492915 0.2121541264581152 0.0019412297056742034 0.004812947659977525
0 0.3952259336166166 0.21524303316526494 0.002709633130836906 0.0036635870247589963
0 0.3835436523907147 0.17012583876396523 0.0020669538979354485 0.004577327040304766
0 0.4006975130593395 0.17614360891514644 0.001585944792550862 0.0035125706257379007
0 0.4025399414013714 0.23804975305328432 0.0023893948707284806 0.004544218890524583
0 0.4137734045146887 0.3166857337432712 0.0012569822119044716 0.0026792363260851816
0 0.4068441896337572 0.33952171679509746 0.002083334495985909 0.0044556962992543
0 0.4054849201677028 0.3616099627949855 0.0025085048012891066 0.0032096117409882653
0 0.4067014599904436 0.41956674159101986 0.0020984889169838538 0.005040476730031998
0 0.42320026436015196 0.4040955002091471 0.0023135464231354066 0.0032172309414524136
0 0.4223503623083512 0.44061648607454096 0.00176560121765597 0.003703870915789764
0 0.4423920769819262 0.53313267346865 0.002561978697512899 0.004550678553778198
0 0.4322810753553452 0.5442976717042614 0.0026937179344135843 0.002994093304887642
0 0.4151441069839109 0.575367382080209 0.0020586469101689176 0.004284550878735302
0 0.393104313283397 0.6217954009305818 0.002041653211147505 0.0045330721773958515
0 0.3977294175236845 0.6615286079079371 0.0023738116042306247 0.00405270379828849
0 0.43431392350769776 0.9048197066783166 0.002676881056764415 0.004358541229169361
0 0.4515249307937391 0.9053349184094327 0.0016105838173851338 0.0053726783928748035
0 0.45284903041014657 0.887887435705602 0.002435516992143434 0.003907402467545324
0 0.45815787599287133 0.8940246668025589 0.0013231257977785304 0.0025724982108000917
0 0.45858699787323204 0.8889749480924695 0.0014304062678687757 0.0021913873647555703
0 0.45957934222156593 0.8915315666846846 0.001269485562733408 0.005208514895941079
0 0.4440974932239371 0.8685616860101103 0.0013665036406352016 0.003484253582321628
0 0.4600309979592556 0.8712171573716188 0.002796988467592243 0.004902741459603846
0 0.44645230870047853 0.8423773875639197 0.002369480786633389 0.005033152524735129
0 0.4561850083145963 0.826175823489053 0.0027397260273972534 0.004055333119477922
0 0.4442473150420645 0.8135847551267702 0.001956966248299281 0.003611463602812961
0 0.4459483582395308 0.7399745835544107 0.0024304593365585703 0.003692230187641883
0 0.42744664429757967 0.7026832352711555 0.002453426878938245 0.003642394556596952
0 0.4207260914262757 0.6682493156156463 0.0023069536324344855 0.003772480076475375
0 0.43116231023966944 0.6681842728557073 0.003039319864953356 0.004422907675867691
0 0.41594017767124636 0.6357733164485027 0.0029113055993599344 0.003653025197901414
0 0.42109505822791105 0.6385723877040376 0.0014690074125210373 0.002134884855916397
0 0.4215891789030319 0.6358444792770332 0.0012286243813812092 0.002277210512977419
0 0.4381230041862715 0.605996466704593 0.002535138606459881 0.003520530572250777
0 0.42813184549526456 0.5746358520723354 0.0011238796779750259 0.0027726047755768234
0 0.4090076298242396 0.425711128917942 0.001208693296348997 0.0021469244327172276
0 0.38908659240066085 0.1994356694447233 0.0016331922543719912 0.0025446795825945045
0 0.39739973990236277 0.17396773963457185 0.0011867286285073674 0.0029862058347870503
0 0.40988774101593817 0.11431436720986837 0.0021345438305309726 0.004706631801219778
0 0.42983916920995335 0.13654285762454194 0.002994130360723659 0.0033037811523199956
0 0.4404326091624155 0.16431752305623867 0.002365896777874994 0.002827062906887221
0 0.4239027626685322 0.18552006206899932 0.0028840437765715165 0.003876669705907396
0 0.41243684304372563 0.1998036791248694 0.0026154776501033437 0.004297277415746699
0 0.4169234841618 0.20682099346191687 0.0022558494732142975 0.0037746355678856245
0 0.4274017414975269 0.20647256556334284 0.002550090708850803 0.004006920833601626
0 0.40966107639682703 0.24938399413954712 0.0023914501103806172 0.0027537329524155753
0 0.41933155285815216 0.23949018011877612 0.0022769895198523926 0.0037194684462561155
0 0.42731884763773226 0.237256742752173 0.0024208608190526347 0.0030536373281242393
0 0.4309660083007661 0.23980469946729677 0.0018834694323823697 0.0028960923878797473
0 0.43745675691231656 0.2243944029691724 0.002995700950709903 0.0035847219154740272
0 0.4340613009107532 0.2132909539707037 0.0020181564299520003 0.00436887983448397
0 0.4350156590569007 0.23112735251448832 0.0010350238258647693 0.0026555338093691106
0 0.43105292267847944 0.24563687736664502 0.0014260328267469901 0.002328698878985236
0 0.43551693111376166 0.301924817985231 0.002399036482343817 0.003873867945943452
0 0.4296612027241827 0.2889352077967255 0.0012150964001481413 0.0028777304741294074
0 0.4306582048986632 0.30930068499825686 0.0015889722155783658 0.0025456846501914045
0 0.4369829374430242 0.3166887045808775 0.001464346943768291 0.003597163092661795
0 0.4408618990281124 0.32678843172565863 0.0018693790771509811 0.0022136388262534723
0 0.43498935414772544 0.3638595409080716 0.0027202151752285177 0.0030516277055924234
0 0.44757900102971576 0.3932598917096079 0.0022983257229832786 0.003893119794698805
0 0.44543033770780704 0.4202743291480077 0.0017756568788665562 0.004691553439530764
0 0.4379392852500888 0.41367067199572694 0.0020642011216823164 0.0033116847808452826
0 0.444953296999216 0.40726575276757615 0.0023171346633560574 0.005068905276804045
0 0.4533926350823249 0.4103986728379023 0.002422551285403287 0.0026932587359095807
0 0.44423967339268494 0.43154854289044253 0.0020339540797838394 0.004354692912732574
0 0.45095072660497054 0.5344157451223022 0.0026141548065636046 0.003588047533916168
0 0.44945638890121986 0.5560154542447358 0.002554742197323563 0.0036408129388266273
0 0.4556972145728064 0.5996819190324009 0.001486703452013316 0.0027317959174476413
0 0.45631240220812225 0.60220883025604 0.0013329065431842936 0.002504146257660409
0 0.4443042234741644 0.6278364302960217 0.0019025875190258291 0.0033794442662316015
0 0.4454737829004349 0.6306521387720848 0.001041491053950523 0.0019105873735646385
0 0.4467286942523262 0.6288628585333497 0.0008878284394332781 0.0019712409409792997
0 0.45810848703448037 0.6326235952580715 0.0018002990025132704 0.003946166646021396
0 0.4628980748582458 0.6325755952973391 0.0025945626730241853 0.003933416694656273
0 0.4674576923328209 0.6305485338353829 0.002409899569355005 0.004194939142825831
0 0.4516235506407422 0.6673207433947098 0.0019103883030189906 0.001914169399355643
0 0.45235831537267257 0.669669951293919 0.001812419672094947 0.002088184799296897
0 0.4772944501830477 0.7125144091488322 0.0024383739422466277 0.004451436442316492
0 0.4917424969695526 0.7384631585620848 0.002785866600505429 0.004112919510497053
0 0.47405134645265207 0.840029810653833 0.002199821799355277 0.004433398953560897
0 0.48599255211029047 0.8608378763263691 0.0027376049366721845 0.0035794375812633916
0 0.49246854557463027 0.8718298593423617 0.0025597818855008113 0.004931011130986036
0 0.4848888610292812 0.9103361007116526 0.0022221036008175333 0.005525772284704545
0 0.48751526112821364 0.9069721324412063 0.001976171403689264 0.004256398244581731
0 0.5005302164092105 0.904064875899639 0.0024552383345218943 0.004031944187369163
0 0.5086656137562456 0.8647430380152418 0.0015021088270121652 0.002309698190416043
0 0.5086319844541483 0.8675106936054816 0.001793562778522144 0.002827389164129954
0 0.5043007770892232 0.8477442402069301 0.0022222222222223562 0.002946875400154028
0 0.5306280953219408 0.8936984303602816 0.0025609116509917127 0.003980185324004424
0 0.527818206149325 0.8903184317121192 0.0020629566077432315 0.004927848496386389
0 0.5213233620636754 0.8531811540955084 0.002276365911992642 0.004611960772258925
0 0.5684392256942086 0.9093956523052492 0.0015325669703198485 0.004832670517789097
0 0.5794064720292844 0.9109297871273669 0.0026182380301519002 0.004791679956964856
0 0.5622932871681834 0.8931423191849949 0.002361095550306587 0.002590326958512037
0 0.55255654429166 0.8548457482808286 0.0029960728985434313 0.004333410554880146
0 0.5581478023134712 0.8576966762774602 0.00140099013026093 0.004105336315149517
0 0.5594677116381397 0.8577958124994745 0.0014155251141551872 0.0039201553488285865
0 0.5930888770411468 0.8482275428293016 0.0016590563165905792 0.004298653106646526
0 0.5411561950570575 0.8032628630918398 0.002751201613947316 0.003909426473799869
0 0.5598872160470065 0.7692236657553153 0.0023503889369703044 0.005044604645292736
0 0.5512785739316679 0.7204879435806387 0.0020953322212647406 0.004144736637001501
0 0.5436507919247136 0.70495779484137 0.0027770369897808676 0.003769684915114908
0 0.5271466312991384 0.6978568989075435 0.0025882676707992404 0.003954730298554949
0 0.5263089238976711 0.6870108040520765 0.0030613918686872663 0.0037075596548950783
0 0.5115115848741615 0.6504678389486458 0.0022954255061755193 0.003994008690002601
0 0.48126921115209326 0.6086236888906575 0.002222238309010507 0.0033574050722965866
0 0.4671284098514404 0.526290917462198 0.0014916437154945327 0.0018182919498435268
0 0.47565123299632134 0.4921323224511116 0.00170666347895704 0.0022735777135108747
0 0.4475752579582236 0.4632837062817818 0.001187214611872065 0.0017032399101807273
0 0.4691958535607635 0.44374975627731705 0.0019025875190259 0.004217546444257039
0 0.47991221288214064 0.4252970218494184 0.0013546423135463925 0.0036768353616599115
0 0.4631986026673637 0.4112772998907896 0.0017199391171993739 0.002298022101037489
0 0.46461412778151895 0.4131697886798793 0.001476407914764124 0.0024061643175569
0 0.46341036211326353 0.39372961847425286 0.0012785388127854703 0.003703870915789835
0 0.478218287043358 0.4172558559312312 0.001430745814307457 0.001865453234959773
0 0.4775561865867371 0.4188239180707626 0.0009589041095890139 0.0022439509927777834
0 0.4665581260371882 0.38719842497377743 0.0023592085235920024 0.00413643978186748
0 0.4569745500200249 0.366176085390891 0.0022439619897764375 0.003682538021609858
0 0.47002943301716316 0.369038889377116 0.0023361373542083895 0.0033271014730571124
0 0.463695838070864 0.34876471893028593 0.0014169028617018143 0.0017014673163301807
0 0.46262817183000426 0.3467796737279007 0.0008780806466884883 0.0021268341454126014
0 0.4670989912815892 0.33825524721001154 0.0012772082133650287 0.002091386909655881
0 0.47570275273361146 0.3432513068860089 0.0009272228861054543 0.0028569828488807757
0 0.47576941661027505 0.32994790748280195 0.0019490603524256044 0.004201445366001053
0 0.45402026417723607 0.3202821130894577 0.0023444276601563984 0.0032858587153621953
0 0.4560003378209532 0.31656483395873236 0.0010440029424133711 0.002439994095566007
0 0.4550662299251097 0.31636963443108707 0.000860844531463627 0.0025050606047811287
0 0.4451199783166528 0.31344860277368175 0.001406754197449942 0.0024370303461054375
0 0.4553029231408023 0.3069504074133607 0.00249364283122155 0.003841031802471413
0 0.4479162638372003 0.30995025599524345 0.0016133942161339122 0.002054702113868849
0 0.4562693592384789 0.27674178303970237 0.00249475725644956 0.0031495029571721035
0 0.45016069194481645 0.24757756718821702 0.0017790602257264964 0.0047851892737273615
0 0.4540306526725752 0.23122373725352857 0.001948249619482496 0.003217230941452449
0 0.4510917475752093 0.21120309793433514 0.001567732115677316 0.0027035554129852457
0 0.45526636225266365 0.20169875158576464 0.0020091324200913617 0.004298653106646526
0 0.44502427213074935 0.18441357626020466 0.002328767123287605 0.0026494843047255756
0 0.4386783950704219 0.11411775694236176 0.002183341343473586 0.0036740172221578684
0 0.44040208560474325 0.1176046714356135 0.002451470982145878 0.004388409459799672
0 0.45601747253382513 0.12702455193279552 0.0024334807740270747 0.004967575618968958
0 0.46092921251962693 0.13527976666177655 0.002037108680773443 0.004548827591174689
0 0.4667175010673097 0.1501262240987321 0.0016322145395627529 0.004464765030891211
0 0.46077198825646204 0.21513587968714704 0.0023887342570425574 0.0047143950644916895
0 0.4666719099646126 0.22623067000183653 0.001677800823184441 0.003948725337201289
0 0.46658592267242427 0.23276990820285046 0.00249572872448681 0.004060481714669209
0 0.47199057164073355 0.2397971681456834 0.0017701104928107725 0.004580343089252992
0 0.4727428051450406 0.2695654650174591 0.0024451398219138554 0.0037910504255208722
0 0.5448767731413815 0.7357525267810349 0.0026076292557252146 0.004509876169302913
0 0.5930238325468411 0.8000685497120643 0.002756217926319664 0.0034510624523827003
0 0.6277050969399647 0.8168459466369791 0.002644705839483166 0.004697621473774092
0 0.6425831192161506 0.8158689833972872 0.002211131704296463 0.0035443216217454676
0 0.6517360628938278 0.8139349053312667 0.0017722957698752357 0.004376509191127138
0 0.6218598994767054 0.904875633447237 0.0020874758410306528 0.005561774313656684
0 0.6610397384256064 0.879349477468613 0.0018045572038550971 0.004407314038209762
0 0.6775230464229693 0.8790402338175656 0.002192354932177949 0.004986398204213031
0 0.6794881450512019 0.8816284119330858 0.0013635378236715211 0.004748950670678908
0 0.7199594314694334 0.8698168424897491 0.0016926716221375671 0.004550505684341744
0 0.7442320727278913 0.8925208882803527 0.0024311183800878665 0.003725540184454701
0 0.7362236827699548 0.8835457232905306 0.0022881114165532778 0.004741596598396711
0 0.7363071034986832 0.8881391449952274 0.00226427692263087 0.0023284626152840814
0 0.7811491628614917 0.8936602417622747 0.0027853881278537074 0.004920470851633069
0 0.8096524305725247 0.8650496332566553 0.0026141293112715404 0.003482482759855401
0 0.7934180532434827 0.8794014958491477 0.0027882538017436785 0.003895300632624128
0 0.7962344325642351 0.8705162206636207 0.0020990225249080652 0.004173536392097077
0 0.7681022890906906 0.8782707436645595 0.002108553501930572 0.0048496683653270626
0 0.7709331159590411 0.8715478267232778 0.002081520764726292 0.003841321477486872
0 0.7736904551538732 0.868522786059757 0.002027455290317732 0.004321486662172589
0 0.7558961659738932 0.8561674926910493 0.0027427115407830625 0.003915574148341534
0 0.7432952404901778 0.8371818802944742 0.002322380527680252 0.004596535187879312
0 0.7549003568590933 0.834442695357084 0.0023719909137767557 0.003777365558417074
0 0.7569179123489724 0.8313433184886392 0.0013904774322141121 0.003777365558417216
0 0.7932137255415853 0.8458893594175695 0.002326711903327663 0.0039031898249139376
0 0.7459999828782503 0.8011998565017712 0.003117109240285032 0.004579757171468373
0 0.7592857765667981 0.806398846228848 0.0029921763766641617 0.003953700953862693
0 0.8039896700773022 0.7860776669686104 0.0017832454379157524 0.0036874960742827056
0 0.8000301634959919 0.7594927114231601 0.0019685083232160137 0.005020665878822399
0 0.8095612696080327 0.7129164857102336 0.002110656558684099 0.0035704990147318936
0 0.7627945833530069 0.7673196525352559 0.0023022126279057887 0.004547882759904382
0 0.5016200872110861 0.7494289095850861 0.0026806987749369428 0.004270671622420821
0 0.5565708804515461 0.6893538669598943 0.001954768531954625 0.003654873742131309
0 0.6807518255453389 0.7699061750042878 0.002378640837702903 0.004828602587650011
0 0.6577727382537987 0.7587773752159935 0.0020336639192306905 0.00413905579398218
0 0.7145306503824983 0.7633303580375972 0.0023819851104141775 0.0035448646466319646
0 0.7165187586561018 0.7548351245381469 0.002552806017395284 0.003816067181680012
0 0.7489121416964486 0.7313665141330108 0.002171399832857759 0.004775232243010379
0 0.7466901631497574 0.7067089438018042 0.003059013778335071 0.005189717862468797
0 0.7569839530059597 0.72802011696498 0.0018370463463439535 0.005280952695821242
0 0.7588330851835294 0.7264315376987573 0.0018612180087957597 0.004593999499616785
0 0.7700957831527879 0.7022718605783771 0.001757956881227898 0.005451224607196253
0 0.7512494224631058 0.6985140731141268 0.0022602294416326175 0.004918008346199656
0 0.7071558812280301 0.7277782157975662 0.0013463286195390368 0.0033389319895331935
0 0.6940679165339999 0.721106477146053 0.002444823910405205 0.004881663409200172
0 0.6057561244793028 0.7193621593859848 0.0021396914644814303 0.004550714598672556
0 0.6142439754126776 0.6976657867858646 0.0020163382111864792 0.004358201510021189
0 0.5779762081406946 0.6880949381196184 0.0018683885688322022 0.004342552767462564
0 0.5418617872787671 0.6301750094305639 0.0034210448972763884 0.004081286944285338
0 0.5545629606853343 0.6047630943730704 0.0020986913716306787 0.004659713713247697
0 0.5685578115693743 0.6086300206061671 0.0013059430160372188 0.002927193630131555
0 0.5693662524840643 0.6104249978321912 0.0016790695920479949 0.002209202739722045
0 0.5070957276087329 0.5225772738165282 0.0022525955886079883 0.004145067108185501
0 0.5046898874600277 0.48394331992778833 0.0017581908395052181 0.0035822207727400014
0 0.8088820203378242 0.6616028969882529 0.0025573065858779387 0.0041198328249308245
0 0.7924121737940282 0.6246417377081293 0.001953997097299407 0.004312156121475681
0 0.7661474839902042 0.6562333617484125 0.0021954479308804765 0.003784938343978155
0 0.7623047220002772 0.6667512978221259 0.0020663039349462053 0.003268810387980778
0 0.7276504575986645 0.6687545475361648 0.002471892141121543 0.003535844120045084
0 0.7340250788296481 0.6352287228472314 0.0019146760320072076 0.004166122488378079
0 0.724885321396354 0.610237484680468 0.002844893819769965 0.0046823253008250985
0 0.6982162497615897 0.6863276115789918 0.002242244269865097 0.0038689617891029117
0 0.6910982727580967 0.6721203139536569 0.0017600907020754164 0.004426670872107934
0 0.7039012401280038 0.6217709521490999 0.0030804092243337778 0.0041183585261493506
0 0.7140124709035364 0.6054952537780502 0.00184675433238624 0.004139390043665472
0 0.6864382111966438 0.6034483426358251 0.002150584609968007 0.005646876110007923
0 0.5906487495225653 0.611014176913502 0.0018743420211550443 0.0031390293930797244
0 0.5912110521289118 0.6156513794260062 0.0016065788752757015 0.002710979930387083
0 0.5913047692299696 0.6127739358156831 0.0014191446731601331 0.003424395701541556
0 0.6079275426432078 0.633294485629061 0.003201637972096165 0.0033417656343434033
0 0.6192131861344814 0.6215881633840213 0.0016587066288951036 0.004787663192508873
0 0.6083631602206307 0.6039822823081574 0.0022298520498067378 0.004564924454470685
0 0.635438365750273 0.6152423934181342 0.002021917599889278 0.004691993772353342
0 0.6327177800464122 0.6085664082403859 0.0022636701631198264 0.004730367322146094
0 0.6385101125226305 0.6033630041860253 0.0018641989578632944 0.004375589772985151
0 0.6407238487850931 0.6134741643371125 0.0017643311565492326 0.002246924478019281
0 0.650535052325077 0.6078269200886223 0.002398966370413973 0.0037004551782094807
0 0.6618499618096562 0.5684997366928772 0.0013169508832467614 0.0031366752567310386
0 0.5828805414495326 0.5920213731394215 0.0019468163232957635 0.0030617753104160528
0 0.5848808017199046 0.5709382556561846 0.0015998652523258983 0.004973041686327946
0 0.5758265832203923 0.5486222221042361 0.0018962681594450004 0.0037050415521230205
0 0.574944392190768 0.5352653225849544 0.0017306403486288247 0.0038844504401548364
0 0.8037920009430873 0.5955938141044078 0.0022142471332844593 0.004066348153923727
0 0.8014448734117086 0.5750549565544726 0.001951539846284618 0.0028664421412904774
0 0.8017263455049226 0.5774880993023122 0.0023643655829987155 0.002399812025266499
0 0.7836009221072904 0.5512323916908289 0.0025500576341278246 0.0036907069083311228
0 0.7972453886812921 0.532641224572534 0.0024860742745440234 0.0040578121442310785
0 0.7469583830812564 0.5371208605500702 0.0017628698602959502 0.004696909116070458
0 0.7456719645345542 0.5331221406269291 0.0021440309111707733 0.002708127778635117
0 0.77475696787798 0.539207611641892 0.0016033593243598432 0.004509245304241887
0 0.7833921404266726 0.5333866481178346 0.002701115467673816 0.003803148637242515
0 0.7793734076576946 0.5260143907594876 0.002239949412217186 0.003101028888828594
0 0.7950124453463155 0.5159381851713509 0.002051298715675358 0.004834070475987957
0 0.7916206940045554 0.5132145111345069 0.00298555357628004 0.004292943183899709
0 0.7702542732573522 0.5073871098511225 0.0027511598706672657 0.003979177284874425
0 0.7776824049081538 0.5083295465764875 0.002279532464267078 0.004747088690727494
0 0.7920816053560468 0.49776608773380177 0.0019206824684613365 0.004124453707112253
0 0.7848145455686594 0.49336157852805856 0.002522687421262759 0.0043790496149586034
0 0.6839996649357428 0.5369081908198452 0.0021039105553374783 0.005361842112143407
0 0.6679194156992802 0.5241108776155031 0.0022430067397060326 0.0041413765740460915
0 0.5505835157096448 0.5291411954818435 0.0022657358702715415 0.0035531457467553908
0 0.5372250352736541 0.5147257341772579 0.0017032378807773797 0.004469270414907313
0 0.5287483920782784 0.4974173939488756 0.0020167755924418882 0.0035035380306085526
0 0.5294797502601529 0.4913550921880471 0.0016178529477831206 0.004448312330997481
0 0.5255888993545095 0.48522433933809794 0.0021035681942072415 0.004381817301616238
0 0.5362240162684724 0.4881010221497877 0.0013035831192269854 0.002813737085478607
0 0.537032567823436 0.4898596078282118 0.0012705810149427066 0.0018172052010383055
0 0.4895315888416523 0.39909793292446805 0.0018025175107893431 0.0049443917921961145
0 0.49580758197332186 0.3925674950303791 0.0008371385083713534 0.002676519858855428
0 0.4966142790813889 0.39124275287801635 0.0008675799086757508 0.0032172309414524847
0 0.481983310654932 0.2502013252776422 0.0022128149166748302 0.0024804008261079245
0 0.4953752158518817 0.2590822052596275 0.0016700604015630206 0.004914071567310252
0 0.5096882296467753 0.25554968409234546 0.0022873854557430916 0.003068511239412537
0 0.6182865616954536 0.5279836571950134 0.002195898320610894 0.003737915383566488
0 0.6176226004369879 0.49786431883716065 0.0013013633681647008 0.002157426452270528
0 0.6180455435316415 0.49928976131455355 0.0011495376418789506 0.0021574264522703857
0 0.617253880816008 0.5006574155834037 0.0010844694734706195 0.0021959519246324533
0 0.5850351439733162 0.4936889318659553 0.001875816540943447 0.0038938986902440575
0 0.5729217268288813 0.5010619291609101 0.0013089802130897964 0.00278466207537484
0 0.5391919716811315 0.4524379370273442 0.0016416100326868844 0.004373830026378442
0 0.5491921127969163 0.4563743840510848 0.002216173544127429 0.004665418694803663
0 0.5114842939011975 0.4110226090672834 0.00195572507671514 0.0034029346326603614
0 0.5803853048286257 0.4786888154452146 0.0023349190370230842 0.003074272065631689
0 0.5673689631495742 0.47657737959815405 0.0020395738203957594 0.0032442664955822666
0 0.5643728598719828 0.4571656140639236 0.0015572645915672466 0.0049322681194411185
0 0.5664907588071665 0.4390919472146942 0.0017137687154423276 0.005660878910819491
0 0.6075791948951712 0.4649670180121198 0.0018733686882536204 0.0035964372332969673
0 0.6904403519583505 0.5218719914032651 0.0017544312624046654 0.003802922607628503
0 0.6925664847594001 0.5193367096648462 0.0014868061545801935 0.0033803756512254066
0 0.7429030091764125 0.520508508602022 0.002744371728782653 0.004088417475148205
0 0.7402057457188522 0.5088900405364739 0.001903354586091268 0.004638781366033556
0 0.7306225766981836 0.5077893127547033 0.0019476186462328827 0.0035380535842627838
0 0.7500766311304417 0.5009490758251283 0.0027886357889244096 0.0033808067582956625
0 0.8065512985273863 0.46688760853857475 0.0018349425069206404 0.0050452035158027545
0 0.799110983704804 0.4652133153364278 0.0017343977120208365 0.003303938585569952
0 0.8022092142071093 0.4525056427669126 0.001985759699270346 0.0024109822110915504
0 0.7982445002264194 0.4370584809340878 0.002646105515268147 0.0029279358995099613
0 0.7999522336561421 0.41720911893544854 0.001961697298239784 0.002416625785079205
0 0.7995990624397774 0.4110365129022214 0.0028647174312341405 0.0036024169648504766
0 0.8010831362602514 0.38150179676237983 0.0025625177695572177 0.004052066260020197
0 0.799615983053977 0.3599418252281085 0.002717244402090557 0.004052758611143474
0 0.7947916319781672 0.34961414778394667 0.0016985226616527882 0.004380815829733677
0 0.7982682553739282 0.3396482691329736 0.0018008960877443768 0.0031060969817355046
0 0.7961541599665761 0.33547590005303035 0.0020096956341495798 0.003013377668847852
0 0.8006433502142866 0.33107173269086815 0.0020618955207508806 0.003662412859061277
0 0.7997795933471433 0.3250772569439866 0.0019417920429842183 0.004159185609542675
0 0.7911039156575587 0.3273783309073095 0.0029784672103026822 0.003334593224824687
0 0.8037345680702356 0.31430653371773526 0.0019803801831189106 0.0037942893189496017
0 0.7901593148655627 0.3166051105991024 0.0018240212627055996 0.002250872379032849
0 0.7927718955406392 0.3118795520595208 0.00251824282582902 0.0028250484177463875
0 0.7962944988629508 0.2960237914034103 0.0017908747057644803 0.005245885962723378
0 0.7933247263798306 0.2981570789541553 0.0026940279905392117 0.004956130294080694
0 0.7988015392457064 0.29235977292834775 0.002100456621004554 0.0036497998075301296
0 0.8056719476268809 0.29627187510567293 0.0021854238509126846 0.0030023515870301054
0 0.8040907735836373 0.2879552927327202 0.0016438356164381674 0.002865768737764327
0 0.7916574561525894 0.28625825868351895 0.002904386980907816 0.004672895327327389
0 0.796929549911411 0.28859470634718265 0.002167767094445594 0.003887848912336409
0 0.7926273737674131 0.2783028259887546 0.0027397260273973245 0.003893119794698805
0 0.8021137985385692 0.2626340065526403 0.002420326895327349 0.003299287458274769
0 0.7943073913491635 0.26217073357984483 0.002946479545848604 0.004710278489945985
0 0.7965479423433729 0.2680821885549058 0.0021247556012028213 0.004109539830237914
0 0.7975724831859549 0.22824945940923996 0.0026346376006621598 0.004190353550234889
0 0.7992341990582678 0.22976349226133214 0.0013431485807296896 0.0025080948256880477
0 0.7944201884964387 0.2208063427450164 0.002192631263538374 0.0041846560462102285
0 0.7976508207304817 0.222401483911146 0.0019360467539752335 0.0025687987610399075
0 0.801604554764202 0.21604163536566812 0.001819417431446624 0.0040189270938850545
0 0.8038515771085568 0.2113609038237901 0.002092694541426283 0.0029616071558986688
0 0.7922338544235888 0.20677257086916143 0.0031626545517025304 0.0026635269963197674
0 0.7941943600329162 0.19518810106666648 0.002099348280009394 0.00498805964765328
0 0.7916797531369412 0.20353219656331892 0.003257396664658927 0.004775667550482865
0 0.8041637503204961 0.16075658559534148 0.0017527197395480697 0.004528354523812403
0 0.804147816504682 0.17785112392273342 0.0019120578976888681 0.004754772250003043
0 0.7936648181006851 0.1731339609378216 0.00170156216180132 0.004489117009901094
0 0.7974683099917705 0.16835594035797638 0.0016014702699305872 0.003911309870012829
0 0.7930017093170418 0.16817815354570306 0.0019768148644456573 0.0032001626209196134
0 0.7927841680959504 0.15987179516759664 0.0023750858813181707 0.003873545410225354
0 0.7925721115683884 0.15171759963413664 0.001952148058050227 0.004362307855876288
0 0.789218824984802 0.14042034082789287 0.0016687717270428947 0.0038030376179434455
0 0.5825577926845583 0.42904518846979917 0.0021515295904555387 0.004575892028963722
0 0.4984944510982527 0.30883752080102983 0.0026239946081885535 0.004125983701943526
0 0.4895685677999062 0.30623967921091727 0.001376521761672791 0.0033619126460280313
0 0.5264823777981288 0.38894703630494704 0.0017987799022274942 0.004615082983223075
0 0.523489346415518 0.36776427707241793 0.0021036080770916498 0.0037701663993733093
0 0.5234099070014132 0.3544966281410666 0.002027802380619974 0.0033662199994404316
0 0.512862297427115 0.34209781219578084 0.0015993303961110428 0.0040856277942070566
0 0.517860202593591 0.33368537854384855 0.002372396865697368 0.0035253847817365625
0 0.5238331489106244 0.33141330295030186 0.002062372179208651 0.003839802144251152
0 0.5232368003286846 0.33467934155575674 0.0023108507550169575 0.0036632595169291448
0 0.5087903168141505 0.3235774371986143 0.002480974124809734 0.003730906469919617
0 0.5095180285972528 0.3174745394807043 0.001339421613394336 0.002027666559738961
0 0.5083916967859894 0.31597406622649743 0.0011872146118722072 0.002108773222128484
0 0.5006056258117739 0.30172486925558123 0.002617960426179664 0.004028297565347998
0 0.5151514816725501 0.30505208180332155 0.0019293194933837298 0.004336730070154644
0 0.5229129829528364 0.30445216041224554 0.0020109722900415504 0.0035379425102261665
0 0.5058840987345669 0.29913197470760666 0.0022368687802752875 0.004323783702212616
0 0.5065799720223958 0.27891354003739827 0.0021626189763389904 0.003989064611236266
0 0.515670103205729 0.2871368788578366 0.002407224829624752 0.0033927536947870253
0 0.5109995637265113 0.28588202475154556 0.0015960947239904045 0.004136370942959502
0 0.5178239207745895 0.2805016221137773 0.001783625383680416 0.004451436442316599
0 0.5150984956507603 0.26773416623299223 0.0010130424001837213 0.0026644995386513413
0 0.5154783865508292 0.2700872307606324 0.0013442293387053894 0.0019724217364042217
0 0.5194597693973971 0.2489244386569274 0.0021428343630029902 0.004626476607767351
0 0.49398996599199035 0.22720786991727507 0.0018060667139678088 0.003670415039779904
0 0.5013245998634186 0.22871789725195446 0.0016371720860235684 0.004256643307939996
0 0.5032464975296201 0.22928685452578804 0.001494809295934516 0.0029501488272851263
0 0.47452374579603784 0.2136071005119063 0.001869097589899056 0.003412179314161072
0 0.4765053353705142 0.20739754896721677 0.0016787265390760808 0.0032892178974345044
0 0.5068024312236089 0.2132182686420829 0.0020429056557374993 0.004996874095628279
0 0.4886968286767798 0.20862156495582823 0.0028580335261452917 0.004456075554226721
0 0.4824431969544728 0.17644999069215894 0.0022583560152442317 0.00561592226097865
0 0.48331271011533916 0.14865155799186305 0.002635355317073049 0.00613146739199637
0 0.4815833459347064 0.1318265489279221 0.0020414724287186204 0.005208450795351763
0 0.4813049633307902 0.12503578396689385 0.0017816486650635 0.003757996143481659
0 0.49085080264273734 0.11552301120156556 0.002644869080196486 0.00388409999935428
0 0.49728285615677786 0.1240791662447581 0.002686515665377698 0.006597650508301616
0 0.4942327843696894 0.14033478370365757 0.0022372743551394335 0.0036591605435435425
0 0.49005727728113696 0.14505628117919764 0.0018607034240763199 0.00499691816161322
0 0.504998706764769 0.14161760070285634 0.0015828085278986493 0.00304094675561954
0 0.5063715508961097 0.14282250413432826 0.0011628797347827914 0.002811441340101055
0 0.5112653364466537 0.1460068917746468 0.002487270543840694 0.0036720866482952987
0 0.509137020603863 0.18056478210211377 0.0023329180749337296 0.0026486226471757134
0 0.512107282276588 0.17481897974654706 0.0019721575478821762 0.004229252291458003
0 0.5160901947701425 0.17586425348770188 0.0019475649864581612 0.0036578212851888026
0 0.5205647621910434 0.18377088461542138 0.002295652939070294 0.004979402785713099
0 0.5163554934322913 0.14295209020765542 0.0020286466986950556 0.004203914292062798
0 0.5199093998266618 0.1298854740460408 0.001842159048408547 0.005710151081943682
0 0.5174286354821236 0.10579437474793867 0.002380389828771001 0.00413687919676482
0 0.5157041579902369 0.11576437458638131 0.0015483153016621998 0.004790624341589442
0 0.5126449866280818 0.11241537331054793 0.0009739402704003907 0.0028832461315121626
0 0.5210108838225471 0.11119553840875433 0.0019728533682469873 0.004879339607174451
0 0.5236810076760468 0.10901506893329563 0.0018014898308771877 0.004622035776936925
0 0.5669419153398332 0.39042424484077887 0.001143360302822245 0.0036373927589492894
0 0.5835692855207079 0.3864164985201877 0.0019325599412832871 0.004615050726891354
0 0.5946930405103474 0.3994341097921691 0.0017832677520480899 0.004367316413226447
0 0.5899119720036513 0.41806082473924155 0.002131583159984558 0.004555265313271235
0 0.6374617282897848 0.49286496155310516 0.002090122451756997 0.0041530226462889175
0 0.6291445708809971 0.470612975327189 0.002302677277359422 0.0033979276196909325
0 0.6825004629850769 0.5032074086239132 0.0023849781316403096 0.004713611544584708
0 0.6922907345722478 0.4957044083105792 0.002134062768406011 0.004582664360659763
0 0.6883411258665412 0.49044283071130335 0.0018155459373005555 0.004469512154223665
0 0.703070122521795 0.48351814187643405 0.002053750266540959 0.003969822463073598
0 0.7395126704279312 0.488523069455387 0.0024056051228464525 0.0040185815887704025
0 0.7658228479579922 0.4737452949401459 0.00298407679403752 0.005516768199791499
0 0.7751622298985502 0.46787830074334946 0.002302842635819502 0.004582753749455222
0 0.783800233081653 0.45976105623167085 0.002299843293951227 0.0038563006403430932
0 0.7923292489511508 0.4431685339773438 0.002364712738004329 0.0032074924051436683
0 0.789728064939346 0.4383572953696283 0.0019777597445127526 0.0042766565401914395
0 0.7939767109043276 0.4237401929476388 0.003342996234900539 0.003765529234784779
0 0.7908987082734131 0.4208436319978044 0.0022422535721891277 0.0039103572822764224
0 0.7944047774953819 0.4149780960743896 0.0026499360398601368 0.003765529234784708
0 0.7959454530793647 0.3883003492090392 0.0021272797834130585 0.004225476089758757
0 0.7887327492216555 0.3973909786698374 0.002281048417089835 0.003987874116648911
0 0.7803629870598441 0.40522315638398554 0.003338733926945281 0.003936544735948004
0 0.7807953615134366 0.39092327622877593 0.002292500509729649 0.004799168456497682
0 0.7741089016933916 0.39092327622877593 0.0033841674191248216 0.004217451067831277
0 0.7743330033448557 0.3770253027400922 0.0021437681765376043 0.0038622356958728636
0 0.7749148832784875 0.37335345894471955 0.002664397590839087 0.0018495213191504689
0 0.7751561003962459 0.3331703782105811 0.0022793797488013467 0.004372613446304214
0 0.7741226710458942 0.3218689552764088 0.0019176485979403423 0.005359082171409568
0 0.7796327146839759 0.3144207393771616 0.002761413981033911 0.003451612245992628
0 0.7772412131281072 0.30931631028619727 0.002047844867771431 0.004029730206614595
0 0.7737227238639364 0.3060510254899152 0.0018854593794979735 0.0029485942677528955
0 0.7770350956456505 0.28668939739905797 0.00382507985805006 0.003751423171538626
0 0.7783758901582835 0.2792158162471534 0.0022585581073774107 0.004862705462859829
0 0.7844490112200845 0.26671770648102544 0.002244133305718918 0.004772842423885635
0 0.7895717102251614 0.24478048626532634 0.00164633692472421 0.0045953014793935765
0 0.7858143074581432 0.23197857221119939 0.0018569254185690908 0.004569008647945089
0 0.786605783866058 0.22527375478699596 0.002130898021308951 0.0037579420240495052
0 0.7783104108758212 0.20554442016678995 0.0027004485037700476 0.0036740172221578857
0 0.7821902604054293 0.19053847335665522 0.0019941114618033853 0.004375427057254342
0 0.7793940211507073 0.1717626751979947 0.0025658200714923397 0.004206924683233879
0 0.7744145230055273 0.18234143649032764 0.0022139811770271935 0.004268668491857142
0 0.7797320394550105 0.16368738664784238 0.0025145281937173536 0.004176369598593972
0 0.7754248895269078 0.15191278049079415 0.002289480136871447 0.003448524988399928
0 0.7753919748350634 0.14607431318788433 0.002142953408111623 0.0037738575344753934
0 0.7806904390797158 0.14917682133308877 0.00221892028744449 0.003247944481650613
0 0.7787694293864191 0.14757109597137383 0.0013354612841101243 0.0039048321296249176
0 0.7788382585827038 0.13514614077197892 0.0020387478303698003 0.002865548140204126
0 0.7790864539707488 0.13772828305216286 0.0018260089263313262 0.002487673660177183
0 0.7778903457429925 0.12714923288524668 0.0023664847563762237 0.0033556835598806956
0 0.7729611164953488 0.13095910715775094 0.0016442741891175671 0.00346147419800225
0 0.7673353851342998 0.13261908146659432 0.001578372141037363 0.002085576067052308
0 0.7675952390843489 0.13485851150580622 0.0017516081077367574 0.0029403203568278435
0 0.7633012540832579 0.1411046981028242 0.002554085344545314 0.004311651437713664
0 0.7561937965500483 0.13242058020149125 0.0019449864133410698 0.004000242289655667
0 0.763902084809236 0.1311841416755977 0.0023339836960091986 0.0035638522216932243
0 0.7618777278668515 0.16220562873156827 0.002952762484824234 0.004527564765723699
0 0.7671563354028347 0.2089362405008834 0.0029084574940878836 0.0038909284134900444
0 0.7816112906911945 0.25302413529954293 0.00239749779675094 0.005350450305769883
0 0.782736924912329 0.24350008534421952 0.0021823377380682987 0.00425852167193927
0 0.7798476326957317 0.2406064744645685 0.002797080762876192 0.003494171628257874
0 0.7792636268221642 0.24437362825128403 0.0025511835529529493 0.00262062872119337
0 0.7711889433511574 0.22488032130584526 0.002075635948309582 0.004072649005658846
0 0.7691977809588836 0.2259949410337098 0.0018101476293398379 0.004844308817257392
0 0.772884328156747 0.23313671685737136 0.00204092259731695 0.002959314285222305
0 0.7705413951543377 0.24787136766441287 0.0033709931349042675 0.004854874902335133
0 0.7689621911632115 0.2416409448730828 0.002885084214557594 0.004477273521042448
0 0.5384151623121767 0.3310208196061011 0.0022004731087786667 0.004806471629085962
0 0.5345811528793188 0.33790551919865464 0.0022302092318703614 0.004700834889985188
0 0.5331640952470924 0.3032625461149328 0.002601776741070623 0.0029031678733284494
0 0.5296450254242341 0.31105370071376337 0.0012341761464053037 0.0028439195493829674
0 0.5405691521255243 0.3195262110379668 0.0022682156204206195 0.0035548994367286826
0 0.5409027132461743 0.3134236336715825 0.0026017767410706936 0.0035548994367287532
0 0.5269545823843964 0.27970553009300914 0.003566107712823481 0.004008112086556892
0 0.5353475587890812 0.2809907923182194 0.0013560119573086382 0.004335474830374792
0 0.5371329745328708 0.28157286995748265 0.0022148195302705174 0.0026896001262510794
0 0.5268525661797158 0.25364504165729285 0.002281633352310379 0.00476033670355239
0 0.5279989308465574 0.23785601299168968 0.0026075809740689947 0.004310034582946081
0 0.5285965014864481 0.2267914465996489 0.0014848724991227869 0.004824665577924741
0 0.5334857158128276 0.22306037188605377 0.0023540661571455957 0.0037954035879674566
0 0.5348269056670769 0.20695573625982638 0.0020525290259838158 0.004269827460505979
0 0.5314152695833471 0.20322784843853847 0.0016272302187979903 0.0037771550612168527
0 0.5258299356303323 0.17088421416488964 0.0023231402521689403 0.0028000877676990755
0 0.5281099320566698 0.14980469557190118 0.00259279046001005 0.00338957992931995
0 0.5335695427058458 0.11244135004944124 0.0016894977168949764 0.003027982062543497
0 0.5378980187572177 0.1663330388597596 0.0027805615960272687 0.003595890068160088
0 0.5393435815101205 0.1304484939184359 0.002024443969037435 0.003639214044884955
0 0.5443135453393514 0.12942503939901553 0.0018941654223311134 0.0028468716148025487
0 0.5435850201769162 0.12558607616087272 0.0022827121756297687 0.0033357283567383256
0 0.5483910850901258 0.1205439760127041 0.001699804480962044 0.005032089588046471
0 0.5572272202838277 0.36995267645133795 0.0016011758587787738 0.0036160268384501392
0 0.5597228914644797 0.35281049707009715 0.0024248737426803045 0.004657729608562562
0 0.561428761946249 0.3595216343555529 0.0023402851237494817 0.003455734870868952
0 0.568541022288438 0.35954447289802244 0.0013474962022166181 0.0026594123755803167
0 0.569018260526723 0.36165538147113935 0.0012539200770626735 0.0018283460082114545
0 0.5743700141216581 0.3683466843538403 0.0021224260472825305 0.0032781994380139423
0 0.5932720364859376 0.38238350371919183 0.0022352063445026716 0.0032483894458626137
0 0.6352528777017902 0.44599249995468054 0.0025117313274564167 0.003255636189564868
0 0.643890550723695 0.45823227920773957 0.0020715347394526873 0.0035000449032125402
0 0.6876042567700419 0.4762704233135608 0.00206620725365525 0.005033240933300575
0 0.6837663357306225 0.4615728711357645 0.0016122301218456413 0.004479122126491433
0 0.7032987459916379 0.4545811186969961 0.0021977146036370244 0.0035433217824625274
0 0.714774129999089 0.4491068096339799 0.0017953631135483761 0.004384859087382793
0 0.7575229818550643 0.4435205232736321 0.0024919649888019537 0.004239946419254395
0 0.7477649715831243 0.44070165779709486 0.00207226562226694 0.0028887547032282867
0 0.7654317842061045 0.4282097389375764 0.0033725028517339693 0.0038193574674374275
0 0.7411742336296837 0.42824042292156406 0.0018797156165364015 0.004249405200451619
0 0.7611606337575344 0.40490983502378197 0.0034116723769847114 0.004188484469147369
0 0.7690669012469684 0.39100564277880795 0.002350128932735203 0.004778570465136908
0 0.7606097982286844 0.38782266012843997 0.002782980295793465 0.0037488921923764453
0 0.7532891558781202 0.38011553568037326 0.001948488693167434 0.004614634106512625
0 0.7588203495877568 0.3820879196129956 0.003205578172630226 0.0032749016239766605
0 0.7635269868094068 0.3660413581103165 0.0032667870106843112 0.0038823046616147396
0 0.7675027494053548 0.35459800574716105 0.002906386211395784 0.004732225250818516
0 0.751061579521103 0.35366189998127423 0.002928143669914931 0.004289545505484042
0 0.7582533687912973 0.34305640180109065 0.002324402707045863 0.003967829592572727
0 0.7625188346059671 0.3344058068093295 0.0031109046921305537 0.004484085030196905
0 0.7665792758780511 0.32605629863673535 0.0023959254696600853 0.003788636657458255
0 0.763501455448924 0.3155533326417251 0.0031224083647207125 0.00485717312473362
0 0.7701548124841974 0.3083908919041669 0.0019411966850992712 0.004993688849642801
0 0.7705463100322579 0.3163412713233523 0.0021922134978277085 0.0018726333186160104
0 0.7705212083509853 0.31446863800473623 0.0021420101352821064 0.0016348386114901458
0 0.7509268004035045 0.3190740747909651 0.002718216214467901 0.003961594454408122
0 0.7053541086412807 0.43689001557811785 0.0020342340101304045 0.004710167907485641
0 0.7126555557133558 0.43121200494991596 0.0026880949419580704 0.003935893730912667
0 0.7014491058539769 0.4286633524520299 0.001852605973511601 0.003742325186769406
0 0.6964543348469604 0.43143783491808313 0.0020342340101302623 0.00438755366724692
0 0.6723205872830839 0.4404748596332287 0.0023557353075995026 0.004933775962604301
0 0.660827470929537 0.418656728839437 0.0020130067999325264 0.004505224446739006
0 0.6558956042697023 0.4101468604400412 0.00157014530394747 0.0026459254687197387
0 0.6214358022117732 0.4133543646839283 0.0029975793604671707 0.0034228337735182635
0 0.6152745750170421 0.383015099256693 0.0021411281146194484 0.004335589446456538
0 0.6125861271130717 0.3845697107368437 0.0022738772184569458 0.0036855349053358565
0 0.6198199326615254 0.39736740646210633 0.0023604951690326457 0.00400221462704998
0 0.570170833031109 0.34516880405153394 0.003100705782164255 0.0046762513686078935
0 0.5836559779893896 0.34303851176139033 0.0015211009497409834 0.004156667883206993
0 0.6114027019874099 0.3642882711826661 0.0030796371896970242 0.0035204013867607387
0 0.6081521163218412 0.3551814199135012 0.0015855557808339426 0.0030329611947477273
0 0.6474996342454368 0.39012207022415807 0.0019459283456095022 0.004147713358343665
0 0.6486671912528027 0.38188425063744785 0.0022053854583576537 0.0032259992787117397
0 0.6600211127546569 0.3905080987707356 0.0020129067938931657 0.003941062958760213
0 0.6740940700391996 0.3980008156809642 0.0025658547742314396 0.0038283532395540477
0 0.676480314979235 0.39203040765261205 0.001590829960023541 0.0041018070423793065
0 0.7248332988136152 0.4215442645255914 0.0027291630586252324 0.004352980539477045
0 0.7357736906099103 0.41163808302876903 0.0015925110431295763 0.0045965973560585386
0 0.7316786622132913 0.4075213502318594 0.0030712712974643353 0.004445061179485137
0 0.6935905333971842 0.406654689710006 0.002422232920119001 0.002493469447691723
0 0.6952971065909046 0.4083903400118306 0.0021469791791963646 0.0026401441210853705
0 0.6907492628453065 0.39765948534903045 0.001816674690089144 0.004155782412819491
0 0.7243580038350064 0.4044958583459012 0.003273008969175777 0.0032728617778694513
0 0.7248913830744275 0.4006846969335138 0.0018183383162089228 0.004349461046905461
0 0.7117639107246589 0.3920593168697776 0.0023334139676195777 0.0037679033396554474
0 0.7071501149250472 0.38364433274454707 0.0020859306680235078 0.004144693673621021
0 0.7359563693567133 0.3949044142646207 0.0019134395411640527 0.003815544170712997
0 0.7409460173840663 0.381909638372436 0.0018945988085678777 0.0038326508807416102
0 0.7278265476699124 0.37570693659115273 0.0025275704627863147 0.002007098042915061
0 0.7279306241007331 0.3779253081122693 0.0023194176011450906 0.0025352817384190016
0 0.7190395232963434 0.37940422245968036 0.0014868061545801935 0.004648016520434766
0 0.691837552438838 0.37688108233854467 0.0033076440545414696 0.003369574842155174
0 0.6964585257503296 0.37225871684994727 0.002626658513900537 0.0036287729069362485
0 0.6960450702435119 0.37593068943434693 0.0015078965542763 0.003542373552009224
0 0.7109537894011139 0.3677227507162769 0.0031130767572153674 0.0037151722618633445
0 0.6984528405479208 0.3682843465233028 0.002042956621922656 0.0027647793576657874
0 0.6988906169669042 0.37083312749365094 0.0016538220272707348 0.003369574842155103
0 0.6698818957707252 0.37004732773121113 0.002063247272320581 0.003563013502937906
0 0.6732824329417724 0.37070903023889956 0.0019104141410376486 0.0019002738682335264
0 0.673521234709402 0.37252447045230125 0.0017384768683442076 0.0023414088733591143
0 0.6532096896608249 0.3668391804927302 0.0019375134355188095 0.003941050746047026
0 0.6447492078082396 0.3497482435535639 0.002556860848491169 0.004042512437068169
0 0.6518297455425229 0.3574090541596129 0.0026692503363369723 0.003892789754213695
0 0.6290748930646708 0.34321450089958666 0.001430745814307457 0.0036768353616599826
0 0.624097724114899 0.34110572767745817 0.0014003044140031306 0.0018384176808299913
0 0.6245010726689327 0.34333616089317087 0.001476407914764124 0.0032172309414524847
0 0.6074978436031526 0.3423545439685245 0.001704748880098066 0.0043364468637598465
0 0.59796722118652 0.33311382920178956 0.0021483639967716074 0.0038747089827958093
0 0.5629797405076266 0.31990051467558106 0.0017957847324774434 0.0044568932442540544
0 0.5675573956179973 0.325863648726426 0.0020953322212648117 0.0029182329382969386
0 0.5550961012740595 0.31471016073174096 0.0017874635648858117 0.0027005381083386837
0 0.5581882077857298 0.3157502328410336 0.001684735773800341 0.0023720942843515756
0 0.5581406345251323 0.3197948032888149 0.0019312824724053712 0.0029195006576634695
0 0.5483356772101857 0.2883518219059359 0.0019761539765598 0.004638367108406456
0 0.5529107730854063 0.30115065878296954 0.0013272868573124441 0.0031896597177103556
0 0.5551809376376461 0.29017713306007653 0.002072909003238621 0.004395827775988436
0 0.5784233213790101 0.3261166026459846 0.002006303683021784 0.003786397930837353
0 0.5603545218260119 0.3030574486161607 0.0012328767123287322 0.0032442664955823017
0 0.5621411736883192 0.28677782395581863 0.0023903073369356776 0.0033662729915186064
0 0.5728965365742834 0.29260640432806795 0.002526265520531794 0.0043924426069214565
0 0.5575257776187528 0.2562301229551669 0.002328124206598332 0.004342062700666709
0 0.5603905845507023 0.2440526447658501 0.002823129381128027 0.003544113645473459
0 0.538098066975203 0.23842609292147324 0.001993911719939163 0.0028928042918942155
0 0.5456665505111996 0.208183181122352 0.0024578513433169747 0.00283272155508449
0 0.5457461904483414 0.19792392136054748 0.002232704655379578 0.0045990067600194355
0 0.5515903997927909 0.17296547671477264 0.002146118721461221 0.004623079756204795
0 0.5492432300894845 0.15156303156951814 0.0018648416369651955 0.004055366602346666
0 0.5541039447928039 0.11606005118806617 0.0018264840182648356 0.003812013132309211
0 0.7354068826858104 0.35953177714754886 0.0020815286164121006 0.005810020650543492
0 0.7317493395455432 0.35446121367071093 0.0018436396316793943 0.005810020650543492
0 0.7445067186503725 0.3467459305618408 0.002386244940035169 0.004420836479008799
0 0.7420452007077227 0.33994865254563533 0.0025658547742314396 0.0037372019719455096
0 0.7447778360422791 0.3401765307146563 0.0014625372213119192 0.004192958309987773
0 0.7439210847675062 0.3237945635895777 0.003432970271919231 0.004046443175016421
0 0.741518163760029 0.3115550312050931 0.0019165720159408295 0.0025847341722802144
0 0.7455021491079797 0.31199632728328724 0.0019343180531254233 0.004412960781941883
0 0.7538199194375572 0.2997728773635236 0.0032061555742666312 0.004360149124414648
0 0.7506638600441385 0.2940334973936308 0.0019537510530687995 0.002669479055764086
0 0.7488103013527656 0.2940779887112269 0.0016531739679811607 0.004538114394798889
0 0.7605253159456287 0.2937151119007529 0.002096496215584409 0.005067536958148047
0 0.7569266909982594 0.2959225617120674 0.0015129354133084404 0.00226503545856616
0 0.7743163959972855 0.27719261718948784 0.0021509834210601754 0.006049368811816827
0 0.769387058990689 0.2810663358145986 0.003166725592116535 0.004457429650812408
0 0.7519198225170934 0.26221282402845275 0.002654085054126085 0.004443345472078981
0 0.7480980710803395 0.2787799359639634 0.0027034214382683787 0.005713670094787346
0 0.7438718363002621 0.2779289638221865 0.0024638777665229837 0.004984265401835799
0 0.7488515063384941 0.2384478573627465 0.002196505604773762 0.004699548694405031
0 0.7461682750599351 0.2372729701891452 0.0024710688053703224 0.003147810917950551
0 0.7527818754349925 0.22565714443506812 0.0025198995645301634 0.00405512158297352
0 0.7587064599506431 0.2227025449754265 0.0024642718721010226 0.0032613896259441333
0 0.7592095658946644 0.20921259821800509 0.0024855615388902665 0.004585844697396552
0 0.756580878616866 0.20438340761595605 0.0024214180153059317 0.004528877682522001
0 0.7522273501669645 0.2023572241624372 0.0025489055949608997 0.004527457639618362
0 0.7582797767345039 0.188606107737248 0.002219563957637263 0.004741990923413475
0 0.7434821488333767 0.18889951373989378 0.0025544364840553156 0.0036757726002405277
0 0.741105552864034 0.1785039693548385 0.0023927632888620567 0.004020376281513087
0 0.7506001433243056 0.1700619167080037 0.002101751537514076 0.004364979962785647
0 0.7482558819940016 0.15866127825257015 0.0019400783423205326 0.004881885484694486
0 0.7397117243513329 0.15839566228800747 0.0023822940701886354 0.002935376149117097
0 0.7401946217979929 0.15454536370280192 0.0022749835264862382 0.002630402003754284
0 0.7511834992890166 0.14875664809114963 0.0022587008026324893 0.004806438035076148
0 0.7452683867910339 0.14976957511507064 0.0026836049140186446 0.004290043866018394
0 0.7528518135665115 0.141988535176692 0.0022587008026322053 0.00504477380541049
0 0.7488040428211999 0.1347391554956887 0.002079793808364343 0.003813372325349693
0 0.7446220918301876 0.13023063717353048 0.0012747123341588916 0.0036147591834044053
0 0.7426317515189571 0.1358712504047769 0.002571788042601213 0.004488657007963681
0 0.7526058164493931 0.12488794365520203 0.001945613562663482 0.0038133723253496754
0 0.7215904251745456 0.35714021258289746 0.0019503912244937282 0.004821524894698754
0 0.7252630937419892 0.3456892187557561 0.0028892838371912433 0.0031689705768186372
0 0.729849634478077 0.34528258093837666 0.0018946123522566437 0.004150510136010226
0 0.5752767658920954 0.11055871493223211 0.0017643022929867413 0.00507894492669017
0 0.5714845299290087 0.11111703866530798 0.0025349170876247484 0.002737587336372016
0 0.5934509683714834 0.1229830774469061 0.0017581467600032853 0.004537019284646639
0 0.6105002398652926 0.1281509343565974 0.0024049158091333568 0.004630999496998509
0 0.6460557644464926 0.11542469788525107 0.0020609322402734163 0.004534278422501501
0 0.6732197310531319 0.12154673867172573 0.002100456621004554 0.005298968609451063
0 0.6775360292287176 0.12462975714586765 0.00245860183227677 0.005458821067327441
0 0.6867070212479234 0.11681674172965724 0.0019178082191781698 0.005028613068152552
0 0.6931891597307345 0.11875278691063734 0.0026305031965648596 0.004550505684341761
0 0.6962657047736736 0.11887467545575364 0.002287394083969474 0.004550505684341779
0 0.7124526996507001 0.12090256563193591 0.0021927734408636467 0.004318239759254165
0 0.7272913242194177 0.12063434353173752 0.0017071687771618826 0.005368051579747793
0 0.7501511041274368 0.13809126804845268 0.002587519025875338 0.004758257526854041
0 0.7294617019238474 0.13155946156446363 0.0021261328010498915 0.004325824466177366
0 0.7303846026006068 0.14220289634052954 0.0024740454412213353 0.003982505064099815
0 0.729862733640349 0.15020223840893696 0.0021261328010497493 0.004051168944515329
0 0.7374277512654056 0.14922264506946373 0.001907969610118414 0.00446732362548909
0 0.7395742170767889 0.1468734490250255 0.0021247843385410192 0.004390300804359981
0 0.7360618184763436 0.13524300303452802 0.00255841379538623 0.004082209519843509
0 0.7254837627747076 0.15693399805058678 0.0023849620126482306 0.004236255162101727
0 0.7283673986627275 0.17746057988149794 0.0018212437187494857 0.004313277983230819
0 0.7528173517351007 0.18536850571346328 0.00211548762625128 0.003650244935971365
0 0.7413473710001951 0.22506026696567438 0.0024016634915901137 0.004605255548014959
0 0.736928609089982 0.21714991818245188 0.001255415006967553 0.002860106077188185
0 0.7373379835487758 0.21174480246030802 0.0019104141410376488 0.002617724206240055
0 0.737815587084035 0.24209101270301706 0.0028656212115565436 0.004653731922204542
0 0.7105319342132052 0.35497234922288695 0.002613210497290055 0.004873762231893224
0 0.678838427009681 0.35494484789769504 0.002129659462612068 0.004511987746617266
0 0.7341793884060046 0.3349031960556488 0.0036160318861558948 0.004054471832109741
0 0.7350140608321223 0.3213346660496113 0.002422334075702821 0.005081209128921635
0 0.7318217702678805 0.2814213653289503 0.0024066823139295935 0.004872393197421978
0 0.7311397356500584 0.2851958829566512 0.0023290474005771954 0.0033555160699227215
0 0.7336887486384677 0.285333780877333 0.002044386051617693 0.004090971646892107
0 0.7258912019886019 0.26790842376365903 0.003249177222599826 0.005442856982622963
0 0.7310123663505682 0.23672828469847773 0.002530107613723942 0.004210658297291907
0 0.7369020521497466 0.23020619068018833 0.002605952576782045 0.004504801183405362
0 0.7281365162402321 0.21670973980417038 0.0026501480889884023 0.004564643096006265
0 0.731983560255625 0.21994414763473785 0.002387151840766393 0.004670784521048538
0 0.7253597894254048 0.21071472221696497 0.001903717689200164 0.004830645307250556
0 0.7228985544129389 0.21083548834964616 0.001930913656188693 0.005362016291048128
0 0.7213132554824268 0.21921671652417316 0.0017600033515425648 0.0025009449186185863
0 0.7222519239365829 0.22015457086865517 0.0011029354336334052 0.0026259921645495152
0 0.7216535227970584 0.22134251970499896 0.0015957363720652041 0.0020007559348948333
0 0.7255049064508063 0.20205929123615463 0.002358583844876847 0.004025752824559668
0 0.7235508144598748 0.19081908407316578 0.002501643739064008 0.0049446571147201725
0 0.7186946217776291 0.14615033237055797 0.0017928114841802767 0.005702398188936559
0 0.7183454619450296 0.15656882410696163 0.002057832039968446 0.00431977609651657
0 0.7077349166657055 0.1368052688517532 0.0025097439663265674 0.00450117790547079
0 0.7006578850356832 0.12947389020428146 0.002462407126791533 0.005080695300813254
0 0.6963290194058089 0.12608893846204944 0.0020174382216012533 0.0043077598032497735
0 0.7041845712312693 0.14682136336295476 0.002325185999044095 0.0049023700294189435
0 0.6925263325249239 0.1325574793887527 0.0020480374606123065 0.004643367764089721
0 0.6865930212179444 0.13847272558890164 0.002267884322678668 0.005001577514022735
0 0.647068660943835 0.12973634873470674 0.002130898021308951 0.004569008647945089
0 0.6540196740366514 0.13039538484910287 0.0014611872146117833 0.0033794442662315838
0 0.6830851689307136 0.1477055005944332 0.001490827603981444 0.0036058710064224542
0 0.6774013955951901 0.1427779160774428 0.001873350417690034 0.00505288901328587
0 0.6749845422785404 0.14343520245315478 0.0019427337664934896 0.005545853795069871
0 0.68547721191275 0.14899351322959106 0.0022149386941941883 0.004596454746496317
0 0.7122237015078271 0.1670927419968615 0.0026813772032883774 0.004850148530511724
0 0.6998745761211018 0.1573085359964173 0.0020971818259808116 0.004019175687313581
0 0.7134426335571337 0.14892869313177343 0.001993911719939092 0.0037579420240495052
0 0.729243706784434 0.15885862967493644 0.0022679611422270797 0.003369235721625987
0 0.6782505761950967 0.15809565579362622 0.002799103740687059 0.004350384998535386
0 0.6640737391112836 0.14955763427022908 0.001992602492749711 0.004540355313360909
0 0.6543792433361305 0.13829520111842292 0.0019275834207360277 0.001728871159429346
0 0.6551808126794069 0.13682057571773318 0.0012023540149144196 0.0031865468428697776
0 0.6472231054552644 0.16531016569177118 0.002001837837413234 0.004239531677286657
0 0.6454679252953247 0.1497666944163149 0.002242213943901703 0.004248214311290574
0 0.6360969555063046 0.149381411481002 0.0025710673030245345 0.004897751196098418
0 0.6365627285684468 0.14259736421613595 0.001863092248568634 0.003971149618458209
0 0.6314938499677266 0.14307097612884292 0.0017812197778057737 0.004234729562768571
0 0.6292057731972729 0.14320436485650762 0.0019622884105681493 0.00548326634405278
0 0.6224523045246201 0.14445067630530642 0.002365525683379989 0.005835142146115321
0 0.6190275377936411 0.1442240632171791 0.003003505323176441 0.003978594847370456
0 0.613358217223334 0.14755146628884058 0.0022622018306402225 0.004408321023704218
0 0.6070794006041494 0.14481436665873634 0.002394960190729023 0.004401979999268164
0 0.5971116417257396 0.14011956637069503 0.002207743403941507 0.005745414085603731
0 0.5842406509823331 0.1342325472506447 0.0015451000313283462 0.0032861323165952073
0 0.5852774944244088 0.1357311680323887 0.0015857605584685785 0.003033352907626323
0 0.5799653387386656 0.1293876247615774 0.0015674545775028292 0.002784169102103924
0 0.5806735260477778 0.13134996081546974 0.0016241095622328305 0.00402530472593337
0 0.5711778640116646 0.12638298987875948 0.0021457878369452745 0.004904624937645767
0 0.5755192739951193 0.13467181736248698 0.002602739726027394 0.003190195387322596
0 0.5752148599920751 0.13837568827827673 0.0022678843226788103 0.0028657687377643625
0 0.5735510283496112 0.1454276044368429 0.0018873668188737014 0.004001262011218163
0 0.5659894439582216 0.1598683345136496 0.002100456621004554 0.0042986531066465435
0 0.559542522812558 0.15903797977578307 0.002221790669681738 0.004415579707793782
0 0.5581250797576416 0.16791531427577538 0.0027549467275493813 0.0032713020497121548
0 0.5586377473363774 0.1719731598199918 0.002754946727549523 0.003839048686439064
0 0.5558684102935285 0.1978739321566342 0.0020263201914369235 0.0053655078866893646
0 0.5599169700315413 0.20615059837669236 0.002544056122789087 0.0042344410742983386
0 0.5587033185635691 0.21367861109437158 0.0017653719295311276 0.003108449904833961
0 0.5590662102594901 0.23340192077330968 0.00301518991893424 0.0038043856940493726
0 0.5584247851231775 0.2733483177267452 0.0012480974124810728 0.0026224487505957226
0 0.5625115431140452 0.2734564599432646 0.0024505327245053364 0.003055017616673368
0 0.5843042775307496 0.3276107621790158 0.0023225847621845476 0.0027815591065001397
0 0.5861605858065866 0.32356343741169263 0.00153079450234884 0.002875319525820288
0 0.5803196347031964 0.3126526657346793 0.001613394216133983 0.0030009465084136267
0 0.5833942161339423 0.30878658149411037 0.0024353120243530667 0.003325373157971825
0 0.5799353913700012 0.29987740191029866 0.002207001522070087 0.004217546444256932
0 0.6243319793870218 0.40826376188714336 0.002541743344495515 0.0036232911461122797
0 0.5944336786081392 0.3166051785683494 0.0022894045908871874 0.0037240786267943447
0 0.5991847253211343 0.3211700726077963 0.0023896499238963997 0.002162844330388154
0 0.5979756468797565 0.32389945625269795 0.0014003044140029886 0.002406164317556829
0 0.5973439878234399 0.31309875237782187 0.0015068493150685214 0.0037849775781793583
0 0.5951103781153347 0.31136892637046104 0.0023771606465825103 0.0036428532589298256
0 0.6482282002462376 0.3452454426051442 0.0025242822954459143 0.0036127822683410214
0 0.6493580002752612 0.33985958910036773 0.0020339540797837687 0.002322502886790687
0 0.649875568947349 0.342165963494889 0.001725228906959586 0.002354759871329435
0 0.6529468568496323 0.346169891318503 0.001874139986311718 0.0030394438904666997
0 0.6537820714087494 0.34356465369810296 0.0015482025973878421 0.004052591853955647
0 0.6628504395793215 0.3408676034111332 0.0024505327245054787 0.003893119794698734
0 0.66324200913242 0.33720094888458535 0.0016438356164383094 0.0027305909671151343
0 0.674532691062986 0.33309312304205674 0.002483461331500649 0.0036635499366246193
0 0.6731225901374727 0.3298034047316183 0.0027360167211449493 0.004261680538522512
0 0.7004032393020851 0.34849857824385355 0.0029334365003137464 0.004776268970733426
0 0.7090816879417483 0.341968100807107 0.003281949135955671 0.0031032746322885883
0 0.6998185364140099 0.33838547341724234 0.002433390316903257 0.003996942708927165
0 0.7099051567147733 0.3319959584736156 0.002054555821707709 0.004291024318269194
0 0.7088487827300648 0.3376298073699093 0.003448240477548552 0.0027683112089884076
0 0.7261845093234285 0.32441938247137103 0.002451576901154313 0.003938536347085284
0 0.7240307125260563 0.2979513505776861 0.0026177879412328763 0.004683998707969934
0 0.727677678120123 0.3107508339907914 0.002136576922624016 0.003555736245466222
0 0.7239172160744732 0.30237585807044814 0.002652539095635689 0.0036296271051854136
0 0.7248308684296367 0.30572628309061933 0.001807656272581397 0.00286182137139626
0 0.5920308895105529 0.3036815930995327 0.001936406639585968 0.0025067651713069237
0 0.5922442224454225 0.3060426161097171 0.0017723043819938057 0.002448468306857876
0 0.5886710514677979 0.29829821478621443 0.0022781689839766273 0.0038977947577490822
0 0.5855466242879569 0.28299527249884937 0.001860554131012364 0.002180475416529326
0 0.5854507194358429 0.28541423741406163 0.0017071063676298336 0.0023848949868289894
0 0.5870048283344057 0.2757279304058079 0.001131677254945771 0.0025211747003620034
0 0.5877912481217408 0.2776188114310794 0.0015536586042473744 0.002282685201679122
0 0.5902272313654374 0.28005481131048326 0.001131677254945771 0.003338852981560514
0 0.5890476016844347 0.2795778323131175 0.0012275821070596039 0.0027937341274282446
0 0.5833676732498323 0.27404571608529443 0.001572323505758888 0.0026752251528849415
0 0.5714553622278586 0.2505928627045843 0.00219593454387379 0.004024981756636769
0 0.5727518980489756 0.25399542460194735 0.002920125723236566 0.003859003127497118
0 0.5751113596333508 0.2451155679429754 0.001845519457085416 0.0046888962731954816
0 0.577196697201212 0.2601964241973493 0.0022151231239004687 0.005024157570125993
0 0.5677643212855912 0.22292782870441571 0.002877562543172729 0.00369351650567765
0 0.5688985430179366 0.21938354518886638 0.0021634229339181133 0.003842749495806146
0 0.5747894938067556 0.18300426763664848 0.002086838942204068 0.005500291611424899
0 0.5722819212068491 0.18509676988012536 0.0021878150200526393 0.005500291611424934
0 0.5729719244054812 0.1948717446460816 0.002086838942204068 0.005679648946580116
0 0.5492028811970571 0.2341322311059782 0.0021044025572519586 0.004509876169302984
0 0.5910860291951455 0.2647419502923899 0.0018902377281094828 0.0023602284833274824
0 0.5908895193323224 0.26720190673980165 0.0008609003514161628 0.0020278019363799515
0 0.5835094583861299 0.25814146640973307 0.0029611419186083053 0.0036308804268033513
0 0.5842449678304292 0.2524915449979316 0.0023307052520659256 0.0035969469648706467
0 0.5801627486247162 0.23610767148701683 0.0022494218484205675 0.004419805150056284
0 0.5823414756964346 0.2290343028759159 0.0021100771321468413 0.0037126363260472674
0 0.580520041190855 0.23184529895135167 0.0023688601766552607 0.003960145414450409
0 0.5773239618907897 0.22052429490292436 0.0016438356164383094 0.0030009465084136623
0 0.5810502283105022 0.20882262009898078 0.002130898021308951 0.0039471909029584395
0 0.5818700203575734 0.20376924690556486 0.002656826605004099 0.0037532427516246613
0 0.5835905807106758 0.18363338435504362 0.0032023517175574765 0.00536309598511707
0 0.5852869612357143 0.17675870517615017 0.002493259551526634 0.0037785448986052115
0 0.58094299759323 0.1417072096714897 0.0016883324414443024 0.002966973760654348
0 0.5846659322754653 0.15128375884970924 0.0022630839108720834 0.004785441549442524
0 0.5864480078441068 0.1422684751987621 0.002713465461938256 0.003712513820173271
0 0.5887122847667376 0.14254528543973993 0.0024017836183372054 0.00394047519509618
0 0.5900687326150016 0.15279925301976222 0.0020534333225479175 0.005080282069710762
0 0.5901743857123198 0.16703057608217559 0.0025870427089695626 0.0037501042380780805
0 0.5947840455189649 0.16236179278952903 0.0027976589180858016 0.0042504723425170355
0 0.592408674739458 0.17137841978082435 0.0022697987448621147 0.004469246654264225
0 0.5956638124743379 0.1770352984131448 0.002480942814151561 0.0039066841383428395
0 0.5914849194363164 0.17669151020897061 0.0020410593364651674 0.004531753600477728
0 0.5918544215575731 0.18150454506740898 0.002956016970053099 0.004594260546691196
0 0.6048987710253241 0.16314396426886327 0.0020852359208523553 0.003676835361659947
0 0.611791922686271 0.15418567822128476 0.003226788432267895 0.004785293080983877
0 0.6144631555629833 0.15624038033515356 0.0019025875190258291 0.0024602354258165524
0 0.627259965778958 0.16287364013819441 0.002572298325723068 0.004298653106646526
0 0.6143139305704034 0.15839020934888448 0.002191780821917817 0.0028116976295046747
0 0.6141400304414003 0.16278107141584194 0.0017351598173516436 0.002919839846024068
0 0.614482496194825 0.1649033624150354 0.0018417047184169633 0.002027666559738961
0 0.6404076363256478 0.16445032326600334 0.0020586546755726686 0.003941062958760284
0 0.6914651313037491 0.16092214783499706 0.002054794520547887 0.00465011531033463
0 0.706764541998194 0.16945242828145657 0.0021208176950885615 0.00462976090892127
0 0.7020877937626747 0.16330690808549048 0.0029141006497401633 0.006038818576853871
0 0.7187418728554112 0.19049459056699447 0.0018110318489402743 0.004296515838508696
0 0.7166752049829003 0.1858221916606181 0.0027297256322363237 0.003582201728050052
0 0.7156770217293213 0.1888797274790043 0.002322303896081621 0.004486798124022329
0 0.7172529039402719 0.20177445083098014 0.002839473814387219 0.0040142742535485
0 0.725707123229908 0.2334443601291485 0.0017500786166245064 0.004825657655937406
0 0.7238070378747159 0.23440653113416665 0.002083426924553038 0.005092105011173267
0 0.7182482557222676 0.24315131470172693 0.0022908434316555315 0.004241011247502122
0 0.7195469380902133 0.24570165254650864 0.0022424453309868395 0.0032094139170285984
0 0.7132240058638835 0.23936029672946685 0.0024657534246574644 0.0034875864827510128
0 0.7091157987772193 0.22339321523862993 0.0021613394216134906 0.0038931197946987695
0 0.7049121315156808 0.2228415325155301 0.0037524447989571285 0.005232203342920627
0 0.7091802218499944 0.20774990050795708 0.002399276201619358 0.004224297375903987
0 0.7019048407203903 0.19917075103456924 0.0031417326410947055 0.0065481678613681284
0 0.7002949770441527 0.17045337831914714 0.0022518270091130433 0.004806453498705281
0 0.6943858656546622 0.17417511909294356 0.002251827009112901 0.0034956025445129412
0 0.6932130111417143 0.1786707186087793 0.0026591485536526707 0.003314579046503141
0 0.6860631678834096 0.1774053358565466 0.0024756576425070875 0.004576106142599947
0 0.6787404416432418 0.18263257333912905 0.002046730904294094 0.00442943165307284
0 0.6898352616218238 0.18913741661273648 0.002123658971699882 0.002579463945626692
0 0.6932946855171557 0.197888039881789 0.002664195931867397 0.0035592919817116807
0 0.6903913950785823 0.1988183093770091 0.002231548729256474 0.004044649979217781
0 0.6906757171575947 0.20407281470143424 0.0017078179050430719 0.004651347476100476
0 0.6988716310398795 0.2059663359372923 0.0028069196779212293 0.0033404535171349535
0 0.6924274761768382 0.21001163804595305 0.002094600752828626 0.0021260028952016087
0 0.6924747228103607 0.21188587744040707 0.0019056142187389468 0.0024057401182544427
0 0.6975387803191707 0.2208378902820477 0.001863676519021169 0.0036206725087660273
0 0.6959371833106368 0.22125168142590668 0.0016889568453629523 0.003689637699409225
0 0.7081232545567002 0.2455311162914237 0.002095554045235559 0.004931087692213616
0 0.7085488425710892 0.2526659377181057 0.0019910048263325564 0.0053599991161632585
0 0.7024669450156514 0.2541855250963993 0.002208770979212744 0.0038680405992930745
0 0.707309465315247 0.26816511323581144 0.0022123810809927136 0.004820445143178063
0 0.7092121130449007 0.2702609589502367 0.001769904864794256 0.004715652857456867
0 0.7146433367822729 0.2908247909479358 0.0031563303422163357 0.004768049000317518
0 0.7174751845659436 0.2968241493054781 0.001917396936860314 0.00440127600029303
0 0.7173719401154973 0.3109711078778487 0.0025368636395384668 0.004086899143129266
0 0.7155872860434965 0.3028497057344508 0.001976393765687021 0.005239614286063165
0 0.7084486697554934 0.30596727623465836 0.0026843557116045247 0.004663256714596145
0 0.7154840415930502 0.30903245059200535 0.0018878985224472444 0.004401276000292995
0 0.7123231453060549 0.3232751950828623 0.0027893168203040374 0.0033550053808722425
0 0.7123739454059833 0.3157411168615042 0.002064533709516354 0.004252274261803173
0 0.7068392380145139 0.3174966429328908 0.0023720174534868476 0.0040182041189516585
0 0.7006999369903464 0.31992348797905384 0.0027669079212196833 0.004039463999328454
0 0.6853082267796409 0.3344746599390696 0.002878608985148219 0.0037758193031692143
0 0.6902904346385512 0.333924019624024 0.002568604940593815 0.0036184934988704497
0 0.699546269683105 0.3311314865977218 0.0018600242673265655 0.005270414444007016
0 0.6926284364014543 0.3303152075823174 0.002519702553436787 0.0024705235540763227
0 0.6940528279315566 0.320020662069552 0.0018812809931596064 0.005482310613197079
0 0.6971325845012097 0.3079310826556779 0.0028397551520946253 0.0042680635176720475
0 0.6894252163466308 0.31866499019000377 0.001372197580576966 0.004493857818090951
0 0.6879565361236695 0.32123562919611515 0.002251261655634238 0.00445577427725965
0 0.6891069612546349 0.31339231532611156 0.002267403963221 0.002857308479941132
0 0.6899783527924651 0.30910861960755476 0.002142497007003925 0.002611127960777253
0 0.6857871907641656 0.30831694783221275 0.0017046144070323522 0.004361139253638627
0 0.6809208523592082 0.32210159190306276 0.0025418569254185286 0.004055333119477922
0 0.6818855451867895 0.3123525864765789 0.0015878470166788361 0.0026081033988342027
0 0.6831746037863512 0.3134443506900444 0.0012634481638090734 0.004003135449373474
0 0.6858161683027245 0.29459017649372643 0.0035021014030654383 0.003936447023740577
0 0.6932034134498158 0.2931565322073023 0.0030643387276823838 0.0037906526895280022
0 0.6964645766068471 0.28466523261783094 0.0026639713559968923 0.004312081436156738
0 0.7042316552301239 0.28228533985797344 0.0028546678167940343 0.004383924672682866
0 0.6976153678422418 0.29012886773620705 0.0019923202471376555 0.0039085593467292415
0 0.7010944942439593 0.29065705143171106 0.0016949590162214179 0.0045423797813339915
0 0.6909654819150979 0.27268586990777144 0.002191780821917746 0.005109719730542075
0 0.6954024713227329 0.26522653982494404 0.0028310502283105166 0.004433830877295826
0 0.693225628045876 0.2575649236048742 0.002100055731736319 0.003912155098251375
0 0.6880475524427194 0.24050290708854796 0.0020243531202436315 0.005109719730542146
0 0.6904514989057325 0.2228471339057466 0.0025704246872857084 0.004265745400597752
0 0.688280509413426 0.21726599667031202 0.0017351598173516436 0.002865768737764363
0 0.6826206274781828 0.20912296904892527 0.0018951722457134679 0.004245749719032439
0 0.6811096117687626 0.21188270636629647 0.0019122458695485988 0.004791631825765244
0 0.6477067711602715 0.33189245892474695 0.002105304615003405 0.003150478157774188
0 0.6345596162641788 0.3274185290436618 0.001580375405786114 0.003065670025301941
0 0.6404756268292598 0.32272768454711553 0.001933880430764674 0.003952128827798873
0 0.6140389999698173 0.3138333611793851 0.0024267756817193484 0.003579276138667602
0 0.6028540997895943 0.3049467980487303 0.0017761635078664994 0.004450048877443606
0 0.6052043447329929 0.3000129967076518 0.002168789125394639 0.003985118397710643
0 0.6088501540386132 0.2983525307086057 0.0013087520584279843 0.004715723437290969
0 0.6078648474484851 0.3230482170256445 0.002578059531085586 0.002956675877460242
0 0.6643318219822743 0.3211035648943772 0.00196484377454496 0.005434469154741954
0 0.6626798162722161 0.3123199506301171 0.003151774525981068 0.004228082998772429
0 0.6658646513701479 0.30450974175738466 0.001983634317051042 0.002388083915973276
0 0.6662613782335582 0.30685867675670264 0.0017191497414441414 0.0027795730825263478
0 0.6727576927089983 0.29743813282499554 0.002377260874413878 0.0030064742001815505
0 0.6703588909401307 0.28872570023345534 0.003143806217592271 0.0050326213394462724
0 0.6636149156594056 0.29589640845162457 0.002420091324200939 0.003784977578179394
0 0.6685821451868418 0.30020207570220525 0.0023592085235920024 0.004406795323165937
0 0.6752090429002757 0.2754721193649016 0.002930273908346237 0.0048986896295438245
0 0.6810563504219798 0.2653719247225927 0.0022222222222221433 0.004028297565347998
0 0.6832156502522733 0.25932043737425836 0.0022222222222222855 0.004514937539685349
0 0.6775604851919351 0.24088095797648598 0.003527298111019803 0.005165551071036311
0 0.670669710806697 0.23411438098745777 0.002191780821917888 0.0037038709157897996
0 0.6661007543119308 0.21986967562579945 0.0017808219178083106 0.0037849775781793227
0 0.6611108671483271 0.21394626369430056 0.0023439878234400168 0.002946875400153921
0 0.6469881234899717 0.31259598003256317 0.0022983257229833498 0.004298653106646562
0 0.6465293528587346 0.3060076454014888 0.003048861399152827 0.0032059742776367984
0 0.6502245728745076 0.3019135296009932 0.0025854344664816152 0.004289073695757289
0 0.6537978384343147 0.3070474208428845 0.0030976431815392404 0.0039858058586835195
0 0.6293248855244272 0.30251253117624627 0.002085235920852284 0.0030279820625434438
0 0.6201762289531814 0.28978179213678534 0.0017808219178082397 0.003730906469919617
0 0.6109393010843668 0.2780312426216125 0.0019976139887247515 0.004397383637569341
0 0.6166292579806512 0.2674330644132085 0.0022678843226788103 0.004947506405763029
0 0.6468873908864942 0.3011905791056933 0.0031600993129224262 0.0032998117643455414
0 0.6462278902289146 0.28200249392211235 0.0019170017201962262 0.0048727400844236326
0 0.6441952073704246 0.2783332619308292 0.0016525876898244008 0.003052801016748212
0 0.6418154810970776 0.280153200998506 0.002313622765754104 0.003405047287911458
0 0.6527568319581891 0.26956647709205284 0.0018723065884988443 0.0045110413074343466
0 0.6446801125332507 0.2700322037303058 0.0021572124288981344 0.004235056928929168
0 0.5949547285068858 0.2508472651676959 0.0027620288371217327 0.0040178569440320186
0 0.5906853217876047 0.22581568362516197 0.0024140596721672126 0.004688969779848407
0 0.5925614327280152 0.2131288474044282 0.0025418569254185997 0.0041634753359972975
0 0.5990704773307427 0.20786381729722797 0.002983103556495763 0.005878240486000444
0 0.603305858484156 0.21571411468667673 0.0029883743195092904 0.004266289420905594
0 0.6071274607523717 0.22385888925019556 0.0021938093485252353 0.004481231376970172
0 0.6302315272180905 0.2650867598801042 0.002705800282664228 0.004640410665104397
0 0.6179434559544095 0.25425247962139547 0.0028178217069186927 0.003789587899340603
0 0.6143996808980089 0.2457200445080888 0.002183322211209884 0.005067965457542911
0 0.6155409629629595 0.24034359419660845 0.0027291527640123546 0.003922164571489723
0 0.6202233527225341 0.23688616947554295 0.0019025875190258291 0.004325688660776415
0 0.636083717109883 0.2583562979140214 0.0025146729684042413 0.004201306730893535
0 0.6338429194152653 0.253624299806594 0.0020665134294807074 0.004643549544671757
0 0.6298717279453594 0.25041803940670165 0.0022905931989425452 0.0037148396357374125
0 0.6411379607988539 0.2529388234452377 0.0021661044381303895 0.0045108767005382685
0 0.6483713850837138 0.3236831718196591 0.00237442922374413 0.0034875864827509416
0 0.6574235214638443 0.23694058622100977 0.0024323188650978976 0.003980185324004353
0 0.6526532804323548 0.24237102912771313 0.0026639713559968923 0.004006801334481942
0 0.647411272280232 0.24389742963608727 0.0030077095954804635 0.004617361537831606
0 0.6074540711131493 0.1900968120907114 0.002008879433307982 0.004940645235136678
0 0.609888330512585 0.19645853896354917 0.0021308980213090934 0.004136439781867409
0 0.6276207959750488 0.23992914096031734 0.0023631203509916075 0.0033523332012833505
0 0.6373724649585004 0.2377668915303262 0.0017199391171993739 0.003893119794698734
0 0.628528187577169 0.22937305394658747 0.0031708158551189314 0.00449902835219298
0 0.6249821272421544 0.22737348579005726 0.002420326895327349 0.003965810177118207
0 0.6335363710630891 0.22896841827597414 0.002667616303116276 0.004611960772259032
0 0.6393347823761583 0.22129820103329556 0.0017047184170471753 0.0024331998716867176
0 0.6488662139277673 0.22924558503238393 0.0020488348602306417 0.004029129835408334
0 0.6515614074046183 0.22918059906729668 0.001780535057105226 0.0037258619983346363
0 0.6544352458756825 0.22626917126775922 0.0017656012176560409 0.004244581998386856
0 0.6617868313493926 0.21780591324901763 0.0021052882637884805 0.004129018670581388
0 0.6566854626564032 0.22043506280019176 0.002390379382843264 0.004129018670581388
0 0.6715385593869904 0.2396061397607479 0.002792392634283942 0.00337698591427408
0 0.6729644620087524 0.23184962523889965 0.0020200287141628336 0.0026382702455266128
0 0.6722015514477695 0.2090211495093682 0.001992028828788932 0.0020591822326401043
0 0.669364512992988 0.19327106489906482 0.0023627435012514297 0.0043269228628037126
0 0.6611082916362492 0.18752478599104103 0.0017888355844115722 0.004874060692210805
0 0.663183688260882 0.18627542233259461 0.0017367335770985903 0.0022519394337429687
0 0.658263114998748 0.1904556755306509 0.002375584428430955 0.0033693807802400145
0 0.6589279240738687 0.1947854872809593 0.002499682122453635 0.003778744800269145
0 0.657556972092792 0.20710156023195306 0.0027397260273973245 0.003947190902958511
0 0.6136662403935279 0.20870292696639026 0.002882077565677079 0.00395003831557684
0 0.6139419947285155 0.203599477462665 0.0018324320324982323 0.004044839235150626
0 0.6180010459117752 0.20464358505340408 0.002579637327303601 0.002844027587215301
0 0.6155192568968866 0.19029704589122903 0.0022416158844156086 0.004297641687347564
0 0.615013375025273 0.18122239455709555 0.002480974124809734 0.004325688660776379
0 0.6201265388355183 0.17165181307559266 0.0022139424313847656 0.003999136313060418
0 0.624468161768373 0.19046190339609637 0.001903594441527474 0.0045504441395445025
0 0.6258121235760465 0.2040849060255085 0.002091792826199992 0.002457035783655108
0 0.6263603757280748 0.20654194180916363 0.0012651972739114114 0.0032960236122202956
0 0.6243444947383093 0.20606252019284071 0.001855622668403356 0.0040750837387451
0 0.6438718314480195 0.17869965472659385 0.0026614811401033476 0.004060359331966339
0 0.636287436586193 0.19576734714012411 0.0020852359208524264 0.004163475335997262
0 0.6362709284627094 0.20722752240531947 0.0011872146118722072 0.003730906469919688
0 0.6381616183091505 0.20742947034932208 0.001187214611872136 0.002379128763427012
0 0.6382648401826484 0.20998514892656445 0.0017047184170472462 0.001946559897349367
0 0.6385007610350076 0.21337811096986095 0.001476407914763982 0.0018654532349598797
0 0.6378843226788432 0.21140451551838169 0.0012480974124810017 0.002460235425816606
