0.0 0.35494139305643324 0.9968216466309722 0.009112400353113514 0.006356706738055706
0.0 0.37311306450675286 0.9762201283055549 0.008389193975882137 0.005857971655573025
0.0 0.2751598088034687 0.934049513159523 0.006110892239816934 0.007879834730290369
0.0 0.2963871186891488 0.9161188688242701 0.007397395869251966 0.009648777220763804
0.0 0.37972373975337315 0.9050922813048311 0.008450570854997608 0.007770639866664553
0.0 0.32481351278948656 0.9172730089480478 0.0079816953247434 0.006246544167190749
0.0 0.3214539234860888 0.8922025323055518 0.009965483024393151 0.008797652982472214
0.0 0.28131812635082254 0.8172629664735377 0.0067851192349820625 0.007255375023544985
0.0 0.31750769191884914 0.8386176934637837 0.006542035365176701 0.008032625701546081
0.0 0.3666871066429563 0.8308073274184441 0.00678823904823993 0.008288797153640459
0.0 0.4014484092916549 0.8250594757746861 0.006332157259176796 0.006492465037889872
0.0 0.3799270899993902 0.8168036251709492 0.0076947733782400714 0.0063321572591764404
0.0 0.30872097513007296 0.7822697513282744 0.007602686963589633 0.007602686963589811
0.0 0.3498668650806717 0.7787045554278391 0.006709751546324938 0.008407399527925286
0.0 0.3916058634929046 0.7848083381464499 0.008016258070029281 0.00648373814487666
0.0 0.2952385805573412 0.7387450518006445 0.0066208917003798716 0.008426589436846755
0.0 0.3129702112117293 0.7237483480680134 0.007244680065775455 0.006463391039074296
0.0 0.3120583900965487 0.7107599354727061 0.008239047917940922 0.0065344173142289465
0.0 0.3175274132834579 0.6885997376244516 0.006392364763919645 0.009375468320415515
0.0 0.305662541683872 0.6580554988769722 0.006721461187214573 0.009400304414003103
0.0 0.30166210045662095 0.6314033485540336 0.008231354642313704 0.006672754946727544
0.0 0.33278617749825745 0.6230910013464503 0.0056986301369864375 0.007987823439878384
0.0 0.3668696127131724 0.6205895812030036 0.006829449534102139 0.007211898708011688
0.0 0.42120250806089105 0.6550691154719913 0.00789041095890397 0.005796042617960318
0.0 0.45548880595408486 0.7162248895108091 0.00790523395419882 0.006441301740458272
0.0 0.41316504308840096 0.7221214985745859 0.006857317374648985 0.006947545234842067
0.0 0.43345961969565927 0.7096897683804235 0.0041906802500975004 0.003739376223163937
0.0 0.3724035261654926 0.5804678758037637 0.0037716490091728614 0.005006006866720192
0.0 0.376415189202522 0.5786163390174427 0.0035659226995814917 0.005143157739781046
0.0 0.36496309130194254 0.5738160584603137 0.004251677064885939 0.0030858946438685917
0.0 0.28013036939803937 0.5289847098358873 0.007938502118840063 0.005349860123566153
0.0 0.3367500845259583 0.5692332626441485 0.005790306413813795 0.004279791697166679
0.0 0.3706421048943751 0.5507418693691544 0.009232309744163914 0.005973847481517858
0.0 0.3325428438424282 0.5247208083931958 0.009280475632748164 0.006168120999814342
0.0 0.29002607285743504 0.4941516426322905 0.007282127621056844 0.007282127621056844
0.0 0.5015608741711658 0.5405600487004079 0.006082630905527253 0.00854025955422486
0.0 0.4512509660532533 0.5106863064127192 0.005488499956491921 0.00867537089897077
0.0 0.37001984329896054 0.5203819649270398 0.009013463595706738 0.006492749200297254
0.0 0.3907063840907831 0.5272532830044243 0.004048814161866687 0.005743666601718012
0.0 0.37172779488825325 0.468819890516079 0.009124462230220232 0.00676976229984092
0.0 0.2890010153962139 0.4023800207689794 0.006920358459593956 0.007313560644798089
0.0 0.3533281792564157 0.4093448119560302 0.006792469890828911 0.007498181048317854
0.0 0.3116342965564197 0.3841807271198465 0.0034153545336678805 0.007159108541726767
0.0 0.31445853203618357 0.3849688858583852 0.003678074113180685 0.005976870433918702
0.0 0.28394668235279197 0.36276064584656875 0.006896033715910477 0.006512920731693228
0.0 0.3130632691533023 0.37157224448356546 0.00612980774747598 0.008620042144888007
0.0 0.2980845552171232 0.33568135890404704 0.008972844843730598 0.006965761128685788
0.0 0.27697750874358407 0.3090318602429655 0.006139314893079018 0.007910271112236345
0.0 0.29480368709438115 0.28307863444227976 0.007993207944941006 0.008071572728715014
0.0 0.3036083651507619 0.2566681957367397 0.007776183601752962 0.00770856461391185
0.0 0.37582519785414803 0.3904479974547057 0.004690045468550963 0.005992835876481806
0.0 0.34232078782369973 0.37638164536576646 0.008693386904425537 0.007419356064983873
0.0 0.34951531491701787 0.3835761724590841 0.006445097187763693 0.007569242046094704
0.0 0.36121139126807567 0.3588515995409799 0.008083301138457344 0.006725306547196297
0.0 0.40438754690973405 0.3484198350621535 0.009430032210686435 0.0071813322219843375
0.0 0.3451911454608769 0.31948894851162424 0.007332184124426178 0.009478189234013978
0.0 0.36632475671691045 0.3385781318858758 0.005065449010654177 0.0072572298325722425
0.0 0.3666775956904839 0.32238826292701256 0.0071026275154661535 0.004829786710517059
0.0 0.33950813208599584 0.2679532790987672 0.005455098934551117 0.005503805175038057
0.0 0.37207288377238756 0.27817361045218114 0.004460048675332118 0.006089681845164829
0.0 0.40179745379092396 0.2677661484983024 0.004780368415184455 0.006851861395097636
0.0 0.3436961167838188 0.24155622324318315 0.007081007733359357 0.009418427761846893
0.0 0.41282313618739364 0.2445564264242687 0.009896144435727195 0.007984389260643533
0.0 0.4334413544052314 0.24299140854855553 0.008345061285568533 0.008636168074599927
0.0 0.43237396284544916 0.23595632781362857 0.007374705322130382 0.005628064587941584
0.0 0.36958487015250013 0.19640701775653407 0.007284471658342895 0.007451930776925475
0.0 0.3648122852728964 0.20151452087330318 0.005609880472517048 0.005777339591099539
0.0 0.43773865561770775 0.1987764773185318 0.00663745380600389 0.00789119508047149
0.0 0.4543592218576974 0.23600827264224974 0.00756665045378746 0.006995582495011021
0.0 0.47047479947825294 0.19510694893265848 0.005913120996666877 0.005358765903229523
0.0 0.4732157774402495 0.20108166493970753 0.006097906027812882 0.0042500557163544835
0.0 0.4755563878347635 0.2051777331301071 0.005358765903229567 0.004804410809791992
0.0 0.4195301108910471 0.277868200911198 0.004283791262304604 0.0058038462263481526
0.0 0.4606744571905642 0.27844884299808437 0.005657838540453497 0.008215491579288248
0.0 0.5165921370073434 0.27285187633395414 0.006442241126183035 0.009945916124633403
0.0 0.5221287139313816 0.2059821833766406 0.007233393545187994 0.008928720157341363
0.0 0.5095832970014463 0.1780092942761092 0.007007349996900914 0.008363611286623529
0.0 0.4514579179177328 0.3822089184471982 0.006211935058157536 0.008670826018678301
0.0 0.4647229875731732 0.3877737769367976 0.008670826018678213 0.006600180999292338
0.0 0.427339687650287 0.3064923313982061 0.0066142524733933785 0.008246340746049085
0.0 0.4822320417898863 0.3173337204361935 0.005075023336162587 0.006328115517930932
0.0 0.48812781248438847 0.42886150823505753 0.007646063586331309 0.00818669434496062
0.0 0.5240748944470038 0.570529142196862 0.004022343078094437 0.004826811693712863
0.0 0.501901406828023 0.6116695929136677 0.006666670387154738 0.00802721536412534
0.0 0.497551744536649 0.6514629485978409 0.008027215364124984 0.0057823161521241674
0.0 0.5014446719694196 0.7558757078975717 0.006715164534348261 0.009080733858948342
0.0 0.5542408459524862 0.7280032995955416 0.0074033485540333285 0.005796042617960318
0.0 0.5515211593867239 0.7937981381936652 0.005649923896499232 0.006672754946727544
0.0 0.6156546463421637 0.9604718320458648 0.008198331832041106 0.008198331832041106
0.0 0.5832994411371046 0.9805862741797083 0.0086198973901233 0.005394046219586812
0.0 0.5088244154375667 0.7669452056912298 0.003867818548316748 0.0038678185483171034
0.0 0.44507709568211473 0.3592958232340093 0.005226215213990315 0.004584399310517906
0.0 0.47167916768756085 0.3134137559354083 0.003797531611223448 0.005379836449233543
0.0 0.5116407712510022 0.2059444771765285 0.0068305402576992694 0.008479291354384966
0.0 0.5754853414718507 0.24599049193921382 0.009581217154315879 0.005951968232226523
0.0 0.6093843493197296 0.29602828763100497 0.007570869689200066 0.005093130518188982
0.0 0.5564888405393031 0.3342259868211816 0.009228940085028725 0.006984062767048815
0.0 0.519797897739922 0.35995881567339755 0.008369528480330856 0.007741813844306123
0.0 0.5341551493177599 0.3726009460337346 0.007218718314285865 0.006800241890268932
0.0 0.5676855727920861 0.3719732313977099 0.008160290268322611 0.007218718314285421
0.0 0.5109154444698465 0.4492808519420278 0.007652640353218132 0.004961022022086148
0.0 0.541860969146087 0.43145652762023257 0.007286366463527827 0.006700854872708284
0.0 0.5674203124407432 0.4274328506144617 0.007746754620968588 0.0055013184989487485
0.0 0.5790912265624515 0.4320231538840519 0.0060271021836236114 0.0052174914425396676
0.0 0.599861622119413 0.40426054159914965 0.009586243042271647 0.006458100575846259
0.0 0.5889961629144101 0.3842569842628459 0.006458100575846259 0.007870810076812517
0.0 0.5920501089820822 0.41639037101438287 0.003312076242767148 0.0047841101284415545
0.0 0.5793693525711342 0.44253018688084644 0.004563305045590482 0.004195296574171792
0.0 0.5936541795640373 0.5439364299015177 0.007676916743500328 0.006979015221363838
0.0 0.5749158487173845 0.5205348352962883 0.003888308480474123 0.00518441130729883
0.0 0.5781062556757222 0.5572245153171721 0.005084711089850913 0.004586210002610436
0.0 0.5983453998176774 0.5705344943464871 0.004685910220058531 0.006480514134123538
0.0 0.6107580768899596 0.5887297840307568 0.005982013046883239 0.003988008697922219
0.0 0.5919659332727214 0.6555157041671977 0.008704688560731099 0.005497698038356269
0.0 0.6322528032950905 0.7084822736580905 0.007354642313546478 0.007013698630137099
0.0 0.6253770806649825 0.7571504711057077 0.005682102012373136 0.008452126743404698
0.0 0.6014057128002841 0.7452535700173019 0.006605443589383242 0.005966207112991562
0.0 0.6238505503974912 0.7337147077203364 0.007414830922739313 0.009131949662742223
0.0 0.6508564322634397 0.7393588590345334 0.0077521641132904055 0.004852073941412094
0.0 0.6215669548565919 0.7774616718010628 0.006508653055308145 0.007845251450594759
0.0 0.6430423251359058 0.9627833658218975 0.008365295381003435 0.006464091885320755
0.0 0.6382604444839035 0.9992085078788646 0.008175175031435344 0.0015829842422707685
0.0 0.6948109115246093 0.9481459809904912 0.004773259889582349 0.0032757665908899726
0.0 0.7220839455882283 0.8866071371658307 0.005461323132662699 0.004095992349497024
0.0 0.6322408254663155 0.8346345520982725 0.0037990867579907215 0.0030684931506851144
0.0 0.7014267313944431 0.7994429202933541 0.006088280060883022 0.007598173515981799
0.0 0.73571908122285 0.7661991659255929 0.00433485540334857 0.006624048706240515
0.0 0.6822355285355638 0.7409417605845007 0.005503805175037968 0.004140030441400278
0.0 0.6867652089008607 0.744351197418595 0.004724505327245154 0.00433485540334857
0.0 0.6829131587624433 0.7093285157825211 0.004091324200913604 0.006672754946727544
0.0 0.7302985185387456 0.7517125029511087 0.00457838660578389 0.0033607305936072863
0.0 0.7281797970775588 0.7545374648993582 0.003068493150684759 0.00404261796042622
0.0 0.6929860033190023 0.6975621624918209 0.0075494672754942375 0.007452054794520713
0.0 0.6623185600640797 0.6596891038370271 0.0071806783672844435 0.006634322404556592
0.0 0.7040941856549221 0.6648466241434605 0.007475639533466705 0.0059939812475544585
0.0 0.6838266818267649 0.6283214389478433 0.00453408915744582 0.0030652997120760974
0.0 0.6804101498560137 0.6247452559504211 0.0028098580694031483 0.0038316246400949437
0.0 0.6947167721010855 0.6093879688017865 0.004087066282768248 0.003767764229426973
0.0 0.7222488087475567 0.6183886825618254 0.002967113235537511 0.005147033163686743
0.0 0.7224621331528802 0.5944217770744854 0.006236993127761892 0.007569166417186324
0.0 0.6528648453671554 0.5770082443627261 0.007502168512500518 0.005919679841894699
0.0 0.6592010810270503 0.5703113336787788 0.0033408094157227454 0.004395801862793114
0.0 0.6562119357603511 0.5699596695297553 0.002754702500683592 0.004513023245801051
0.0 0.6243839306132889 0.564697248434461 0.004501613431839857 0.004390462482905555
0.0 0.6569693540505673 0.5529903433556327 0.007979657059908973 0.006919858856639927
0.0 0.6333320442790409 0.5583947580664308 0.00516286149162859 0.003701674277016842
0.0 0.6600619495631325 0.4985676185074638 0.007983223220638536 0.005674026421280409
0.0 0.6405142142234126 0.4460264608875223 0.005692992722324775 0.00862081755094941
0.0 0.6528980885522406 0.4165640141458101 0.0062343987823439305 0.005796042617960495
0.0 0.6434935922406698 0.3804955811223257 0.005016742770167326 0.00487062404870624
0.0 0.6568523592085237 0.3633729071537291 0.006429223744292401 0.007744292237442885
0.0 0.6240776708183979 0.33223258348127493 0.00745205479452018 0.004773211567732183
0.0 0.6037708642253501 0.2055902714914736 0.006986692299115305 0.006618971651793792
0.0 0.6092866739351784 0.21187216588322247 0.00784470714286698 0.007905993917420329
0.0 0.6592559121082404 0.22884266934142694 0.007787138476886568 0.008949397951048788
0.0 0.6749734800628062 0.2437149546266068 0.006518747778475031 0.00819499720722563
0.0 0.693496003415391 0.2704617756028721 0.005223086526600795 0.00804355325096493
0.0 0.6744703624206785 0.3875807332488758 0.007643949622536184 0.00849327735837333
0.0 0.6933501118867603 0.4075686914251836 0.005368962634190311 0.00711387549030178
0.0 0.6930749525517577 0.4193495377466978 0.007986331918357691 0.007315211589083681
0.0 0.7103698292503473 0.4320095857374577 0.0056643535769943295 0.008251774346732433
0.0 0.7127769764641299 0.48563903307051615 0.007824447430124337 0.006829814282227531
0.0 0.8227063283479452 0.9414556198600892 0.007208305883545307 0.0074675974620905805
0.0 0.8150076398720888 0.8718541373074062 0.005626210686416755 0.006453594610889369
0.0 0.9618672502708634 0.9532809349852587 0.0072503547848690175 0.006401214134389122
0.0 0.919120112875693 0.9273105804787161 0.005450361218487387 0.008051669981856335
0.0 0.8919948546504909 0.8961285237860211 0.006453681895813901 0.006311842733268236
0.0 0.8943352008324894 0.8852069082700286 0.005177129432905758 0.008013912683812663
0.0 0.8818844779344304 0.8741619738387921 0.006731418221463059 0.007894117732443107
0.0 0.9159168520591117 0.8793444977167268 0.0041714659815262674 0.005069123218057569
0.0 0.9185042170349952 0.8825126997280128 0.004065859247816661 0.0032738087449956767
0.0 0.7665010842932874 0.718999869784237 0.00576805603452577 0.008907630838128355
0.0 0.78658426231463 0.7072348777656673 0.0026788432267881744 0.004821917808219211
0.0 0.7891656930604445 0.7048482719818013 0.0027762557077622317 0.005796042617960495
0.0 0.7423465940957824 0.45075332507050236 0.007081007733359357 0.004468597113285
0.0 0.7852006907260215 0.46675278541304766 0.0053441932850017086 0.008853007057982332
0.0 0.8310023348696809 0.46038872774761613 0.007319633458377694 0.0055281147797542115
0.0 0.9254143093796209 0.8150952209258249 0.005253152104597802 0.007879728156897414
0.0 0.957414760950132 0.8221869762670325 0.007091755341208028 0.008405043367357123
0.0 0.8367497404838321 0.7404829191477778 0.006258320245488136 0.006130599424152195
0.0 0.7951822435144086 0.5563900960681053 0.008396782746203257 0.007433217513032631
0.0 0.7666194169596998 0.5517099220784181 0.004404869637352959 0.006056695751359875
0.0 0.8847436089540122 0.7007123950931311 0.005756095687127783 0.008314360436962787
0.0 0.8751659085296577 0.6625503304132779 0.006731545846693621 0.00679219040387089
0.0 0.8749117024045223 0.6386478316353903 0.006488967617983832 0.006064455717741879
0.0 0.8411593517667679 0.6163105897839614 0.005117857267555337 0.007360513823001113
0.0 0.8571526482994912 0.6011550647829021 0.007591669970231862 0.006351201020847341
0.0 0.876266076513998 0.5970617785964032 0.006599590973467429 0.0069176435505024616
0.0 0.8743577610517906 0.602945751271543 0.007394722416054123 0.006599590973467606
0.0 0.8281290138052817 0.5829449767031286 0.007939117199391176 0.006721461187214573
0.0 0.830457691511209 0.5719502250332064 0.004286149162862074 0.0036529680365296356
0.0 0.8268534297151661 0.5692470286861743 0.0037990867579907215 0.0037990867579908993
0.0 0.8019380025976766 0.543576209768258 0.00837747336377479 0.0072572298325722425
0.0 0.8484847413521603 0.5495703911237965 0.0061738223788282195 0.007812890267013017
0.0 0.8733215454490765 0.548489595242686 0.006435111328133303 0.006373824553579333
0.0 0.8188291159506139 0.5389049481841727 0.007157980096880579 0.007789566576017393
0.0 0.8210559104716666 0.5024801744736254 0.006920380724285025 0.007186549213680315
0.0 0.8501443302583329 0.5172950333173213 0.007703119454799179 0.006112257828264767
0.0 0.8351986039248362 0.5150343352164563 0.005107503116769152 0.007451930776925408
0.0 0.8570365464786864 0.505341203589352 0.005707601227777559 0.008019540965610972
0.0 0.8483151860824328 0.4823398338541251 0.003241735680587965 0.004800262450101478
0.0 0.8495308369626535 0.4865790266672018 0.0043015338838571894 0.0035534410344906673
0.0 0.8622712620716708 0.4484529340178708 0.006857069961609596 0.008334886763680948
0.0 0.7807678911743692 0.40932917814784087 0.0057794134846968605 0.006612482095103544
0.0 0.8042387195629395 0.4120495867679742 0.005238950675275333 0.007668608959460599
0.0 0.8103887920947844 0.413074598856615 0.004783389746990707 0.0053148774966558674
0.0 0.7184759865473211 0.3848265420159812 0.005981112287676993 0.006147254295668337
0.0 0.7248170731856455 0.37363964681125145 0.005371924925043459 0.005925731618346841
0.0 0.8217677799155485 0.38412603710050247 0.006537298098359656 0.009002180987905284
0.0 0.7638298517656954 0.3758447881157343 0.009145707283665061 0.008027898615661578
0.0 0.7438182302543129 0.31788568635634257 0.007226739248781655 0.010117434948294335
0.0 0.7466006723690853 0.26780507244471574 0.008433137014633729 0.01104622172339349
0.0 0.7410667069910606 0.23749376705295963 0.006532711771899713 0.009383349636000914
0.0 0.7401758826585286 0.2252597795528572 0.005701275728203115 0.006770264927241154
0.0 0.7707225684567595 0.20812192486782047 0.008463581056628654 0.006997448905086667
0.0 0.7913051397016891 0.223536372937822 0.008596850129208633 0.011886079743862155
0.0 0.7815449099830062 0.2528218837661206 0.0071592779364461736 0.006592206416727642
0.0 0.7681832872996383 0.2613279565618983 0.005954250957044138 0.009002260375531358
0.0 0.8159958616472608 0.2551329587662396 0.005064987289275536 0.005478455639420865
0.0 0.8203889628675511 0.25730366760450074 0.003721215151304591 0.005064987289275802
0.0 0.836049076629292 0.26304054096276214 0.007959265740290534 0.0066154936023195
0.0 0.8292384659323616 0.3252987402558393 0.007465337839787622 0.0047716592378025165
0.0 0.8387433032850815 0.31494731819963867 0.0063109041532229074 0.007619262331329768
0.0 0.8514886232644561 0.3168304441739379 0.006232207956666258 0.006589793659097953
0.0 0.8658072390113389 0.3310747343149701 0.007346089405024969 0.00897070533113622
0.0 0.8523375789833321 0.25753712501472925 0.006491669435823866 0.007573614341794421
0.0 0.8637100794453179 0.2339967993360704 0.005894908954907407 0.010287194058564176
0.0 0.8557716335427955 0.19059517825683325 0.007617247452067488 0.007452846427921633
0.0 0.8502533055687582 0.2085567560907776 0.0049546089653190965 0.00863060916539471
0.0 0.8404639572098617 0.202523320979784 0.003116608865281023 0.005194348108802394
0.0 0.8672348282321508 0.2003257121645215 0.00631313077839053 0.008790435261050233
0.0 0.8757792245633496 0.19639746012514042 0.00576476745880683 0.00832688632938794
0.0 0.9229285193989654 0.5963546953216164 0.007041513948091449 0.0086591590442751
0.0 0.9106596892138203 0.6087579119313262 0.007136669541985441 0.008468847856488892
0.0 0.9061251047906957 0.5463464307351836 0.008325685571426078 0.005230238371793305
0.0 0.894864081357549 0.5603826826921393 0.0039493636684966305 0.005123498813185278
0.0 0.9298212868016776 0.575646439573087 0.007258289985345811 0.0064043735164815985
0.0 0.9308886823877579 0.5646522650364603 0.008325685571426078 0.0064043735164815985
0.0 0.8862546636300686 0.5039069940581868 0.011411544681035224 0.0072208644309377235
0.0 0.91311218812506 0.5062224742857921 0.004339238263387557 0.00781062887409707
0.0 0.9188255185051866 0.5072711235327774 0.007087422496865514 0.0048454827274492015
0.0 0.8859282117750904 0.45695739536071667 0.0073012267273931284 0.008576044092493618
0.0 0.8895965787089836 0.428512473405341 0.008344259117021125 0.007764796678338825
0.0 0.891508804756634 0.40857896551468 0.004751591997192861 0.008691936580230042
0.0 0.9071542906010481 0.40185720122596874 0.007533011702865622 0.0068376567764476094
0.0 0.9114460981346462 0.3728436936055935 0.006568092883148325 0.007692361034317763
0.0 0.9005288626667106 0.3661276707025545 0.005207136700153825 0.006804780914973474
0.0 0.8826557940170634 0.30785859208143396 0.007434048806940296 0.005044533118995354
0.0 0.8899517825813433 0.2698825218662532 0.008296929472032134 0.006106540091415447
0.0 0.9074225366587065 0.2025701196984465 0.005406392694064266 0.005455098934551028
0.0 0.9212736600230965 0.2996593653207857 0.008897797107287175 0.006478220700919657
0.0 0.9258994608323856 0.23501111482493217 0.006478220700919479 0.006556271552738036
0.0 0.9418033450859244 0.23316729754228893 0.006061329351459222 0.0051288171435427184
0.0 0.939472064566132 0.22625116533357228 0.007304678962015032 0.0060095231176863885
0.0 0.9548514722884025 0.21716750678538724 0.005439374339078285 0.009065623898464992
0.0 0.9831271049082485 0.6664928686693635 0.005123762748092275 0.00651449835114537
0.0 0.9911132526863351 0.635610161127847 0.007759595976577316 0.008391190997926045
0.0 0.9964137910149988 0.6477006943936757 0.007172417970002343 0.006225722353299901
0.0 0.9993309570262205 0.5763207709702265 0.001338085947558909 0.008029371735351454
0.0 0.9763075240769904 0.5669700239432771 0.005719883407634541 0.00486518818580386
0.0 0.9862022649143352 0.5688437788526746 0.00539115447616112 0.004273476109152163
0.0 0.9860500304804234 0.5761303253000055 0.0061801039116971875 0.0052596629035718935
0.0 0.9546741670725943 0.5194838291524126 0.006323692724991048 0.008356308243738475
0.0 0.9693144738733 0.5425417337136935 0.004247317943399764 0.005746371335187561
0.0 0.9765790004404675 0.5227722412785442 0.0066333088103633035 0.00791935847767924
0.0 0.9931344698432379 0.545976934772552 0.00394520547945163 0.0058447488584475234
0.0 0.9975136320317622 0.5166481734704045 0.004972735936475558 0.006064551186282685
0.0 0.9840824883800089 0.4616145808864179 0.007449997461114322 0.00782249733416993
0.0 0.9932498705622474 0.4396760928359768 0.00903401401960977 0.006384942239423275
0.0 0.9219138143206497 0.4295395080288416 0.00638051750380555 0.005211567732115618
0.0 0.9461329616358387 0.37505501224073734 0.007865124298614034 0.005103324926581898
0.0 0.9463878094346925 0.3565723145761113 0.007144654897214764 0.008285398116097475
0.0 0.9650892793369309 0.3116081166439576 0.006867579908676191 0.008328767123287673
0.0 0.9575783362863504 0.27305027406196003 0.005967493238288313 0.007305996394540148
0.0 0.9731326233369725 0.20908943596850044 0.005844748858447701 0.006867579908675836
0.0 0.9905360730001856 0.2865168604398092 0.007109730142981619 0.00795494281732223
0.0 0.9860002552244531 0.3025099333749516 0.008815829528158048 0.005893455098934552
0.0 0.9876407914764076 0.309820395738204 0.008815829528158759 0.006916286149162865
0.0 0.9787789129392912 0.3564822559009363 0.006484224612598411 0.00966629780211381
0.0 0.9917343041009321 0.3713931873880098 0.00814097959292539 0.007628610247915635
0.0 0.9878506194034212 0.3849553727997038 0.005649190174499807 0.005600066781677437
0.0 0.9890118728303683 0.42048814789316574 0.009648607740589909 0.006853838601935891
0.0 0.986959312394168 0.49245407865458946 0.0039939117199395465 0.004724505327245154
0.0 0.998058042802868 0.4926489036165377 0.0038839143942638542 0.005503805175038146
0.0 0.9574492198305826 0.42180384760186385 0.006734088183205955 0.008124823786259939
