0.0 0.0028125369223543474 0.14253334815723853 0.005625073844708695 0.036037454635943995
0.0 0.09800990503021048 0.04987821864654845 0.008194917283173453 0.03557483471765176
0.0 0.08901825967783986 0.02084517993116359 0.006601461144778398 0.04169035986232718
0.0 0.21900552222146744 0.19017974502288562 0.004904214305023658 0.043194334162875776
0.0 0.25410071049371014 0.20389181827793845 0.008378361696485825 0.0428279611657404
0.0 0.19933851893818683 0.044907705583714125 0.007555505760981162 0.02315230219507379
0.0 0.38995167832545724 0.149779886547785 0.006679922691298401 0.049711052586404944
0.0 0.7815426327292521 0.03935336579260993 0.007779578816280974 0.0332988204083428
0.0 0.7561827311957863 0.005297646810885094 0.0072456861524187845 0.010595293621770188
0.0 0.8996773211567735 0.0495368895496325 0.00891324200913175 0.04397909218552684
