0.0 0.32673054798452184 0.14766893749799603 0.008313471480143875 0.04578587806146914
0.0 0.36829598782113404 0.32601335253512886 0.008226472541005236 0.045058111926918235
0.0 0.4607495875586233 0.34995455106396484 0.007535762256089385 0.05423129699245819
0.0 0.48838330947485564 0.09103137270768605 0.007168547063835007 0.050054282110959886
0.0 0.5898045552246328 0.1492800139542555 0.008566019381646228 0.03895657393203262
0.0 0.6448797785399651 0.15388496841919275 0.005153868215632329 0.04802091617817538
0.0 0.649116897312469 0.007700894926740655 0.007793654374858861 0.01540178985348131
0.0 0.6661052031771882 0.05279411490969218 0.004234002552891169 0.022992949124438538
0.0 0.6674783931943425 0.008726550257359285 0.004577300057179911 0.01745310051471857
0.0 0.670653895109011 0.030510824708847206 0.004062353800746976 0.04655362538775193
0.0 0.7516443552936998 0.1985854582987253 0.007110731522616121 0.04938926700979985
0.0 0.7600488356102837 0.168518362052023 0.006323748491805503 0.038043621519401036
0.0 0.8016966925094735 0.14253334815723853 0.007856762670470196 0.036037454635943995
0.0 0.8980099050302105 0.04987821864654845 0.008194917283173453 0.03557483471765176
0.0 0.8890182596778399 0.02084517993116359 0.006601461144778398 0.04169035986232718
0.0 0.9977803830288481 0.044907705583714125 0.0044392339423037445 0.02315230219507379
