0 0.13052276077346034 0.18597479062373332 0.00543361980769917 0.004907785632760518
0 0.13867319048500906 0.171514350812921 0.004557229516134793 0.005433619807699195
0 0.13402832193971786 0.16117294537246132 0.005433619807699195 0.0043819514578219195
0 0.17907478292612705 0.1621369746931822 0.004732507574447653 0.004206673399509063
0 0.11579940387517873 0.185711873536264 0.003330283107944645 0.003680839224570427
0 0.138059717280914 0.1898309079066166 0.0047325075744476305 0.0042066733995090285
0 0.20335079400246042 0.18597479062373332 0.004557229516134739 0.003155005049631754
0 0.14752639160542344 0.19249326916837028 0.005017367418146854 0.0053616965546863325
0 0.16172470329057162 0.21069568219604373 0.004248714384623895 0.00502120790910098
0 0.1262389505343654 0.23578084242105846 0.0043784822722111195 0.0051745699580676785
0 0.16928347535800387 0.24117790867388805 0.004714841899558735 0.005339324270361203
0 0.20186068289193437 0.1772719002495409 0.004007490630272521 0.004439670992360689
0 0.17362635899485213 0.12679332549159472 0.004795415414451228 0.004152730874370114
0 0.23082812544490744 0.1399300140792941 0.004537322397500638 0.004781639757366083
0 0.24666792530371942 0.17885430861465493 0.003508209395791475 0.0046516257914568015
0 0.2559799357817774 0.2036726934871809 0.003753608042880785 0.005843245510051531
0 0.2623356646182502 0.20134258580634232 0.0036716311993091467 0.005674339126205048
0 0.23065883235345835 0.19668608950932384 0.004172093257387353 0.005723256135133994
0 0.22432045990473526 0.18545353073943482 0.0037976746317244193 0.0037976746317244193
0 0.24682764844482946 0.21146231154355882 0.0034096254108608192 0.004224504439871559
0 0.21153782306977534 0.2458664340935492 0.004307359854739552 0.004400491959706833
0 0.23686194670551036 0.28127050260231085 0.00476476962545668 0.004829158404179062
0 0.4392139830646952 0.16846414887893313 0.0034290216584987833 0.004586873127602403
0 0.4601910938089497 0.15986151986794891 0.00435777439324795 0.003921174146446506
0 0.4177281638630066 0.23704512634340524 0.0036210107422002835 0.006192453153327833
0 0.30396999763294547 0.25332694883951645 0.0045148902604708495 0.005189529035023987
0 0.3307176666080503 0.2552256401561233 0.0043843974943149535 0.0036381170697506703
0 0.33060222808196343 0.2466690015817528 0.003638117069750777 0.0031250492778628213
0 0.2748553107047425 0.17915751349972253 0.003918220607436354 0.00500399258299101
0 0.2731794452642125 0.1846099771160948 0.004343087902218663 0.004579125288208736
0 0.29799557116439795 0.20798261322643563 0.003628699361993064 0.003946541641875676
0 0.2829644023877229 0.21718575244130406 0.004441837765743131 0.0036693442412660815
0 0.24303618369933677 0.14446733843576143 0.0033891270557757027 0.0037786818897728837
0 0.28720853272519153 0.11993468522046621 0.004826333985190061 0.0034312218175960394
0 0.28675606391408 0.12340361277232156 0.004298453705559915 0.0035820447546332447
0 0.30250656529344366 0.1271409778402595 0.0037939440663939906 0.00533351557159742
0 0.2906848555213463 0.13357418734414503 0.004673699212224527 0.003683974673165231
0 0.3272244181418868 0.14472476661561903 0.005053303233334532 0.005213725558202356
0 0.13705086783989384 0.2921110588419513 0.004615449119174446 0.004948094100736497
0 0.36483086378098434 0.20955667742876977 0.005157678560781207 0.0033723282897415176
0 0.3132245470526655 0.1552659337455448 0.004080265709846742 0.0036854012863131837
0 0.30703833775063977 0.16046498198873657 0.0038170227608244284 0.0038170227608243764
0 0.3143433295860106 0.19225156808318783 0.0036854012863132366 0.0052648589804474
0 0.3462615371549733 0.17691766630263472 0.003817022760824454 0.0038170227608243044
0 0.3062486089035727 0.17639118040459 0.005396480454958628 0.0030272939137572764
0 0.2073539429841325 0.21646840201640202 0.003856117282883247 0.005258341749386268
0 0.21305047987930104 0.23119175891468366 0.0043819514578219195 0.004907785632760557
0 0.20726630395497608 0.22689744648601817 0.005784175924324906 0.004031395341196137
0 0.36090990448748755 0.16007650116545108 0.0035555082309932117 0.0053710869021385225
0 0.3603425361527546 0.15531060715369432 0.003631157342290763 0.004009402898779459
0 0.35277762502298204 0.14271503012262293 0.003177262674504462 0.004085052010077206
0 0.4742441678839792 0.2677222110160902 0.003740926603574124 0.003944977145587316
0 0.47220366246384776 0.2460588451390288 0.004421095076951218 0.004012993992925012
0 0.49016011016100386 0.2579277849994596 0.004285061382275757 0.0035368760615610384
0 0.47171308426523384 0.30742868942444324 0.003720837837143094 0.005258784143162316
0 0.32878887681339647 0.3731129070015629 0.0031353837047355883 0.004617565092428891
0 0.32713567449635406 0.3629656651935095 0.0037054534692330067 0.004845592998227772
0 0.3217930234979669 0.3468692640293691 0.003257315926664006 0.004248672947822527
0 0.31130259226274276 0.34153069261299435 0.0038656695873137536 0.003018399540779271
0 0.3237630665320074 0.33355962644506293 0.004659985255939887 0.003706806453588598
0 0.3378754082445983 0.3525437709252273 0.003971578343130631 0.0031243082965961124
0 0.24038000320030875 0.3070204130800273 0.004244469914709193 0.003984604409727055
0 0.2446244731150179 0.30697710216253027 0.003551495234756672 0.004417713584697296
0 0.2557120679942582 0.29900789334307626 0.003551495234756672 0.004590957254685435
0 0.2546248839650538 0.2720358727988609 0.0047642009246735735 0.004071226244721053
0 0.30987039178233433 0.17201014715414367 0.0038943625342616173 0.003849599746511494
0 0.39816302253401903 0.12708752145260696 0.004305463987870652 0.004510486082531173
0 0.4009764636669786 0.14677110242374838 0.0030656142688193456 0.0048975057221382024
0 0.4601375910776798 0.20536406443772406 0.0038032423596044396 0.004985040832927901
0 0.46314682169545107 0.21617242801582434 0.004361910728811864 0.0031586250105189962
0 0.2539884000525101 0.12312848596804436 0.00458402750788597 0.0035653547283557253
0 0.25243916853364123 0.12650283955023817 0.003947357020679476 0.0029286842411493375
0 0.43990419140763765 0.11999290726248081 0.0038696713506288206 0.003934165873139345
0 0.4364859817145822 0.13498788374616758 0.004385627530712668 0.0036116932605869145
0 0.4505135403606117 0.1306989979992206 0.0029022535129715967 0.004966078233307012
0 0.4799057814941471 0.23404224536630516 0.004180909472522529 0.0032473083281729133
0 0.4791606394989641 0.22402368328982875 0.0029631688494578157 0.0032473083281729133
0 0.48620323943568905 0.2048239727995064 0.004302683534829086 0.0038155872856031436
0 0.4321879069827384 0.23537838494577737 0.004254619219139226 0.004040100603047993
0 0.43792627996317424 0.22447368862781517 0.0035038040628206347 0.004254619219139357
0 0.4391418854543568 0.23414490290325368 0.0043618785271848995 0.004075853705730132
0 0.4269061737542819 0.1965482785651298 0.002501373217913425 0.0036190080599598673
0 0.40638930642862936 0.18380831365359057 0.004378729833519514 0.004731853207190468
0 0.49837529387544593 0.30671527994808984 0.004537730756516467 0.0027457606488474795
0 0.49810988444461424 0.2981607037211698 0.003121496316584569 0.0031214963165845334
0 0.48267171320420915 0.29022284509695845 0.003462248027459012 0.004251436916071007
0 0.488985224313105 0.29369782197745953 0.00407323297348114 0.00509154121685139
0 0.4648376481889403 0.2952073566729674 0.0041866763141592146 0.003645116193919726
0 0.44007972460148226 0.2710491354164912 0.00425219744792912 0.005005190746000032
0 0.3616629639844154 0.32153800776179425 0.003587826587994556 0.004167677349690564
0 0.3166928389066822 0.3105699128840421 0.0033986285412010986 0.003992039873791775
0 0.3264301794096475 0.3109475382775099 0.004639397691162865 0.0045315047216014795
0 0.4705733398654706 0.21677371498207207 0.00419874949096247 0.0036347383653108165
0 0.559129696980848 0.1793069900631845 0.004472855075285734 0.003376567066638375
0 0.5507979081151163 0.1814337887999632 0.0039466368311358475 0.003946636831135742
0 0.609559278635852 0.14499581793930333 0.003943087435558113 0.0047216588400315375
0 0.5895979070518325 0.13078463914248586 0.0038817779895828153 0.003977036345155263
0 0.5219966180226357 0.12263848596765126 0.0032845896189017056 0.0038134642185552715
0 0.5191545442619794 0.20884282470338614 0.003967357340331716 0.0038193216186775914
0 0.5194486680543876 0.19681116991986847 0.004126651724479089 0.00352484834799256
0 0.5505520138014226 0.26660941931777155 0.0044417087258548805 0.0035533669806839187
0 0.5471763151697729 0.25177411217341605 0.004086372027786425 0.0037310353297181466
0 0.5297327230361935 0.24014073295495947 0.003743552941803756 0.003682183221446174
0 0.5330466879354951 0.24913139698732403 0.0033753346196591138 0.0034980740603739948
0 0.5306436387262502 0.2615080423043968 0.004341300514249298 0.0036396761887140627
0 0.5723733239922489 0.32165853739955663 0.002207930250190131 0.0029964767681151727
0 0.566894262233933 0.3447930953504031 0.004394934751052162 0.0027206738935085183
0 0.514196319273567 0.3020563877643296 0.003985445609355978 0.0025470892992125018
0 0.5144142076212485 0.2914847849127076 0.003334142935931013 0.003915323814671332
0 0.5295556805358675 0.3260727190441524 0.0052141947935025 0.0041182175439128344
0 0.47213759202793504 0.4107484516820656 0.005510276819919966 0.0042685242971211325
0 0.46814070109517614 0.4004263838362999 0.003259600372347009 0.004113305231771278
0 0.5488700744928522 0.40866954859780613 0.003956008124902794 0.004356053890342508
0 0.5681567922652812 0.3826179836188156 0.0038649407248363588 0.005605639219228351
0 0.5671244249856024 0.3209830217383432 0.004518886634678836 0.0026046360463773868
0 0.5579927189115538 0.26902608248009996 0.00326989566622089 0.0047790782813997975
0 0.5919010198550834 0.3048673179438461 0.003784608699240195 0.004292300110113949
0 0.6030839989241731 0.26649750624851987 0.0033578970354858485 0.0036993780899420158
0 0.6315355765629167 0.2786878278625959 0.004020480591598172 0.004020480591598137
0 0.6642533515896486 0.2844411873075408 0.0037846782769074138 0.005866251329206591
0 0.7021897017635895 0.25287194027237037 0.004002388974771236 0.0035810848721636646
0 0.5607637246747614 0.21723985625905157 0.003685776587878351 0.002744727246292342
0 0.6056904567408927 0.17741553919145212 0.004424327660634759 0.00309702936244431
0 0.6149320186784051 0.14286176558951372 0.0036490872436657183 0.0037707234851212766
0 0.6150232458594966 0.13878695150075365 0.0038315416058489404 0.004135632209487845
0 0.8072012445088274 0.271880794158942 0.0032578833687968256 0.002436790812433287
0 0.6489085025483265 0.17310638343692986 0.0036660723167359775 0.002967772827833848
0 0.6539031311379054 0.16183630207529923 0.004216275141299804 0.004216275141299892
0 0.7801702079818829 0.36525832279048914 0.0037430780736897873 0.004972148485946164
0 0.7629444680789811 0.6142264061258653 0.003266061235366493 0.0042974489939032875
0 0.8183320971463158 0.6856502635809392 0.004305463987870723 0.004818019224522061
0 0.6369179192936872 0.8354363310050559 0.004604409636325144 0.006446173490854932
0 0.6912956953203397 0.9413033311414932 0.0018156721999241655 0.0030866427398710526
0 0.6903787448254188 0.7392814273959015 0.004789618289264297 0.006938232101270643
0 0.7481580183254379 0.5709033116052953 0.004448167744306346 0.0033361258082297953
0 0.7403922588051699 0.572330432089927 0.003595602259980808 0.004262827421626909
0 0.7807518372357507 0.6350656265225862 0.004295880425020613 0.0052400299689811195
0 0.5673624395285034 0.4911956169284742 0.0038048369587612286 0.005416297317766094
0 0.6623517757727648 0.47552853176434695 0.0036313443998481887 0.004902314939795218
0 0.3962513859116754 0.37844039628088566 0.003921851951836217 0.004248672947822527
0 0.16837169881375894 0.3180016702306272 0.0033989383582580857 0.0041542579934265335
0 0.17826166528674595 0.32229755065564775 0.0033517308810600355 0.004343087902218699
0 0.15792272072764846 0.3437392909571115 0.003928163006644372 0.005755215567874359
0 0.15490808400161904 0.35017965123544714 0.0031973419821524018 0.005298452427566857
0 0.13540429791048936 0.361278995544919 0.004750336659197849 0.004293573518890383
0 0.27781674399499484 0.3796827918366057 0.004665955727367042 0.0046659557273670774
0 0.21082489541544816 0.42393347776359563 0.004541359306450375 0.005093686789667302
0 0.20551641460452988 0.4301318195196967 0.0034980740603739236 0.005093686789667302
0 0.20211039512469214 0.43725070708115943 0.00466409874716522 0.0047254684675226595
0 0.18933233974032646 0.46107030184463726 0.005180945587829982 0.003871155972929188
0 0.14548976344735934 0.3854131818304855 0.004773845859512278 0.005952928270596658
0 0.16874618036699077 0.3882383627760997 0.0034637438890861103 0.003938612002912479
0 0.18238045694392727 0.35934078323425855 0.004397270831638664 0.004456693410444643
0 0.23456058821236694 0.3481764742549258 0.003207679320301189 0.0033534829257694555
0 0.140307988580511 0.41512168302479574 0.0037492721350312584 0.004146922209958888
0 0.14678400408647407 0.42384158109642145 0.005339872434741473 0.0038628864421534816
0 0.1263696089220198 0.45085204817613245 0.004075853705730079 0.004397631629866723
0 0.18291402041818103 0.5052051181812982 0.005218598465458477 0.004723731369596038
0 0.1794954775679215 0.4819441280806035 0.005279375193840998 0.00512409945284567
0 0.4743935507650949 0.6985567327026547 0.004541359306450375 0.005277795950739517
0 0.4460407399599589 0.6997841271098035 0.005523274832169278 0.00576875371359904
0 0.35772671344013746 0.6804580387842614 0.004569299197281893 0.0037207150606438687
0 0.35168773361307337 0.6424250520765777 0.004799268748148932 0.004132703644239371
0 0.28755382655544354 0.6978094138437365 0.004012414790171199 0.0054537676759608186
0 0.1791355929349826 0.7777349541056056 0.005223549252089548 0.006229152316662976
0 0.13706286098241435 0.5730552417552315 0.005632982050797519 0.006171165049281342
0 0.1549349443918323 0.5790478348829795 0.0037371894141600137 0.005462046066849453
0 0.18107265997489072 0.5718188708012107 0.0038162439355313893 0.005228254191678019
0 0.1975743804263265 0.6073678360031814 0.004595641915937776 0.004161408034116789
0 0.2665068672192465 0.4910145248001891 0.003975816524426321 0.005498469661440666
0 0.2761712127259734 0.4812852790579448 0.0057945411047489155 0.003806632842535791
0 0.2825624929818104 0.4495941417509458 0.004644517858597545 0.004475009907553939
0 0.20563352399051987 0.7204849121182986 0.005523274832169313 0.0038710131302381965
0 0.5874742861899395 0.6555247401923545 0.0038860002552313943 0.006247114334359196
0 0.28918685097632774 0.6354048356312747 0.004247988557488034 0.005295437790841537
0 0.37393006375381815 0.552869799604469 0.00355279200383805 0.0047226137611993835
0 0.41230988364285875 0.6031600018910016 0.0038214550105458043 0.004714782155868207
0 0.4755542963538808 0.5084697072923722 0.004791528692027569 0.004304254587753675
0 0.538956277945241 0.558976842267235 0.004074702686518563 0.005553134634724515
0 0.533001316880428 0.5834177880989949 0.0032482348475866727 0.0055049032680152266
0 0.47859566394790976 0.5878660400979947 0.0031676659999126146 0.0060989390147570075
0 0.4825253611210124 0.5751204933721883 0.004255073731226163 0.004964252686430502
0 0.2678527400381848 0.5953088600812816 0.004283563322749373 0.0047740476726824
0 0.27840102270865047 0.5998518645202788 0.0030810891183013565 0.00451159478036999
0 0.23231065405253176 0.5750591122719761 0.004430761403988619 0.004753837756362742
0 0.5189076313016274 0.44030849180473935 0.004297227624012762 0.005147720591265284
0 0.5135687020379802 0.45439055144502905 0.0041527005973566134 0.003196179673246533
0 0.5951034504845215 0.26021069888419723 0.002825342752067712 0.0034246578812941663
0 0.365329957564352 0.3785356130014838 0.004431040020850219 0.003917972228962298
0 0.34174638391454976 0.3440666470293041 0.004306392109547446 0.005876011663494651
0 0.5203557241949993 0.389979958074868 0.003021278540673791 0.0036349757442481947
0 0.34935494690823987 0.46739492797829674 0.004306249656853609 0.004479888755920314
0 0.3343297294814546 0.4206638733489986 0.0035966659355239727 0.005479033154116024
0 0.3309011320475905 0.41123523040587256 0.005479033154115953 0.0032269152318719564
0 0.2664592214022511 0.22243408192722117 0.004664880882882159 0.004162079350595391
0 0.4560282294124262 0.3860668058630809 0.004848207908237541 0.005707383993241635
0 0.4115983558447901 0.3226552509004652 0.0034432913653949983 0.004497360150719843
0 0.42346258813372045 0.33282221050132904 0.004035042675753502 0.003690587813189197
0 0.40019693703389997 0.263222872816437 0.003582394586354525 0.004245800991235065
0 0.4086885390163701 0.2597289324173999 0.004201573897576338 0.003980438429282849
0 0.40176699885878375 0.25729644226617143 0.0022998088702522778 0.004068892616600266
0 0.39676933727535085 0.2552841095047007 0.0038919842419655026 0.003493940399037179
0 0.395715140392026 0.24539916291596 0.003992378271017429 0.004784982780704787
0 0.3920539574265351 0.2436522457928617 0.0035036884477855066 0.0031579297193856347
0 0.40027548577789746 0.45125960249618235 0.004707057551415445 0.004068812459698137
0 0.38548126472724176 0.42782808982120357 0.004336963550698698 0.00533780129316753
0 0.38884155948217936 0.41137836382727755 0.004413943024574323 0.004317987741431324
0 0.34713675451559317 0.37620061436270347 0.004059381482809301 0.004811516604326701
0 0.36910305394399406 0.3747214374306897 0.003980477250024848 0.004885131170485053
0 0.4591963942184286 0.639938181284434 0.004539180499810343 0.0042123595038239614
0 0.5304266029294837 0.6465814501980932 0.0043675595422357815 0.004011024069400122
0 0.24610998766373718 0.39459827470770464 0.0038710131302383743 0.0035877682670502507
0 0.44127973314901 0.4007682458293569 0.0041501078855409905 0.0034717248657890566
0 0.8461152421307153 0.4332065981597921 0.0047148097645028034 0.005967181108199
0 0.327238841378074 0.5551207007495066 0.0039902846756006485 0.00452951233446548
0 0.35693335867191583 0.5406550339309676 0.0031107665291991334 0.004837692728072835
0 0.3141761729122437 0.5419455214011586 0.003760217812199258 0.005575495376709157
0 0.32103039279430184 0.5524467515530883 0.005450693032344276 0.004139248092231469
0 0.3168082300028518 0.49932312576293286 0.00486043297371392 0.003320154918663789
0 0.1502601009639905 0.8533826733594083 0.004259898505033135 0.004152052973260112
0 0.30603037292851865 0.26976570877700806 0.003343211484962758 0.003882439143827696
0 0.29689046411075765 0.27011620675527026 0.0035049797826221863 0.0031814431873032232
0 0.47828737519480924 0.17858135903744668 0.004508870652071337 0.004508870652071301
0 0.5351396355498395 0.17940823944228104 0.002789828263019416 0.003312921062335619
0 0.32497157679879185 0.23065757118807176 0.00403079228383163 0.0045754939438089086
0 0.3217137823364202 0.1891706633642854 0.003476220860146775 0.0031196853873112574
0 0.15274238621071123 0.6085053652747773 0.0047207477198028865 0.006278594467337797
0 0.3725483500124242 0.28258979560439124 0.0034497771798559997 0.004539180499810449
0 0.3561409451979703 0.3144322421579149 0.004543514641911628 0.0040137775087739766
0 0.6104421155581126 0.5469496158512237 0.004067105727830054 0.0048296880517982995
