0.0 0.8414222978527395 0.365524499602769 0.010451395953172949 0.013751836780490833
0.0 0.6092119834413403 0.7657005676668849 0.015326778525646035 0.022202342724065717
0.0 0.7941056586414014 0.2268905971369449 0.014234136781780649 0.010675602586335486
0.0 0.7692552281765437 0.23145738268776625 0.011505927231938528 0.013641047749206336
0.0 0.8984058791544023 0.432210004872276 0.013746817360065933 0.016768095900739865
0.0 0.2799177158078063 0.49767916861553446 0.012435200816740632 0.019990765869949457
0.0 0.12466008942477132 0.18872589525515196 0.013039048596859715 0.017770030831118788
0.0 0.10560421401736945 0.26693692191678375 0.010394351512277212 0.017615690457648724
0.0 0.09736512937434796 0.4690606406338983 0.013976190535154842 0.012835277022080049
0.0 0.3534147697859602 0.15023877072391584 0.013014738329056285 0.015455001765754872
