0.0 0.5853248653381793 0.016656378180154262 0.0166995150894671 0.015115940382707294
0.0 0.9201722449774193 0.6329901242999568 0.012839727328547924 0.017452056563074338
0.0 0.5732338973919443 0.8887518531379378 0.01671535760668661 0.01993328741332121
0.0 0.43860115514372594 0.23377677361674074 0.018025542562552132 0.019747728157700095
0.0 0.4957918220538634 0.25295307162553443 0.011959006125312043 0.017478547413918476
0.0 0.5794325119196503 0.22982038656387438 0.012211980593700388 0.016730413413369404
0.0 0.6322380173642448 0.34357707521018066 0.014706054131000812 0.013316505709173754
0.0 0.6580272767696635 0.7055517187785554 0.01767447946294176 0.0123872420167622
0.0 0.9253979231242487 0.43329547402007906 0.013593563383961537 0.01694540093069321
0.0 0.8571287681221914 0.30498835226010107 0.013707402632797993 0.015276952552583368
0.0 0.8908832726676815 0.3195259664648923 0.009859485178564498 0.014437103297183996
0.0 0.7433940929681017 0.24018915927032367 0.014178436492763602 0.015212280820360746
0.0 0.9996737024098306 0.13422566848370748 0.0006525951803389773 0.0178415852054691
0.0 0.48877563587427597 0.3472171688792873 0.015106392703369309 0.020091502295480977
