0.0 0.4176728344750731 0.5951193299959466 0.017387583384637396 0.01570491402483363
0.0 0.443754209552029 0.5488459226013471 0.014583134451631351 0.017387583384637396
0.0 0.42889063020709717 0.5157534251918763 0.017387583384637396 0.014022244665030215
0.0 0.5730393053636066 0.518838319018183 0.01514402423823249 0.013461354878429078
0.0 0.3705580924005719 0.5942779953160449 0.010656905945422856 0.01177868551862531
0.0 0.44179109529892485 0.6074589053011732 0.01514402423823249 0.013461354878428899
0.0 0.6507225408078734 0.5951193299959466 0.014583134451631174 0.010096016158821542
0.0 0.47208445313735503 0.6159784613387849 0.016055575738069906 0.017157428974996235
0.0 0.5175190505298292 0.6742261830273399 0.0135958860307964 0.016067865309123165
0.0 0.40396464170996926 0.754498695747387 0.014011143271075577 0.016558623865816635
0.0 0.5417071211456124 0.7717693077564418 0.015087494078587938 0.017085837665155878
0.0 0.64595418525419 0.5672700807985309 0.012823970016872011 0.01420694717555424
0.0 0.5556043487835268 0.40573864157310313 0.015345329326243906 0.0132887387979844
0.0 0.7386500014237039 0.4477760450537411 0.014519431672002092 0.015301247223571401
0.0 0.7893373609719021 0.5723337875668958 0.011226270066532784 0.014885202532661701
0.0 0.8191357945016877 0.6517526191589789 0.012011545737218654 0.01869838563216497
0.0 0.8394741267784006 0.6442962745802954 0.011749219837789227 0.01815788520385624
0.0 0.7381082635310667 0.6293954864298363 0.013350698423639607 0.0183144196324287
0.0 0.7178254716951529 0.5934512983661915 0.012152558821518156 0.012152558821518156
0.0 0.7898484750234542 0.6766793969393883 0.010910801314754614 0.013518414207588947
0.0 0.6769210338232811 0.7867725890993574 0.013783551535166616 0.014081574271061825
0.0 0.7579582294576331 0.9000656083273947 0.015247262801461403 0.015453306893373053
0.0 0.9727039924254255 0.8106462362864526 0.014447648833506577 0.01660649291207683
0.0 0.8795369942551761 0.5733040431991121 0.012538305943796502 0.016012776265571203
0.0 0.87417422484548 0.5907519267715033 0.013897881287099878 0.014653200922268007
0.0 0.9535858277260735 0.665544362324594 0.01161183795837779 0.012628933254002207
0.0 0.9054860876407134 0.694994407812173 0.014213880850378047 0.01174190157205146
0.0 0.7777157878378776 0.46229548299443657 0.010845206578482269 0.012091782047273191
0.0 0.9190673047206129 0.3837909927054919 0.015444268752608181 0.010979909816307299
0.0 0.917619404525056 0.394891560871429 0.013755051857791755 0.011462543214826404
0.0 0.9680210089390198 0.40685112908883037 0.012140621012460783 0.017067249829111786
0.0 0.9301915376683082 0.4274373995012641 0.014955837479118373 0.011788718954128719
0.0 0.4385627770876603 0.9347553882942442 0.014769437181358213 0.015833901122356765
0.0 0.9978950627163874 0.49685098798574334 0.004209874567225214 0.011793284116202151
0.0 0.9825226808020473 0.513487942363957 0.012214472834638102 0.012214472834637924
0.0 0.9799955484914327 0.564451777294688 0.01726873745586772 0.009687340524023291
0.0 0.663532617549224 0.6926988864524865 0.012339575305226447 0.01682669359803608
0.0 0.6817615356137633 0.7398136285269877 0.014022244665030215 0.015704914024833806
0.0 0.6632521726559235 0.7260718287552581 0.01850936295783967 0.012900465091827584
0.0 0.769216010240988 0.9824653218560874 0.013582303727069344 0.012750734111126505
0.0 0.7827983139680572 0.9823267269200968 0.011364784751221357 0.014136683471031475
0.0 0.8182786175816263 0.9568252586978441 0.01136478475122118 0.01469106321499325
0.0 0.8147996286881721 0.8705147929563548 0.01524544295895538 0.013027923983107214
0.0 0.9915852537034698 0.5504324708932598 0.012461960109637005 0.012318719188836803
0.0 0.8127628801680323 0.394011155097742 0.014668888025235204 0.011409135130738334
0.0 0.807805339307652 0.40480908656076214 0.012631542466174395 0.00937178957167788
0.0 0.8526695084872035 0.7117890621671077 0.014927618825223022 0.013318653921905187
0.0 0.9792971933712596 0.8632502680864258 0.010698276751880797 0.0124238052602486
0.0 0.9500494851544244 0.8643718616168649 0.011215935304391068 0.010180618199370172
