0.0 0.01913579450168772 0.6517526191589789 0.012011545737218654 0.01869838563216497
0.0 0.039474126778400634 0.6442962745802954 0.011749219837789227 0.01815788520385624
0.0 0.6054847458070247 0.539085276412586 0.01097286930719612 0.014677994008327745
0.0 0.672611500188639 0.5115568635774366 0.01394487805839333 0.012547757268628779
0.0 0.5367301243616212 0.7585444042988968 0.011587234375041078 0.019815850090649078
0.0 0.1727039924254255 0.8106462362864526 0.014447648833506577 0.01660649291207683
0.0 0.25829653314576095 0.8167220484995946 0.01403007198180788 0.011641974623202244
0.0 0.257927129862283 0.789340805061609 0.0116419746232026 0.010000157689161071
0.0 0.07953699425517602 0.5733040431991121 0.012538305943796502 0.016012776265571203
0.0 0.07417422484548002 0.5907519267715033 0.013897881287099878 0.014653200922268007
0.0 0.15358582772607346 0.665544362324594 0.01161183795837779 0.012628933254002207
0.0 0.10548608764071332 0.694994407812173 0.014213880850378047 0.01174190157205146
0.0 0.11906730472061292 0.3837909927054919 0.015444268752608181 0.010979909816307299
0.0 0.11761940452505595 0.394891560871429 0.013755051857791755 0.011462543214826404
0.0 0.16802100893901972 0.40685112908883037 0.012140621012460783 0.017067249829111786
0.0 0.1301915376683082 0.4274373995012641 0.014955837479118373 0.011788718954128719
0.0 0.24711813805403776 0.4631192531699809 0.016170570346670486 0.016683921786247603
0.0 0.3674587640991499 0.6705813677720632 0.016504571394499835 0.010791450527172942
0.0 0.2023185505685296 0.49685098798574334 0.013056850271509646 0.011793284116202151
0.0 0.18252268080204725 0.513487942363957 0.012214472834638102 0.012214472834637924
0.0 0.20589865467523386 0.6152050178662011 0.01179328411620233 0.016847548737431595
0.0 0.3080369188959146 0.5661365321684311 0.012214472834638102 0.012214472834637747
0.0 0.17999554849143262 0.564451777294688 0.01726873745586772 0.009687340524023291
0.0 0.3549116943599602 0.5122448037294435 0.011377626339178448 0.0171874780868432
0.0 0.35309611568881466 0.49699394289182186 0.011619703495330569 0.012830089276094192
0.0 0.32888840007354253 0.4566880963923934 0.010167240558414292 0.013072166432247023
0.0 0.7175813372287335 0.8567110752514886 0.011970965131437339 0.012623926865879298
0.0 0.7110517198843128 0.7873883044448922 0.014147504246243869 0.01284158077735995
0.0 0.7685123525152123 0.8253689119982708 0.013712196423282563 0.01131800339699538
0.0 0.7094818696487483 0.9837718061582184 0.011906681078857773 0.016828109258119284
0.0 0.0182786175816263 0.9568252586978441 0.01136478475122118 0.01469106321499325
0.0 0.014799628688172107 0.8705147929563548 0.01524544295895538 0.013027923983107214
0.0 0.19158525370346985 0.5504324708932598 0.012461960109637005 0.012318719188836803
0.0 0.4741216721088609 0.4066800686483423 0.013777484761186187 0.01443355546409979
0.0 0.4831246837343315 0.46966752775599485 0.00980996566022192 0.01567201831084226
0.0 0.6724402914485754 0.657165006200717 0.012170375550734035 0.015952130665369248
0.0 0.6820698294254435 0.6917517696506379 0.01395811433219798 0.010107600033660801
0.0 0.012762880168032353 0.394011155097742 0.014668888025235204 0.011409135130738334
0.0 0.007805339307651949 0.40480908656076214 0.012631542466174395 0.00937178957167788
0.0 0.6076934125044404 0.3839773032399386 0.012382948322012055 0.01258933079404594
0.0 0.596755141486663 0.43196122798773623 0.014034008098280638 0.011557418433878119
0.0 0.6416433291539574 0.41823679359750593 0.009287211241509042 0.01589145034658248
0.0 0.7356985007812706 0.7489351851721765 0.013378910312071923 0.0103913866501534
0.0 0.7333140463966851 0.716875786527452 0.009482140318264953 0.0103913866501534
0.0 0.755850366194205 0.6554367129584204 0.013768587311453117 0.012209879313930116
0.0 0.5830013023447629 0.7532108318264876 0.013614781501245687 0.012928321929753572
0.0 0.6013640958821576 0.7183158036090085 0.01121217300102586 0.013614781501245865
0.0 0.6052540334539417 0.7492636892904118 0.013958011286991834 0.01304273185833651
0.0 0.5660997560137021 0.6289544914084153 0.008004394297323003 0.01158082579187152
0.0 0.5004457805716139 0.5881866036914898 0.014011935467262404 0.015141930263009584
0.0 0.7948009404014271 0.9814888958338874 0.01452073842085273 0.008786434076311878
0.0 0.7939516302227656 0.9541142519077435 0.009988788213070521 0.009988788213070521
0.0 0.7445494822534693 0.928713104310267 0.011079193687868739 0.01360459813142718
0.0 0.764752717801936 0.9398330303278705 0.013034345515139734 0.01629293189392449
0.0 0.687480474204609 0.9446635413534956 0.013397364205309615 0.011664371820543095
0.0 0.6082551187247432 0.8673572333327719 0.013607031833373284 0.016016610387200102
0.0 0.21341708450138305 0.9937182287154339 0.010875611331843515 0.012563542569132124
0.0 0.24457657411087208 0.9938908574667348 0.014846072611721084 0.012218285066530577
0.0 0.705834687569506 0.6936758879426306 0.013435998371079805 0.011631162768994585
0.0 0.9892150303387137 0.5737823682021904 0.014313136240914303 0.010805014613242746
0.0 0.9625533059683722 0.5805881241598823 0.012629237859634657 0.012629237859634301
0.0 0.8703891776724344 0.39244315509648403 0.010510686780485657 0.012203085499376876
0.0 0.861294541638334 0.6682970390508356 0.012695543489061833 0.012221829179768306
0.0 0.8622357377740404 0.629795743743579 0.013205285518333198 0.011279514713576156
0.0 0.9617664441645524 0.853150141816869 0.01421346792273539 0.011370774338188384
0.0 0.9509642085432735 0.8056771589549314 0.013076390488916446 0.011939313055098122
0.0 0.895144713715819 0.7684503454558703 0.011979369413771934 0.01178298630862784
0.0 0.9057494013935845 0.7972204703594369 0.010801070782909506 0.011193836993196805
0.0 0.8980596439240006 0.8368257353740697 0.013892161645597412 0.011646963803885057
0.0 0.8454282216754144 0.9665804408458547 0.012753425949939157 0.008150685757480148
0.0 0.8461254643879951 0.9327513117206643 0.010669257394979325 0.012529036206948164
0.0 0.9855767005169721 0.8608834639363199 0.01046366613190699 0.01529305050047931
0.0 0.9942733382093156 0.695167540028965 0.011453323581368835 0.00878312718813543
0.0 0.05266950848720349 0.7117890621671077 0.014927618825223022 0.013318653921905187
0.0 0.4806301985084799 0.8423131930125984 0.011463662676334608 0.013586563171952193
0.0 0.5078033248523843 0.8311325837356798 0.013445036472244353 0.012737402973705158
0.0 0.48565439634810803 0.8233486152517486 0.007359388384807275 0.013020456373120836
0.0 0.46966187928112274 0.8169091504150423 0.01245434957428948 0.01118060927691893
0.0 0.46628844925448315 0.785277321331072 0.012775610467255661 0.01531194489825527
0.0 0.4545726637649123 0.7796871865371575 0.011211803032913536 0.010105375102033954
0.0 0.17929719337125966 0.8632502680864258 0.010698276751880797 0.0124238052602486
0.0 0.15004948515442446 0.8643718616168649 0.011215935304391068 0.010180618199370172
0.0 0.7305196006233896 0.5714603489198293 0.014428386086628109 0.014428386086628109
0.0 0.9124468337594862 0.5741063662152993 0.008927450441662188 0.010601347399473937
0.0 0.23990904575613392 0.7381042278018296 0.012898535308261216 0.014641580620188499
0.0 0.22948410347654455 0.6053461227657133 0.011123906752469636 0.009982993239396087
0.0 0.39215472003975743 0.9042873459340519 0.011039286975539042 0.014525377599393607
0.0 0.33965102463350494 0.9998805654456447 0.014539246854117139 0.00023886910871073752
