0 0.13519205526770534 0.19896192245139635 0.007824620562117985 0.003915706383733521
0 0.11577394556678558 0.20532728427119928 0.005272573568266132 0.0031967353718055946
0 0.1399061092061576 0.20624063723457234 0.0056781561504404545 0.0036534118534921234
0 0.11739627589548285 0.21046489469017257 0.005272573568266132 0.003881750094335388
0 0.11334045007373965 0.21571667422956747 0.004461408403917524 0.003425073612648859
0 0.10745950263221203 0.217086703674627 0.00567815615044049 0.00296839713096233
0 0.10279530293720736 0.22085428464854076 0.007706069061312046 0.0031967353718055946
0 0.1029980942282945 0.23364122613576316 0.005678156150440472 0.00319673537180563
0 0.10238972035503302 0.2563608810996672 0.006083738732614794 0.0034250736126488234
0 0.0849496693215373 0.2562467119792456 0.007706069061312064 0.004566764816865145
0 0.12368280591918479 0.22268099057528679 0.005678156150440472 0.0031967353718055946
0 0.13808098758637313 0.22176763761191381 0.006894903896963456 0.0027400588901190658
0 0.12631909270331787 0.23170035108859544 0.004461408403917506 0.0038817500943353522
0 0.13382237047354278 0.22918863043931964 0.004866990986091828 0.0034250736126488234
0 0.13950052662398324 0.2326137040519685 0.006489321314789099 0.003425073612648859
0 0.14558426535659805 0.24482979993708273 0.00567815615044049 0.003196735371805559
0 0.17539458514641054 0.20018967385222602 0.005272573568266168 0.003425073612648859
0 0.16931084641379573 0.20703982107752375 0.004461408403917488 0.0034250736126488234
0 0.17316388094445181 0.2074964975592102 0.004055825821743219 0.0038817500943353522
0 0.14964009117834123 0.21057906381059419 0.007300486479137742 0.0031967353718055946
0 0.16931084641379573 0.22165346849149217 0.006083738732614776 0.00296839713096233
0 0.17336667223553895 0.22028343904643258 0.005272573568266132 0.00296839713096233
0 0.17985599355032802 0.20726815931836698 0.004461408403917559 0.00296839713096233
0 0.1966323639948113 0.21533059217771344 0.007313284727410725 0.0034310779991473693
0 0.19739416448725008 0.21970521662662645 0.007008564530435263 0.0029164162992751748
0 0.1999842861615412 0.2024640496809108 0.004266082757656271 0.0034310779991473337
0 0.20988769256324324 0.2008342876313159 0.006399124136484389 0.002916416299275255
0 0.20638341029802557 0.20520891208022873 0.004875523151607197 0.0027448623993178954
0 0.20425036891919746 0.2072675588797172 0.005484963545558088 0.00308797019923265
0 0.2196387388664575 0.20031962593144378 0.005789683742533462 0.003945739699019484
0 0.22725674379084368 0.1991187486317422 0.005180243348582572 0.0042888474989341676
0 0.2106494930556818 0.2155021460776708 0.0042660827576562355 0.004117293598976843
0 0.21720097729065393 0.21061285992888584 0.004570802954631681 0.0032595240991900097
0 0.2426451137381037 0.2053804659801861 0.005484963545558017 0.0034310779991473693
0 0.2504154787609775 0.20169205713110283 0.00518024334858253 0.003945739699019542
0 0.2514819994503917 0.20632401242995171 0.00731328472741069 0.0029164162992752905
0 0.23929319157137383 0.21404393792803322 0.004875523151607197 0.004288847498934203
0 0.24813007728366174 0.21773234677711664 0.004875523151607161 0.003774185799062124
0 0.24614939600332136 0.22510916447528345 0.005789683742533462 0.0027448623993178954
0 0.24447343491995638 0.22982689672411108 0.007922725121361615 0.002916416299275255
0 0.26047124526116733 0.22099187087630662 0.005789683742533462 0.0037741857990620884
0 0.2770784959963292 0.20992664432905642 0.004875523151607161 0.0032595240991900097
0 0.303589153133193 0.19808942523199796 0.006094403939508944 0.003602631899104729
0 0.2834776201328135 0.20417958868048453 0.005484963545557981 0.0034310779991473693
0 0.2053168896086115 0.23531662152274688 0.006399124136484389 0.003259524099189974
0 0.17530195020653003 0.2346304059229174 0.006094403939508944 0.0032595240991900097
0 0.16417966301692621 0.24097790022134 0.006399124136484389 0.002916416299275255
0 0.16174190144112266 0.24801161011959208 0.005789683742533445 0.003602631899104729
0 0.1772826314868704 0.24732539451976263 0.005789683742533462 0.0036026318991046937
0 0.18337703542637937 0.25238623456850495 0.005789683742533498 0.0030879701992326146
0 0.1966323639948113 0.24217877752104158 0.0054849635455580525 0.0029164162992752905
0 0.15960886006229452 0.2549595430678655 0.00578968374253348 0.0034310779991473337
0 0.16814102557760702 0.2553884278177589 0.005789683742533498 0.0032595240991900097
0 0.19343280192656906 0.257532851567226 0.005180243348582643 0.0024017545994031407
0 0.202269687638857 0.2603634909165226 0.006399124136484424 0.003945739699019413
0 0.20425036891919746 0.27477401851294153 0.007922725121361615 0.0036026318991046937
0 0.1557998576001014 0.2686838550644549 0.0067038443334597984 0.004117293598976879
0 0.13005100095567618 0.26739720081477464 0.005180243348582607 0.0029164162992752194
0 0.10460686450822643 0.27280114866343175 0.006703844333459817 0.00274486239931786
0 0.1359930447966974 0.2700562862641139 0.006703844333459834 0.0027448623993178954
0 0.13035572115265162 0.2706567249139647 0.005789683742533498 0.002916416299275326
0 0.13005100095567618 0.27811931956211017 0.005180243348582607 0.0037741857990620884
0 0.12365187681919182 0.2790628660118757 0.005180243348582607 0.003602631899104729
0 0.11831927337212149 0.2797490816117052 0.006094403939508944 0.003602631899104729
0 0.07687732658346075 0.2811215128113641 0.005484963545558044 0.0032595240991900097
0 0.08099104924262929 0.28927032305933914 0.004570802954631699 0.0030879701992326857
0 0.15275265563034696 0.2915005237587849 0.0054849635455580525 0.0034310779991473693
0 0.1673792250851684 0.2726295947634745 0.006703844333459834 0.00308797019923265
0 0.16753158518365613 0.2776904348122167 0.006399124136484389 0.0032595240991900097
0 0.17286418863072647 0.2799206355116626 0.0054849635455580525 0.0032595240991900453
0 0.17454014971409137 0.2856676911602344 0.006399124136484353 0.002744862399317931
0 0.1727118285322387 0.293387616658316 0.007008564530435279 0.0034310779991473337
0 0.16448438321390163 0.29904889535690915 0.005180243348582572 0.0034310779991473693
0 0.15793289897892954 0.30633993610509724 0.005484963545558017 0.0032595240991900097
0 0.07443956500765717 0.3079696981546923 0.006094403939508934 0.0034310779991473693
0 0.08876141426550317 0.3088274676544791 0.006094403939508944 0.002744862399317931
0 0.08464769160633462 0.31749093960232616 0.007008564530435262 0.0029164162992751843
0 0.07428720490916946 0.32546819595034376 0.0070085645304352705 0.0030879701992326146
0 0.09378929751559802 0.3233237722008767 0.00578968374253348 0.002916416299275255
0 0.10658754578856679 0.31929225555187857 0.008227445318337061 0.00274486239931786
0 0.1433063295241081 0.3238384339007488 0.004875523151607126 0.002573308499360536
0 0.1338600034178693 0.3289850508994698 0.005484963545558017 0.0032595240991899034
0 0.14147800834225546 0.32975704344927803 0.004266082757656253 0.003431077999147405
0 0.12167119553885142 0.3347321065480417 0.005484963545558017 0.0030879701992326146
0 0.0764202462879976 0.3437386862958035 0.00578968374253348 0.0032595240991901164
0 0.05737523397703218 0.34939996499439663 0.006094403939508944 0.005318170898678432
0 0.05371859161332682 0.3622665074911992 0.007922725121361615 0.002916416299275255
0 0.061184236439225256 0.36792778618979244 0.00883688571228796 0.002573308499360536
0 0.09028501525038042 0.3467408795450575 0.0060944039395089255 0.003774185799062124
0 0.09363693741711034 0.3592643142419455 0.0054849635455580525 0.003087970199232544
0 0.11618623199329338 0.35343148164339483 0.0054849635455580525 0.0034310779991473337
0 0.10567338519764047 0.37110153333900375 0.00578968374253348 0.0027448623993178954
0 0.13126988174357798 0.3570341135424996 0.007008564530435315 0.0030879701992326146
0 0.12639435859197085 0.36809934008974976 0.005789683742533498 0.0032595240991900453
0 0.11329139012202663 0.3433955784958888 0.006399124136484353 0.0036026318991046937
0 0.1693599063655088 0.36346738479090085 0.005789683742533498 0.0032595240991901164
0 0.1641796630169262 0.37050109468915293 0.005180243348582607 0.0036026318991046937
0 0.1562569378955646 0.3691286634894941 0.007008564530435279 0.004631955298848922
0 0.1509243344484943 0.367241570589963 0.006703844333459817 0.002916416299275255
0 0.16981698666097195 0.31869181690202775 0.0054849635455580525 0.0036026318991047644
0 0.16433202311541392 0.31869181690202775 0.0067038443334598696 0.0036026318991047644
0 0.19495640291144625 0.3063399361050972 0.007008564530435244 0.0029164162992752194
0 0.19145212064622869 0.3203215789516228 0.006094403939508944 0.0034310779991473337
0 0.1963276437978358 0.3220371179511964 0.0054849635455580525 0.004117293598976879
0 0.18291995513091616 0.34022183134667744 0.0067038443334597984 0.003431077999147405
0 0.18810019847949874 0.34639777174514275 0.006094403939508944 0.0030879701992326146
0 0.18688131769159697 0.3491426341444606 0.006094403939508944 0.0034310779991473337
0 0.2031838482297834 0.339792946596784 0.004570802954631681 0.003259524099189974
0 0.22999922556362265 0.33687653029750875 0.006399124136484353 0.002573308499360536
0 0.22481898221504007 0.3474270951448869 0.005789683742533498 0.0037741857990620533
0 0.22283830093469967 0.3504292883941409 0.006094403939508944 0.003259524099189974
0 0.22908506497269635 0.3258113037502585 0.007008564530435244 0.003431077999147405
0 0.24203567334415282 0.3018795347062057 0.00731328472741069 0.0032595240991900097
0 0.26108068565511827 0.29844845670705833 0.005180243348582536 0.003945739699019484
0 0.25970944476872865 0.2800064124616412 0.006094403939508944 0.0034310779991473337
0 0.27982097776910814 0.2582190671670555 0.0067038443334598696 0.0034310779991473693
0 0.2874389826934943 0.2541017735680786 0.004875523151607126 0.003087970199232579
0 0.28957202407232246 0.2443232012705087 0.005484963545557981 0.0030879701992326146
0 0.2996277905725122 0.24509519382031683 0.004875523151607161 0.003259524099189939
0 0.3141019999288459 0.24183566972112686 0.005789683742533533 0.003602631899104729
0 0.2746407344205256 0.2281113577245374 0.007922725121361615 0.003945739699019448
0 0.3229388856411339 0.20598090463003685 0.005789683742533427 0.003602631899104729
0 0.31227367874699324 0.23025578147400452 0.006399124136484389 0.0037741857990620884
0 0.32034876396684253 0.2324002052234716 0.00731328472741069 0.002916416299275255
0 0.33726073489897984 0.23986279987161707 0.007008564530435208 0.0041172935989768076
0 0.38418764523319865 0.25744707461724736 0.006399124136484389 0.003945739699019448
0 0.3934816112409497 0.25049914166897397 0.0060944039395090495 0.003774185799062124
0 0.410393582173087 0.2307704431738766 0.008227445318337061 0.003431077999147405
0 0.40475625852904124 0.2150732613277774 0.005484963545558088 0.0032595240991900097
0 0.3985094944910446 0.21850433932692476 0.006399124136484318 0.0025733084993605003
0 0.3954622925212901 0.22116342477626397 0.005789683742533498 0.0034310779991473693
0 0.3889108082863178 0.23651749882244835 0.006703844333460253 0.003945739699019588
0 0.38312112454378455 0.2383188147720008 0.004875523151607126 0.0034310779991473693
0 0.373522438339058 0.22939801197421766 0.005789683742533427 0.003774185799062124
0 0.3768743605057879 0.1995476333816356 0.005789683742533498 0.0034310779991473693
0 0.36803747479349996 0.20898309787929087 0.007618004924386099 0.004460401398891527
0 0.423648910741519 0.22047720917643449 0.006094403939508979 0.0034310779991473337
0 0.4466552856131652 0.23051311232394056 0.007618004924386099 0.004631955298848958
0 0.44223684275702124 0.20323604223071903 0.005484963545558088 0.003602631899104729
0 0.43827548019634044 0.21884744712683954 0.007313284727410832 0.002916416299275255
0 0.4516831688632601 0.21344349927818243 0.006703844333459941 0.0037741857990620533
0 0.4618912954619375 0.21490170742782005 0.006399124136484318 0.003945739699019484
0 0.46600501812110606 0.22184964037609348 0.006703844333459941 0.0037741857990620884
0 0.4663097383180815 0.23428729812300264 0.007313284727410761 0.003945739699019484
0 0.4798697870834889 0.2265673726249211 0.005789683742533427 0.002573308499360536
0 0.4813933880683661 0.2362601679725124 0.0057896837425333554 0.0030879701992326146
0 0.4833740693487066 0.24217877752104158 0.007313284727410761 0.0036026318991047644
0 0.5088182057961563 0.24852627181946424 0.005180243348582607 0.005318170898678396
0 0.5115606875689354 0.23488773677285343 0.005789683742533427 0.0034310779991473693
0 0.5120177678643985 0.21756079287715926 0.003047201969754383 0.00274486239931786
0 0.5303009796829252 0.24878360266940028 0.007922725121361723 0.004803509198806281
0 0.47971742698500125 0.20778222057958928 0.006094403939508837 0.0027448623993178954
0 0.4765178649167589 0.21138485247869399 0.006399124136484389 0.0041172935989768076
0 0.4961723176216752 0.20701022802978117 0.007313284727410761 0.003602631899104729
0 0.5118654077659107 0.21164218332863005 0.005180243348582465 0.0036026318991046937
0 0.5156744102281039 0.20966931347912035 0.006094403939508908 0.0027448623993178954
0 0.5324340210617534 0.20898309787929087 0.006094403939508979 0.0037741857990620884
0 0.582255773267239 0.2206487630763919 0.005180243348582607 0.0034310779991473693
0 0.5458417097286731 0.23368685947315185 0.007313284727410761 0.0024017545994031407
0 0.5507172328802803 0.24861204876944284 0.0073132847274106185 0.0034310779991473337
0 0.5490412717969153 0.25247201151848364 0.006399124136484247 0.004288847498934274
0 0.5494983520923785 0.2617359221161815 0.0073132847274106185 0.004631955298848922
0 0.6069381092222501 0.2437227626206579 0.006399124136484389 0.0036026318991047644
0 0.6058715885328361 0.25641775121750315 0.00792272512136158 0.002916416299275255
0 0.6381719294122332 0.21352927622816106 0.006094403939508837 0.003259524099189974
0 0.6581311023141251 0.20906887482926956 0.007008564530435279 0.003602631899104729
0 0.7253219057472111 0.20984086737907767 0.006703844333459727 0.0030879701992326146
0 0.6846417594509892 0.2517000189686755 0.007618004924386241 0.003431077999147405
0 0.6278114427150683 0.2776904348122167 0.00792272512136158 0.0032595240991900097
0 0.6514272579806655 0.27794776566215285 0.007008564530435279 0.0024017545994031407
0 0.6994206890042982 0.2746024646129841 0.00731328472741069 0.0032595240991900097
0 0.7321781101791587 0.27923441991183306 0.008227445318337061 0.004288847498934203
0 0.7640213707630928 0.20992664432905633 0.004875523151607126 0.004288847498934239
0 0.785961224945325 0.20623823547997297 0.006094403939508766 0.0037741857990620884
0 0.7923603490818094 0.20658134327988772 0.004875523151607126 0.0027448623993178954
0 0.8027208357789746 0.20889732092931218 0.006094403939508766 0.002916416299275255
0 0.8295362131128138 0.2043511425804419 0.005484963545558088 0.0034310779991473337
0 0.8566563106436288 0.21910477797677558 0.007313284727410832 0.0030879701992326146
0 0.8673215175377692 0.2470680636698266 0.007922725121361652 0.0037741857990620533
0 0.7500042417022228 0.28695434540991466 0.007313284727410346 0.002916416299275358
0 0.7513754825886119 0.2969902485574207 0.007618004924386099 0.00274486239931786
0 0.7929697894757604 0.30453862015554484 0.00731328472741069 0.0034310779991473693
0 0.7937315899681991 0.31663317010253933 0.007008564530435279 0.0039457396990195195
0 0.7756007382481598 0.33078636684902213 0.0067038443334597264 0.0030879701992326146
0 0.8216134879914523 0.33601876079772197 0.0067038443334598696 0.004288847498934203
0 0.8296885732113017 0.33576142994778585 0.007008564530435279 0.004117293598976772
0 0.8437057022721723 0.3279557274997256 0.008227445318337061 0.0036026318991047644
0 0.909041021202829 0.3555759053928619 0.008227445318337061 0.003945739699019413
0 0.8903007290888391 0.36046519154164686 0.007313284727410547 0.006519048198380019
0 0.8522107044669083 0.3655260315903892 0.00731328472741069 0.004288847498934132
0 0.9271718729228682 0.37710591983751157 0.0067038443334598696 0.004117293598976843
0 0.9466739655292967 0.3956337410329074 0.0060944039395090495 0.0030879701992326146
0 0.9285431138092577 0.40292478178109553 0.008227445318337204 0.0036026318991046937
0 0.9059938192330746 0.4087576143796461 0.007618004924386241 0.003259524099189974
0 0.9485022867111493 0.4124460232287294 0.0067038443334598696 0.0030879701992326146
0 0.9381418000139843 0.41802152497734396 0.007922725121361367 0.004631955298848922
0 0.926257712331942 0.4640837471158973 0.007313284727410832 0.0048035091988063525
0 0.9276289532183314 0.5160645788029798 0.005789683742533498 0.003431077999147405
0 0.8573909478154909 0.5168365713527879 0.004875523151607268 0.0032595240991900453
0 0.9021848167708817 0.5628987934913414 0.008532165515312329 0.0044604013988917045
0 0.8881676877100111 0.5722484810390179 0.008532165515312471 0.004631955298848993
0 0.9430173231655914 0.5856296852356927 0.007313284727410832 0.004631955298848993
0 0.967394938923627 0.6660026873657194 0.007313284727410547 0.003431077999147192
0 0.9370752793245702 0.6595694161173182 0.007618004924386099 0.003945739699019555
0 0.8904530891873267 0.6869322631605184 0.007008564530435279 0.004117293598976772
0 0.8720175172703122 0.6894197947099002 0.007313284727410547 0.004288847498934274
0 0.2802508947439951 0.26834074726454027 0.007313284727410761 0.0037741857990620533
0 0.2866500188804795 0.2749455724128989 0.006703844333459764 0.002916416299275255
0 0.2924397026230129 0.278977089061897 0.005484963545557981 0.003774185799062124
0 0.30843751296422384 0.2831801596108526 0.005789683742533462 0.0032595240991900097
0 0.3198645203508031 0.27580334191268574 0.006703844333459764 0.0029164162992752194
0 0.3226070021235822 0.27383047206317607 0.007922725121361615 0.00308797019923265
0 0.30142894843378865 0.273830472063176 0.005180243348582572 0.0027448623993178954
0 0.2636436440088332 0.29021386950910466 0.007008564530435315 0.002916416299275255
0 0.2901543011456971 0.2925298471585292 0.007008564530435244 0.0034310779991473693
0 0.2936585834109147 0.3039381815056942 0.006094403939509014 0.0032595240991900097
0 0.27994617454701964 0.3077981442547349 0.009141605909263432 0.004460401398891527
0 0.2587681208572261 0.32392421085072753 0.007008564530435315 0.0037741857990620533
0 0.27689897257726515 0.3245246495005783 0.007313284727410725 0.0032595240991900453
0 0.31148471493397833 0.32521086510040775 0.005789683742533462 0.0032595240991900453
0 0.27568009178936337 0.34159426254633646 0.009141605909263432 0.0034310779991473337
0 0.26775736666800176 0.33207302109870257 0.006703844333459763 0.003259524099189974
0 0.3028001893201781 0.34554000224535597 0.006094403939508908 0.003774185799062124
0 0.34149965433605983 0.3306148129490649 0.0067038443334598696 0.0034310779991473337
0 0.3514030607377619 0.32546819595034393 0.007008564530435279 0.0051466169987210006
0 0.40579561589787905 0.3168905009524755 0.008532165515312471 0.003431077999147405
0 0.4143277814131916 0.31071456055401014 0.007313284727410761 0.004460401398891527
0 0.4021389735341737 0.32795572749972574 0.008532165515312471 0.003259524099189974
0 0.3856840828974996 0.31791982435221966 0.00731328472741069 0.005146616998721107
0 0.36572490999560786 0.319463809451836 0.005180243348582607 0.004117293598976843
0 0.3675532311774606 0.2939880553081668 0.007008564530435208 0.003945739699019448
0 0.3977205306780297 0.33842051539712514 0.00761800492438617 0.004288847498934274
0 0.3608493868440007 0.34202314729622985 0.008836885712288023 0.004631955298848922
0 0.38172272033681887 0.26756875471473207 0.006094403939508908 0.003602631899104729
0 0.39375916811734896 0.2679976394646255 0.005789683742533427 0.004460401398891562
0 0.380503839548917 0.27305847951336787 0.005484963545557946 0.003259524099189974
0 0.3896454454581804 0.2804352972115347 0.006094403939508979 0.004288847498934274
0 0.38995016565515583 0.27537445716279235 0.005484963545558088 0.002744862399317931
0 0.3908643262460822 0.278462427362025 0.004875523151607197 0.0020586467994884216
0 0.39421624841281216 0.2753744571627923 0.0042660827576562355 0.0034310779991473693
0 0.39878705136744386 0.28197928231115105 0.005484963545558017 0.0036026318991047644
0 0.40335785432207544 0.2875547840597655 0.00792272512136158 0.003774185799062124
0 0.41371834101924065 0.2756317880127284 0.00792272512136158 0.0032595240991900097
0 0.4396195577621536 0.2519573498186116 0.0067038443334598696 0.005318170898678467
0 0.4547032075124382 0.2564177512175032 0.006399124136484389 0.003945739699019484
0 0.459426370565557 0.26525277706530764 0.005484963545558679 0.004460401398891456
0 0.45363668682302405 0.2712571635638156 0.006094403939509052 0.0037741857990620797
0 0.4537890469215119 0.27546023411277104 0.005789683742533498 0.0042888474989341676
0 0.46734909568691935 0.2838663752106821 0.006094403939508837 0.0036026318991046937
0 0.481823305043253 0.28652546066002127 0.007618004924386099 0.004460401398891562
0 0.4359629153984483 0.2891845461093605 0.00792272512136158 0.004288847498934239
0 0.33144388783587003 0.2811215128113642 0.00792272512136158 0.0032595240991900097
0 0.4915743513464673 0.2661963235150731 0.006399124136484318 0.0036026318991047644
0 0.49172671144495506 0.270570947963986 0.005484963545557946 0.0034310779991473693
0 0.497821115384464 0.2697989554141779 0.007313284727410761 0.003259524099189939
0 0.5147330863166012 0.27897708906189705 0.006399124136484318 0.0037741857990621595
0 0.5194562493697207 0.286868568459936 0.00792272512136158 0.0037741857990620533
0 0.5413961035519529 0.2975906872072715 0.00731328472741069 0.005661278698593186
0 0.5199133296651839 0.30016399570663205 0.008836885712287952 0.003945739699019377
0 0.5145807262181136 0.2913289698588276 0.007313284727410761 0.0037741857990620177
0 0.4993447163693412 0.29355917055827335 0.007922725121361723 0.003774185799062124
0 0.5028489986345589 0.3014506499563123 0.008227445318337133 0.004460401398891527
0 0.502239558240608 0.3097710141042447 0.008227445318337061 0.004631955298848887
0 0.5290549355744473 0.31131499920386096 0.008227445318337061 0.004631955298848958
0 0.48410870652056887 0.32083624065149485 0.008532165515312542 0.00274486239931786
0 0.4809091444523267 0.31689050095247545 0.007008564530435279 0.0027448623993178954
0 0.6277842793944921 0.2872974532098294 0.005789683742533498 0.0036026318991047644
0 0.6689215059861772 0.29201518545865707 0.007618004924386099 0.0037741857990620533
0 0.6448486104251168 0.3089132446044578 0.007008564530435279 0.0042888474989341676
0 0.6085869069850388 0.3568625596425423 0.006399124136484531 0.003774185799062124
0 0.6349452040234149 0.36827089398970725 0.00792272512136158 0.003945739699019484
0 0.6582562990920365 0.3850831761855293 0.010665206894140624 0.0049750630987637125
0 0.5287502153774717 0.3781352432372559 0.007008564530435279 0.004117293598976843
0 0.4796902636644249 0.3449395635955051 0.007008564530435279 0.0036026318991047644
0 0.5040678794224607 0.35840654474215855 0.007008564530435279 0.0037741857990620533
0 0.5040678794224607 0.3655260315903893 0.006399124136484318 0.0036026318991046937
0 0.5081816020816291 0.3648398159905598 0.006094403939508908 0.0036026318991047644
0 0.5194562493697207 0.4086718374296674 0.00914160590926329 0.0037741857990620533
0 0.5988358606818245 0.4042114360307758 0.006399124136484318 0.005146616998721072
0 0.5832951306360766 0.4116740306789214 0.006399124136484389 0.004288847498934274
0 0.4515036454441961 0.35317415079345876 0.00731328472741069 0.0049750630987637125
0 0.42697366958767263 0.35377458944330953 0.00761800492438617 0.004803509198806281
0 0.4061003360948546 0.3687855556895794 0.008532165515312471 0.003945739699019484
0 0.43626763559542375 0.3691286634894941 0.008532165515312471 0.002916416299275326
0 0.46521605430809115 0.3777063584873625 0.005484963545557946 0.004631955298848922
0 0.4600358109595086 0.37942189748693605 0.0060944039395090495 0.004288847498934132
0 0.43718179618635006 0.40180968143137263 0.005484963545558088 0.0048035091988063525
0 0.4184415040723601 0.4238543575758944 0.007008564530435279 0.003259524099189974
0 0.47481474051281763 0.42719965862506315 0.008227445318337133 0.004803509198806281
0 0.49005075036159007 0.36372471564083697 0.007008564530435279 0.004460401398891633
0 0.49538335380866044 0.39194533218382405 0.007313284727410761 0.004975063098763641
0 0.38842656467027864 0.42719965862506315 0.007313284727410761 0.0037741857990620533
0 0.3858364429959873 0.37333173403844955 0.00761800492438617 0.004460401398891562
0 0.38187508043530655 0.38508317618552934 0.005789683742533427 0.0036026318991047644
0 0.37532359620033445 0.3851689531355079 0.006094403939508979 0.004460401398891633
0 0.3698386326547764 0.41158825372894264 0.004875523151607126 0.004460401398891633
0 0.36861975186687457 0.41776419412740795 0.00792272512136158 0.003431077999147263
0 0.3535361021165901 0.3767628120375969 0.008836885712287775 0.003431077999147133
0 0.3261112843887999 0.3689571095895367 0.00761800492438617 0.0036026318991047644
0 0.3244353233054349 0.3836249680358917 0.006094403939508979 0.003087970199232544
0 0.3117894351309538 0.4037825512808824 0.007008564530435279 0.0032595240991900453
0 0.29746758587310795 0.4175068632774718 0.005789683742533462 0.003945739699019484
0 0.3029525494186658 0.3985501573321827 0.006399124136484353 0.0034310779991473337
0 0.29472510410032876 0.39957948073192695 0.006399124136484389 0.003431077999147263
0 0.2860405784865286 0.3748757191380659 0.006094403939508944 0.003774185799061982
0 0.2925920627215007 0.36998643298928086 0.007008564530435315 0.003945739699019555
0 0.2815292859478235 0.3927723143144326 0.0045409744288522095 0.002982601287049533
0 0.2816238895817579 0.3961810014996322 0.007379083446884743 0.004260858981499496
0 0.27150130075077494 0.4007081641674754 0.006433047107540588 0.0024499939143622384
0 0.25995965741077565 0.40092120711655044 0.007568290714753623 0.0037282516088121298
0 0.2699876426078242 0.4033179402936438 0.009460363393442002 0.0031956442361246217
0 0.27273114799192233 0.3607626112159177 0.0062438398396717784 0.003515208659737041
0 0.327790462941755 0.3574071847679869 0.008135912518360157 0.003408687185199639
0 0.26904160626847995 0.3520278503038439 0.010217192464917417 0.003941294557887005
0 0.2484180140707764 0.363425648079355 0.009460363393442002 0.004367380456036969
0 0.2231588438102861 0.36933758991618554 0.005865425303934053 0.004473901930574442
0 0.20783305511291006 0.38116147358984653 0.007000668911147087 0.003408687185199568
0 0.23961987611487534 0.39623426223690095 0.00662225437540947 0.004154337506962023
0 0.19600760087110752 0.39958968868483175 0.006054632571802898 0.0029826012870496754
0 0.14350258403750424 0.38510276814773364 0.005487010768196381 0.003834773083349532
0 0.11994627918783358 0.40688640969064965 0.006433047107540588 0.003302165710662095
0 0.09052454903422888 0.4025722899718814 0.0066222543754094155 0.003834773083349532
0 0.09468710892734336 0.41988202958422305 0.0062438398396717255 0.003515208659737041
0 0.14492163854652054 0.4184439896779669 0.00605463257180288 0.0036217301342745855
0 0.1517331001897988 0.4213200694904792 0.00643304710754057 0.0036217301342745855
0 0.16081504904750316 0.42941570155532816 0.006433047107540588 0.003834773083349603
0 0.049939590076362554 0.39596795855055716 0.008325119786228985 0.003408687185199639
0 0.03858715400423212 0.4047559801998999 0.007568290714753623 0.003941294557886934
0 0.06715745145242705 0.4089103177068619 0.006811461643278251 0.0030891227615870774
0 0.03273285734130943 0.4229711523458101 0.005297803500327536 0.003941294557887005
0 0.08684613595179784 0.4519982541572753 0.009081948857704348 0.003834773083349532
0 0.08911662316622392 0.46169170834018664 0.006054632571802898 0.0031956442361246217
0 0.09441442666655146 0.46696452132979216 0.00681146164327826 0.0030891227615871485
0 0.09280616488966632 0.4777764509953471 0.005108596232458691 0.003408687185199497
0 0.10491543003327213 0.48118513818054665 0.005487010768196381 0.0031956442361246217
0 0.11447039706064857 0.4836351320949089 0.00681146164327826 0.0036217301342745855
0 0.0656549219504877 0.4759655859282098 0.00681146164327827 0.003195644236124693
0 0.07199336542409385 0.4774568865717347 0.006243839839671743 0.003834773083349603
0 0.026394413867703265 0.4796938375370219 0.006622254375409424 0.004047816032424478
0 0.055816144021307974 0.49444706176046394 0.006054632571802898 0.002876079812512202
0 0.09100869584491232 0.4891209880335895 0.00756829071475364 0.004367380456036898
0 0.12071423690032031 0.4971633593611698 0.006054632571802916 0.004260858981499496
0 0.11872756058769748 0.5128220161181803 0.008892741589835485 0.0034086871851997103
0 0.13301270931179496 0.47314276685296647 0.00605463257180288 0.003941294557887005
0 0.14975755251818737 0.4923166322697141 0.007000668911147123 0.004154337506961952
0 0.12553902223097574 0.4623308371874116 0.005865425303934053 0.003408687185199639
0 0.13376953838327033 0.46307648750917396 0.006433047107540588 0.002769558337974658
0 0.14237846907130255 0.46494061331358 0.006243839839671761 0.004367380456036969
0 0.08400802693376523 0.5274154581298162 0.006054632571802898 0.003834773083349532
0 0.08258897242474893 0.5526610475952005 0.007000668911147123 0.004260858981499496
0 0.12932316758835255 0.5619816766172306 0.005865425303934053 0.0037282516088121298
0 0.14218926180343372 0.5609164618718557 0.006622254375409433 0.003941294557886934
0 0.11219990984622248 0.5709294804783795 0.007568290714753587 0.002876079812512131
0 0.1472978580358924 0.5780131585351224 0.00662225437540938 0.0034086871851997103
0 0.1546769414827772 0.5295991483578344 0.005865425303934017 0.0037282516088120586
0 0.20481686746801991 0.589730520734246 0.007000668911147123 0.0034086871851997103
0 0.1805983371808084 0.6020870117805944 0.007000668911147123 0.003408687185199426
0 0.21191214001310152 0.6124195948107307 0.009081948857704419 0.003834773083349603
0 0.23206271404113302 0.5985718031208573 0.008135912518360123 0.004047816032424549
0 0.1365130437673685 0.6044837449576878 0.005487010768196381 0.004793466354187004
0 0.07123653635261848 0.6243499999589293 0.0070006689111471055 0.0038347730833495327
0 0.008325119786228987 0.6566720105884302 0.00541132786104884 0.0038667295257107524
0 0.038607743008636924 0.6744238143201025 0.008116991791573259 0.005389986611596811
0 0.13715634847812258 0.6529224546847107 0.007076351818294651 0.004804118501640602
0 0.1673349077032028 0.6443687802793506 0.006243839839671743 0.0038667295257109476
0 0.1713934035989893 0.6672176365676415 0.007700735802261818 0.004804118501640602
0 0.21072959458892127 0.670205563928418 0.008949503770196116 0.0037495559037196815
0 0.2168693704312653 0.6644640564508477 0.00666009582898343 0.004218250391685009
0 0.2518348735334269 0.666514594835694 0.007908863796917558 0.004101076769693322
0 0.29887180032562066 0.6591912434612419 0.006660095828983259 0.003983903147702108
0 0.37785637429746816 0.6563204897224566 0.006451967834327448 0.0038667295257108947
0 0.3360226473716675 0.6391545541007404 0.006868223823638857 0.003983903147702037
0 0.7207472454927745 0.679227932821743 0.007076351818294739 0.004218250391684393
0 0.8684140577010112 0.6283745808775467 0.007700735802261676 0.004452597635666962
0 0.8071203632749004 0.6069318080531508 0.0070763518182944555 0.004686944879649459
0 0.7637256763891817 0.6158955901354802 0.006451967834327377 0.004569771257658246
0 0.7380218690491998 0.5887113098335136 0.00749260780760622 0.003398035037745828
0 0.7929676596383112 0.5715453742117975 0.0058275838503602986 0.003983903147702037
0 0.5029412990855587 0.6348191300870646 0.006035711845015968 0.004452597635666962
0 0.3583964067971579 0.5800404618061621 0.005411327861048818 0.004101076769693179
0 0.33466981540640534 0.6280816468225688 0.006660095828983188 0.0038667295257107524
0 0.2952295604191455 0.6370454289048983 0.007284479812950337 0.003983903147702037
0 0.27504114493754017 0.5636947415383848 0.008116991791573262 0.0032808614157546854
0 0.2686932411005406 0.5503955354423796 0.006243839839671743 0.003163687793763401
0 0.28170124076652336 0.5390296941092297 0.008533247780884707 0.003163687793763259
0 0.25183487353342693 0.5215708244325356 0.005411327861049074 0.0038667295257108214
0 0.25485272945593485 0.5089160732574821 0.005619455855704594 0.003163687793763401
0 0.23778623389416545 0.49075416184884063 0.0068682238236389285 0.003398035037745828
0 0.26151282528491804 0.4927461134226916 0.005203199866393113 0.00316368779376333
0 0.2963742643897519 0.4926289398007004 0.006243839839671743 0.00316368779376333
0 0.3120879279862592 0.5011826142060606 0.006451967834327448 0.003632382281728326
0 0.28565567266498215 0.48571569610321746 0.006868223823638964 0.003163687793763259
0 0.2463194816750502 0.47997418862564684 0.0052031998663930774 0.0026949933057984765
0 0.23456024997700176 0.4816732061445198 0.0049950718717373735 0.0028121669277896898
0 0.23279116202242808 0.4739983339040939 0.006451967834327448 0.003632382281728326
0 0.2534998974906727 0.4633355343028914 0.007492607807606113 0.0026949933057984054
0 0.3295706795373401 0.46216379808297914 0.008116991791573228 0.0029293405497809034
0 0.3509037989895518 0.4660891144196854 0.0058275838503602986 0.003515208659737041
0 0.36599307860209207 0.5025886976699553 0.005203199866393079 0.0036323822817283923
0 0.3667215265833869 0.5187000706937503 0.0058275838503602986 0.002812166927789761
0 0.4440410765979887 0.5310618878138257 0.004786943877081669 0.0029293405497809034
0 0.5902509928436352 0.502178589992986 0.00749260780760622 0.002812166927789619
0 0.5355133302491797 0.5010068537730737 0.006243839839671707 0.0032808614157546147
0 0.5655878254769318 0.46936997583544005 0.004370687887770259 0.0018747779518596985
0 0.5679812974154727 0.4702487780003743 0.00249753593586874 0.0024606460618159785
0 0.5265638264789835 0.4864773246461605 0.0041625598931145195 0.002343472439824694
0 0.5296857463988194 0.4871217795671123 0.0033300479144916296 0.0029293405497809034
0 0.6334375517346981 0.48969959925091944 0.00437068788777033 0.0026949933057983343
0 0.7675760442903126 0.5345770964735626 0.0058275838503602986 0.004335424013675606
0 0.8076406832615396 0.4647416177667863 0.0052031998663930774 0.003398035037745828
0 0.8042065713497203 0.45876576304523325 0.006660095828983259 0.0041010767696932505
0 0.786307563809328 0.4665578089076503 0.005827583850360156 0.003983903147702037
0 0.7396868930064454 0.360691441438569 0.0062438398396717784 0.003163687793763401
0 0.7515501887018218 0.3787361792252193 0.0058275838503602986 0.0026949933057984054
0 0.7241813574045943 0.39191821169923335 0.006035711845016039 0.0030465141717721167
0 0.5443042264785968 0.3250642012727197 0.0030472019697545248 0.001871497090443981
0 0.46950926903916895 0.3356693514519024 0.005263348856848609 0.003119161817406635
0 0.3199193541603133 0.30213836191478044 0.005263348856848644 0.002495329453925379
0 0.2308579511352169 0.3100922245491675 0.0066484406612824995 0.004678742726110059
0 0.21229772095580338 0.33715095331517053 0.006094403939508944 0.002651287544795622
0 0.5142477343223822 0.44211074847090587 0.00831055082660299 0.002651287544795693
0 0.4981806693909496 0.4343908229728243 0.0055403672177353515 0.002807245635666007
0 0.5019204172629209 0.4425786227435168 0.006371422300395651 0.00327511990827702
0 0.4740800719938006 0.4393035028352398 0.006648440661282393 0.00327511990827702
0 0.4894545910230164 0.45427547955879194 0.006371422300395792 0.002651287544795693
0 0.4569049336188209 0.48624688818721057 0.00886458754837669 0.004210868453499046
0 0.3584249063235744 0.44296851797069264 0.007479495743942763 0.0034310779991473337
0 0.3589789430453479 0.42815249933801086 0.0074794957439428345 0.00436682654436936
0 0.32449015711494505 0.4379778590628419 0.006094403939508908 0.0037429941808880328
0 0.3135479318599177 0.4270607927019185 0.005263348856848644 0.004054910362628661
0 0.28889329774099515 0.4218361966577623 0.007479495743942799 0.00327511990827702
0 0.2984504311915887 0.43228538874607475 0.005540367217735423 0.00327511990827702
0 0.27961318265128837 0.4406291466076377 0.007202477383056021 0.003119161817406635
0 0.26991754002025153 0.43735402669936063 0.005540367217735387 0.003119161817406777
0 0.2620225167349785 0.4209784271579754 0.007479495743942763 0.002495329453925237
0 0.2544045118105923 0.42526727465690967 0.006648440661282464 0.00327511990827702
0 0.23501322654851844 0.41684553774991157 0.004986330495961866 0.002963203726536321
0 0.2326585704809809 0.4187950138857907 0.006925459022169242 0.003119161817406635
0 0.2327970796614243 0.4243315261116877 0.007202477383056021 0.003587036090017648
0 0.23099646031566023 0.43197347256433405 0.006925459022169242 0.00358703609001779
0 0.21991572588018948 0.4331431582458615 0.008587569187489876 0.0034310779991473337
0 0.6249977194896364 0.6822668363355112 0.007838337653010464 0.004780633263386136
0 0.7668709751820963 0.6571280667209801 0.008922816807835118 0.004018753038841396
0 0.20512734043951195 0.49372005196166335 0.008342833715325711 0.004144339071305154
0 0.1886870504710759 0.49910769275435996 0.007852078790894836 0.004420628342725408
0 0.14059306787684508 0.43666631741336287 0.007852078790894836 0.0038680497998848295
0 0.1857369399740827 0.31221950406208954 0.0067038443334598696 0.0037741857990620533
0 0.17550209990203605 0.2571034271843352 0.006150042101738435 0.0030143261270940158
