0.0 0.18446148057711417 0.02035481951893505 0.010960235560476362 0.010960235560476405
0.0 0.15304213863708205 0.019989478333585886 0.013882965043270001 0.014613647413968422
0.0 0.33036519038533657 0.007635950619215848 0.010430477117408011 0.009881504637544225
0.0 0.28754533695597745 0.015870537817169607 0.010430477117408011 0.01097944959727144
0.0 0.30291656639215764 0.017242969016828445 0.010430477117408011 0.010430477117408188
0.0 0.3484812822208346 0.024105125015123186 0.009332532157680883 0.00768561471809015
0.0 0.3644014841368783 0.033163170932872355 0.011528422077135225 0.012626367036862263
0.0 0.36796980525599166 0.0792768592414129 0.014273284476452996 0.011528422077135048
0.0 0.2806831809576827 0.05978833620625572 0.012077394556998656 0.01317533951672587
0.0 0.23429500640921036 0.05567104260727884 0.009332532157680883 0.009332532157680618
0.0 0.18845580434060166 0.0729636757229816 0.012077394556998699 0.00878355967781701
0.0 0.2449999697665502 0.06418011604516441 0.012077394556998744 0.008783559677817365
0.0 0.23484397888907393 0.06610151972468703 0.010430477117408011 0.009332532157680973
0.0 0.23429500640921036 0.08998182259875254 0.009332532157680883 0.012077394556998656
0.0 0.22276658433207527 0.0930011712380022 0.009332532157680883 0.011528422077135048
0.0 0.21315956593446264 0.09519706115745663 0.010979449597271618 0.011528422077135048
0.0 0.13849930867301602 0.09958884099636514 0.009881504637544402 0.010430477117408188
0.0 0.14591043715117433 0.12566503378988525 0.008234587197953669 0.00988150463754458
0.0 0.27519345615904695 0.1328016760281116 0.009881504637544402 0.01097944959727144
0.0 0.3015441351924987 0.07241470324311834 0.012077394556998744 0.00988150463754458
0.0 0.3018186214324305 0.08860939139909352 0.011528422077135137 0.010430477117408188
0.0 0.3114256398300431 0.09574603363732023 0.009881504637544402 0.010430477117408188
0.0 0.31444498846929275 0.11413661171275002 0.011528422077135048 0.008783559677817365
0.0 0.3111511535901113 0.13884037330661111 0.012626367036862263 0.01097944959727144
0.0 0.29632889663379464 0.15695646514210929 0.009332532157680795 0.01097944959727144
0.0 0.28452598831672776 0.1802877955363112 0.009881504637544402 0.010430477117408188
0.0 0.13410752883410737 0.18550303409501528 0.010979449597271573 0.01097944959727144
0.0 0.15990923538769555 0.18824789649433313 0.010979449597271573 0.008783559677817365
0.0 0.1524981069095372 0.2159710067274437 0.012626367036862263 0.009332532157680618
0.0 0.1338330425941756 0.24149822704110005 0.012626367036862308 0.009881504637544225
0.0 0.16896728130544456 0.23463607104280548 0.010430477117407966 0.009332532157680973
0.0 0.19202412545971487 0.2217352177660114 0.014822256956316605 0.00878355967781701
0.0 0.25817530928327603 0.23628298848239612 0.008783559677817188 0.008234587197953757
0.0 0.24115716240750515 0.25275216287830327 0.009881504637544402 0.010430477117407832
0.0 0.2548814744040946 0.2552225390376897 0.007685614718090062 0.010979449597271795
0.0 0.219198263212962 0.2711427409537334 0.009881504637544402 0.009881504637544225
0.0 0.13767584995322066 0.2999637961465712 0.010430477117407966 0.010430477117408543
0.0 0.10336506996174703 0.3180798879820692 0.010979449597271573 0.017018146875771124
0.0 0.0967774002033841 0.35925282397183744 0.014273284476453041 0.009332532157680973
0.0 0.11022722596004175 0.3773689158073358 0.015920201916043774 0.008234587197953757
0.0 0.16265409778701348 0.309570814544184 0.01097944959727153 0.012077394556998656
0.0 0.16869279506551285 0.3496458055742256 0.009881504637544447 0.009881504637544225
0.0 0.2093167585754176 0.33098074125886345 0.009881504637544402 0.01097944959727144
0.0 0.19037720802012417 0.387524906684812 0.010430477117407966 0.008783559677817365
0.0 0.2364908963286647 0.3425091633359987 0.012626367036862351 0.009881504637544225
0.0 0.22770733665084747 0.37791788828719924 0.010430477117408011 0.010430477117408188
0.0 0.2041015200167136 0.29886585118684417 0.01152842207713507 0.011528422077135048
0.0 0.30511245631161193 0.36309563133088274 0.010430477117408011 0.010430477117408543
0.0 0.29577992415393106 0.3856035030052894 0.009332532157680883 0.011528422077135048
0.0 0.28150663967747813 0.3812117231663811 0.012626367036862351 0.014822256956316693
0.0 0.2718996212798655 0.37517302588788154 0.012077394556998744 0.009332532157680973
0.0 0.30593591503140727 0.21981381408648878 0.009881504637544402 0.011528422077135402
0.0 0.2960544103938629 0.21981381408648878 0.012077394556998832 0.011528422077135402
0.0 0.3512261446201524 0.180287795536311 0.012626367036862263 0.009332532157680618
0.0 0.34491296110172137 0.22502905264519288 0.010979449597271618 0.01097944959727144
0.0 0.3536965207795385 0.23051877744382843 0.009881504637544402 0.01317533951672587
0.0 0.3295417316655411 0.2887098603093678 0.012077394556998656 0.010979449597271795
0.0 0.33887426382322194 0.3084728695844568 0.010979449597271618 0.009881504637544225
0.0 0.33667837390376765 0.317256429262274 0.010979449597271618 0.01097944959727144
0.0 0.3660484015764691 0.2873374291097088 0.008234587197953669 0.010430477117407832
0.0 0.4143579798044639 0.278004896952028 0.011528422077135048 0.008234587197953757
0.0 0.4050254476467831 0.3117667044636381 0.010430477117408011 0.012077394556998656
0.0 0.40145712652766985 0.3213737228612509 0.010979449597271618 0.010430477117407832
0.0 0.41271106236487326 0.24259617200082725 0.012626367036862263 0.010979449597271795
0.0 0.43604239275907536 0.16601451105985826 0.01317533951672587 0.010430477117408188
0.0 0.47035317275054905 0.15503506146258667 0.009332532157680795 0.012626367036862263
0.0 0.4678827965911627 0.09602051987725187 0.010979449597271618 0.01097944959727144
0.0 0.5041149802621588 0.026301014934577614 0.012077394556998832 0.01097944959727144
0.0 0.5178392922587484 0.013125675417851567 0.008783559677817188 0.009881504637544225
0.0 0.6921380546154344 0.023830638775191558 0.011528422077135225 0.012626367036862263
0.0 0.7088817152512734 0.0038179753096080128 0.010979449597271795 0.0076359506192160255
0.0 0.9166677988796378 0.0018965716300854752 0.009332532157680973 0.0037931432601709504
0.0 0.95537035871002 0.0018965716300854752 0.014273284476453086 0.0037931432601709504
0.0 0.9921515148608799 0.0005241404304264563 0.013175339516725514 0.0010482808608529126
0.0 0.9891321662216302 0.007910436859147652 0.011528422077135048 0.013724311996589833
0.0 0.9899556249414256 0.03755495077178086 0.01317533951672587 0.014822256956316693
0.0 0.5048895025622288 0.05869039124652886 0.01317533951672587 0.012077394556998656
0.0 0.5164179246393638 0.07982583172127651 0.012077394556998656 0.009332532157680973
0.0 0.5268484017567716 0.0927266849980704 0.009881504637544225 0.012077394556998656
0.0 0.5556694569496095 0.10617651075472825 0.010430477117408011 0.010430477117408188
0.0 0.5762559249444937 0.08257069412059437 0.012077394556998656 0.009332532157680618
0.0 0.581196677263266 0.07625751060216342 0.014273284476453086 0.00988150463754458
0.0 0.5430430899127473 0.07625751060216324 0.009332532157680795 0.008783559677817365
0.0 0.47497050240966365 0.1286843824291349 0.01262636703686244 0.009332532157680973
0.0 0.522731108157795 0.13609551090729344 0.012626367036862263 0.01097944959727144
0.0 0.529044291676226 0.17260218081822137 0.010979449597271795 0.010430477117408188
0.0 0.504340530082365 0.18495406161515165 0.016469174395907338 0.01427328447645273
0.0 0.46618694273184647 0.2365574747223281 0.01262636703686244 0.012077394556998656
0.0 0.4988508052837292 0.23847887840185056 0.01317533951672587 0.010430477117408188
0.0 0.5611591817482453 0.2406747683213048 0.010430477117408011 0.010430477117408188
0.0 0.496654915364275 0.29310164014827667 0.016469174395907338 0.01097944959727144
0.0 0.4823816308878219 0.2626336675158482 0.012077394556998656 0.010430477117407832
0.0 0.5455134660721334 0.3057280071851391 0.01097944959727144 0.012077394556998656
0.0 0.6152329710148078 0.25796740143700775 0.012077394556998832 0.01097944959727144
0.0 0.6330745766103741 0.24149822704110058 0.012626367036862263 0.01646917439590716
0.0 0.7310661642660227 0.21404960304792162 0.015371229436180123 0.010979449597271795
0.0 0.746437393702203 0.19428659377283247 0.01317533951672587 0.01427328447645273
0.0 0.7244784945076599 0.24945832799912235 0.015371229436180123 0.010430477117407832
0.0 0.6948339805950267 0.21734343792710292 0.01317533951672587 0.016469174395907515
0.0 0.6588762831639623 0.2222841902458752 0.009332532157680795 0.01317533951672587
0.0 0.6621701180431439 0.14076177698613374 0.012626367036862263 0.012626367036862263
0.0 0.7165183935496379 0.28294564927080046 0.013724311996589477 0.013724311996589833
0.0 0.650092723486145 0.2944740713479355 0.01592020191604391 0.014822256956316693
0.0 0.6876973383568002 0.056220015087142625 0.01097944959727144 0.011528422077135048
0.0 0.7093817513114116 0.05759244628680164 0.010430477117407832 0.014273284476453086
0.0 0.6855014484373457 0.07378713444277718 0.009881504637544225 0.010430477117407832
0.0 0.7019706228332532 0.09739295107691107 0.010979449597271618 0.013724311996589833
0.0 0.7025195953131167 0.08119826292093553 0.00988150463754458 0.008783559677817365
0.0 0.7041665127527075 0.09107976755847993 0.008783559677817365 0.006587669758362935
0.0 0.710205210031207 0.08119826292093535 0.007685614718089972 0.01097944959727144
0.0 0.7184397972291606 0.10233370339568335 0.009881504637544402 0.011528422077135402
0.0 0.726674384427114 0.12017530899124954 0.014273284476452907 0.012077394556998656
0.0 0.7453394487424758 0.08202172164073093 0.014273284476452907 0.010430477117408188
0.0 0.7920021095308798 0.007386296428721373 0.012077394556998832 0.014772592857442746
0.0 0.8191762472841269 0.02053680389601027 0.011528422077135048 0.012626367036862263
0.0 0.8276853207220114 0.048808886608984456 0.009881504637545646 0.01427328447645273
0.0 0.8172548436046043 0.06802292340420983 0.010979449597271795 0.012077394556998656
0.0 0.8175293298445363 0.08147274916086733 0.010430477117407832 0.013724311996589477
0.0 0.8419586051984655 0.10837240067418268 0.01097944959727144 0.011528422077135048
0.0 0.8680347979919855 0.11688147411206806 0.013724311996589477 0.014273284476453086
0.0 0.785414439772517 0.12539054754995363 0.014273284476452907 0.013724311996589477
0.0 0.5971168791793097 0.09958884099636549 0.014273284476452907 0.010430477117408188
0.0 0.8856019173476201 0.05182823524823395 0.011528422077135048 0.011528422077135402
0.0 0.8858764035875518 0.06582703348475523 0.009881504637544225 0.01097944959727144
0.0 0.8968558531848234 0.06335665732536935 0.01317533951672587 0.010430477117407832
0.0 0.9273238258172519 0.09272668499807057 0.011528422077135048 0.012077394556999011
0.0 0.9358328992551375 0.11797941907179528 0.014273284476453086 0.012077394556998656
0.0 0.975358917805315 0.1522901990632688 0.01317533951672587 0.018116091835498338
0.0 0.9366563579749329 0.16052478626122255 0.01592020191604391 0.012626367036861907
0.0 0.9270493395773203 0.13225270354824836 0.01317533951672587 0.0120773945569983
0.0 0.8996007155841413 0.13938934578647472 0.014273284476453086 0.012077394556998656
0.0 0.9059138991025725 0.16464207986019944 0.014822256956316693 0.01427328447645273
0.0 0.9048159541428452 0.19126724513358298 0.014822256956316693 0.014822256956316338
0.0 0.9531255323708402 0.1962079974523551 0.014822256956316693 0.014822256956316693
0.0 0.8721520915909624 0.22667597008478352 0.0153712294361803 0.00878355967781701
0.0 0.8663878805523948 0.21404960304792145 0.012626367036862263 0.008783559677817365
0.0 0.9525765598909764 0.41003277835921886 0.012626367036862263 0.01317533951672587
0.0 0.8641919906329406 0.3038066035056163 0.012626367036862263 0.011528422077135402
0.0 0.9081097890220269 0.3469009431749074 0.012626367036862263 0.012077394556998656
0.0 0.9081097890220269 0.36968330108924585 0.011528422077135048 0.011528422077135048
0.0 0.9155209175001848 0.3674874111697914 0.01097944959727144 0.011528422077135402
0.0 0.9358328992551375 0.5077498797749357 0.01646917439590716 0.012077394556998656
0.0 0.8134120362455596 0.33015728253906806 0.01317533951672587 0.01592020191604391
0.0 0.7692197516165414 0.3320786862185905 0.013724311996589477 0.015371229436179945
0.0 0.7316151367458865 0.38011377820665404 0.015371229436180123 0.012626367036862263
0.0 0.7859634122523806 0.3812117231663811 0.015371229436180123 0.009332532157680973
0.0 0.8381157978394205 0.40866034715956 0.009881504637544225 0.014822256956316693
0.0 0.8287832656817397 0.41415007195819536 0.010979449597271795 0.013724311996589123
0.0 0.7876103296919712 0.48579098058039244 0.00988150463754458 0.0153712294361803
0.0 0.7538485221803612 0.5563339442428621 0.012626367036862263 0.010430477117407832
0.0 0.8554084309551231 0.567038907600202 0.014822256956316693 0.015371229436179945
0.0 0.8828570549483021 0.3639190900506783 0.012626367036862263 0.014273284476453086
0.0 0.8924640733459148 0.45422506298823695 0.01317533951672587 0.015920201916043552
0.0 0.6997747329137989 0.567038907600202 0.01317533951672587 0.012077394556998656
0.0 0.6951084668349583 0.39466154892303856 0.013724311996589477 0.014273284476453086
0.0 0.687971824596732 0.43226616379369387 0.010430477117407832 0.011528422077135402
0.0 0.676168916279665 0.43254065003362535 0.010979449597271618 0.014273284476453086
0.0 0.6662874116421207 0.5170824119326165 0.008783559677817188 0.014273284476453086
0.0 0.6640915217226662 0.5368454212077054 0.014273284476452907 0.010979449597271086
0.0 0.6369173839694193 0.40564099852031 0.015920201916043375 0.01097944959727073
0.0 0.5875098607816973 0.38066275068651745 0.013724311996589477 0.011528422077135402
0.0 0.5844905121424475 0.4275998977148534 0.010979449597271618 0.009881504637544225
0.0 0.561708154228109 0.49210416409882374 0.012626367036862263 0.010430477117408188
0.0 0.535906447674521 0.5360219624879097 0.010430477117408011 0.012626367036862263
0.0 0.5457879523120651 0.4753605034629846 0.011528422077135048 0.01097944959727144
0.0 0.5309656953557484 0.47865433834216625 0.011528422077135225 0.010979449597271086
0.0 0.5153199796796366 0.39960230124181084 0.010979449597271618 0.0120773945569983
0.0 0.5271228879967036 0.3839565855656987 0.01262636703686244 0.012626367036862618
0.0 0.5071926042153758 0.45687140580618435 0.008180849244479127 0.009544324118558479
0.0 0.5073630385746357 0.46777920479882307 0.013293880022278336 0.013634748740798485
0.0 0.489126562133818 0.4822661253359213 0.01158953642967866 0.007839980525959333
0.0 0.46833357030410055 0.4829478627729614 0.013634748740798308 0.011930405148198986
0.0 0.4863996123856583 0.4906174089396602 0.01704343592599784 0.010226061555598775
0.0 0.4913422088041976 0.3544403558909366 0.011248667711158688 0.011248667711158688
0.0 0.5905350058935055 0.34370299125755804 0.014657354896358221 0.010907798992638718
0.0 0.48469526879305846 0.32648912097230054 0.018406910800077725 0.012612142585238573
0.0 0.4475405784743831 0.36296207385393603 0.01704343592599784 0.013975617459318457
0.0 0.4020346045519686 0.3818802877317937 0.010566930274118702 0.014316486177838072
0.0 0.374424238351852 0.4197167154875089 0.012612142585238396 0.010907798992638718
0.0 0.43169018306320506 0.467949639158083 0.01193040514819863 0.013293880022278515
0.0 0.35311994344435466 0.47868700379146156 0.010907798992638629 0.009544324118558833
0.0 0.25852887405506625 0.4323288580727477 0.009885192837078805 0.012271273866718602
0.0 0.21609071859933143 0.5020365110100788 0.011589536429678571 0.010566930274118747
0.0 0.16308563286947797 0.48823132791002044 0.011930405148198542 0.012271273866718602
0.0 0.17058474467691703 0.5436224946695137 0.0112486677111586 0.011248667711158688
0.0 0.2610853894439659 0.5390207669694942 0.010907798992638629 0.01158953642967866
0.0 0.2733566633106844 0.5482242223695334 0.011589536429678571 0.01158953642967866
0.0 0.2897183617996424 0.5741302449770501 0.011589536429678571 0.012271273866718602
0.0 0.08996929274694691 0.4670974673617829 0.014998223614878148 0.010907798992638718
0.0 0.06951716963574943 0.49521913663967965 0.013634748740798331 0.012612142585238217
0.0 0.1209883461322631 0.5085130166619581 0.012271273866718469 0.009885192837078805
0.0 0.05897028830395277 0.5535076875065924 0.009544324118558833 0.012612142585238573
0.0 0.1564587418006608 0.646394413303281 0.016361698488957986 0.012271273866718602
0.0 0.16054916642290026 0.6774134666885973 0.010907798992638672 0.010226061555598775
0.0 0.1700934905414591 0.6942864682553349 0.012271273866718469 0.009885192837078805
0.0 0.16719610643403948 0.7288846431851107 0.009203455400038862 0.010907798992638362
0.0 0.1890117044193168 0.7397924421777493 0.009885192837078805 0.010226061555598775
0.0 0.2062255747045747 0.7476324227037084 0.012271273866718512 0.01158953642967866
0.0 0.11828144532642548 0.7230898749702714 0.012271273866718512 0.01022606155559913
0.0 0.12970054739684406 0.727862037029551 0.011248667711158645 0.012271273866718602
0.0 0.04755118623353416 0.73502028011847 0.011930405148198537 0.012953011303758189
0.0 0.10055627196338765 0.7822305976334846 0.010907798992638662 0.009203455400039218
0.0 0.16395785360809983 0.7651871617074864 0.013634748740798352 0.013975617459318102
0.0 0.2174742424157333 0.7909227499557433 0.010907798992638718 0.013634748740798485
0.0 0.21389512087127374 0.8410304515781771 0.016020829770438016 0.010907798992639073
0.0 0.2396307091195306 0.7140568539294927 0.010907798992638629 0.012612142585238573
0.0 0.2697975907085469 0.7754132232630851 0.012612142585238484 0.01329388002227816
0.0 0.22616639473799224 0.679458678999717 0.010566930274118657 0.010907798992638718
0.0 0.24099418399361044 0.6818447600293567 0.011589536429678571 0.008862586681518892
0.0 0.25650371068626854 0.687809962603456 0.011248667711158688 0.013975617459318457
0.0 0.15134571102286143 0.8877294660154117 0.010907798992638672 0.012271273866718247
0.0 0.14878919563396173 0.9685153523046417 0.012612142585238484 0.01363474874079813
0.0 0.23298376910839141 0.9961880813005193 0.010566930274118657 0.007623837398961442
0.0 0.2561628419677485 0.9943133033486596 0.011930405148198542 0.011373393302680768
0.0 0.27866017739006577 0.89471727474507 0.010566930274118657 0.011930405148198275
0.0 0.49550381267653726 0.999286897328812 0.014623268024506152 0.001426205342376008
0.0 0.48406766717019273 0.9612657134156148 0.011248667711158688 0.01012380094004257
0.0 0.5075023915684398 0.9248950211495351 0.015373179205250054 0.01012380094004257
0.0 0.4536962643500645 0.8690266381841137 0.009748845349671242 0.012373534482274805
0.0 0.4591331204104576 0.8285314344239427 0.010123800940042749 0.01012380094004257
0.0 0.4283867619999574 0.77041331791629 0.012373534482274452 0.010873712120786649
0.0 0.4711316993023601 0.7767875629526131 0.009373889759298848 0.01012380094004257
0.0 0.5339367606896623 0.7764126073622413 0.011248667711158688 0.01012380094004257
0.0 0.5622459077627451 0.8037843654593939 0.01162362330153055 0.011623623301530727
0.0 0.5146265477855069 0.7542902275302958 0.012373534482274628 0.01012380094004257
0.0 0.44375994120520756 0.7359174036020699 0.009373889759298848 0.008623978578555125
0.0 0.42257495034919224 0.7413542596624634 0.008998934168926808 0.008998934168927164
0.0 0.4193878278310306 0.7167946684931005 0.01162362330153055 0.011623623301530727
0.0 0.4566959090730401 0.6826737097692526 0.01349840125339039 0.00862397857855477
0.0 0.5937421773539893 0.6789241538655333 0.014623268024506152 0.009373889759298848
0.0 0.6321751253671144 0.6914851661429934 0.010498756530414788 0.011248667711158688
0.0 0.6593594056690815 0.8082838325438569 0.009373889759298848 0.011623623301530727
0.0 0.660671750235383 0.8598402262200011 0.010498756530414788 0.00899893416892752
0.0 0.799967752058564 0.8993980410042421 0.008623978578554948 0.009373889759299203
0.0 0.9647607340270378 0.803221932073836 0.011248667711158688 0.010498756530414788
0.0 0.9486376436410436 0.7567274388677137 0.007499111807439007 0.007499111807439007
0.0 0.954261977496623 0.7587896946147593 0.005999289445951206 0.009373889759298848
0.0 0.9805980830153469 0.24020544407270297 0.00548972479863572 0.005988790689420753
0.0 0.8458502925033778 0.2741419246460877 0.00948225192491634 0.009981317815701374
0.0 0.5763547114794394 0.1668427581272974 0.00948225192491634 0.007985054252561241
0.0 0.4159050275920392 0.19229511855733605 0.011977581378841685 0.01497197672355206
0.0 0.38246761290943954 0.2788830506085457 0.010979449597271618 0.00848412014334592
0.0 0.9264494338651668 0.6147543951068988 0.01497197672355206 0.008484120143346274
0.0 0.8975036121996327 0.5900506335130377 0.009981317815701374 0.008983186034131308
0.0 0.904241001725231 0.6162515927792537 0.011478515488056474 0.010480383706486407
0.0 0.8540848797013314 0.6057712090727673 0.011977581378841506 0.010480383706486407
0.0 0.8817830366399031 0.6536815345881342 0.01147851548805683 0.008484120143346274
0.0 0.823142794472657 0.7559900421990738 0.015970108505122482 0.01347477905119696
0.0 0.6457248702985645 0.6174992575062165 0.01347477905119696 0.01097944959727144
0.0 0.6467230020801346 0.5700879978816348 0.01347477905119696 0.013973844941981995
0.0 0.5845892986773932 0.6015291490010941 0.01097944959727144 0.011977581378841862
0.0 0.564876195991383 0.5665945366461391 0.00948225192491634 0.012975713160411573
0.0 0.5204593317115116 0.5498758293048394 0.01347477905119696 0.010480383706486407
0.0 0.5376771049435966 0.5833132439874392 0.009981317815701551 0.010480383706486407
0.0 0.5037406243702117 0.6100132691444407 0.012975713160411928 0.009981317815701374
0.0 0.4862733181927344 0.599532885437954 0.009981317815701374 0.009981317815701728
0.0 0.4720499403053597 0.5471309669055213 0.01347477905119696 0.007985054252560886
0.0 0.4583256283087702 0.560855278902111 0.011977581378841685 0.010480383706486407
0.0 0.42339101595381523 0.533905720799717 0.008983186034131308 0.00948225192491634
0.0 0.4191489558821422 0.5401440444345302 0.012476647269626717 0.009981317815701374
0.0 0.4193984888275347 0.5578608835574006 0.012975713160411928 0.011478515488056474
0.0 0.4161545605374316 0.582315112205869 0.012476647269626717 0.01147851548805683
0.0 0.3961919249060289 0.5860581063867569 0.015471042614337271 0.01097944959727144
0.0 0.3695497242605582 0.7799041662773227 0.015030136365266511 0.013261885028176578
0.0 0.3399315143642977 0.797144616813952 0.0141460106967215 0.014146010696721412
0.0 0.2532871988468787 0.5973322157227612 0.0141460106967215 0.012377759359631568
0.0 0.33461670592205833 0.19910241299868653 0.012077394556998832 0.012077394556998656
0.0 0.31617800185476186 0.022730966989872668 0.011079685223913139 0.00964584360670102
