0.0 0.18701005772761142 0.337842897257158 0.0735367786980053 0.012626367036862263
0.0 0.026096315057301152 0.35348861293326994 0.052192630114602304 0.020860954234816022
0.0 0.3490633293028443 0.40673894348003703 0.05991885671689255 0.01317533951672587
0.0 0.5233727306610786 0.4660279713053036 0.054471687924447454 0.009881504637544225
0.0 0.36131945908584573 0.4893593016995057 0.0735367786980053 0.011528422077135048
0.0 0.1597742137653877 0.5080243660148674 0.0680896099055602 0.010430477117407832
0.0 0.5397142370384121 0.5198272743319341 0.05991885671689255 0.009881504637544225
0.0 0.4471123675668525 0.5376688799275007 0.07081319430177922 0.014822256956316693
0.0 0.3408925761141784 0.6850679907708713 0.06536602550933765 0.0153712294361803
0.0 0.35314870589717984 0.8514066521695355 0.051748103528224905 0.01097944959727144
0.0 0.12572940881260936 0.9970697484670328 0.07626036309422432 0.005860503065934353
