0.0 0.11666779887963781 0.0018965716300854752 0.009332532157680973 0.0037931432601709504
0.0 0.15537035871002 0.0018965716300854752 0.014273284476453086 0.0037931432601709504
0.0 0.19215151486087995 0.0005241404304264563 0.013175339516725514 0.0010482808608529126
0.0 0.18913216622163026 0.007910436859147652 0.011528422077135048 0.013724311996589833
0.0 0.18995562494142568 0.03755495077178086 0.01317533951672587 0.014822256956316693
0.0 0.29151553371618755 0.020536803896010092 0.014273284476453086 0.009332532157680973
0.0 0.4334249197609227 0.005464892749198746 0.013724311996589477 0.010929785498397493
0.0 0.33104155226636517 0.08860939139909352 0.014273284476453086 0.010430477117408188
0.0 0.37358691945579264 0.0894328501188891 0.012626367036862263 0.00768561471809015
0.0 0.460050085034306 0.07872788676154911 0.01317533951672587 0.010430477117408188
0.0 0.5190646266196406 0.09355014371786581 0.014822256956316693 0.013724311996589477
0.0 0.5511795166916608 0.1182539053117269 0.01317533951672516 0.009332532157680973
0.0 0.5536498928510462 0.15036879538374617 0.013724311996589477 0.00878355967781701
0.0 0.6285846363524245 0.17452358449774347 0.01317533951672587 0.01097944959727144
0.0 0.6299570675520838 0.21322614432812587 0.012626367036862263 0.012626367036862618
0.0 0.5972932050002004 0.2585163739168708 0.012077394556998656 0.009881504637544225
0.0 0.6801880494596008 0.2752600345527103 0.012077394556998656 0.013724311996589477
0.0 0.6947358201759858 0.2744365758329147 0.012626367036862263 0.013175339516725514
0.0 0.7199885542497105 0.249458327999122 0.014822256956316693 0.011528422077135402
0.0 0.8376942147607217 0.337842897257158 0.014822256956316693 0.012626367036862263
0.0 0.8039324072491116 0.35348861293326994 0.013175339516725693 0.020860954234816022
0.0 0.7353108472661644 0.36968330108924546 0.01317533951672587 0.013724311996589123
0.0 0.8703580773126045 0.40673894348003703 0.012077394556998656 0.01317533951672587
0.0 0.9054923160238737 0.4660279713053036 0.01097944959727144 0.009881504637544225
0.0 0.8728284534719908 0.4893593016995057 0.014822256956316693 0.011528422077135048
0.0 0.832204489962086 0.5080243660148674 0.013724311996589477 0.010430477117407832
0.0 0.9087861509030549 0.5198272743319341 0.012077394556998656 0.009881504637544225
0.0 0.8901210865876937 0.5376688799275007 0.014273284476452375 0.014822256956316693
0.0 0.8687111598730141 0.6850679907708713 0.01317533951672587 0.0153712294361803
0.0 0.8711815360324003 0.8514066521695355 0.010430477117407832 0.01097944959727144
0.0 0.7446433794238452 0.8538770283289214 0.008783559677817365 0.010430477117407832
0.0 0.8253423339637915 0.9970697484670328 0.015371229436179589 0.005860503065934353
0.0 0.019176247284126903 0.02053680389601027 0.011528422077135048 0.012626367036862263
0.0 0.027685320722011398 0.048808886608984456 0.009881504637545646 0.01427328447645273
0.0 0.017254843604604275 0.06802292340420983 0.010979449597271795 0.012077394556998656
0.0 0.017529329844536257 0.08147274916086733 0.010430477117407832 0.013724311996589477
0.0 0.041958605198465546 0.10837240067418268 0.01097944959727144 0.011528422077135048
0.0 0.06803479799198549 0.11688147411206806 0.013724311996589477 0.014273284476453086
0.0 0.08560191734762004 0.05182823524823395 0.011528422077135048 0.011528422077135402
0.0 0.08587640358755184 0.06582703348475523 0.009881504637544225 0.01097944959727144
0.0 0.09685585318482345 0.06335665732536935 0.01317533951672587 0.010430477117407832
0.0 0.1273238258172519 0.09272668499807057 0.011528422077135048 0.012077394556999011
0.0 0.13583289925513747 0.11797941907179528 0.014273284476453086 0.012077394556998656
0.0 0.17535891780531507 0.1522901990632688 0.01317533951672587 0.018116091835498338
0.0 0.13665635797493286 0.16052478626122255 0.01592020191604391 0.012626367036861907
0.0 0.12704933957732029 0.13225270354824836 0.01317533951672587 0.0120773945569983
0.0 0.09960071558414132 0.13938934578647472 0.014273284476453086 0.012077394556998656
0.0 0.10591389910257246 0.16464207986019944 0.014822256956316693 0.01427328447645273
0.0 0.10481595414284524 0.19126724513358298 0.014822256956316693 0.014822256956316338
0.0 0.1531255323708402 0.1962079974523551 0.014822256956316693 0.014822256956316693
0.0 0.07215209159096236 0.22667597008478352 0.0153712294361803 0.00878355967781701
0.0 0.06638788055239483 0.21404960304792145 0.012626367036862263 0.008783559677817365
0.0 0.33099261584663964 0.11935185027145412 0.010430477117407832 0.011528422077135402
0.0 0.4051039006282224 0.1344485934677026 0.013724311996589477 0.012077394556998656
0.0 0.36173507471899935 0.18852238273426494 0.012626367036862263 0.013724311996589477
0.0 0.29640734961523396 0.34196019085613544 0.011528422077135402 0.012077394556998656
0.0 0.34389346912343355 0.3784668607670632 0.014273284476453086 0.012626367036862263
0.0 0.385889863832997 0.4322661637936937 0.0192140367952252 0.01592020191604391
0.0 0.15257655989097643 0.41003277835921886 0.012626367036862263 0.01317533951672587
0.0 0.0641919906329406 0.3038066035056163 0.012626367036862263 0.011528422077135402
0.0 0.10810978902202688 0.3469009431749074 0.012626367036862263 0.012077394556998656
0.0 0.10810978902202688 0.36968330108924585 0.011528422077135048 0.011528422077135048
0.0 0.11552091750018487 0.3674874111697914 0.01097944959727144 0.011528422077135402
0.0 0.13583289925513747 0.5077498797749357 0.01646917439590716 0.012077394556998656
0.0 0.2788402302595994 0.4934765952984826 0.011528422077135048 0.016469174395907515
0.0 0.25084263378655686 0.5173568981725485 0.011528422077135048 0.013724311996589833
0.0 0.013412036245559556 0.33015728253906806 0.01317533951672587 0.01592020191604391
0.0 0.03811579783942047 0.40866034715956 0.009881504637544225 0.014822256956316693
0.0 0.028783265681739677 0.41415007195819536 0.010979449597271795 0.013724311996589123
0.0 0.055408430955123045 0.567038907600202 0.014822256956316693 0.015371229436179945
0.0 0.08285705494830217 0.3639190900506783 0.012626367036862263 0.014273284476453086
0.0 0.09246407334591478 0.45422506298823695 0.01317533951672587 0.015920201916043552
0.0 0.0021398706739207186 0.8993980410042421 0.004279741347841437 0.009373889759299203
0.0 0.26337405429486155 0.8069714879775554 0.013498401253390569 0.008998934168926808
0.0 0.16476073402703778 0.803221932073836 0.011248667711158688 0.010498756530414788
0.0 0.21894181683578484 0.7019839226734081 0.007874067397811046 0.005999289445951206
0.0 0.2232538061250624 0.7047960896011978 0.004499467084463404 0.007874067397811046
0.0 0.14863764364104365 0.7567274388677137 0.007499111807439007 0.007499111807439007
0.0 0.15426197749662302 0.7587896946147593 0.005999289445951206 0.009373889759298848
0.0 0.3411773392970419 0.7670387176029422 0.007874067397811402 0.00862397857855477
0.0 0.5828362172917663 0.9106467087154002 0.01049875653041461 0.013873356843762253
0.0 0.6550151684383675 0.6871731768537161 0.009373889759298848 0.010873712120786649
0.0 0.6488284011972304 0.6680504417447464 0.011998578891902766 0.01312344566301853
0.0 0.6165822204252425 0.692984988504481 0.01049875653041461 0.01274849007264649
0.0 0.5325921681819243 0.35421261260342085 0.011248667711158688 0.010123800940042926
0.0 0.5539646368331258 0.41195577352070173 0.01049875653041461 0.00862397857855477
0.0 0.5046579766992144 0.45413827743754676 0.010873712120786649 0.009748845349670887
0.0 0.18059808301534694 0.24020544407270297 0.00548972479863572 0.005988790689420753
0.0 0.04585029250337787 0.2741419246460877 0.00948225192491634 0.009981317815701374
0.0 0.12644943386516677 0.6147543951068988 0.01497197672355206 0.008484120143346274
0.0 0.0975036121996327 0.5900506335130377 0.009981317815701374 0.008983186034131308
0.0 0.10424100172523101 0.6162515927792537 0.011478515488056474 0.010480383706486407
0.0 0.05408487970133145 0.6057712090727673 0.011977581378841506 0.010480383706486407
0.0 0.08178303663990309 0.6536815345881342 0.01147851548805683 0.008484120143346274
0.0 0.02314279447265708 0.7559900421990738 0.015970108505122482 0.01347477905119696
