0 0.06054323358254821 0.485457881496621 0.02080276983286609 0.011307863370222365
0 0.13191825421600256 0.4850540292333988 0.018650759160500633 0.012923272423111315
0 0.14985167648571468 0.5157468012382881 0.01865075916050067 0.010500158843777996
0 0.1484170027041377 0.5365451927942329 0.028693475631539424 0.010904011107000145
0 0.061619238918730945 0.5571416582185665 0.01434673781576973 0.011711715633444655
0 0.20580395396721662 0.5650167773514001 0.018650759160500633 0.008077045264444607
0 0.20508661707642817 0.5565358798237332 0.0215201067236546 0.008077045264444607
0 0.21118398064813027 0.5395740847683996 0.01506407470655823 0.0064616362115557276
0 0.2588868838855645 0.5337182269516773 0.012912064034192846 0.008480897527666826
0 0.2646255790118725 0.554516618507622 0.021520106723654564 0.010500158843777996
0 0.11864752173641556 0.4293224169087313 0.01649874848813516 0.012115567896666946
0 0.09533407278578977 0.43053397369839785 0.012912064034192755 0.008077045264444607
0 0.07596597673450066 0.44426495064795374 0.01721608537892366 0.012923272423111386
0 0.09031271455027039 0.45254392204400945 0.01721608537892367 0.015750238265666853
0 0.11757151640023285 0.46122674570328726 0.020085432942077618 0.012115567896666946
0 0.1462649920317723 0.45799592759750946 0.025824128068385493 0.010500158843777996
0 0.24202946695203514 0.4945445574191212 0.0121947271434043 0.007673193001222387
0 0.32595788317428803 0.49010218252367665 0.0121947271434043 0.016557942792111435
0 0.3191431827117973 0.46264022862456516 0.010042716471038738 0.010904011107000074
0 0.24740949363294878 0.42407233748684225 0.020085432942077545 0.009692454317333557
0 0.23987745627966972 0.4321493827512869 0.02367211739602009 0.005653931685111147
0 0.263908242121084 0.4539574049652872 0.025824128068385584 0.012923272423111315
0 0.26032155766714155 0.4656691205987318 0.022954780505231545 0.010500158843777925
0 0.36577008061304894 0.41922611032817547 0.020085432942077618 0.008884749790888975
0 0.35034733746109653 0.5704687829049001 0.013629400924981282 0.006865488474777876
0 0.36469407527686626 0.596719180014345 0.02510679117759686 0.006865488474777806
0 0.44647048082675367 0.5734976748790669 0.013629400924981282 0.006461636211555657
0 0.3819101606557899 0.5211988067917882 0.016498748488135106 0.007673193001222387
0 0.44754648616293635 0.524227698765955 0.014346737815769757 0.008077045264444464
0 0.4030715989340503 0.5432087551373996 0.011477390252615934 0.011307863370222436
0 0.38836619267288625 0.5428049028741775 0.017933422269712125 0.011307863370222436
0 0.5426653578814896 0.5857877078038426 0.017933422269712052 0.011711715633444655
0 0.543024026326884 0.5470178905345087 0.015781411597346848 0.010904011107000358
0 0.5717175019584233 0.5734702137755647 0.011477390252615863 0.006461636211555586
0 0.4734423479204006 0.43918933625417367 0.012912064034192738 0.009288602054111266
0 0.5197105773762581 0.42444872864656236 0.012194727143404336 0.011307863370222436
0 0.5272426147295372 0.452112608677285 0.024389454286808387 0.012519420159889024
0 0.49101710174471863 0.4428240066231737 0.017933422269712125 0.008480897527666826
0 0.5336986467466336 0.46685321628489634 0.015781411597346705 0.009692454317333486
0 0.6061496727162706 0.4838150113402299 0.01721608537892358 0.010500158843777854
0 0.5627507908235674 0.43555466588517355 0.010760053361827247 0.011711715633444584
0 0.5853469028834045 0.4216217628040067 0.01721608537892372 0.006461636211555657
0 0.0785483895413392 0.41132353009183986 0.026541464959173987 0.010096306580555776
0 0.03156282319469339 0.38123653648178385 0.01865075916050064 0.008884749790888975
0 0.036942849875607024 0.36488051982128356 0.01649874848813517 0.010096306580555776
0 0.050930919245982496 0.36366896303161694 0.014346737815769721 0.008480897527666897
0 0.05559360903610767 0.37093830376961706 0.012194727143404256 0.0060577839483333664
0 0.12840330345113898 0.37154408216445034 0.0200854329420776 0.009692454317333414
0 0.14454338349387993 0.3626593323735613 0.02080276983286609 0.006461636211555657
0 0.15315142618334174 0.3523610996613945 0.017933422269712125 0.010904011107000216
0 0.11871925542549443 0.4121312346182843 0.01649874848813518 0.007673193001222316
0 0.08823243756698376 0.38507313298239493 0.020085432942077607 0.010096306580555776
0 0.09468846958408016 0.39456366116811736 0.015781411597346685 0.006461636211555657
0 0.21735307790891123 0.3790153490340616 0.014346737815769686 0.009288602054111266
0 0.2126903881187861 0.4000156667216174 0.01649874848813518 0.013327124686333534
0 0.22775446282534426 0.40284263256417313 0.015064074706558194 0.009288602054111266
0 0.2718706816088362 0.41051582556539545 0.014346737815769721 0.007673193001222316
0 0.24999190643978733 0.36770748566383915 0.019368096051289144 0.008480897527666897
0 0.281913398079875 0.3808326842185616 0.010042716471038772 0.007269340738000096
0 0.2901627723239425 0.37194793442767266 0.019368096051289144 0.007269340738000167
0 0.25286125400294124 0.37962112742889487 0.015064074706558194 0.008884749790888975
0 0.2621866335831916 0.37376526961217266 0.0093253795802503 0.0060577839483334376
0 0.3271056221995496 0.37073637763800593 0.02152010672365453 0.009692454317333557
0 0.3249536115271841 0.3939578827732841 0.017216085378923617 0.010904011107000145
0 0.3500604027047811 0.4072850074596176 0.012912064034192738 0.010096306580555705
0 0.39453528993366727 0.37982305356050605 0.01865075916050074 0.011711715633444584
0 0.47631169548355473 0.3792172751656727 0.027258801849962353 0.013730976949555823
0 0.47595302703816045 0.41011197330217314 0.012194727143404265 0.008480897527666755
0 0.5093091924598251 0.3846692807191728 0.020085432942077687 0.008480897527666755
0 0.5634681277143556 0.3967848486158397 0.012194727143404194 0.009288602054111266
0 0.5562947588064708 0.37679416158633927 0.01506407470655823 0.008884749790889046
0 0.597900298472203 0.37679416158633927 0.012194727143404194 0.011307863370222365
0 0.5810428815386736 0.35316880418783897 0.011477390252615792 0.010096306580555705
0 0.5380026680913644 0.3467071679762833 0.02295478050523151 0.009288602054111266
0 0.47272501102961223 0.3493322076872278 0.017216085378923652 0.009692454317333557
0 0.4845610697276223 0.3416590146860054 0.019368096051289144 0.012923272423111386
0 0.42645678157375483 0.3582169574781168 0.01506407470655823 0.007269340738000096
0 0.21089704589181488 0.3301492251841719 0.021520106723654564 0.012519420159889166
0 0.17646487513396758 0.32671648094678296 0.025824128068385476 0.011307863370222436
0 0.22345044148061338 0.3182355834191161 0.02080276983286609 0.0080770452644445
0 0.30128149413116406 0.3432744237388944 0.014346737815769686 0.009692454317333486
0 0.34575638136005027 0.34428405439695 0.012912064034192738 0.0060577839483334376
0 0.29339078833249077 0.3509476167401167 0.017216085378923687 0.005653931685111218
0 0.28872809854236553 0.35740925295167236 0.02080276983286609 0.007269340738000096
0 0.05559360903610767 0.314398986918505 0.017933422269712153 0.011711715633444655
0 0.037660186766395515 0.27663880030722665 0.0150640747065582 0.011307863370222436
0 0.045192224119674614 0.2645232324105598 0.014346737815769717 0.008884749790888975
0 0.11011121273603258 0.28734088528261564 0.012194727143404265 0.007673193001222316
0 0.15135808395637051 0.2921871124412824 0.0200854329420776 0.007673193001222316
0 0.18005155958790997 0.28976399886194903 0.014346737815769757 0.011711715633444619
0 0.21161438278260333 0.2992545270476714 0.015781411597346667 0.01050015884377796
0 0.240666526859537 0.2972352657315603 0.010760053361827282 0.008077045264444643
0 0.11943659231628292 0.2740137605962822 0.012194727143404282 0.009288602054111266
0 0.11871925542549444 0.26048470977833743 0.022237443614443072 0.011307863370222436
0 0.13091398256889872 0.2788599877549489 0.013629400924981265 0.00928860205411123
0 0.18579025471421787 0.2691675334376154 0.014346737815769757 0.009288602054111266
0 0.14633672572085113 0.2511961077242262 0.015781411597346685 0.00969245431733352
0 0.16606349021753453 0.2580615961990041 0.009325379580250336 0.007269340738000096
0 0.14310870971230294 0.2633116756208931 0.015064074706558213 0.008884749790888975
0 0.15279275773794748 0.2689656073060043 0.015781411597346667 0.008077045264444607
0 0.26469731270095126 0.31237972560239385 0.01865075916050067 0.012519420159889058
0 0.2797613874075095 0.30753349844372707 0.011477390252615755 0.01090401110700018
0 0.2912387776601253 0.29259096470450463 0.017216085378923652 0.014134829212777972
0 0.2700773393818649 0.2968314134683381 0.007890705798673387 0.00888474979088908
0 0.22309177303521913 0.28128310133428225 0.014346737815769721 0.008480897527666826
0 0.22703712593455577 0.26977331183244874 0.012194727143404228 0.011307863370222436
0 0.2575239437930664 0.30086993610056034 0.010042716471038772 0.007269340738000096
0 0.25035057488518153 0.29158133404644904 0.011477390252615755 0.010500158843777996
0 0.28765209320618285 0.273811834464671 0.010042716471038772 0.006461636211555657
0 0.30522684703050074 0.26714827212150427 0.015064074706558265 0.009288602054111266
0 0.27438136072659586 0.2683598289111709 0.01936809605128907 0.008480897527666826
0 0.24497054820426795 0.2657347892002264 0.025106791177597003 0.011307863370222293
0 0.2446118797588737 0.2778503570968933 0.011477390252615792 0.007269340738000096
0 0.2589586175746434 0.2742156867278932 0.01865075916050067 0.005653931685111182
0 0.3593857822850315 0.33418774781639426 0.028693475631539442 0.010904011107000216
0 0.3909486054797249 0.3255049241571163 0.01721608537892358 0.011307863370222365
0 0.42289768700022745 0.33092897042336433 0.016002130640666294 0.00683442291606859
0 0.4157243180923425 0.33885068789426187 0.010484154557677811 0.005281144980598356
0 0.4452454901363302 0.3430445383200312 0.013243142599172088 0.009319667612820765
0 0.425932573845871 0.3498789612360996 0.013243142599172017 0.009940978787008631
0 0.3666143309537462 0.3216093028105436 0.01158774977427548 0.006834422916068447
0 0.35088809911722946 0.312755618578364 0.007725166516183677 0.00838770085153861
0 0.36192405128320615 0.3115129962299879 0.00662157129958608 0.009009012025726619
0 0.36192405128320615 0.3178814357654154 0.009932356949379013 0.0031065558709402552
0 0.34647371825083867 0.30126136185588515 0.015450333032367425 0.006523767328974408
0 0.3409557421678504 0.28945644954631233 0.013243142599172088 0.007766389677350532
0 0.33185108163091953 0.27687489826900447 0.014898535424068556 0.010562289961196746
0 0.37240820584088397 0.2821560432496028 0.009932356949379013 0.010562289961196746
0 0.39834269343092926 0.2970675114301159 0.014346737815769686 0.009319667612820659
0 0.4278638654749169 0.31927938590733845 0.01158774977427548 0.006523767328974515
0 0.3784779795321711 0.2928736610043466 0.011035952165976753 0.0065237673289745505
0 0.3748912950782287 0.29831013377849197 0.017105725857263963 0.007455734090256527
0 0.3765466879031253 0.3146195521009282 0.01269134499087329 0.0071450785031625585
0 0.3826164615944124 0.30809578477195365 0.012691344990873219 0.007766389677350532
0 0.466213799251686 0.31617283003639823 0.008828761732781416 0.006523767328974515
0 0.46842098968488133 0.3248711864750309 0.012139547382574492 0.007766389677350532
0 0.4441418949197326 0.31741545238477437 0.008828761732781416 0.0071450785031625585
0 0.45131526382761733 0.3247158586814838 0.011035952165976682 0.006213111741880439
0 0.4485562757861233 0.2972228392236629 0.0198647138987581 0.009630323199914699
0 0.4355890319911006 0.27718555385609844 0.014898535424068556 0.00869835643863265
0 0.45048756741516915 0.2712830977013121 0.014898535424068484 0.008077045264444607
0 0.5067709234616504 0.2736130146045172 0.017105725857264033 0.010872945548290786
0 0.45876453153965174 0.2905437441011414 0.013794940207470886 0.009319667612820659
0 0.4686968884890308 0.3017273452365262 0.008276964124482547 0.00869835643863265
0 0.4805605370674557 0.2924076776237055 0.015450333032367354 0.00869835643863265
0 0.5423618691969253 0.30328062317199633 0.011035952165976753 0.007455734090256527
0 0.5390510835471322 0.25947818539173917 0.01103595216597654 0.008698356438632615
0 0.564709672333028 0.23835360546934573 0.014898535424068556 0.006834422916068483
0 0.5627783807039822 0.32937569248789417 0.013243142599172017 0.011183601135384792
0 0.5705035472201659 0.3174465174694609 0.01213954738257435 0.009071142195099888
0 0.5663650651579245 0.29939742833332106 0.009380559341080215 0.010251634374102672
0 0.5713312436326141 0.26820760691505846 0.01820932107386156 0.009381797782193892
0 0.5671927615703728 0.25857728371514377 0.01765752346556269 0.008139175433817734
0 0.19914375683504965 0.2389749166435338 0.018761118682160394 0.006213111741880439
0 0.2581861009230251 0.24456671721122616 0.00993235694937912 0.008077045264444572
0 0.2488055415819449 0.24736261749507235 0.015450333032367425 0.008077045264444572
0 0.2446670595197036 0.25621630172725196 0.008276964124482547 0.007145078503162416
0 0.3277125995686783 0.24518802838541418 0.01876111868216043 0.006834422916068483
0 0.27391233275954185 0.25248843468212373 0.01710572585726389 0.010251634374102708
0 0.353922985962873 0.242858111482209 0.0071733689078848075 0.008387700851538575
0 0.3975149970184812 0.2408388501660979 0.0071733689078848075 0.012426223483760844
0 0.4485562757861233 0.2381982776757987 0.011035952165976753 0.00900901202572669
0 0.45545374588985865 0.2534204014434058 0.016002130640666294 0.010251634374102672
0 0.4675932932724331 0.2535757292369528 0.011587749774275551 0.00869835643863265
0 0.392272919739642 0.2672445750690898 0.013243142599172088 0.009940978787008739
0 0.3773743843155735 0.2687978530045599 0.009932356949379084 0.010562289961196783
0 0.3798574735529182 0.2585462186304571 0.01158774977427548 0.004970489393504351
0 0.3688215213869415 0.2521777790950297 0.010484154557677882 0.0071450785031625585
0 0.34261113499274687 0.24270278368866202 0.011035952165976753 0.009319667612820659
0 0.3434388314051951 0.25481835158532884 0.009380559341080286 0.009940978787008703
0 0.3666143309537462 0.26336138023041455 0.012691344990873219 0.009009012025726619
0 0.343990629013494 0.27283637563678215 0.010484154557677882 0.008698356438632579
0 0.35447478357117185 0.2691085085916539 0.009380559341080215 0.006213111741880439
0 0.3475773134674364 0.2622740856755854 0.01876111868216043 0.0074557340902565985
0 0.6642519884332353 0.49736723956837225 0.022106137185064795 0.011449856484584586
0 0.6489967448505607 0.5052190051102228 0.016674113488962236 0.009387330494518337
0 0.8022260981198183 0.46329971893642535 0.013799266335692834 0.010358433649123668
0 0.8097007007183186 0.5057045566875256 0.014949205197000737 0.0123006399583344
0 0.8663351896377252 0.5103982219347847 0.015524174627654758 0.009387330494518337
0 0.8588605870392249 0.5430920281398314 0.018973991211577897 0.00873992839144826
0 0.7654280545579702 0.543253878665599 0.01264932747438536 0.009063629442983369
0 0.7961889190979525 0.5388839144698749 0.014374235766346714 0.006797722082237385
0 0.7729026571564706 0.5909997837670286 0.025298654948770576 0.006797722082237385
0 0.8143004561635496 0.5689881122626407 0.014949205197000737 0.0074451241853077475
0 0.8349993556670889 0.5618666891288682 0.016099144058308496 0.008739928391448118
0 0.6609273605366285 0.42550503224290964 0.020123930072885515 0.009387330494518337
0 0.6339037972958964 0.39264937551209544 0.018973991211577754 0.006474021030702346
0 0.649715456638878 0.4015511544293111 0.01609914405830864 0.007445124185307605
0 0.6833511683321295 0.3966956386562843 0.018973991211577754 0.009387330494518337
0 0.6865135002007259 0.3850424008010202 0.014949205197000737 0.006797722082237385
0 0.7943202684483274 0.4077014744084782 0.016674113488962236 0.007445124185307676
0 0.7491851681419982 0.3502445377609953 0.013799266335693118 0.009063629442983228
0 0.6893883473539952 0.35251044512174107 0.021848838364847297 0.008416227339913008
0 0.8308308272948483 0.3824527923887392 0.012649327474385217 0.013271743112939802
0 0.8500923032217531 0.374845817677664 0.013224296905038955 0.0090636294429833
0 0.8762534123165043 0.43440681116012536 0.018399021780923876 0.005826618927632126
0 0.8794157441851007 0.37419841557459377 0.015524174627654475 0.01035843364912374
0 0.7983450544629045 0.33276468097809897 0.016674113488962375 0.011005835752193889
0 0.8572794211049266 0.3177125820817161 0.01494920519700088 0.010682134700658813
0 0.740273141966863 0.3164177778755756 0.009774480321115959 0.009387330494518337
0 0.6853635613394181 0.31674147892711074 0.013799266335692976 0.00809252628837786
0 0.5976807231647022 0.33438318623577457 0.017824052350270066 0.011653237855264181
0 0.6339037972958964 0.30346973581417097 0.00747460259850044 0.01068213470065885
0 0.6209669851061842 0.29537720952579316 0.017249082919616257 0.006797722082237456
0 0.6241293169747805 0.3023367821337981 0.012074358043731337 0.00647402103070231
0 0.5746819459385474 0.29359685374234995 0.016674113488962375 0.007121423133772496
0 0.5933684524347983 0.30800155053566264 0.006899633167846488 0.012624341009869476
0 0.5841689415443363 0.30444083896877633 0.00459975544523104 0.01197693890679929
0 0.5749694306538743 0.3047645400203115 0.010349449751769768 0.009387330494518337
0 0.5220722430337179 0.22869479290955927 0.013799266335693047 0.009387330494518337
0 0.6002680856026447 0.2617123001661411 0.013799266335692834 0.008739928391448118
0 0.6086051423471258 0.27126148118642696 0.016674113488962448 0.0058266189276320905
0 0.6603523911059744 0.2592845422796277 0.008624541459808057 0.009063629442983228
0 0.6152172907996455 0.23500696341449406 0.014949205197000808 0.0123006399583344
0 0.6111925047850683 0.20312240983828517 0.018399021780923945 0.010034732597588594
0 0.6068802340551642 0.21445194664201417 0.016674113488962305 0.007445124185307676
0 0.635628705587858 0.21801265820890045 0.015524174627654617 0.013271743112939731
0 0.5833064873983554 0.1686482478497953 0.017824052350269994 0.01100583575219396
0 0.6117674742157222 0.16897194890133044 0.021848838364847297 0.010358433649123705
0 0.7422855349741516 0.22416297818806769 0.012649327474385217 0.0061503199791672
0 0.7954702073096351 0.20878717824014967 0.013224296905039097 0.009063629442983228
0 0.809269473645328 0.2539434749292983 0.022423807795501176 0.010682134700658813
0 0.8178940151051362 0.23533066446602915 0.016674113488962236 0.007768825236842787
0 0.8592918141122152 0.24908795915627155 0.01092441918242372 0.010034732597588629
0 0.8607292376888498 0.19357322881799924 0.014949205197000737 0.009711031546053447
0 0.8268060412802711 0.1851570014780862 0.025298654948770576 0.01100583575219396
0 0.8486548796451184 0.18208184148850262 0.018399021780923876 0.01262434100986951
0 0.6939881027992263 0.1926021256633939 0.00804957202915432 0.011005835752193924
0 0.6888133779233414 0.1794922330762217 0.03334822697792461 0.013271743112939731
0 0.7089373079962269 0.19001251725111296 0.020698899503539536 0.010358433649123668
0 0.5016608282455053 0.22157336977578673 0.012074358043731408 0.009387330494518373
0 0.4660127235449651 0.21898376136350578 0.013224296905039097 0.008739928391448153
0 0.4823993523186004 0.21720340558006268 0.013799266335692905 0.007768825236842787
0 0.5082729766980248 0.20328426036405267 0.019548960642231633 0.011005835752193924
0 0.5269594831942758 0.18645180568422667 0.016674113488962305 0.010358433649123705
0 0.5335716316467953 0.16217422681909302 0.012649327474385146 0.009063629442983246
0 0.4364017978662906 0.20425536351865803 0.016099144058308496 0.0058266189276320905
0 0.43640179786629046 0.19859059511679356 0.014949205197000666 0.0061503199791672
0 0.4274897716911555 0.17661129322363053 0.008624541459808129 0.006862461304687209
0 0.4637128458223496 0.20619756982786874 0.012074358043731408 0.007121423133772531
0 0.4821118676032736 0.18596625410692397 0.009774480321115888 0.010682134700658813
0 0.44847615591002193 0.1835384962204106 0.012649327474385288 0.007768825236842822
0 0.47204990256683077 0.18094888780812973 0.010349449751769768 0.007768825236842822
0 0.45710069736983 0.18127258885966482 0.006899633167846488 0.007121423133772567
0 0.4542258502165607 0.19130732145725343 0.00804957202915432 0.005179216824561834
0 0.45595075850852224 0.19875244564256106 0.011499388613077456 0.007768825236842787
0 0.4591130903771186 0.16476383523137395 0.018973991211577824 0.009063629442983228
0 0.43640179786629046 0.1634690310252335 0.014949205197000666 0.00647402103070231
0 0.4381267061582521 0.15391985000494754 0.011499388613077387 0.0061503199791672
0 0.44962609477132964 0.15634760789146093 0.009199510890461938 0.007768825236842787
0 0.4361143131509636 0.1411336584693105 0.016674113488962375 0.007121423133772549
0 0.42863971055246325 0.1322642491633197 0.010924419182423649 0.012041678129249096
0 0.4458887934720795 0.13482148796437574 0.013224296905039169 0.007445124185307641
0 0.5430586272525842 0.15424355105648266 0.021273868934193346 0.0061503199791672
0 0.5427711425372572 0.14210476162391583 0.019548960642231775 0.012948042061404638
0 0.5893436664202212 0.13627814269628374 0.00804957202915432 0.006474021030702329
0 0.56691985862472 0.13724924585088907 0.010349449751769768 0.009711031546053484
0 0.6175171685222609 0.1532724479018773 0.017249082919616257 0.007445124185307659
0 0.6347662514418773 0.14356141635582384 0.010349449751769697 0.00809252628837786
0 0.6847885919087642 0.13838219953126202 0.012649327474385217 0.004855515773026759
0 0.6839261377627835 0.13045152376865168 0.010924419182423577 0.005826618927632108
0 0.7296362074997665 0.1309370753459543 0.012649327474385217 0.005502917876096926
0 0.6686894478504558 0.1238156522121818 0.012649327474385217 0.0061503199791672
0 0.6459781553396278 0.10779245016119354 0.013224296905039169 0.011653237855264162
0 0.6704143561424175 0.11750348170724703 0.009199510890461938 0.006474021030702329
0 0.6615023299672823 0.1183127343360848 0.009774480321115959 0.008739928391448118
0 0.7848332728425385 0.14647472581963988 0.011499388613077316 0.010034732597588612
0 0.7937452990176734 0.11993123959376038 0.012074358043731194 0.00809252628837788
0 0.8058196570614048 0.14793138055154792 0.012074358043731479 0.009063629442983246
0 0.8538296045210032 0.13724924585088907 0.016099144058308496 0.007121423133772602
0 0.5203473347417561 0.12365380168641422 0.010349449751769626 0.008416227339913008
0 0.4352518590049828 0.10649764595505308 0.010349449751769697 0.009063629442983228
0 0.4556632737931953 0.11297166698575539 0.015524174627654617 0.009711031546053484
0 0.45393836550123373 0.10326063543970196 0.0086245414598082 0.009063629442983246
0 0.44703873233338726 0.10277508386239927 0.009774480321115888 0.009387330494518356
0 0.493611256216351 0.1288330185109761 0.022423807795501106 0.008416227339913008
0 0.4835492911799082 0.13627814269628374 0.00689963316784663 0.006474021030702329
0 0.4723373872821577 0.1336885342840028 0.0074746025985003685 0.006474021030702329
0 0.4947611950776587 0.10585024385198284 0.014374235766346928 0.007768825236842769
0 0.5194848805957754 0.10293693438816681 0.012074358043731194 0.0058266189276320905
0 0.4795245051653311 0.1129716669857554 0.019548960642231633 0.009063629442983228
0 0.507698007267371 0.11361906908882563 0.008049572029154248 0.005179216824561852
0 0.5065480684060633 0.12090234274836574 0.016099144058308496 0.0061503199791672
0 0.04082282957642508 0.24326134022863952 0.02989841039400147 0.008739928391448118
0 0.09918222678779333 0.23063699921876996 0.016674113488962358 0.00809252628837786
0 0.0626716679412723 0.21315714243587375 0.01609914405830848 0.008739928391448118
0 0.052034733474175636 0.19454433197260457 0.020123930072885595 0.009063629442983263
0 0.06784639281715718 0.1681626962724926 0.011499388613077493 0.006797722082237421
0 0.07819584256892691 0.18175814043696753 0.011499388613077484 0.008739928391448118
0 0.09486995605788927 0.2126715908585711 0.01494920519700072 0.0058266189276320905
0 0.09716983378050476 0.19001251725111296 0.012649327474385234 0.009063629442983263
0 0.13425536205767966 0.17771187729277854 0.013224296905039132 0.00647402103070231
0 0.09860725735713945 0.17447486677742746 0.010924419182423612 0.009063629442983263
0 0.14287990351748778 0.22837109185802418 0.009774480321115888 0.00550291787609698
0 0.1572541392838346 0.22481038029113798 0.010924419182423612 0.0061503199791672
0 0.1776655540720472 0.18272924359157286 0.012649327474385252 0.006797722082237456
0 0.1995143924368944 0.1718852583651465 0.011499388613077456 0.008416227339913008
0 0.17680309992606638 0.14048625636624026 0.010924419182423612 0.0058266189276320905
0 0.17824052350270103 0.22788554028072153 0.008049572029154248 0.005826618927632126
0 0.17766555407204718 0.21882191083773825 0.009199510890462009 0.00517921682456187
0 0.2343000429914538 0.229180344486862 0.009774480321115888 0.004531814721491579
0 0.23889979843668482 0.21849820978620316 0.010924419182423649 0.005179216824561834
0 0.2538490036336855 0.20312240983828517 0.012074358043731337 0.006150319979167236
0 0.21848838364847226 0.22173522030155432 0.008049572029154213 0.007121423133772496
0 0.20526408674343316 0.2120241887555009 0.009199510890461973 0.00647402103070231
0 0.21331365877258737 0.19357322881799924 0.018399021780923945 0.007121423133772531
0 0.22538801681631873 0.1875847593645996 0.011499388613077456 0.006797722082237456
0 0.23228764998416523 0.20198945615791225 0.009199510890461973 0.005179216824561834
0 0.22308813909370326 0.20927272981745232 0.011499388613077456 0.006797722082237421
0 0.20785144918137557 0.1518157931699693 0.013224296905039097 0.007768825236842787
0 0.2167634753565106 0.14339956583005628 0.011499388613077456 0.009063629442983228
0 0.26707330053872463 0.17868298044738393 0.018973991211577824 0.008416227339913008
0 0.1313805149044103 0.14598917424233723 0.016674113488962358 0.009063629442983263
0 0.1742157374881239 0.1107057596250096 0.010349449751769733 0.005826618927632072
0 0.20296420902081763 0.1000236249243508 0.010349449751769733 0.005826618927632072
0 0.21245120462660658 0.12883301851097606 0.014374235766346893 0.012300639958334383
0 0.11786873328404424 0.12818561640790585 0.01609914405830846 0.009711031546053484
0 0.07100872468575348 0.13822034900549443 0.013224296905039106 0.006474021030702329
0 0.038235467138482644 0.16007016998411477 0.009774480321115856 0.006797722082237438
0 0.032198288116616965 0.13077522482018678 0.013799266335692981 0.0058266189276320905
0 0.0672714233865033 0.1165323785526417 0.011499388613077475 0.007121423133772549
0 0.14489229652477634 0.1123242648826852 0.012649327474385234 0.007121423133772549
0 0.1540918074152383 0.10633579542928553 0.01954896064223174 0.010034732597588594
0 0.26736078525405155 0.15375799947917998 0.014949205197000772 0.011653237855264162
0 0.2811600515897446 0.13304113218093258 0.013799266335693013 0.009063629442983263
0 0.2443620080278966 0.1333648332324677 0.009199510890462009 0.007768825236842734
0 0.21992580722510696 0.10924910489310158 0.010924419182423612 0.007445124185307659
0 0.22538801681631873 0.11960753854222528 0.011499388613077456 0.008092526288377897
0 0.23573746656808847 0.1226826985318089 0.009199510890462009 0.008416227339913025
0 0.2673607852540516 0.10423173859430729 0.019548960642231706 0.008416227339913025
0 0.25068667176508924 0.11669422907840923 0.013799266335693013 0.010034732597588594
0 0.25614888135630104 0.13482148796437574 0.014374235766346893 0.008092526288377897
0 0.2932344096334759 0.1673534436436549 0.012649327474385217 0.00517921682456187
0 0.30617122182318807 0.16087942261295254 0.0074746025985003685 0.007768825236842769
0 0.30588373710786115 0.17657892361240562 0.010349449751769733 0.006797722082237421
0 0.31077097726841907 0.18661365620999426 0.013224296905039097 0.0055029178760969445
0 0.35590607757474824 0.20393166246712296 0.018399021780924018 0.009711031546053484
0 0.3521687762754981 0.2172034055800627 0.017824052350270066 0.007121423133772531
0 0.33204484620261243 0.23241735500221314 0.018973991211577966 0.005179216824561834
0 0.3530312304214789 0.2293421950126295 0.009199510890462009 0.006797722082237456
0 0.3932790905672501 0.22497223081690546 0.014949205197000666 0.006474021030702346
0 0.40305357088836596 0.21785080768313292 0.013799266335692976 0.00517921682456187
0 0.4013286625964043 0.2128334413843386 0.014949205197000737 0.004855515773026759
0 0.40305357088836596 0.19859059511679356 0.013799266335692976 0.00809252628837786
0 0.41829026080069354 0.19729579091065308 0.013224296905039169 0.007445124185307676
0 0.41570289836275115 0.17334191309705452 0.016099144058308496 0.007445124185307641
0 0.4007536931657505 0.16168867524179034 0.009199510890462009 0.006797722082237421
0 0.3794798242315571 0.1840240477977133 0.012649327474385288 0.007445124185307641
0 0.3898292739833268 0.1754459699320328 0.011499388613077527 0.00647402103070231
0 0.37976730894688404 0.17819742887008125 0.015524174627654617 0.0055029178760969445
0 0.35533110814409435 0.1490643342319208 0.019548960642231775 0.005502917876096962
0 0.3780424006549224 0.163630881551001 0.009774480321115888 0.010682134700658832
0 0.38637945739940355 0.16314532997369835 0.00459975544523104 0.00906362944298328
0 0.4182902608006936 0.14647472581963988 0.010924419182423577 0.010034732597588612
0 0.4131155359248087 0.10973465647040424 0.009774480321115817 0.009063629442983246
0 0.3544686539981135 0.14048625636624024 0.013224296905039097 0.008416227339913025
0 0.36970534391044124 0.13902960163433226 0.011499388613077527 0.008739928391448135
0 0.3216953964508427 0.13287928165516502 0.014374235766346857 0.010682134700658813
0 0.3271576060420545 0.11960753854222528 0.01839902178092391 0.008092526288377897
0 0.3409568723777474 0.13465963743860815 0.009199510890462009 0.007768825236842769
0 0.36798043561847954 0.11782718275878215 0.011499388613077456 0.0058266189276320905
0 0.3590684094433445 0.10908725436733402 0.0063246637371926085 0.007768825236842787
0 0.33578214750186264 0.10552654280044775 0.012649327474385217 0.009711031546053484
0 0.3633806801732486 0.1026132333366317 0.006899633167846559 0.00647402103070231
0 0.37315516049436437 0.10649764595505311 0.018399021780923945 0.008416227339913025
