0.0 0.046980087107361256 0.8483536078569479 0.007758636022689558 0.0065649997115066585
0.0 0.11859826577834127 0.8188111091551686 0.0077586360226888475 0.007161817867098108
0.0 0.09890326664382165 0.7800179290417212 0.0065649997115066585 0.007161817867097753
0.0 0.16623156611226797 0.7589283385924649 0.006519633925442037 0.005161376857641642
0.0 0.24202231049553086 0.735702142733078 0.00706293675256262 0.004346422616961121
0.0 0.20267878038469966 0.8519122458588548 0.004346422616961121 0.006519633925442037
0.0 0.20036974336943913 0.8873627553284453 0.005161376857640931 0.0057046796847615155
0.0 0.27616048775270163 0.844034354865612 0.0057046796847615155 0.00706293675256191
0.0 0.5727227418082776 0.0641393663638791 0.006849224369889129 0.005767767890433007
0.0 0.3680685299852353 0.8602352312197592 0.0024262196797508297 0.003639329519626244
0.0 0.46531950238769326 0.8440604057895239 0.004448069412875811 0.0060655491993763634
0.0 0.4515709242024396 0.8582133539214023 0.004448069412876521 0.0036393295196255337
0.0 0.536690797967023 0.7555033874786272 0.0032349595730003953 0.004448069412875811
0.0 0.5575158502182159 0.7399351445335609 0.005256809306126087 0.005661179252751225
0.0 0.5146526358759551 0.8009950064739509 0.0060655491993763634 0.005661179252751758
0.0 0.5676250988838433 0.702328739497427 0.004448069412875811 0.004852439359501304
0.0 0.5694447635753359 0.8440604471373703 0.006469919146001502 0.005256809306126797
0.0 0.6830727186453085 0.7965469370610748 0.005661179252751225 0.007278659039251778
0.0 0.7766843612890199 0.8129239198993912 0.0060655491993763634 0.005256809306126087
0.0 0.9058805592357384 0.8262681281380193 0.009704878719002608 0.0060655491993763634
0.0 0.9685579009626292 0.9016831231836004 0.006469919146001502 0.007278659039251778
0.0 0.9572355424571259 0.7619733066246285 0.004852439359500948 0.0068742890926266394
0.0 0.9709841206423799 0.7304324507878711 0.009704878719002608 0.012535468345377864
0.0 0.7861870550347092 0.7065746239369902 0.008087398932502054 0.0068742890926266394
0.0 0.8413835527490356 0.7029352944173641 0.0060655491993763634 0.005256809306126442
0.0 0.9153832529814284 0.8606395736011528 0.005256809306126087 0.005256809306126797
0.0 0.9145745130881778 0.8933935392777859 0.005256809306126797 0.005256809306126087
0.0 0.9463175538982483 0.8303118276042702 0.005661179252751225 0.007683028985876916
