0 0.46404498683258416 0.8954123638103308 0.0026110794307128062 0.0036440588164475683
0 0.46236643576998304 0.902534842406115 0.0029840907779574623 0.004637893039115113
0 0.5146812772210504 0.9149577701894595 0.0024245737570905133 0.0036440588164477106
0 0.5370619580557316 0.8985595055154448 0.0024245737570903715 0.003975336890670178
0 0.5309072708261943 0.8770264306909814 0.002051562409845857 0.003975336890670036
0 0.5519473644100837 0.8653201532516718 0.002037385601700663 0.002864944656453332
0 0.5756319720298534 0.8524279022976322 0.00220716773517573 0.002412584973855303
0 0.5633371188702186 0.9169330766259037 0.0013582570678003236 0.0036188774607830965
0 0.5626155448029497 0.9366107228189116 0.0016129302680128888 0.0031665177781852096
0 0.5863001524227193 0.9125602663607908 0.0017827124014879558 0.003920450582514831
0 0.39566479859487735 0.8718534038121653 0.002474958213922065 0.003956498681614136
0 0.6789758568150868 0.4796610533155964 0.002140382615590255 0.003201536383241148
0 0.7182913059119818 0.42543503082445056 0.0012391688827101178 0.003601728431146185
0 0.615021415620386 0.92155294707775 0.0007581936499221343 0.0020200961774159507
0 0.6454123444961541 0.9125747265440549 0.0013900216915237707 0.0033668269623599654
0 0.6411159138132624 0.9204306561228947 0.0013900216915239128 0.002020096177415809
0 0.6677158743646947 0.8634190528936005 0.0010109248665627036 0.002469006439063861
0 0.6742237031931925 0.8547775303568769 0.0016427529081644821 0.0031423718315357974
0 0.660828948711236 0.8886702551112998 0.0018954841248051935 0.0031423718315360815
0 0.677382843401201 0.8339032031902457 0.0013900216915237707 0.002693461569887887
0 0.6779514886172925 0.9125747494951579 0.002021849733125549 0.0029179167007120557
0 0.7134602245766589 0.8862012486722358 0.0017691185164848378 0.0040401923548319015
0 0.7427138629028187 0.8952916814706074 0.0018954841248050513 0.0029179167007119134
0 0.7830876747611683 0.9026987007877991 0.003032774599688253 0.0033668269623599654
0 0.8026743440508216 0.9445595826864738 0.002021849733125549 0.0040401923548319015
0 0.7991361070178519 0.8670103349867843 0.0015163872998441264 0.0038157372240078757
0 0.8034325377007437 0.849502834782513 0.0030327745996883947 0.0069581090555436735
0 0.7456834546983466 0.8362599820638974 0.00252731216640683 0.0038157372240078757
0 0.7629323602340736 0.8342398858864815 0.0018954841248050513 0.0029179167007119134
0 0.7860572665566964 0.9217773869078385 0.0016427529081644821 0.0029179167007120557
0 0.7858045353400556 0.9399582525045819 0.0016427529081646242 0.0029179167007119134
0 0.7957242355932026 0.9049432520960391 0.0017691185164846956 0.00426464748565607
