0.0 0.033482912121142405 0.7027113080470138 0.007576137773251901 0.006038950398969156
0.0 0.06391513766709575 0.8096811664894774 0.00760826025069612 0.005926434300542027
0.0 0.08287164950530687 0.9072393539981413 0.006201411439059612 0.005658787938141785
0.0 0.14866330269382289 0.881169839776684 0.005924366733360031 0.006402138244114753
0.0 0.13556434641813553 0.8245675165041643 0.0036786003893165995 0.006786383476842417
0.0 0.2703257851534099 0.6967133457302335 0.006526966499775711 0.007491177459969656
0.0 0.26725096956149913 0.7124208260821526 0.0038271688359007073 0.006905543769125088
0.0 0.46612364004123796 0.6512369457209284 0.007332417000036529 0.00670031208623989
0.0 0.43369665796349166 0.6705793560830926 0.008217363879351324 0.0074588379827954295
0.0 0.4112261187024709 0.8071373816873113 0.007219547501865975 0.009055025680306628
0.0 0.41661018802589656 0.8244520591706002 0.00819846919703444 0.007219547501865975
0.0 0.5566750301348792 0.6504864753242178 0.006790139752406077 0.008299059697385047
0.0 0.5564651405381935 0.6939953946943249 0.007436819728825483 0.00711347974061578
0.0 0.5650875402237885 0.7069289942227174 0.004418979838867543 0.00711347974061578
0.0 0.5719854599722647 0.726652733503516 0.008299059697385047 0.005820119787776612
0.0 0.5841645995281673 0.7290238934170546 0.0080834997052456 0.008622399685594927
0.0 0.5776439097659363 0.7050967342895286 0.008622399685594927 0.007544599724895562
0.0 0.6369830531576838 0.7240767287619259 0.005885861652311064 0.006360527914594449
0.0 0.6452897127476387 0.733712453886274 0.005221328885114928 0.00702506068179094
0.0 0.6202520749711079 0.668841051220846 0.006717070998293906 0.007126648498189958
0.0 0.6161961213903215 0.6464361680858215 0.004013859498980565 0.006962817498231644
0.0 0.6342175313857448 0.6503271543348331 0.003358535499146953 0.006553239998335592
0.0 0.6794281175330082 0.6471326889436625 0.0057879897185085126 0.006977302674366292
0.0 0.7036479905813326 0.6650025823939334 0.006784158101568493 0.00548718669979813
0.0 0.7360223921101419 0.6695918658155826 0.008081129503338858 0.007282993256095693
0.0 0.7519784953350721 0.6959962491341646 0.005021450614823309 0.00703003086075249
0.0 0.780475227574194 0.6943642776843472 0.00703003086075249 0.0070300308607526675
0.0 0.7298841126298496 0.6998251052279673 0.00677895833001152 0.0071555671261231526
0.0 0.6972891824002405 0.741529233107439 0.0077491938808318395 0.004832830592346937
0.0 0.682528016853271 0.7796164136260311 0.008807142456847217 0.006458571135021174
0.0 0.7006560517436149 0.7700386462042099 0.007632856795934373 0.00858696389542608
0.0 0.5513565954510374 0.9766745681961921 0.009231150026594647 0.005664569334501479
0.0 0.4790551907784817 0.9110153034408917 0.007869924663618733 0.005793138988497049
0.0 0.48465589682656135 0.8919794474647456 0.0052466164424124885 0.005137311933195577
0.0 0.7827190964391348 0.98444499566216 0.007044147186364924 0.007547300556819181
0.0 0.7739768066274861 0.9629351890752252 0.0071699355289784 0.006540993815909957
0.0 0.7636748870303288 0.942406262861493 0.009308337353410679 0.0070441471863645685
0.0 0.7698385158183975 0.9277519209470022 0.006540993815909957 0.0071699355289784
0.0 0.7580773057840207 0.9145441449725684 0.007924665584660318 0.00591205210284187
0.0 0.746127413235724 0.911839695606375 0.009182549010796848 0.00729572387159152
0.0 0.7336743673169721 0.9031602999660329 0.008176242269887623 0.006792570501137263
0.0 0.7467563549487919 0.8896380531350653 0.007421512214205705 0.007421512214205705
0.0 0.7833607626493653 0.9016508398546691 0.007673088899432657 0.007547300556819181
0.0 0.7396493135911207 0.8754868645910292 0.007547300556818825 0.007547300556819181
0.0 0.7780147580882849 0.8514612911518213 0.009308337353410679 0.006540993815910312
0.0 0.7915370049192525 0.8410837528861952 0.007673088899433011 0.007924665584660318
0.0 0.6272805701756372 0.8529766384101782 0.00790180541407004 0.008947632601226375
0.0 0.6160669786689057 0.830084643313534 0.008947632601226019 0.0075531963516844765
0.0 0.6928202478332695 0.8464319493337957 0.009159851301115296 0.008802973977695316
0.0 0.7527736151378068 0.8336292038546114 0.0073664446566581885 0.008862753727542482
0.0 0.7387888803599312 0.8275864172221962 0.009092955123063007 0.006906041865617496
0.0 0.7796697038595596 0.7710677214038271 0.007028621514526989 0.0074106118142296395
0.0 0.7082287193349961 0.8103100130833699 0.00865555225032324 0.006341691747761402
0.0 0.7133933164809818 0.7872696113623003 0.007798566879003488 0.00625599321062964
0.0 0.7450589259512232 0.8138361578731927 0.007027280044816564 0.00848415517605936
0.0 0.7372603590722191 0.8069802749026398 0.006513088822024926 0.006941581507684802
0.0 0.731004365861587 0.8103225178507847 0.007027280044816564 0.007798566879003488
0.0 0.7542432446699701 0.7096869278793961 0.008294920215338664 0.006444514936532286
0.0 0.7431129638924088 0.6925099271699591 0.004295696038649766 0.005384745738589203
