0 0.08007730715816357 0.6342531710086131 0.004657860570144825 0.002964362775386462
0 0.107771325982829 0.6400963860947102 0.0039490557007748695 0.0026793278931376125
0 0.08556287351679075 0.6012525806153934 0.004252829216219176 0.0022802790579896028
0 0.1230789026741528 0.594611267858999 0.0035440243468493195 0.0026793278931376108
0 0.1559440627797074 0.5792643465237127 0.004859790273562492 0.0021829826915013228
0 0.13329849939734562 0.565183818912102 0.005161438523543076 0.002383433105952051
0 0.10413859477648751 0.5533378569502425 0.00361143965895085 0.002697510491700186
0 0.1403424546618783 0.5492884066959303 0.0032685381919479364 0.0021003717472118668
0 0.10476286853564186 0.5135426498874527 0.0033234604364005627 0.0026662737224203426
0 0.08839055648648837 0.460761392998295 0.0032570494295950957 0.0024449075470853645
0 0.17935756042611764 0.47708729176277914 0.0035656780275795798 0.0025836431226766623
0 0.16508118239891567 0.4342890114580091 0.002167324100064398 0.001723743622708227
0 0.16724850649898 0.43365955451713245 0.0018233044016414369 0.0021304696460438775
0 0.16906174729613152 0.4529516632795682 0.0050646720546384215 0.002826980493638942
0 0.08189802458662518 0.392066060513325 0.005087742910917229 0.0020555849158637373
0 0.1911872720409918 0.3779008909133186 0.004171358662712557 0.002478894157553242
0 0.23464802241333638 0.4287424449894931 0.002988897695338224 0.002052090702842122
0 0.08871956432612946 0.2914934299473503 0.004342228091582321 0.0019509976249640103
0 0.1565060689850007 0.3371645161813197 0.0043027424569291916 0.002499294963995524
0 0.17444593277127043 0.24897206562202764 0.0037006080358688107 0.002123464322264752
0 0.16280729223056398 0.20718415271148963 0.003010653112395545 0.00283467853198605
0 0.10531532012174515 0.23534092938801315 0.0028055235258618795 0.0019951286751554776
0 0.240466021170245 0.21458132994197684 0.003036438329282625 0.002357902339482045
0 0.2493921028106362 0.21350553699958807 0.0026699716343691906 0.002741061469647832
0 0.25151237440263535 0.21343185255147928 0.0021988001694806057 0.002416849897969051
0 0.3130721254511633 0.4691991843070001 0.0031207765024106136 0.002204813301029134
0 0.481459221074204 0.6744670036801537 0.004607231650904211 0.0026337223119780617
0 0.517717593834339 0.6705336954523404 0.003629332736213655 0.0032540995321315336
0 0.4258094993764607 0.5863155635556354 0.0032025071173631403 0.002081784386617187
0 0.36114350300437187 0.5316376613873879 0.002824941370940479 0.002315448232628299
0 0.30357791361699127 0.4168730672505426 0.003174915122417019 0.0023552150692120934
0 0.34158671840598986 0.4062217016729059 0.0029053672817315147 0.0020446096654274724
0 0.3929086934629011 0.4318263091117711 0.0034006003411176516 0.0019330855018586846
0 0.44416563793071645 0.46252046254209406 0.0031304179934698974 0.0013167502825330408
0 0.3813914671776006 0.3858064169147082 0.002701297578191486 0.001458725456989214
0 0.35380176826579673 0.3565828677660787 0.003521767873951162 0.0024547888142974726
0 0.4022834249569985 0.3453525326983151 0.0036084976779131497 0.0020659748192370132
0 0.34738417707181385 0.30987278489990827 0.004104168921054097 0.0015822580155424504
0 0.41443101823819506 0.3148286155799313 0.0022475720649764953 0.0027032621132178037
0 0.46264446119473646 0.2195972837646918 0.004205314982551016 0.001887171999677868
0 0.4795365898585788 0.2530253645279617 0.004223145325624813 0.0018520107189194234
0 0.49005885141664907 0.28351229812441914 0.0034422405212472997 0.0017683712306692811
0 0.52657806914488 0.27536557493021374 0.0032884602856464796 0.0020006682012858688
0 0.5193071827472738 0.25767734890755134 0.002041894405171334 0.002120744836513211
0 0.4943008937459878 0.5976413245600924 0.00191049817177678 0.001075588082059795
0 0.5886567028755525 0.603163333485284 0.0021008737517183105 0.001995919823142742
0 0.5073622468914522 0.5342494998366015 0.0031124611763002717 0.0029204652801711715
0 0.5394980310982396 0.528776480620373 0.003037429430901071 0.001449814126394031
0 0.5651221415690177 0.5204149851020616 0.0021790254612985647 0.0018401486988847181
0 0.5942375526603998 0.5306799294757231 0.003489633458220709 0.002596108624462019
0 0.6024110325580788 0.5538697178300707 0.003533697578676751 0.0013428654702366317
0 0.715702092991084 0.68089088860884 0.0032381835443162288 0.0025921625672933146
0 0.728907810257748 0.6777859905886754 0.0030357970727963846 0.0030479274142898305
0 0.6547849717688271 0.6057955185786286 0.003933822961086122 0.002351687746836717
0 0.6899773423865703 0.6335064447913026 0.003925381588624361 0.002342540463859848
0 0.7210255709276907 0.6365130468506558 0.0032516278926043186 0.0025171140479675813
0 0.7496280860903392 0.6637984929981121 0.001981480072006292 0.002068838293220807
0 0.7430351614871173 0.6649951739716417 0.0027020182800087866 0.0021499692066805666
0 0.818994029619025 0.675505791237002 0.003736190805444437 0.002608255233574255
0 0.8525857397549822 0.6729562111277491 0.0031133319558718144 0.002651625512846891
0 0.8051493022207927 0.6607904268017795 0.002509180834222633 0.0017286245353159303
0 0.858193943090354 0.6446261427384661 0.0036672499851881923 0.002794788817491991
0 0.8060217077530367 0.6511975990970427 0.0044102817603125285 0.002576047083619102
0 0.7962639593583453 0.6512131174529682 0.0036384824522578186 0.001613909016243298
0 0.866171973607829 0.6639597006516564 0.004032537389022508 0.0021021030497426806
0 0.8725568244737812 0.6638125534381742 0.004704626953859474 0.002396397476706653
0 0.89716277020865 0.6669867290432859 0.004032537389022508 0.0021021030497426806
0 0.9020989834687715 0.6521994707782028 0.003469661097849549 0.003268919186037067
0 0.8973901576931201 0.6546511601677324 0.0029739952267271975 0.00259121642795634
0 0.8968618575572159 0.6392998840804295 0.003665978834433573 0.0016511224984782718
0 0.8571762982335493 0.6243014680653167 0.00289677684910572 0.001859170618164825
0 0.8759212215031691 0.6269220943394203 0.004479203278784354 0.002167119414704288
0 0.8765266306707465 0.6222343468641118 0.005373454856667621 0.0020541427935451394
0 0.8800524954142601 0.6145248277270728 0.0027862358516054543 0.0024649713522539684
0 0.860913708671684 0.6106966525209208 0.0021891853119757345 0.0014565739808772805
0 0.8586581844108605 0.6109020668002754 0.0021891853119760185 0.0017927064380027957
0 0.8614444202624659 0.6158693575555749 0.002719896902757597 0.0012698337269186767
0 0.8615107592113137 0.6170831692063061 0.002587219005062167 0.0014565739808774225
0 0.8317585748278353 0.6047328925950468 0.0021215978694877433 0.0017602196139633718
0 0.7622627250070128 0.5956691449814128 0.0027733051325618875 0.0011524163568772394
0 0.702099087899031 0.6102386205062618 0.0026412429833922602 0.0023791821561336946
0 0.9091667455976042 0.6019768470274893 0.00451041059225787 0.002539308307067003
0 0.9120821735146788 0.5887519957740641 0.0056380132403224086 0.0024056605014320096
0 0.8995598493703838 0.5859788038071356 0.005756708255908194 0.0018710692788914685
0 0.9016073383892379 0.5914249518867664 0.0036795454831576534 0.0030070756267900124
0 0.8679055053506611 0.5783249131220985 0.0039957964928112235 0.0018210939140530513
0 0.8711549889416839 0.5707254765056735 0.0028065713461413113 0.0021960250140051585
0 0.8596432895219176 0.5584598733786688 0.005375297662948811 0.0018210939140531934
0 0.8586919094045817 0.5602407961034414 0.004519055557346263 0.0018478747069067226
0 0.8673018994664727 0.5595980570749519 0.0033773994165429144 0.001901436292614207
0 0.8704890228595485 0.5626108962709957 0.004233641522145461 0.0023567097711276828
0 0.8472377274393018 0.5533495541878953 0.0030929550357964787 0.0029021623993111946
0 0.8207870226755218 0.5457416693485992 0.0032887801621960477 0.0025921625672933146
0 0.8031902417857063 0.5363929493713201 0.003280440060347729 0.002598110048126472
0 0.6464248343405484 0.5457887454149339 0.004197720346488438 0.002848040155455749
0 0.7044228083223187 0.5305814270769748 0.003250608493539744 0.0008963532190013979
0 0.7057827567736976 0.531384410168997 0.0025208800562144516 0.001605966184044263
0 0.6796452109276839 0.5235413195027342 0.003449625340083031 0.0014565739808773514
0 0.5862741773358547 0.49685188223806454 0.0032458154984576736 0.002343782809459896
0 0.5853404884229704 0.48544111748472374 0.003316376704946009 0.0022246074123686553
0 0.5084065912922646 0.4396309435340298 0.0036129844429830626 0.0026367546874382698
0 0.8733963725355798 0.534217920261158 0.0034890965940631703 0.0021336584682798334
0 0.8013902904495361 0.49999501935669033 0.0034738305143025626 0.0014611745010237342
0 0.8256137190102638 0.5008078951944042 0.0034798335662884483 0.0023276501210147417
0 0.8507825934562294 0.4936593488514634 0.003598299830685363 0.0014400269589022229
0 0.8765346649296967 0.4936421405324928 0.0050705002321764425 0.0027508274031255555
0 0.8607700187532937 0.5003115994249766 0.00285791831268142 0.0026989249992929844
0 0.8893118656532883 0.49069668254650906 0.002286283151949249 0.0023092996456519897
0 0.8933651416241359 0.48129968926224254 0.003832886460620841 0.0016278669633283727
0 0.8843208744495137 0.47842252904798754 0.0024207703961815243 0.0019307259332500592
0 0.6402577887381576 0.45247620304443203 0.004205228939440034 0.0019340096837595412
0 0.6924783181238713 0.4254285611369938 0.002984059795236931 0.0012599930214507538
0 0.6649319996015192 0.41775686068183404 0.004271942820864183 0.0017131889699789583
0 0.6095147901238949 0.3834562854968791 0.003547928334730841 0.001541885110656267
0 0.6630586154017994 0.3879878482795857 0.004540074345460426 0.0034688688855329984
0 0.6598215260728866 0.3664631491781644 0.003659217499098588 0.0019146779890877497
0 0.5895775950296301 0.3268544848666401 0.004647707016900782 0.002259794869035119
0 0.594109715956793 0.21772292054069795 0.0036229475801010124 0.0023409929562405196
0 0.592402966625637 0.2226315081506727 0.002124360845599753 0.002157982427851586
0 0.7027919597800454 0.2035115455377901 0.0040700319861433345 0.002093847526949979
0 0.6847925941861532 0.20955604877596642 0.004561242743091753 0.002330886869623576
0 0.6723197883517618 0.25223043177728477 0.004007381093837239 0.0028296955250958077
0 0.675308343743776 0.25764126849081254 0.004550754801476131 0.0022561085943330994
0 0.7530546567964638 0.20327702353881805 0.003769028136634773 0.0025934561554328537
0 0.7529381525970892 0.21687356084197654 0.004127983197266474 0.0022229624189424512
0 0.757724220072181 0.2209153106945992 0.0024528595809844944 0.0022229624189424512
0 0.7615530740522545 0.22707897921984874 0.004606589944775834 0.0018187874336801713
0 0.7683133943608215 0.22781996669282958 0.0044869382578986 0.002694499901748415
0 0.7646939308327834 0.22034272946547767 0.004786067475091756 0.0023576874140298545
0 0.7976315299400847 0.22627397773810182 0.003267087127041748 0.00198766497331075
0 0.8022423383855063 0.22928514183946064 0.002898222451408117 0.0021953314630596666
0 0.788344603626634 0.2090128285065144 0.0037284695914208046 0.0022270776556843684
0 0.7860932503814447 0.2020113025268192 0.0022279879265806814 0.0021758804681973843
0 0.7960964614803787 0.20322723572963536 0.0018642347957103312 0.00204788749947987
0 0.8211916697494582 0.20222896529489454 0.003212760988591015 0.002180407085739482
0 0.8346354847979643 0.20781330699810419 0.0037657078794482855 0.00171474584368692
0 0.85260566431092 0.20924745806736958 0.00448562262110741 0.0022759353925299306
0 0.8614624778963106 0.21749882785442642 0.002787275276224648 0.0021968846439851574
0 0.8772802650888848 0.2169888367763585 0.003902185386714336 0.002196884643985193
0 0.8491984666809226 0.21869534538373978 0.003762821622903232 0.0022361147269134916
0 0.8311058774814865 0.2317278853460747 0.004301373880080206 0.0015102595601084446
0 0.8229123423990403 0.2436301292581347 0.0048886133325083845 0.0020183034796940904
0 0.8329747381751201 0.24063707693881561 0.004236798221507314 0.002683426217320637
0 0.9014462519537625 0.47276575874152116 0.002300052072215948 0.0018128633080913658
0 0.886008808868516 0.46564688970689544 0.004312597635405098 0.0018776084262375292
0 0.9006141395270876 0.45562758267378345 0.0029325663920754153 0.0021042163397488167
0 0.8968478042588339 0.4480524038506873 0.002990067693880718 0.002298451694187236
0 0.8937714846122451 0.4459481875109384 0.004427600239015703 0.0015862553945797941
0 0.8650214431436635 0.443328344903354 0.0024044879241438364 0.001697494974163618
0 0.8670824327929297 0.4438225523008953 0.0018701572743341898 0.0016115458615476542
0 0.8661091876807763 0.44491840348674777 0.0022899884991848295 0.001052876629544528
0 0.8740313604262784 0.44766595305981083 0.0030151515239263916 0.001461134914469966
0 0.8335858058390325 0.4345011604411739 0.003961864475088533 0.001579925650557641
0 0.8001469623884858 0.4407568909142311 0.0038014176675733326 0.002694075706951793
0 0.8161423423525562 0.4168627466680456 0.0048751407715271 0.00221993517367288
0 0.7988794187514359 0.40153715357499037 0.0040713617452172455 0.0021028705975108153
0 0.7535429042173694 0.3853647840704906 0.0033788104924050797 0.002720912283950696
0 0.6992676729596858 0.38136224258707413 0.003431566421248533 0.0026846323366214618
0 0.6922357578864603 0.37109127763980465 0.004099270857816037 0.0018012421109229848
0 0.6835226441657103 0.3541115239125974 0.0038958334005036476 0.002472118959107803
0 0.8622095603403335 0.45193881094638333 0.0038714353185658012 0.0017557669100867201
0 0.8947495813371709 0.4355755538820552 0.0028721776275089893 0.0016493423928750418
0 0.8828013224067339 0.4328266498939301 0.003561500258110897 0.002231463237419149
0 0.8649969892235138 0.4310610892204142 0.00457370725918409 0.0021127742266985193
0 0.8615867642669562 0.4241394260097151 0.004515069986630351 0.0029710887562946907
0 0.86293542153569 0.41709134323783814 0.004984168167059551 0.002475907296912254
0 0.865368868346666 0.41539122022729175 0.005042805439613432 0.0018486774483611867
0 0.8492897616472973 0.41011490700903125 0.0047260577140602325 0.0025981100481264007
0 0.8485497623897656 0.39998373728866915 0.0047260577140602325 0.0018781518420190936
0 0.8883752891734596 0.40515185877314736 0.004138252641579783 0.002007201747006704
0 0.9001561201561114 0.3950766155803489 0.003349404237483924 0.0024767079025191665
0 0.8852978884270907 0.38596475692060944 0.0037010740692741705 0.0015785313098785991
0 0.7464290472503717 0.37148966778607934 0.004764433784497015 0.0024798811129379318
0 0.7722907784810923 0.36967809003878294 0.004490113071766899 0.002639405204460985
0 0.796665270204659 0.37210023014850846 0.003280220944068475 0.0018169400489790632
0 0.823509497675656 0.38074702957921686 0.005086929239388524 0.0033889265000331646
0 0.7579031558826965 0.35707043968282987 0.0037722221652373377 0.001288156136264078
0 0.7579959154441362 0.3582019281808991 0.002968305966087727 0.0012533411055550773
0 0.7686622114116781 0.35921014489849595 0.0034683946715479406 0.002673649759692367
0 0.7841430851859686 0.35512767787061894 0.0025020305545025677 0.002097269556921333
0 0.8014933450671065 0.3662131826880557 0.0034796083511460553 0.0020480232125364493
0 0.8791628651929118 0.3926974086645116 0.004577387470494614 0.0028384518601713184
0 0.8799151273531299 0.3735645190436277 0.005438008939141952 0.0026103616820171995
0 0.8457939454019987 0.3645729796655934 0.0060935952311156425 0.00263171056883202
0 0.8299756399732808 0.3687555196767729 0.005008434436533378 0.0030076692215223488
0 0.8276562607878866 0.35440276154167705 0.00429451129936723 0.0025856595029643613
0 0.8094417534151997 0.35409196771220336 0.004863915689811762 0.0030567377127650275
0 0.8004258995726365 0.33794314483136256 0.005221786256875163 0.002555157156005663
0 0.8112354851417752 0.33685788991026333 0.005075381034719726 0.003077178510458509
0 0.7418600088450092 0.3273639920731546 0.004582186006847451 0.002139277532398438
0 0.7412732655148644 0.32310116699021363 0.003520459980870498 0.0021078175686866985
0 0.750102533468052 0.30521080256131006 0.005123968791865252 0.0017701779170316812
0 0.7099699237625571 0.28469228232527866 0.004368388364888176 0.0018103559339053277
0 0.7130787285073714 0.278743577332733 0.0029122589099254983 0.0016054099791235998
0 0.8748620323334607 0.35306431305677805 0.004691371920034157 0.0024876300061759337
0 0.8653374091330605 0.34634006732396755 0.00470705354813063 0.0030577107540158723
0 0.836458982933062 0.3285331179035977 0.005158809022890552 0.0023408186172400036
0 0.7729697719661993 0.31597989999546877 0.004599615526274619 0.002273031572492279
0 0.7857464817614067 0.3152174273793796 0.0037819060993813025 0.0024744394333460207
0 0.7964105577417746 0.31816742725025965 0.004336314562000467 0.002612613179217789
0 0.8810325674327841 0.3420939942538533 0.004045883188728112 0.0026877860906212446
0 0.8732644717104259 0.33813064866259823 0.004531389171375509 0.0020500063403043355
0 0.8816799087429804 0.3487223480875039 0.002589365240786208 0.0035533443231941676
0 0.8891647926421277 0.33747009106405584 0.0041268008525027254 0.0020955620367555383
0 0.88681713613733 0.33255658409381084 0.005583318800445056 0.0023688962154628256
0 0.8812742761687724 0.327203789760794 0.0037222125336299427 0.0017766721615971193
0 0.878765828591761 0.32891212837771433 0.003560377206080858 0.0023688962154627545
0 0.8644434021036633 0.3202337682037593 0.0050168951540230464 0.0025966746977187684
0 0.8814765703282089 0.31877598591732076 0.0038031301974045567 0.002232229126109111
0 0.8922790784421131 0.3182976511045831 0.0032367065509826885 0.0019133392509507274
0 0.8785257777285744 0.307639061144425 0.003910020988094942 0.0023585314240060027
0 0.8736731623951354 0.3009172465860079 0.003979842791453763 0.002044060567471853
0 0.8679548375536951 0.29450195714421656 0.005166813448553995 0.0022012959957389455
0 0.8713761059182779 0.2899224752959382 0.003630733774659376 0.00224060485280571
0 0.8648477673042265 0.28579504530392763 0.004398773611606685 0.0018475162821380308
0 0.8582146959851373 0.2849499048769922 0.005096991645195032 0.002279913709872403
0 0.8513023374526124 0.2822375937393853 0.004538417218324469 0.0021226782816054167
0 0.8585638050019313 0.2780118916047079 0.004119486398171403 0.0023192225669392743
0 0.8788819497793527 0.2817658874545841 0.0042591300048889025 0.0023585314240060383
0 0.8546188731121572 0.27358964518469664 0.0041893082015299395 0.0023585314240060383
0 0.8759145231366022 0.26608165348494417 0.005166813448553995 0.0020440605674719235
0 0.883420366997677 0.262838672776936 0.004259130004889045 0.002476457995206296
0 0.7922459366109348 0.2665551995031807 0.004386084531660685 0.0027961351878832376
0 0.7860215666505634 0.2594014510354794 0.004966595719674558 0.0023603738599013726
0 0.8286252893437055 0.26450998416681115 0.0050843927430301505 0.0027509293680298085
0 0.8619038280036395 0.26050912620456607 0.0040889198441121264 0.0027696105398570124
0 0.8541412692370823 0.2586207553819363 0.005047260432576195 0.002158138083005454
0 0.8768331400434676 0.24095866293869597 0.003901403095661209 0.00231581619194678
0 0.8371781269509085 0.2532218790885531 0.004804469592547065 0.001981778671175434
0 0.8400448591047948 0.24602175355071887 0.004328779533878873 0.0019549978783217625
0 0.8576216067725784 0.25432379933537275 0.0039006584810776703 0.002651298492518528
0 0.8532928272386993 0.2521813359070749 0.0036152444458767263 0.002169244221151487
0 0.8498202898104212 0.2532257868283702 0.0039006584810776655 0.00243705214968855
0 0.86271958073615 0.22177716496231129 0.004604292227074325 0.002013910917666344
0 0.8565414543721956 0.2164093522406122 0.00238442798329217 0.0016827330433090992
