0.0 0.14426427367712905 0.42961014722756197 0.008391426933401558 0.009485960881236367
0.0 0.19415677946594037 0.44830843550307264 0.00711447066092723 0.008573849258040412
0.0 0.15414686432009334 0.32400825796925903 0.007661737634844856 0.007296892985566928
0.0 0.22173433559890338 0.3027560571487967 0.006384781362370706 0.008573849258040412
0.0 0.2809429756015666 0.25364590887588073 0.00875521591471493 0.006985544612804517
0.0 0.24014557782053045 0.20858822051872644 0.009298654090070534 0.007626985939046449
0.0 0.1876121871520158 0.17068114224077605 0.006506234260578658 0.008632033573440622
0.0 0.25283570347679013 0.15772290142697684 0.005888475836431173 0.006721189591078059
0.0 0.1887368553462423 0.04333647963984859 0.005987421692452877 0.008532075911745096
0.0 0.8673788779664957 0.5582944117764918 0.008300215771082264 0.008427911398329968
0.0 0.9327006026421764 0.5457078254474894 0.006538469757584764 0.01041311850282085
0.0 0.7671224262204049 0.2762098033780333 0.005769516728624602 0.006661710037175084
0.0 0.6506225921313137 0.10124051643964123 0.005089308438584972 0.007409434344410215
0.0 0.8905139538892561 0.3124522385922958 0.0034418818625916005 0.0034418818625916005
0.0 0.9140447979153817 0.10959839947712488 0.005607293337928354 0.009345488896547493
0.0 0.9719394216504222 0.0920847379851935 0.005472118959107775 0.0046394052044611556
