0.0 0.06737887796649566 0.5582944117764918 0.008300215771082264 0.008427911398329968
0.0 0.13270060264217634 0.5457078254474894 0.006538469757584764 0.01041311850282085
0.0 0.0905139538892561 0.3124522385922958 0.0034418818625916005 0.0034418818625916005
0.0 0.2605018412742375 0.3301226671529086 0.0037848553683300424 0.006386943434056746
0.0 0.11404479791538176 0.10959839947712488 0.005607293337928354 0.009345488896547493
0.0 0.1719394216504222 0.0920847379851935 0.005472118959107775 0.0046394052044611556
0.0 0.21810285817043357 0.06532795232659723 0.003925650557620841 0.0058884758364314395
0.0 0.27055609096475147 0.09817577432231381 0.00628679277707569 0.00830754759827812
0.0 0.2852811258429139 0.17238309705622612 0.006366177044084864 0.004297169504756937
0.0 0.48938205190424977 0.5788508435482879 0.005833790041557307 0.008294920215338664
0.0 0.5131729769174742 0.5689151698837612 0.005469178163959754 0.009753367725727458
0.0 0.37963605070227757 0.3385456594516114 0.007087027928331579 0.007525400789877778
0.0 0.44303730589330553 0.42722062333216826 0.007071820268255991 0.0074961294843518544
0.0 0.4989726301244177 0.43684174992209857 0.005858010875270025 0.008054764953496375
0.0 0.5505018488471267 0.5241551775939588 0.0035697601922237256 0.006620282538306555
0.0 0.5386242831166349 0.5279845567092533 0.004867854807578453 0.0068799014613780685
0.0 0.6754689314855247 0.5616185319584066 0.006730981247933343 0.008346416747437501
0.0 0.7359864967773351 0.553459875608797 0.005608862101750489 0.008485201641109797
0.0 0.6505267897821468 0.5145293657656943 0.00452044609665414 0.005531598513010749
0.0 0.746090025598716 0.46280365676309143 0.006606780051440708 0.008943324215974258
0.0 0.6520984828738301 0.48383231711053654 0.007945398233812994 0.00824335066758124
0.0 0.634519289281519 0.48388197584949816 0.006554953542895703 0.005164508851978411
0.0 0.7604629462028545 0.5246710420853006 0.0072648681399108735 0.006726729759176919
0.0 0.7719656540910466 0.5242001710021575 0.008475679496562449 0.007668471925461518
0.0 0.8162948032040209 0.534357532938515 0.0072648681399108735 0.006726729759176919
0.0 0.8251876999054588 0.4870383064902491 0.006250811321594796 0.010460541395318757
0.0 0.8167044559690119 0.4948837125367437 0.00535783827565055 0.008291892569459947
0.0 0.8157526902554217 0.4457596290573743 0.006604489993909368 0.005283591995130621
0.0 0.7442566747863788 0.3977646978090135 0.005218724542217145 0.005949345978127241
0.0 0.778026825614303 0.4061507018861448 0.008069564656934957 0.006934782127054007
0.0 0.7791175080677668 0.39114990996515786 0.009680614765215267 0.006573256939344674
0.0 0.7854695737697529 0.3664794487266331 0.005019578026407956 0.007887908327212756
0.0 0.7509898532788307 0.3542292880669464 0.003943954163606378 0.004661036738806956
0.0 0.746926385352691 0.35488661376088115 0.003943954163606734 0.00573666060160889
0.0 0.7519459633790987 0.3707819441778398 0.004900064263874171 0.004063467926139453
0.0 0.7520654771416323 0.3746661414601796 0.004661036738807312 0.004661036738807666
0.0 0.698465057463272 0.3351452563041498 0.003822191161749089 0.005632702764683017
0.0 0.5732639405204465 0.3061412639405209 0.004996282527881135 0.003687732342007166
0.0 0.4648753880430981 0.3527635856200376 0.00475836431226746 0.007613382899627652
0.0 0.8379207151156838 0.32632591048796583 0.008125786582614581 0.008125786582614581
0.0 0.8431730407225384 0.28400638647700516 0.010157233228268581 0.007698113604582346
0.0 0.8206132911313322 0.27513217218283403 0.010371069717284343 0.005987421692452699
0.0 0.8243019705668615 0.29255984603765234 0.006628931159501405 0.009622642005727756
0.0 0.7635860119833005 0.2506397219907154 0.007198677119080088 0.005827500524969764
0.0 0.7694401597652524 0.22632152481815523 0.00505621369078284 0.007027280044816564
0.0 0.7487011137793298 0.18707159481174002 0.00968393469590616 0.005827500524970474
0.0 0.7469871430366919 0.19277054753101233 0.008141361027531602 0.005913199062101171
0.0 0.7624985782575673 0.19071378263984612 0.006084596136365761 0.006084596136365405
0.0 0.7682403802454054 0.20035486806718622 0.007627169804740319 0.007541471267608557
0.0 0.7263517183398672 0.17071857340126506 0.005572151806677183 0.009286919677796135
0.0 0.6786991205388698 0.1463733419155176 0.00592494301095634 0.008294920215338664
0.0 0.6469974199670615 0.1164574379882243 0.005909917796220299 0.008313952154004767
0.0 0.3645747406166443 0.1465239853277886 0.007562455561720682 0.009113728497458595
0.0 0.4690617156181773 0.09786056664631922 0.005856174364142675 0.002868330300804445
0.0 0.47151174775011456 0.10043011254079026 0.004541522976273882 0.0051390917889413855
0.0 0.4244233253119056 0.07533222240874941 0.006214715651743319 0.004661036738807666
0.0 0.7734781523961305 0.10949734483570558 0.006285825582741822 0.0068277070984954944
0.0 0.6437546951379925 0.0011609705715235562 0.006258322785923198 0.0023219411430471125
0.0 0.6873947156544284 0.0031547524078584742 0.006269137659266377 0.0063095048157169485
0.0 0.7507309869102308 0.002657699079396991 0.0051487184601899825 0.005315398158793982
