0 0.1650935431669245 0.7855527136667564 0.005826830935303242 0.006150543765042329
0 0.28648585431907486 0.7724423440623243 0.005179405275825068 0.0032371282973906543
0 0.09873241307041564 0.44526699730608754 0.003237128297390672 0.004208266786607808
0 0.3954152215262711 0.3371469121732389 0.0035608411271297767 0.005503118105564155
0 0.33601391726915225 0.3868368315381858 0.005826830935303135 0.004531979616347001
0 0.4591866489848674 0.18904829256761552 0.003560841127129706 0.0038845539568688634
0 0.41532356055522385 0.12479129586441058 0.00453197961634693 0.0035608411271297238
0 0.42309266846896143 0.12462943944954104 0.003884553956868757 0.002589702637912552
0 0.42908135581913415 0.13077998321458334 0.003560841127129706 0.0038845539568687928
0 0.09420043345406867 0.2884281312975092 0.0051794052758250865 0.004531979616346966
0 0.5456269647415135 0.16582608264096999 0.0032562829027006756 0.003064736849600642
0 0.5418918167060628 0.14456447074686551 0.004597105274400945 0.0038309210620008118
0 0.5329849252369109 0.13220975032191296 0.0028731907965007506 0.0024900986903005416
0 0.5824995799632713 0.15366290826911744 0.004597105274400874 0.002873190796500591
0 0.5945669813085738 0.16573030961441998 0.0030647368496006066 0.00402246711510088
0 0.619276422158479 0.194653763632526 0.0045971052744010164 0.004405559221300912
0 0.6377606162826328 0.1984846846945268 0.0036393750089008135 0.003639375008900743
0 0.6448478202473342 0.18086244780932312 0.003639375008900743 0.004022467115100845
0 0.5734969154675693 0.18833274388022467 0.004214013168200807 0.003639375008900778
0 0.6692699420175893 0.15921774380901862 0.0034478289558006734 0.004405559221300894
0 0.5963866688130242 0.1395842733662645 0.002873190796500609 0.003447828955800709
0 0.596099349733374 0.11353401014465905 0.003830921062000883 0.004214013168200897
0 0.567175895715268 0.09878496405595598 0.0030647368496006066 0.003447828955800709
0 0.5724434121755192 0.09753991471080571 0.002490098690300471 0.00440555922130093
0 0.6074963398928265 0.13881808915386437 0.002490098690300471 0.0038309210620008118
0 0.5994514056626248 0.1303900628174626 0.0036393750089008135 0.0038309210620008118
0 0.5651646621577175 0.13173088518916287 0.004405559221300948 0.003830921062000776
0 0.5802968003849835 0.22434340501063382 0.003639375008900743 0.003639375008900743
0 0.7932002383733152 0.20585920773887836 0.0030647368496006778 0.0042140131682008785
0 0.8555484786573783 0.17913853333142277 0.003639375008900743 0.004788651327500979
0 0.7671499751517098 0.16975277672952083 0.0022985526372005438 0.002490098690300506
0 0.7446433139124551 0.18114976688897322 0.0032562829027006045 0.0026816447434005754
0 0.7908059127095648 0.14207437205656503 0.0028731907965004666 0.0030647368496006244
0 0.7954030179839657 0.12924078649886236 0.002107006584100475 0.0038309210620008118
0 0.6043277975306263 0.22813134924214767 0.004597105274400945 0.00268164474340054
0 0.6129473699201281 0.22985526372004805 0.003830921062000883 0.003830921062000776
0 0.6576733733189875 0.2330157735961987 0.004788651327501157 0.0032562829027006756
0 0.6586311035844876 0.25705480326025376 0.003639375008900743 0.0034478289558006734
0 0.8056426993387684 0.2924908230837611 0.0019154605310004059 0.00268164474340054
0 0.660163472009288 0.2641420072249552 0.002873190796500609 0.0034478289558007445
0 0.6072009883271269 0.2573421223399038 0.004597105274400945 0.00325628290270064
0 0.7432944590547054 0.325532517243518 0.0024900986903006127 0.0032562829027007467
0 0.7007712352664964 0.2600237670833043 0.003639375008900743 0.003639375008900778
0 0.855827765250979 0.258108306552304 0.0019154605310002636 0.0036393750089008135
0 0.779879755196813 0.29814143165021234 0.004022467115100739 0.003639375008900778
0 0.8270000842594228 0.29641751717231196 0.0036393750089006006 0.004405559221300912
0 0.6190768436193294 0.35043350414652324 0.0038309210620007406 0.003639375008900743
0 0.608062945566077 0.36125585614667544 0.004405559221300877 0.0022985526372004727
0 0.6796053963989419 0.32668179356211824 0.0034478289558005316 0.005554835539901219
0 0.7807417124357631 0.3502419580934232 0.00268164474340054 0.003639375008900743
0 0.8000878637988671 0.36116008312012554 0.00268164474340054 0.004788651327501086
0 0.7963527157634164 0.36202204035907554 0.002490098690300471 0.0042140131682008785
0 0.7721221400462613 0.3411435205711713 0.0030647368496006778 0.00268164474340054
0 0.6688788174253397 0.35359401402267393 0.002298552637200686 0.00421401316820095
0 0.6858306431246933 0.3467941291376225 0.0036393750089006006 0.00402246711510088
0 0.6910023865583943 0.34717722124382255 0.0040224671151010225 0.002107006584100475
0 0.7040275181691971 0.3228508725001175 0.002873190796500609 0.004405559221300877
0 0.7003881431602963 0.3233297376328676 0.0036393750089006006 0.0038309210620007406
0 0.6406257745930839 0.39707496807638293 0.0032562829027005333 0.0030647368496006066
0 0.6429243272302844 0.4078015470499852 0.0024900986903006127 0.0030647368496006778
0 0.635741350239033 0.45338950768779473 0.0038309210620008118 0.0030647368496006778
0 0.6712731430890904 0.41057896481993583 0.004405559221300877 0.003639375008900743
0 0.7148498701693495 0.45904011625424596 0.0038309210620009536 0.004405559221300877
0 0.8153157750203204 0.45540074124534513 0.00402246711510088 0.0051717434337010815
0 0.8228818441177721 0.4432375668734927 0.0045971052744010876 0.004597105274400945
0 0.8533376665606782 0.46718082351099766 0.0045971052744010876 0.0030647368496006066
0 0.8437603639056763 0.3918074516161319 0.0030647368496005355 0.0051717434337010815
0 0.8310225513745237 0.3887427147665312 0.004022467115100739 0.004405559221300877
0 0.6344005278673326 0.5142053795470574 0.0038309210620007406 0.0036393750089006717
0 0.6729012845404406 0.5348923532818617 0.0038309210620006695 0.004022467115100739
0 0.7070922550187979 0.5113321887505569 0.004022467115100739 0.00402246711510088
0 0.8081327980290689 0.5230164979896592 0.0026816447434006817 0.0036393750089008135
0 0.8069835217104686 0.5175574354763082 0.0026816447434006817 0.0038309210620007406
0 0.832459146772774 0.49026212290955246 0.0038309210620006695 0.004022467115100951
0 0.8342788342772244 0.4782904945907998 0.0032562829027007467 0.004980197380601012
0 0.7245229458509013 0.4754173037942993 0.0032562829027007467 0.0030647368496006778
0 0.7432944590547053 0.4816425505200506 0.004788651327501015 0.0024900986903005416
0 0.8367689329675249 0.570232600078819 0.003639375008900743 0.0045971052744010876
0 0.8496982915517777 0.5479174848926643 0.004597105274400945 0.004405559221300877
0 0.6349751660266327 0.5923561692118738 0.004214013168200807 0.00402246711510088
0 0.8260423539939227 0.5942716297428743 0.0032562829027006045 0.0032562829027006756
0 0.7451141465591555 0.6261640475840309 0.004214013168200807 0.0030647368496006066
0 0.6405300015665338 0.660259245035838 0.004980197380601083 0.00421401316820095
0 0.6631324358323386 0.6808504457440924 0.0034478289558008157 0.0036393750089006006
0 0.6254936363981808 0.6729970575669906 0.0032562829027007467 0.0044055592213007345
0 0.789457057851815 0.6450313338143847 0.004022467115100739 0.0047886513275008724
0 0.8405998540295258 0.6974191793372458 0.0040224671151010225 0.00536328948680108
0 0.6801800345582422 0.7544999031610579 0.004980197380601083 0.004597105274400945
0 0.7092950346294481 0.8034399197281181 0.0038309210620006695 0.004022467115100739
0 0.8481659231269774 0.8892525515169359 0.004214013168200807 0.00440555922130116
0 0.6348793930000827 0.9193252818536419 0.0032562829027007467 0.0032562829027007467
0 0.35273205678372377 0.18800245111768932 0.0024900986903005416 0.002490098690300506
0 0.3969791950498329 0.1742111352944864 0.0036393750089008135 0.003256282902700711
0 0.41029164574028576 0.20093180970194197 0.0038309210620008118 0.003447828955800709
0 0.32064809288946705 0.25456470456995317 0.003447828955800709 0.003447828955800709
0 0.4566457905904954 0.253415428251353 0.0030647368496006066 0.003447828955800709
0 0.29986534612811266 0.23282422754309862 0.002873190796500609 0.0021070065841004037
0 0.5480722998812507 0.7617052000128876 0.006611209582606108 0.004722292559004018
0 0.5631836360700646 0.7552120477442565 0.002361146279502222 0.00448617793105413
0 0.571211533420372 0.6869749202666443 0.004250063303103815 0.004013948675153784
0 0.542827529657546 0.5499109684960526 0.0028333755354024957 0.003305604791303054
