0.0 0.5076195314703604 0.022575370432812037 0.011646000028482461 0.011033052658562071
0.0 0.9780566378840589 0.1359706338680356 0.006129473699201071 0.008581263178881571
0.0 0.5125231104297218 0.04525442311985657 0.009194210548801606 0.011033052658562425
0.0 0.343043162646806 0.02349479148769209 0.014710736878082997 0.010420105288642035
0.0 0.7785422689750572 0.2417040551792576 0.007968315808962245 0.01042010528864239
0.0 0.6424679528527886 0.03207605466657384 0.011646000028482461 0.011646000028482461
0.0 0.8956152166298015 0.1540525812806795 0.012871894768322534 0.011646000028482461
0.0 0.3810458995818539 0.32138721326887437 0.012258947398402142 0.011646000028482461
0.0 0.34580142581144635 0.3560187396693614 0.014097789508162605 0.007355368439041499
0.0 0.5747372684766141 0.24538173939877836 0.01103305265856136 0.01777547372768389
0.0 0.8983734797944418 0.3207742658989542 0.008581263178881925 0.011646000028482461
0.0 0.9602811641563747 0.35571226598440175 0.008581263178881925 0.01532368424800339
0.0 0.9483286904429324 0.3584705291490417 0.007968315808961535 0.013484842138242924
0.0 0.8707908481480363 0.2916592658277482 0.009807157918721998 0.008581263178881571
0.0 0.5404122157610871 0.3315008448725566 0.007355368439041854 0.013484842138242924
0.0 0.5946580579990186 0.30974121324039194 0.011646000028481752 0.01287189476832289
0.0 0.6112076369868618 0.3109671079802322 0.012871894768323244 0.006742421069121462
0.0 0.6528880581414306 0.23312279200037606 0.009194210548801606 0.01409778950816296
0.0 0.6412420581129481 0.2346551604251763 0.011646000028481752 0.012258947398402498
0.0 0.45000247869786847 0.4706398978444254 0.010420105288641679 0.009807157918721998
0.0 0.45735784713690997 0.5049649505599527 0.007968315808962245 0.009807157918721998
0.0 0.4343723207649056 0.6508464246009431 0.012258947398402853 0.009807157918721998
0.0 0.5480740578850891 0.5138526874237946 0.014097789508162605 0.011646000028482461
0.0 0.6875195845419185 0.668928372013587 0.012258947398402853 0.01409778950816296
0.0 0.4300816891754643 0.8454572145505835 0.012258947398402142 0.011646000028482461
0.0 0.55328411052941 0.9116555305019574 0.012258947398402142 0.012871894768322534
0.0 0.6626952160601534 0.836263004001782 0.012871894768322534 0.012871894768322534
0.0 0.9860249536930205 0.8736527935669095 0.008581263178881925 0.011646000028482461
0.0 0.9823472694734996 0.8561837935241862 0.008581263178881925 0.012258947398402142
0.0 0.7184734267228841 0.7213353721417578 0.01042010528864239 0.009807157918721998
0.0 0.7785422689750569 0.741256161664162 0.01532368424800339 0.00796831580896189
0.0 0.13704809490414718 0.9597150991873683 0.00906680171328773 0.010577935332170085
