0.0 0.09749639895612602 0.9512471683183525 0.007072469652924696 0.006129473699201427
0.0 0.15360465832215375 0.7727851802022518 0.00707246965292434 0.00754396762978633
0.0 0.3280589096414664 0.7657127144232984 0.006129473699201071 0.006600971676062883
0.0 0.3398463590630074 0.7923523501159809 0.005186477745477802 0.006129473699201427
0.0 0.32051494201168024 0.8699137673097201 0.007072469652924696 0.005657975722339614
0.0 0.018991985808663257 0.5410439284487284 0.007543967629786152 0.007072469652924696
0.0 0.5529634446044669 0.7371870868231692 0.008015465606647964 0.008958461560371056
0.0 0.7201094775214102 0.9491254274224753 0.007543967629786152 0.008486963583509777
0.0 0.8782970486389964 0.8647272895642422 0.006129473699201071 0.01037295549095596
0.0 0.6896978578943417 0.7258711353784901 0.004243481791754533 0.008015465606647964
