0 0.21650598236179625 0.6484644909406958 0.003980702433618326 0.002739108559330532
0 0.18774258034603172 0.5974483410523116 0.004187458181321091 0.002652176119846672
0 0.13356734012519073 0.6202865243065472 0.004187458181321038 0.002652176119846672
0 0.06084900169732141 0.5198265194899547 0.004449174317653606 0.0017681174132311384
0 0.2448354455391147 0.527562033172841 0.004972606590318733 0.001620774295461942
0 0.31301249905374795 0.523362754316417 0.0036640259086559014 0.002946862355385278
0 0.3186393959848981 0.5253518864063021 0.002355445226993176 0.0019154605310003348
0 0.2916826339426439 0.5029557325053742 0.003402309772323342 0.0025048330020774755
0 0.20034370236257865 0.53072991020488 0.003925742044988425 0.002357489884308137
0 0.185687598727955 0.5202685488432626 0.0034023097723233065 0.0026521761198467432
0 0.13007291975728488 0.5144484956913767 0.0031405936359907827 0.0019154605310004768
0 0.10900477078251339 0.5434750898919212 0.001308580681662832 0.0016207742954618
0 0.0526049434028456 0.5733120712401967 0.003664025908655919 0.0008840587066156047
0 0.05273580147101189 0.5755222180067356 0.0034023097723233507 0.0011787449421541397
0 0.039780852722549914 0.564250469497387 0.003140593635990787 0.0027995192376159394
0 0.0172732649979493 0.5251308717296481 0.004187458181321044 0.002357489884308208
0 0.003925742044988478 0.5175427011645312 0.004187458181321042 0.0022101467665390116
0 0.0024863032951593688 0.500075378696587 0.0049726065903187375 0.003521908801889069
0 0.04985692397135367 0.49043156749498706 0.004449174317653606 0.0019154605310004059
0 0.05836269840216204 0.48468518590198584 0.0041874581813210465 0.0019154605310003348
0 0.0728879439686194 0.5327927138536497 0.0034023097723233507 0.0017681174132311384
0 0.27467108508102717 0.6242191184294765 0.0034023097723233065 0.002210146766538941
0 0.34402586120915685 0.650225178715751 0.003925742044988496 0.0020628036487694602
0 0.26551102030938734 0.6304812009346702 0.0044491743176536145 0.002946862355385207
0 0.26838989780904554 0.2602079459805159 0.00444917431765365 0.0017681174132311028
0 0.2661653106502188 0.26278645054147803 0.004187458181320984 0.0022101467665389053
0 0.2842237240571658 0.2888661823866373 0.003664025908655866 0.0019154605310003703
0 0.2945615114423021 0.30588431248898695 0.004972606590318733 0.0026521761198467432
0 0.37045919097874597 0.2911500007120608 0.0034023097723233776 0.0023574898843081726
0 0.14917819770956214 0.3033794794869095 0.003664025908655937 0.0026521761198467077
0 0.1998202700899135 0.32584930494672193 0.003925742044988496 0.0030942054731544744
0 0.20505459281656482 0.32688070677110675 0.0044491743176536145 0.0022101467665390827
0 0.23502109042664351 0.34647734143441844 0.002617161363325664 0.002210146766538941
0 0.24588231008444494 0.34809811572988036 0.0028788774996582234 0.0025048330020774755
0 0.3517464872309677 0.33712105345607035 0.0036640259086559725 0.0014734311776925324
0 0.2335816516768144 0.40106796656792987 0.0023554452269931047 0.002652176119846672
0 0.2274313224729991 0.3895752033819275 0.004187458181321055 0.002062803648769673
0 0.23933940667613082 0.3861863116732344 0.0044491743176536145 0.002357489884308208
0 0.16618974657117888 0.4196331994068568 0.002093729090660581 0.0017681174132312095
0 0.15598281725420884 0.4248638800876657 0.0052343227266512925 0.0025048330020774044
0 0.136615823165599 0.4113083132528936 0.0036640259086558836 0.0030942054731545455
0 0.19157621179543768 0.46545690903309717 0.0052343227266512925 0.002062803648769602
0 0.09382523487522461 0.47105594750832913 0.004972606590318733 0.002062803648769602
0 0.34036183530050096 0.47820208872013836 0.003925742044988496 0.0019154605310004059
0 0.3404926933686673 0.4935994445270262 0.0031405936359907827 0.0020628036487695314
0 0.33695952552817765 0.511575304894876 0.0034023097723233776 0.002652176119846672
0 0.3715060555240763 0.4775390446901767 0.002355445226993069 0.0026521761198467432
0 0.2606692717872349 0.5497371723971147 0.0036640259086559014 0.002652176119846672
0 0.1699846305480011 0.5381707376522278 0.0060194711356489706 0.0027995192376160105
0 0.19301565054526681 0.5365499633567659 0.002878877499658259 0.0016207742954618709
0 0.22520673531417232 0.5710282529147732 0.003402309772323342 0.0025048330020774755
0 0.1261471777122964 0.5713966107091963 0.0026171613633256463 0.0023574898843082793
0 0.10573331907835634 0.5719859831802734 0.003664025908655919 0.0014734311776926036
0 0.05234322726651303 0.53470817438465 0.00366402590865591 0.002062803648769673
0 0.44661858665152254 0.6604655254007149 0.004449174317653543 0.0027995192376158683
0 0.38105869450021485 0.6164836047465903 0.0036640259086559014 0.002357489884308208
0 0.583496125953454 0.6295971422280546 0.0034023097723233065 0.002357489884308066
0 0.6251089916303318 0.6353435238210557 0.003925742044988354 0.0020628036487697443
0 0.6812471028736671 0.6768942830319875 0.003140593635990854 0.002357489884308137
0 0.43261677335773024 0.4880004060517942 0.004710890453986138 0.002357489884308208
0 0.5515667573208811 0.4971356793534884 0.0034023097723235194 0.002652176119846672
0 0.5445004216399019 0.5251308717296481 0.0034023097723233776 0.002357489884308208
0 0.6493177342410942 0.5109859324237991 0.005234322726651328 0.003536234826462348
0 0.39964054017982703 0.43201002129947486 0.006281187271981494 0.0032415485909237417
0 0.3458578741634849 0.4185281260235874 0.006542903408314089 0.0016207742954618709
0 0.4076228823379702 0.4121187004006245 0.004972606590318733 0.0017681174132311384
0 0.498700097781703 0.4135921315783172 0.005496038862983923 0.002357489884308208
0 0.4705656131259522 0.4525643862282868 0.0036640259086559014 0.0033888917086930094
0 0.41324977926912043 0.45587960637809516 0.0031405936359907116 0.002062803648769673
0 0.6887060127591452 0.45116462660947887 0.003925742044988567 0.002946862355385278
0 0.4009491208614898 0.3841235080244648 0.0036640259086559014 0.0017681174132311384
0 0.3915273399535175 0.3965740014759674 0.0036640259086559725 0.0016207742954618709
0 0.5632131253876803 0.3895752033819275 0.004710890453986209 0.002062803648769673
0 0.5923944745887613 0.3813239887868488 0.004449174317653543 0.002357489884308137
0 0.44818888346951785 0.3217973692080672 0.0034023097723233776 0.002062803648769673
0 0.49817666550903783 0.29726474009948517 0.003925742044988496 0.0019154605310004059
0 0.3746466491600671 0.24761010941124403 0.002878877499658259 0.0019154605310004414
0 0.5293208857989405 0.24149536881320371 0.003925742044988354 0.002357489884308208
0 0.6261558561756622 0.23928522325728074 0.0034023097723232354 0.002062803648769673
0 0.6326987595839764 0.24761010941124403 0.0028788774996581167 0.0019154605310004414
0 0.6219683979943411 0.27184805228428754 0.003925742044988638 0.0017681174132311384
0 0.4546009288096657 0.16907622764022762 0.004187458181321091 0.002210146766538941
0 0.7509944532062957 0.23037096463224038 0.0044491743176536145 0.002799519237615975
0 0.8437728236025174 0.2966016960695235 0.0041874581813209485 0.0026521761198467788
0 0.9315785872757655 0.2702272779888257 0.0034023097723233776 0.0032415485909237417
0 0.8268921327427395 0.22683472980577815 0.002355445226992998 0.0025048330020774755
0 0.8882645667127261 0.4524907146694022 0.0031405936359909957 0.0038309210620008118
0 0.8172086356984346 0.47142430530275237 0.004449174317653757 0.002210146766538941
0 0.8781884954639224 0.5327927138536497 0.003925742044988567 0.002652176119846672
0 0.9488518522737149 0.5395704972710358 0.004449174317653472 0.0032415485909237417
0 0.7461527046841432 0.589004113282623 0.0036640259086559014 0.0025048330020774044
0 0.7612013825232657 0.6320283036712474 0.002878877499658188 0.0027995192376160105
0 0.9666485495443294 0.6198724964552833 0.003925742044988567 0.003241548590923884
