0.0 0.04599506076055846 0.29042544072706894 0.01078893859969341 0.06690814635468517
0.0 0.16287522892390277 0.23355351632558585 0.014385251466257642 0.05575678862890548
0.0 0.2801734684579852 0.08774951406099689 0.010334904100290032 0.062068457101695666
0.0 0.2880606321134692 0.18894808542246358 0.008703077137086268 0.05936982853205872
0.0 0.3106342384377864 0.23077682825186627 0.010334904100290032 0.06206845710169919
0.0 0.4194227026513605 0.05401665694050858 0.011422788742425638 0.0539725713927813
0.0 0.5486090039049806 0.11608511404220777 0.008703077137086268 0.0539725713927813
0.0 0.8039899236463462 0.051318028370869864 0.010334904100290032 0.0539725713927813
0.0 0.8676311752112873 0.137674142599321 0.010334904100289321 0.0539725713927813
0.0 0.8651834347664817 0.1983932854161982 0.009790961779221874 0.05667119996241825
0.0 0.894828291264681 0.31578362819549716 0.009247019458154426 0.05936982853206225
0.0 0.7112989134834408 0.39074118459279994 0.011368394510318324 0.05936982853205872
