0.0 0.2956731200919293 0.15419141389738875 0.014892417307551397 0.014892417307551309
0.0 0.3640030347971647 0.15769551208740082 0.013140368212545184 0.014892417307551309
0.0 0.3237059056120259 0.20981897266383048 0.013140368212545184 0.015768441855054327
0.0 0.31801174605325605 0.2426698931951937 0.012264343665042077 0.014892417307551309
0.0 0.2930450464494202 0.27727286282156294 0.016644466402557255 0.015768441855054327
0.0 0.32702882749373663 0.31664663903784274 0.012565067616667846 0.01316340416984243
0.0 0.3345080344084197 0.29031983069815764 0.01077005795714392 0.013163404169842519
0.0 0.3458764289187384 0.27625892169855315 0.011966731063493441 0.013761740723017191
0.0 0.36801488138620064 0.2541204692310908 0.01077005795714392 0.012565067616667846
0.0 0.3793832758965191 0.2544196375076781 0.011966731063493441 0.011966731063493174
0.0 0.39494002627906044 0.2957048596767296 0.009573384850794753 0.011966731063493174
0.0 0.4021200649171563 0.33489590390966983 0.01077005795714392 0.011368394510318503
0.0 0.45956037402192357 0.2478379354227569 0.014360077276191773 0.01077005795714383
0.0 0.4398152677671597 0.2717713975497432 0.014360077276191773 0.014360077276191863
0.0 0.4616545519580349 0.3480593080795123 0.012565067616668202 0.014958413829366446
0.0 0.4664412443834321 0.3983195785461837 0.014958413829366534 0.012565067616667846
0.0 0.35574898204612015 0.38066865022753127 0.012565067616667846 0.01555675038254103
0.0 0.5223857121052629 0.36451356329181545 0.013163404169842251 0.011966731063493174
0.0 0.5615767563382029 0.35314516878149693 0.012565067616668202 0.015556750382541118
0.0 0.5902969108905868 0.3764802943553086 0.012565067616668202 0.016753423488890463
0.0 0.4855880140850212 0.2191177808703732 0.013761740723017368 0.014360077276191863
0.0 0.4344727202343243 0.12060937698587322 0.01123847770801376 0.012137555924654996
0.0 0.4425644241840942 0.13072400692308567 0.008541243058090587 0.011688016816334468
0.0 0.38120233589833835 0.16196697495136428 0.008990782166410938 0.013036634141296055
0.0 0.4063765259642896 0.1700586789011343 0.01078893859969341 0.014834790574578349
0.0 0.4556010583253903 0.18062284794666733 0.009440321274731999 0.011688016816334468
0.0 0.41491776902238015 0.2024254947002143 0.011688016816334468 0.01123847770801394
0.0 0.4317458216674446 0.770172681016464 0.009247019458153715 0.011966731063493264
0.0 0.4219548598882227 0.727473208812636 0.011422788742425282 0.011422788742425282
0.0 0.4004691382060418 0.6994601792776407 0.01087884642135748 0.011966731063493264
0.0 0.3134383668351825 0.6540409954684733 0.014142500347764653 0.011422788742425461
0.0 0.28188971221324566 0.604814215411831 0.01087884642135748 0.014142500347764653
0.0 0.3961175996374987 0.6010066191643558 0.007615192494950307 0.011966731063493264
0.0 0.4048206767745846 0.5993747922011521 0.01087884642135748 0.00870307713708609
0.0 0.4790688036003491 0.5574912334789259 0.012510673384560888 0.01305461570562887
0.0 0.49593101555345315 0.514519790114564 0.00924701945815407 0.011966731063493085
0.0 0.41053207114579704 0.4614854138104465 0.011422788742425282 0.0103349041002895
0.0 0.441264812286132 0.4519664231917587 0.009790961779221874 0.01305461570562887
0.0 0.5185046218777698 0.45631796176030165 0.013054615705629047 0.01305461570562887
0.0 0.7807299820571811 0.9577632234440214 0.01136839451031868 0.01077005795714392
0.0 0.9102698458194951 0.8733977694463944 0.010770057957143564 0.009573384850794753
0.0 0.8627020898421097 0.75402962708805 0.011368394510319036 0.011368394510318503
0.0 0.758591529589719 0.5523902086681897 0.01136839451031868 0.011368394510318503
0.0 0.7229905046758267 0.49165904852096176 0.011966731063493085 0.014360077276191773
0.0 0.6090073912960543 0.417465315927304 0.012565067616668202 0.010770057957143742
0.0 0.8223143725028201 0.44199711460746505 0.009573384850794753 0.011966731063493264
0.0 0.7415389378242413 0.4019085655447629 0.011966731063493085 0.009573384850794574
0.0 0.717605475697255 0.3283131695042798 0.01077005795714392 0.013163404169842519
0.0 0.7146137929313813 0.29959301495189616 0.011966731063493085 0.013163404169842519
0.0 0.6915778356341571 0.2511277541447487 0.010171721403969158 0.013163404169842519
0.0 0.6622593445285986 0.2556152782935587 0.011368394510318324 0.012565067616667846
0.0 0.653583464507566 0.24035769618760477 0.009573384850794397 0.011966731063493174
0.0 0.6128965788916891 0.25830779278284466 0.01077005795714392 0.009573384850794574
0.0 0.5617388035952559 0.25112775414474864 0.010171721403968803 0.01077005795714383
0.0 0.5662263277440658 0.19937164229514068 0.009573384850794753 0.010171721403969158
0.0 0.5431903704468416 0.1799257043169642 0.010171721403969158 0.009573384850794574
0.0 0.5201544131496171 0.10184278412767114 0.009573384850794753 0.012565067616667858
0.0 0.5261377786813636 0.11560452485068831 0.011966731063493085 0.014958413829366446
0.0 0.5428912021702541 0.10692864482965576 0.01077005795714392 0.009573384850794531
0.0 0.5168635621071566 0.1547955690836285 0.012565067616668202 0.01196673106349313
0.0 0.588065611934941 0.11081783242529104 0.01136839451031868 0.008975048297619904
0.0 0.532719480766285 0.1428288380201353 0.008376711744445231 0.010770057957143874
0.0 0.5407970242341428 0.1467180256157706 0.010171721403969158 0.010171721403969203
0.0 0.5919547995305761 0.1826182188062502 0.009573384850794753 0.012565067616667846
0.0 0.638325882401612 0.1428288380201353 0.01136839451031868 0.013163404169842473
0.0 0.6748244121452667 0.15599224218997784 0.01136839451031868 0.010770057957143874
0.0 0.6891844894214583 0.19637995952926732 0.01136839451031868 0.012565067616667824
0.0 0.6894836576980456 0.21313338301815782 0.01077005795714392 0.011368394510318592
0.0 0.6541818010607408 0.12398123659513353 0.01077005795714392 0.011368394510318547
0.0 0.7011512204849517 0.12816959246735618 0.011368394510318324 0.010171721403969247
0.0 0.7074337542932854 0.142529669743548 0.01077005795714392 0.010171721403969247
0.0 0.7229905046758267 0.13026377040346748 0.010770057957143564 0.011966731063493174
0.0 0.7259821874417 0.1616764394451371 0.009573384850794397 0.012565067616667891
0.0 0.7370514136754311 0.1428288380201353 0.008975048297619992 0.010770057957143874
0.0 0.746923966802813 0.14402551112648468 0.009573384850794753 0.015556750382541163
0.0 0.770558260653212 0.11710036623362499 0.011368394510318324 0.01077005795714392
0.0 0.7726524385893233 0.09915026963838519 0.011966731063493085 0.010770057957143897
0.0 0.7786358041210699 0.17035231946616966 0.01077005795714392 0.010770057957143874
0.0 0.7667296782584531 0.2737988223040253 0.01047010695562527 0.007768143870302602
0.0 0.7743289494359228 0.18176320471022261 0.010132361569959869 0.009456870798629247
0.0 0.7761865490570822 0.19020683935185587 0.0064171623276411795 0.006079416941975913
0.0 0.7704448775007713 0.1920644389730152 0.0064171623276411795 0.006417162327641268
0.0 0.7744978221287557 0.19476640205833787 0.0064171623276411795 0.005741671556310601
0.0 0.7891897464051973 0.17889236893206728 0.010807852341290669 0.009119125412963936
0.0 0.8214444307362363 0.18345193163854928 0.010470106955624914 0.011483343112621247
0.0 0.8293814472993717 0.21418676173409437 0.010807852341290669 0.008105889255967913
0.0 0.8184047222652484 0.21688872481941704 0.011145597726955715 0.008105889255967913
0.0 0.8106365783949461 0.22938530408903426 0.011145597726956424 0.008105889255967913
0.0 0.7824348386918907 0.2442461010583088 0.011483343112621114 0.01148334311262129
0.0 0.7925672002618507 0.24897453645762352 0.011483343112621114 0.009456870798629247
0.0 0.8253285026713879 0.2636664607340653 0.012158833883951559 0.009794616184294646
0.0 0.8141829049444322 0.15254822885017147 0.012834324655282359 0.009119125412963936
0.0 0.8422157719546547 0.14461121228703624 0.010807852341290669 0.009456870798629247
0.0 0.8178981041867509 0.16588917158395206 0.010807852341290669 0.010132361569959957
0.0 0.864338094715734 0.11792932681947507 0.009794616184294114 0.00945687079862929
0.0 0.9234435372071665 0.10458838408569453 0.009794616184294114 0.01047010695562527
0.0 0.9111158306303817 0.1346477234099089 0.008105889255968179 0.011145597726955937
0.0 0.9195594652720154 0.12198227144745906 0.010807852341290669 0.010807852341290624
0.0 0.9300295722276406 0.130088160703427 0.012834324655282359 0.008781380027298624
0.0 0.9330692806986288 0.12096903529046306 0.01215883388395227 0.008781380027298624
0.0 0.9168575021866936 0.1559256827068247 0.012158833883951559 0.00911912541296398
0.0 0.8574143143095949 0.15322371962150214 0.011483343112620758 0.008443634641633313
0.0 0.8817319820774984 0.16504480811978872 0.010807852341290669 0.007768143870302646
0.0 0.8714307478147052 0.17382618814708733 0.009794616184294114 0.010470106955625313
0.0 0.8861226720911471 0.19240218435868053 0.00878138002729898 0.011821088498286603
0.0 0.9251322641354929 0.17669702392524264 0.007768143870302424 0.011483343112621247
0.0 0.9041920502242423 0.18649164010953723 0.008443634641633224 0.009456870798629247
0.0 0.9116224487088797 0.1856472766453739 0.009119125412964025 0.008443634641633313
0.0 0.9362778618624489 0.20641861786379176 0.011145597726955715 0.010132361569959957
0.0 0.9545161126883766 0.18666051280236995 0.008443634641633224 0.011145597726955891
0.0 0.9661683284938298 0.19594851090816645 0.010132361569959869 0.010132361569959869
0.0 0.9744430904426313 0.16757789851227872 0.010470106955624914 0.01215883388395187
0.0 0.9923435958828936 0.18666051280236995 0.009119125412964025 0.007092653098971935
0.0 0.9967628523663612 0.18108771393889195 0.006474295267277696 0.006754907713306624
0.0 0.9994648154516839 0.1682533892836094 0.001070369096632362 0.01080785234129058
0.0 0.9938634501183877 0.09327391366590593 0.010807852341289958 0.008105889255967936
0.0 0.9504631680603925 0.23039854024603024 0.007768143870302424 0.009456870798629335
0.0 0.9137740229554719 0.23038134719743306 0.011847063752858133 0.010530723335874015
0.0 0.8855758057848039 0.373809047402648 0.006428409248984223 0.010384353402204737
0.0 0.8910152289954827 0.3745507869313769 0.00543942321067874 0.012856818497967914
0.0 0.9357668472287937 0.3654026660770536 0.008900874344746512 0.011373339440510045
0.0 0.9896665863164283 0.3658971590962062 0.009889860383051997 0.01236232547881535
0.0 0.9842271631057496 0.4084235587433308 0.006922902268136966 0.011373339440510045
0.0 0.9612332377151531 0.42894501903816407 0.007417395287288997 0.011867832459662608
0.0 0.9997782233497402 0.4524334374479132 0.000443553300519639 0.010384353402204916
0.0 0.983979916596174 0.5132560788036843 0.010384353402204737 0.012362325478815172
0.0 0.6678529792757137 0.5749114935936912 0.011149403331856789 0.008760245475030182
