0.0 0.14580047292437825 0.9391733601278561 0.014210493137898794 0.009573384850794397
0.0 0.09456790555879824 0.9382758552980942 0.013462572446430343 0.008975048297619637
0.0 0.1674901729769589 0.9116498786818218 0.01121881037202499 0.013163404169842607
0.0 0.3963539045662672 0.8616887764917376 0.012714651754961004 0.012565067616667846
0.0 0.14991403672745385 0.7118054699214854 0.011966731063492553 0.009573384850794574
0.0 0.2628500611391713 0.7518940189841875 0.011966731063493441 0.009573384850794574
0.0 0.28154807842587903 0.7010354119643415 0.013462572446429455 0.01316340416984243
0.0 0.43225409775674617 0.685179493305213 0.014210493137898794 0.008975048297619992
0.0 0.4356197408683533 0.6983428974750556 0.014958413829365469 0.011368394510318324
0.0 0.3914924200717227 0.5583321440321853 0.01645425521230326 0.011368394510318503
0.0 0.3933622218003938 0.5212352777353565 0.014210493137897906 0.013761740723017012
0.0 0.45244795642639124 0.40844883746193306 0.009722968989088088 0.01316340416984243
0.0 0.44197706674583515 0.4057563229726471 0.01121881037202499 0.012565067616667846
0.0 0.35484430618977525 0.40605549124923446 0.01645425521230237 0.008376711744445231
0.0 0.3537224251525726 0.4365706554611421 0.012714651754961004 0.011966731063493264
0.0 0.24602184558113427 0.3545985476762138 0.01570633452083392 0.01077005795714392
0.0 0.21610501792240067 0.388404562930582 0.014210493137897906 0.011368394510318592
0.0 0.19703304028995872 0.4347756458016182 0.01645425521230326 0.009573384850794574
0.0 0.15701928329640413 0.5685038654361546 0.01121881037202499 0.014958413829366534
0.0 0.12224097114312604 0.575384735797663 0.011966731063493441 0.009573384850794574
0.0 0.06614691928300198 0.612481602094492 0.013462572446430343 0.011966731063493264
0.0 0.06539899859153353 0.5239277922246423 0.014958413829366357 0.014360077276191773
0.0 0.09045434175572264 0.504481854246466 0.012714651754961892 0.011368394510318503
0.0 0.14430463154144135 0.5233294556714676 0.012714651754961892 0.011966731063493264
0.0 0.1203711694144558 0.4548199203329692 0.01271465175496278 0.01136839451031868
0.0 2.7548390141518553e-05 0.7233492009379973 5.5096780283037106e-05 0.01087884642135748
0.0 0.03949091505770319 0.6531806415202419 0.01359855802669685 0.008703077137085912
0.0 0.0075343036949653275 0.41167025096610665 0.014958413829367245 0.009790961779221697
0.0 0.004107115798150263 0.35917981698305684 0.008214231596300525 0.009247019458153805
0.0 0.06294842765375508 0.34503731663529225 0.012918630125361652 0.012510673384561067
0.0 0.009574087398970033 0.3102250080869484 0.01359855802669685 0.0103349041002895
0.0 0.16425768495264625 0.4160217895346495 0.016998197533371062 0.009790961779221697
0.0 0.1499791990246142 0.37930568286256827 0.011558774322692145 0.010334904100289588
0.0 0.050369761479059694 0.15084990801406187 0.012238702224027342 0.011422788742425282
0.0 0.001047440242143205 0.13208389793722025 0.00209488048428641 0.011966731063493174
0.0 0.11768262371120963 0.1353475518636275 0.010878846421357835 0.009790961779221697
0.0 0.09184536346048544 0.15166582149566368 0.01359855802669685 0.011966731063493174
0.0 0.10306417383250999 0.15547341774313878 0.012918630125361652 0.007615192494950218
0.0 0.07858676938445619 0.17587125478318394 0.011558774322692145 0.01251067338456111
0.0 0.06498821135775934 0.19218952441522014 0.014278485928032048 0.01251067338456111
0.0 0.004787043699484794 0.2017085150339079 0.009574087398969588 0.010878846421357457
0.0 0.0133136908563114 0.21041159217099387 0.010198918520022637 0.009790961779221785
0.0 0.04221062666304176 0.22509803483982638 0.014958413829365469 0.009790961779221697
0.0 0.08538604839780417 0.24087236215079472 0.014278485928032048 0.01087884642135748
0.0 0.04221062666304176 0.25610274714069514 0.010878846421357835 0.01087884642135748
0.0 0.07484716592711482 0.21041159217099387 0.009518990618688328 0.009790961779221785
0.0 0.07144752642043972 0.20116457271283994 0.010878846421357835 0.010878846421357391
0.0 0.019093078017657916 0.27976423810714757 0.01359855802669685 0.010334904100289588
0.0 0.02011296986966027 0.2892832287258353 0.011558774322693033 0.008703077137086002
0.0 0.14216002815926343 0.27051721864899375 0.014958413829367245 0.009247019458153805
0.0 0.19995389977272549 0.2914589980101068 0.012238702224027342 0.009790961779221608
0.0 0.32166099411166194 0.3444933743142244 0.010878846421357835 0.011422788742425282
0.0 0.3220009580623291 0.2873794306020978 0.01427848592803116 0.011422788742425371
0.0 0.34953803806638994 0.2645338531172472 0.014958413829366357 0.00815913481601811
0.0 0.4467677279572717 0.30152193094986246 0.01359855802669685 0.012510673384561067
0.0 0.4403084128945909 0.2960825077391837 0.015638341730701555 0.00815913481601811
0.0 0.4369087733879171 0.27568467069913855 0.011558774322692145 0.01087884642135748
0.0 0.4253499990652245 0.25093529509055035 0.010198918520023526 0.013598558026696761
0.0 0.41039158523585817 0.256646689461763 0.01427848592803116 0.01087884642135748
0.0 0.16629746865665096 0.24304813143506615 0.014278485928032048 0.01087884642135748
0.0 0.1751365313740041 0.22917760224783543 0.00883906271735313 0.0103349041002895
0.0 0.19417451261137897 0.2188426981475459 0.01291863012536254 0.011422788742425282
0.0 0.2193318449607684 0.2286336599267676 0.011558774322693033 0.009247019458153805
0.0 0.23667000644480662 0.23380111197691233 0.014958413829366357 0.007615192494950218
0.0 0.21593220545409464 0.23788067938492144 0.01835805333604057 0.009247019458153805
0.0 0.21423238570075664 0.20116457271284002 0.012238702224027342 0.009790961779221629
0.0 0.1343408572939131 0.18185462031493055 0.011558774322693033 0.00815913481601811
0.0 0.12992132593523698 0.18838192816774502 0.010878846421357835 0.010334904100289588
0.0 0.14046020840592677 0.19871683226803466 0.01291863012536254 0.01033490410028961
0.0 0.1255017945765604 0.20524414012084907 0.010198918520022637 0.010334904100289588
0.0 0.1401202444552596 0.2114994768131296 0.013598558026697738 0.008703077137086002
0.0 0.12788154223123227 0.21639495770274048 0.014958413829366357 0.007615192494950218
0.0 0.20505335903273725 0.15193779265619758 0.012918630125361652 0.011422788742425328
0.0 0.23191051113546335 0.16580832184342836 0.01359855802669685 0.008703077137085957
0.0 0.24210942965548554 0.18158264915439665 0.012238702224027342 0.007615192494950263
0.0 0.27814560842623237 0.18403038959920207 0.01359855802669685 0.007071250173882371
0.0 0.27338611311688865 0.17423942781998036 0.01359855802669685 0.00815913481601802
0.0 0.2982034815156096 0.12800433052921123 0.011558774322692145 0.011422788742425328
0.0 0.352597713622397 0.1396990904321705 0.01427848592803116 0.008703077137085957
0.0 0.34647836251038244 0.1530256772983333 0.016998197533371062 0.007071250173882326
0.0 0.3753752983171137 0.1894698128098808 0.013598558026697738 0.009247019458153849
0.0 0.373335514613109 0.19654106298376312 0.013598558026697738 0.007071250173882304
0.0 0.3305000568290142 0.2172108711843423 0.010878846421357835 0.010334904100289588
0.0 0.3087423639862994 0.20034865923123824 0.013598558026697738 0.010334904100289522
0.0 0.2784855723768995 0.23189731385317486 0.01427848592803116 0.0103349041002895
0.0 0.21151267409541807 0.17151971621464102 0.012238702224027342 0.010334904100289588
0.0 0.34443857880637907 0.20741990940512056 0.01019891852002175 0.009247019458153805
0.0 0.3111221116409699 0.17179168737517497 0.01155877432269481 0.010878846421357436
0.0 0.2662468701528722 0.19273346673628802 0.011558774322692145 0.010334904100289543
0.0 0.3726555867117747 0.21857072698701194 0.014958413829367245 0.011966731063493174
0.0 0.359396992635745 0.21993058278968164 0.011558774322692145 0.0103349041002895
0.0 0.3651763797970915 0.22428212135822462 0.010878846421357835 0.009247019458153805
0.0 0.3828545052317973 0.2289056310873015 0.01359855802669685 0.009790961779221697
0.0 0.39577313535715897 0.2270018329635639 0.014958413829366357 0.00815913481601811
0.0 0.41175144103852457 0.22591394832142822 0.012918630125366093 0.011422788742425461
0.0 0.43248924202924055 0.22156240975288521 0.014958413829365469 0.009247019458153894
0.0 0.4188906840025437 0.21530707306060473 0.01359855802669685 0.010878846421357391
0.0 0.4236501793118874 0.20225245735497582 0.014958413829367245 0.008703077137085935
0.0 0.43622884548658236 0.19490923602055948 0.011558774322691256 0.012510673384561067
0.0 0.4423481965985956 0.15792115818794422 0.012918630125361652 0.009247019458153849
0.0 0.41277133289053003 0.1677121199671659 0.00951899061868744 0.007071250173882371
0.0 0.4134512607918648 0.1478582252481886 0.00951899061868744 0.010878846421357436
0.0 0.3978129190611641 0.13589149418469534 0.010878846421357835 0.008703077137085957
0.0 0.4100516212851901 0.1383392346295008 0.00951899061868744 0.009247019458153849
0.0 0.4205905037558808 0.13888317695056868 0.008839062717354018 0.008159134816018066
0.0 0.4277297467198964 0.1345316383820257 0.010878846421357835 0.008159134816018066
0.0 0.39545839333199195 0.3731377064702178 0.015330429581302596 0.010512294570036218
0.0 0.051838821009900116 0.5566265612652088 0.01149812618807644 0.009616614630027876
