0 0.3423978500287279 0.085587601816417 0.004653880408609794 0.008266389485544536
0 0.363750948374114 0.08753263463654512 0.004106365066420423 0.008266389485544536
0 0.3511580955037581 0.116464997835951 0.004106365066420353 0.008752647690576563
0 0.3493786706416425 0.13469968052465217 0.0038326073953256668 0.008266389485544536
0 0.3415765770154438 0.1539068796234174 0.005201395750799165 0.008752647690576563
0 0.3521965085917927 0.1757622280869205 0.003926583630208711 0.007306659730007965
0 0.35453376075263116 0.1611489086269045 0.0033656431116074258 0.007306659730008
0 0.35808638403710574 0.1533440675516687 0.003739603457341687 0.007638780626826538
0 0.3650046504331877 0.14105559436938256 0.0033656431116074258 0.006974538833189428
0 0.3685572737176622 0.14122165481779184 0.003739603457341687 0.006642417936370873
0 0.3734187582122064 0.16413799669827142 0.002991682765873307 0.00664241793637089
0 0.37566252028661135 0.18589191543988612 0.0033656431116074258 0.0063102970395523175
0 0.3936126168818511 0.13756832495278787 0.004487524148809925 0.005978176142733798
0 0.3874422711772374 0.15085316082552963 0.004487524148809925 0.007970901523645076
0 0.3942670474868859 0.19319857516989408 0.003926583630208782 0.008303022420463612
0 0.3957628888698225 0.22109673050265186 0.004674504321677091 0.006974538833189428
0 0.36117155688941255 0.21129916404650476 0.003926583630208711 0.008635143317282115
0 0.41324553503289463 0.20233189983240407 0.004113563803075735 0.00664241793637089
0 0.4254927363556884 0.19602160279285172 0.003926583630208782 0.00863514331728215
0 0.4344677846533084 0.20897431776877495 0.003926583630208782 0.00929938511091926
0 0.40174625440156914 0.1216265219054977 0.004300543975942901 0.007970901523645076
0 0.38577272507322635 0.06694709563829909 0.0035120242837543003 0.006737238327648915
0 0.38830138255752944 0.07256146091133983 0.0026691384556533394 0.006487710982180444
0 0.36912572996823073 0.08990361142139908 0.00280961942700344 0.007236293018585851
0 0.3769926643638405 0.0943951036398317 0.003371543312404199 0.008234402400459792
0 0.39237533072668446 0.10025899625834093 0.0029501003983537543 0.006487710982180452
0 0.3796618028194938 0.11236107251356213 0.003652505255104472 0.0062381836367119805
0 0.4159422797694785 0.79268463811167 0.0027197116053392987 0.006944346024387755
0 0.42648116224016847 0.7970625953879145 0.003059675556006667 0.00664241793637089
0 0.4400797202668653 0.8166879211090102 0.0033996395066741058 0.00785013028843835
0 0.38458060532040894 0.8962459723014525 0.0032296575313404217 0.006340489848354025
0 0.3871303349504146 0.9015297138417475 0.002889693580673125 0.00543470558430343
0 0.38492056927107643 0.4275026156552792 0.002889693580672983 0.00664241793637089
0 0.3818608937150696 0.4038012607459558 0.003569621482007932 0.006340489848354025
0 0.37514660568938807 0.3882519642130876 0.003399639506674177 0.006642417936370961
0 0.34794948963599454 0.36304096886367987 0.004419531358676423 0.0063404898483540965
0 0.3380905350666393 0.3357164768981542 0.003399639506674248 0.007850130288438279
0 0.37378674988671834 0.33360298028203617 0.002379747654671931 0.00664241793637089
0 0.3765064614920577 0.3326971960179856 0.003399639506674177 0.00483084940826977
0 0.3997090011251091 0.30944873324068745 0.0039095854326753 0.007246274112404585
0 0.4049784423604541 0.28559641428735555 0.002889693580673125 0.006642417936370854
0 0.3782912722330616 0.25615842570571185 0.003569621482007861 0.005736633672320295
0 0.38789525383941625 0.2508746841654168 0.003059675556006809 0.007246274112404621
0 0.41203269433680306 0.25329010886955167 0.004079567408009055 0.007246274112404621
0 0.43232325575221536 0.9232159554024335 0.0027375767109469253 0.004862582050320299
0 0.46280990548776074 0.8840942725430382 0.003981929761377429 0.005304634963985677
0 0.46928054134999897 0.8977979128666682 0.003981929761377429 0.007956952445978516
0 0.47786657739796895 0.9042076801148177 0.0037330591512913 0.006630793704982239
0 0.5143734564876745 0.9206113459269661 0.0033715433124041285 0.007485820364054092
0 0.5508985090387196 0.91424839861752 0.004495391083205505 0.006238183636712052
0 0.5880641548191216 0.8810275754785742 0.002889693580673054 0.007548202200421485
0 0.5875542088931204 0.8979355484075182 0.003229657531340564 0.006944346024387613
0 0.5900189475354591 0.9092578517081507 0.00271971160533937 0.00664241793637089
0 0.5970731995118083 0.9139377370724117 0.003229657531340564 0.006944346024387898
0 0.6310695945785502 0.8941614473073075 0.003569621482007932 0.006038561760337018
0 0.6547820801376028 0.8524953711609811 0.002719711605339228 0.006038561760337302
0 0.6714403137203064 0.9011057933316954 0.00271971160533937 0.006038561760337018
0 0.7089213392813895 0.8687994879138913 0.002209765679338176 0.00664241793637089
0 0.7512468511394832 0.8938595192192907 0.003229657531340564 0.006038561760337302
0 0.7711347422535273 0.9035212180358303 0.0032296575313404217 0.00603856176033716
0 0.7703698233645255 0.9103146000162096 0.003059675556006738 0.006340489848353883
0 0.7796338410202128 0.9234484718449428 0.002889693580673196 0.0066424179363711745
0 0.8576555676983857 0.905181822519923 0.002889693580673054 0.006944346024387755
0 0.7947622368249128 0.753311994247443 0.0039095854326753 0.005132777496286565
0 0.7437251487309666 0.7337017649307481 0.0029916827658732358 0.006310297039552495
0 0.7982298691217207 0.7272254074427863 0.002430742247271951 0.005978176142733673
0 0.8269313256568176 0.8027829114690054 0.002991682765873378 0.006310297039552495
0 0.769902372932358 0.6750824266422748 0.0033656431116074258 0.005978176142733815
0 0.8305774390277257 0.6124776375919793 0.0035526232844745207 0.006310297039552282
0 0.7665367298207505 0.6031782524810599 0.003365643111607568 0.006974538833189428
0 0.7864501182310946 0.5213104514152888 0.003552623284474663 0.005313934349096669
0 0.7736419763896996 0.5208122700700609 0.003365643111607568 0.004981813452278061
0 0.7918725432442397 0.5060328901616357 0.002804702593006283 0.007306659730007965
0 0.8490884761415668 0.47830079527728714 0.0031786629387403308 0.006974538833189428
0 0.7874785091818635 0.3951045106242417 0.0029916827658732358 0.00531393434909674
0 0.8157125152847928 0.41735661071108415 0.002991682765873378 0.00531393434909674
0 0.8203870196064698 0.38912633448150785 0.0033656431116074258 0.007306659730007965
0 0.8580635244391865 0.3803251307158164 0.003552623284474663 0.0049818134522782035
0 0.8589049352170883 0.3876317904458244 0.003739603457341474 0.006310297039552282
0 0.8478731050179307 0.309915500590285 0.004113563803075806 0.0063102970395523175
0 0.8483405554500985 0.28932400498753524 0.003552623284474379 0.007638780626826467
0 0.8631119891065978 0.2267192159372395 0.002430742247272093 0.007306659730007965
0 0.8604942666864588 0.22522467190155607 0.002804702593006283 0.006974538833189428
0 0.8387110765474438 0.22539073234996537 0.004113563803075664 0.00464969255545963
0 0.8384306062881431 0.24232889808771113 0.0031786629387403308 0.00664241793637089
0 0.8115054613952836 0.19682833522357052 0.0039265836302085685 0.005978176142733851
0 0.8040262544806002 0.2155931658938183 0.0035526232844745207 0.006310297039552389
0 0.7992582600724897 0.24133253539725552 0.004113563803075806 0.005313934349096705
0 0.789254820824101 0.31556155583620027 0.002804702593006283 0.008303022420463612
0 0.7805602427857815 0.3193809461496135 0.002991682765873378 0.005313934349096705
0 0.7665367298207505 0.3399724417523633 0.003365643111607568 0.00664241793637089
0 0.7393311146685901 0.30310702220550484 0.0035526232844745207 0.005978176142733815
0 0.7663497496478834 0.29081854902321863 0.0037396034573416157 0.00797090152364504
0 0.7726135854389307 0.280024619876616 0.003178662938740473 0.006310297039552353
0 0.7860761578853603 0.2904864281264001 0.003178662938740473 0.00664241793637089
0 0.780092792353614 0.25245858544067673 0.0031786629387406153 0.006310297039552389
0 0.7209720492535056 0.5997139798618292 0.0035526232844745207 0.005978176142733744
0 0.7137733125981228 0.6045297328656981 0.003365643111607568 0.006974538833189428
0 0.6734790853452671 0.7098120571571767 0.003552623284474379 0.006310297039552353
0 0.6497326033911477 0.7420277841485756 0.0035526232844745207 0.006310297039552353
0 0.7222809104635752 0.931834876680374 0.003552623284474379 0.00664241793637089
0 0.6496391133047141 0.6289406187818611 0.0037396034573416157 0.00664241793637089
0 0.6186004046087787 0.6428896964482399 0.003739603457341758 0.004649692555459666
0 0.4939781193928691 0.5316291960140275 0.003552623284474592 0.005978176142733886
0 0.5344593268185922 0.4848001495626127 0.003365643111607355 0.0053139343490968115
0 0.6183199343494781 0.4972546831933082 0.00355262328447445 0.004981813452278132
0 0.622620478325421 0.4481007904641636 0.0031786629387403308 0.0049818134522782035
0 0.5195944030756593 0.4185420306473131 0.003552623284474592 0.006310297039552353
0 0.5683962281939674 0.40442689253252495 0.00355262328447445 0.005978176142733815
0 0.48705985299678717 0.3066172884194635 0.003552623284474592 0.0063102970395523175
0 0.47593453271119585 0.2729070173923812 0.0037396034573416157 0.00797090152364504
0 0.44031480978001697 0.23172402618688168 0.003926583630208782 0.00597817614273378
0 0.5069732414071313 0.24534098295644202 0.002991682765873378 0.00664241793637089
0 0.4817309180700754 0.22308888286959955 0.0037396034573416157 0.005313934349096705
0 0.47425171115539216 0.18223801256091854 0.003365643111607497 0.007306659730007965
0 0.47331681029105666 0.1662962095136284 0.0037396034573416157 0.007306659730007965
0 0.4661180736356741 0.13939441687132625 0.003178662938740402 0.007306659730007983
0 0.45695604516518706 0.14188532359746533 0.0035526232844745207 0.006974538833189428
0 0.4542448326586144 0.13341624072859243 0.0029916827658732358 0.006642417936370908
0 0.44153018090365287 0.1433798676331488 0.0033656431116074258 0.005313934349096705
0 0.42554337612351745 0.13939441687132623 0.0031786629387402596 0.005978176142733762
0 0.42694572742002057 0.11066595929652215 0.002991682765873378 0.005646055245915243
0 0.419746990764638 0.09987203014991941 0.0031786629387403308 0.005313934349096723
0 0.41254825410925533 0.056530253115099335 0.002991682765873378 0.006974538833189445
0 0.4144180558379261 0.06416903374192585 0.0037396034573416157 0.008303022420463603
0 0.4196535006782044 0.05935328073805697 0.003365643111607497 0.005313934349096705
0 0.41151986315848643 0.08592295248354052 0.003926583630208782 0.006642417936370873
0 0.4337705037296691 0.0615120665673775 0.003552623284474592 0.004981813452278168
0 0.41647483773946403 0.07928053454716964 0.002617722420139188 0.005978176142733815
0 0.4189990700731696 0.0814393203764902 0.0031786629387403308 0.00564605524591526
0 0.43498587485330503 0.10136657418560288 0.002991682765873307 0.006974538833189428
0 0.4494768382505038 0.07928053454716964 0.003552623284474592 0.007306659730007965
0 0.4608826287953958 0.08658719427717765 0.003552623284474592 0.005978176142733815
0 0.4653701529442057 0.1090053548124294 0.003552623284474592 0.006974538833189428
0 0.46546364303063925 0.11830473992334867 0.003365643111607497 0.00631029703955237
0 0.4544318128314815 0.06881872629738549 0.0033656431116074258 0.006310297039552353
0 0.4691097564015474 0.0711435725751153 0.0035526232844745207 0.005646055245915278
0 0.4710730482166517 0.07911447409876038 0.003365643111607497 0.005646055245915278
0 0.47593453271119585 0.07230599571398022 0.003365643111607355 0.00664241793637089
0 0.47686943357553124 0.08974234279695381 0.0029916827658732358 0.006974538833189463
0 0.4803285667735722 0.07928053454716964 0.002804702593006283 0.005978176142733815
0 0.4834137396258791 0.07994477634080675 0.002991682765873378 0.008635143317282167
0 0.49079945645412876 0.06499933598397224 0.00355262328447445 0.005978176142733824
0 0.49145388705916354 0.05503570907941589 0.0037396034573416157 0.005978176142733815
0 0.49332368878783434 0.09455809580082271 0.0033656431116074258 0.005978176142733798
0 0.4896030244557666 0.15197853102738612 0.0032719084236328654 0.004311892521243408
0 0.4919777966987259 0.10089197833004551 0.0031663629906125124 0.005249260460644152
0 0.4925582965803382 0.10557881802704923 0.0020053632273879175 0.0033745245818426637
0 0.490764024218991 0.10660992276039005 0.0020053632273879175 0.00356199816972282
0 0.49203056941523615 0.10810971146343125 0.0020053632273879175 0.003187050993962526
0 0.4966217957516242 0.09929845283306424 0.00337745385665329 0.005061786872764013
0 0.5067013846050739 0.10182934626944626 0.0032719084236328654 0.006374101987925052
0 0.5091817022810536 0.1188894427665398 0.0033774538566533605 0.004499366109123581
0 0.5057514757078901 0.12038923146958101 0.003482999289673643 0.004499366109123581
0 0.5033239307484206 0.1273257542211465 0.003482999289673785 0.004499366109123564
0 0.4945108870912158 0.13557459208787306 0.003588544722694138 0.006374101987925069
0 0.49767725008182834 0.13819922231819518 0.003588544722694067 0.00524926046064417
0 0.5079151570848087 0.14635432339098162 0.0037996355887348443 0.0054367340485243255
0 0.5044321577951351 0.08467551297841261 0.004010726454775764 0.005061786872764013
0 0.5131924287358296 0.08026988366322914 0.0033774538566533605 0.00524926046064417
0 0.5055931575583597 0.0920807196996785 0.0033774538566533605 0.005624207636404481
0 0.5201056545986669 0.06545947022069735 0.0030608175575920172 0.005249260460644187
0 0.5385761053772395 0.05805426349943148 0.0030608175575920172 0.0058116812242846195
0 0.5347236970719943 0.07473941282076471 0.002533090392489967 0.006186628400044922
0 0.5373623328975048 0.06770915327525914 0.00337745385665329 0.005999154812164784
0 0.5406342413211377 0.07220851938438272 0.004010726454775835 0.004874313284883875
0 0.5415841502183215 0.06714673251161869 0.0037996355887349865 0.004874313284883885
0 0.5365179694333417 0.08655024885721406 0.0037996355887349154 0.005061786872764049
0 0.5179419732217484 0.08505046015417292 0.003588544722694067 0.004686839697003738
0 0.5255412443992182 0.09161203572997813 0.0033774538566533605 0.004311892521243444
0 0.5223221086920954 0.09648634901486201 0.0030608175575920172 0.005811681224284637
0 0.5269133350284835 0.1067973963482702 0.0027441812585309575 0.006561575575805226
0 0.5391038325423415 0.09807987451184327 0.002427544959469472 0.006374101987925069
0 0.5325600156950757 0.10351660856036758 0.0026386358255103912 0.00524926046064417
0 0.5348820152215249 0.10304792459066721 0.002849726691551311 0.004686839697003738
0 0.5425868318320153 0.1145775502452964 0.003482999289673643 0.005624207636404481
0 0.5482862852151177 0.10361034535430769 0.0026386358255103912 0.006186628400044896
0 0.5519276026543218 0.10876586902101174 0.0031663629906124413 0.005624207636404446
0 0.5545134657633223 0.09301808763907925 0.0032719084236328654 0.006749049163685346
0 0.5601073737134042 0.10361034535430769 0.002849726691551311 0.0039369453454831315
0 0.5617433279252207 0.10051703115428522 0.0025330903924900383 0.003749471757602976
0 0.563590373003078 0.09339303481483956 0.002849726691551311 0.005999154812164758
0 0.5649624636323434 0.08730014320873472 0.0032719084236329365 0.0054367340485243255
0 0.5605823281619962 0.05177389830544648 0.0033774538566532187 0.0044993661091235725
0 0.5675483267413435 0.07183357220862244 0.0027441812585308157 0.005624207636404464
0 0.5652263272148946 0.08083230442686958 0.002955272124571735 0.0056242076364044725
0 0.5676538721743641 0.07792646381472726 0.00337745385665329 0.0043118925212434255
0 0.5795277333891609 0.05496094929940902 0.0028497266915511687 0.006749049163685363
0 0.5827996418127938 0.06367847113583595 0.0030608175575920884 0.004686839697003711
0 0.588182458896835 0.07661414869956622 0.002427544959469543 0.0054367340485243255
0 0.5758336432334463 0.06967762594800071 0.00284972669155124 0.005811681224284611
0 0.573458870990487 0.07820767419654748 0.0023219995264491897 0.003749471757602976
0 0.5724034166602828 0.07220851938438272 0.0033774538566533605 0.004124418933363287
0 0.5750420524857931 0.07483314961470482 0.002533090392489967 0.004124418933363261
0 0.5470197400188727 0.12788817498478694 0.002427544959469472 0.005249260460644187
0 0.572720052959344 0.09273687725725903 0.002533090392489967 0.005811681224284601
0 0.5728783711088746 0.12413870322718398 0.0030608175575920172 0.007498943515205969
0 0.578313960909426 0.08898740549965606 0.002955272124571735 0.005061786872764032
0 0.582641323663263 0.08973729985117665 0.002955272124571664 0.004686839697003702
0 0.5783667336259363 0.09892350565730393 0.00284972669155124 0.005061786872764013
0 0.5811109148844671 0.09920471603912416 0.0026386358255103912 0.005999154812164775
0 0.5927209125167129 0.11532744459681699 0.003482999289673785 0.004874313284883875
0 0.5994758202300194 0.12348254566960348 0.0032719084236327942 0.004686839697003755
0 0.5921404126351005 0.0979861377179032 0.00337745385665329 0.004311892521243408
0 0.5939346849964476 0.10267297741490694 0.0029552721245715927 0.004686839697003702
0 0.5986842294823663 0.1060475019967496 0.003588544722694209 0.0043118925212434255
0 0.5967844116879988 0.09564271786940136 0.0027441812585308157 0.005624207636404481
0 0.5983148204667948 0.08973729985117665 0.003060817557592159 0.0058116812242846195
0 0.6052808190461423 0.07802020060866734 0.0026386358255103912 0.00524926046064417
0 0.6040142738498973 0.08701893282691447 0.003694090155714562 0.004874313284883858
0 0.6050169554635914 0.09198698290573842 0.002321999526449048 0.004686839697003719
0 0.6063890460928567 0.09554898107546127 0.0031663629906125124 0.004686839697003702
0 0.6019033651894891 0.05233631906908693 0.0032719084236330076 0.004499366109123581
0 0.6145160444354287 0.05402358136000828 0.0021109086604084127 0.0041244189333632785
0 0.6175768619930209 0.05467973891758879 0.0027441812585308157 0.0035619981697228463
0 0.621429270298266 0.055335896475169316 0.00284972669155124 0.0037494717576029846
0 0.6189489526222863 0.05824173708731162 0.002955272124571735 0.0039369453454831315
0 0.6207959977001436 0.059647788996412744 0.002849726691551382 0.0041244189333632785
0 0.6170491348279188 0.06527199663281721 0.0031663629906124413 0.00524926046064417
0 0.6198460888029598 0.07877009496018794 0.002849726691551311 0.005624207636404481
0 0.620162725102021 0.08486298656629276 0.0032719084236328654 0.0054367340485243255
0 0.6295034959243279 0.06817783724495952 0.0031663629906124413 0.003936945345483123
0 0.6372610852513284 0.05439852853576857 0.002849726691551311 0.004874313284883866
0 0.6417995388712063 0.06930267877224042 0.0026386358255103912 0.0054367340485243255
0 0.6408496299740226 0.0785826213723078 0.0028497266915511687 0.005249260460644187
0 0.6406913118244918 0.08917487908753621 0.0031663629906124413 0.005061786872764013
0 0.6335142223791037 0.07848888457836772 0.002955272124571664 0.0035619981697228285
0 0.6316671773012463 0.08711266962085457 0.003482999289673643 0.0054367340485243255
0 0.6187378617562455 0.09404919237242008 0.0023219995264491897 0.0073114699273258135
0 0.6105580906971632 0.08879993191177592 0.003482999289673714 0.0069365227515655195
0 0.6139883172703268 0.09114335176027775 0.0031663629906125835 0.005999154812164775
0 0.6020089106225095 0.10351660856036761 0.0032719084236328654 0.004874313284883875
0 0.6050169554635914 0.10754729069979081 0.0027441812585308157 0.0054367340485243255
0 0.6111385905787754 0.10454771329370843 0.0031663629906124413 0.005061786872764013
0 0.6147799080179799 0.10951576337253237 0.003482999289673714 0.005624207636404481
0 0.6124051357750202 0.12170154658474205 0.00337745385665329 0.005999154812164756
0 0.6240679061237765 0.1028604510027871 0.0026386358255104624 0.0061866284000449134
0 0.6294507232078176 0.1130777615422552 0.0032719084236328654 0.005249260460644187
0 0.6327754043479608 0.11935812673624017 0.0023219995264491897 0.005811681224284601
0 0.6353084947404507 0.12779443819084688 0.0037996355887351283 0.004311892521243444
0 0.6339364041111852 0.10482892367552864 0.0027441812585308157 0.00524926046064417
0 0.6338836313946751 0.09686129619062232 0.0026386358255103912 0.004686839697003738
0 0.6335669950956138 0.09198698290573844 0.0039051810217554106 0.005811681224284619
0 0.6508764461109621 0.08664398565115419 0.0036940901557144913 0.006374101987925069
0 0.6501904007963293 0.11579612856651736 0.003588544722694138 0.005061786872764013
0 0.6549399452822481 0.11401512948165594 0.0023219995264491897 0.006749049163685363
0 0.6603227623662892 0.058804157850952075 0.0031663629906124413 0.005436734048524317
0 0.66560003401731 0.05955405220247267 0.002533090392489896 0.0054367340485243255
0 0.6784765768458009 0.0634909975479558 0.002744181258530887 0.006561575575805216
0 0.6733048506278004 0.07380204488136398 0.00337745385665329 0.005811681224284601
0 0.6718272145655146 0.0796137261056486 0.0029552721245715927 0.006186628400044922
0 0.6676053972446979 0.08786256397237516 0.002744181258530887 0.006186628400044896
0 0.6624864437432078 0.09114335176027775 0.003482999289673785 0.005624207636404499
0 0.6515097187090845 0.10511013405734886 0.004327362753837037 0.0061866284000449134
0 0.63768326698341 0.08514419694811302 0.003060817557591946 0.00524926046064417
0 0.6324587680488994 0.08251956671779091 0.00337745385665329 0.00412441893336327
0 0.6291340869087564 0.07736404305108682 0.0026386358255103912 0.005436734048524307
0 0.65800076283984 0.11898317956047988 0.0025330903924900383 0.005436734048524307
0 0.6577368992572892 0.12310759849384317 0.00284972669155124 0.0031870509939625436
0 0.658475717288432 0.12610717589992554 0.0032719084236327942 0.003936945345483114
0 0.6631197163413302 0.12601343910598548 0.00284972669155124 0.004874313284883893
0 0.668396987992351 0.12920049009994802 0.004116271887796188 0.004499366109123581
0 0.6711939419673921 0.10004834718458484 0.002744181258530887 0.004686839697003719
0 0.676523986334923 0.09742371695426277 0.0030608175575920884 0.0058116812242846195
0 0.6757851683037802 0.10342287176642755 0.0026386358255103912 0.0058116812242846195
0 0.6757851683037802 0.10989071054829268 0.0032719084236329365 0.004499366109123581
0 0.6914586651073119 0.12048296826352108 0.0029552721245715927 0.005061786872764013
0 0.7004300269140472 0.13210633071209033 0.0031663629906124413 0.0043118925212434255
0 0.6918280741228833 0.10810971146343125 0.0032719084236329365 0.0061866284000449134
0 0.6957332551446388 0.11223413039679453 0.0028497266915510975 0.004686839697003702
0 0.6850731664095767 0.07577051755410555 0.00284972669155124 0.005999154812164758
0 0.6888200292818015 0.06836531083283967 0.0018998177943674933 0.0054367340485243255
0 0.6894005291634139 0.078863831754128 0.0026386358255103912 0.005436734048524317
0 0.6692941241730247 0.06377220792977602 0.0018998177943676353 0.00524926046064417
0 0.7021715265588843 0.07661414869956622 0.0026386358255103912 0.004311892521243434
0 0.6825400760170868 0.14626058659704155 0.0036940901557144913 0.00524926046064417
0 0.6692941241730247 0.14813532247584305 0.0027441812585307446 0.005249260460644134
0 0.6633835799238814 0.15263468858496665 0.0029552721245715927 0.003749471757603011
0 0.6654944885842897 0.12170154658474205 0.0031663629906124413 0.007123996339445675
0 0.6858647571572299 0.15854010660319134 0.0035885447226942802 0.005436734048524343
0 0.703913026203721 0.15732152828197038 0.002955272124571451 0.005624207636404464
0 0.7005355723470678 0.10839092184525147 0.00337745385665329 0.00524926046064417
0 0.7012216176617005 0.10145439909368596 0.0026386358255105335 0.005624207636404464
0 0.7056545258485579 0.09479908672394068 0.00284972669155124 0.004686839697003719
0 0.706446116596211 0.09723624336638262 0.002533090392489896 0.004686839697003719
0 0.7090847524217214 0.09826734809972343 0.0023219995264491897 0.007123996339445657
0 0.7139926150571708 0.10107945191792567 0.0028497266915510975 0.004874313284883858
0 0.7154174784029464 0.10539134443916909 0.0031663629906124413 0.004874313284883875
0 0.7244943856427022 0.10482892367552862 0.0031663629906124413 0.005624207636404464
0 0.7296133391441922 0.12057670505746117 0.0032719084236327942 0.004499366109123546
0 0.7301410663092943 0.15497810843346851 0.003060817557591946 0.005061786872764013
0 0.7252332036738451 0.17175699454874185 0.0031663629906124413 0.004499366109123599
0 0.7249165673747836 0.1792559380639478 0.0033774538566534317 0.004499366109123564
0 0.6329337224974914 0.177006255009386 0.003694090155714562 0.005624207636404428
0 0.6525651730392887 0.1974408760883222 0.003482999289673785 0.004874313284883911
0 0.6429077659179205 0.21750054999149815 0.002955272124571735 0.005999154812164775
0 0.678054395113719 0.19134798448221738 0.002955272124571735 0.0069365227515655195
0 0.688186756683679 0.20868929136113118 0.0029552721245715927 0.006749049163685399
0 0.6484489011514925 0.23952869656741566 0.003694090155714633 0.004686839697003719
0 0.6335142223791036 0.3097375552285315 0.0031663629906125835 0.004124418933363287
0 0.6510347642604927 0.31170602790127305 0.00337745385665329 0.006936522751565484
0 0.6752574411386781 0.2816165170465091 0.0030608175575920884 0.004874313284883911
0 0.535554382173585 0.12787863157533144 0.003702207422768211 0.005845327784006375
0 0.5267424393077512 0.20749157878377683 0.0020088778903075877 0.005764081680321808
0 0.5284422590610883 0.20790329890379983 0.001699819753337124 0.007136482080398494
0 0.542427139758998 0.20282541742351629 0.0027815232327333917 0.006313041840352512
0 0.5592708082238839 0.2030998975035316 0.0030905813697038554 0.006862002000383179
0 0.5575709884705468 0.22670518438484968 0.0021634069587927484 0.006313041840352476
0 0.5503853867859854 0.2380961077054857 0.002317936027277909 0.006587521920367791
0 0.5725603081136103 0.2006295767833937 0.0030905813697038554 0.006313041840352512
0 0.5812912004830237 0.23150858578511788 0.0029360523012186947 0.005489601600306529
0 0.5863133952087923 0.2328809861851945 0.0027815232327335336 0.005489601600306529
0 0.5636748866757118 0.2511339115062137 0.0026269941642483017 0.0057640816803218795
0 0.567151790716629 0.2621131147068268 0.003399639506674365 0.005764081680321925
0 0.5574937239363044 0.28489496134809883 0.003245110438189016 0.006862002000383143
0 0.609879078152784 0.18731729290265037 0.003245110438189016 0.007136482080398458
0 0.6135877757964285 0.17729876998209093 0.002626994164248231 0.00741096216041381
0 0.6038524444818616 0.1550658835008495 0.003245110438188945 0.005215121520291195
0 0.6210051710837178 0.14724320122041273 0.0032451104381890873 0.006587521920367827
0 0.6163229505951078 0.3790184897934104 0.002889693580672983 0.005736633672320295
0 0.6204875089907836 0.4125325075632817 0.003399639506674248 0.0063404898483540965
0 0.6274567699794656 0.40981515477112984 0.003059675556006738 0.005132777496286565
0 0.63383109405448 0.3927562177981774 0.003569621482008003 0.00483084940826977
0 0.6391855262774918 0.3852080155977559 0.0027197116053392987 0.006038561760337231
0 0.6420752198581648 0.3956245346343376 0.0037396034573416157 0.006944346024387755
0 0.6699522638128933 0.408758406463071 0.0040795674080089835 0.005434705584303501
0 0.7094730730779808 0.417212392927543 0.0032296575313404217 0.00603856176033716
0 0.7483989454294006 0.4015121323506663 0.0032296575313404212 0.00603856176033716
0 0.7254513787593495 0.3781127055293598 0.0032296575313404217 0.006340489848353954
0 0.7598727287644258 0.3625634089964916 0.003399639506674248 0.004830849408269699
0 0.7034387129536342 0.26036075120278485 0.0033996395066742484 0.0051327774962866
0 0.7189070727090018 0.2964411577207995 0.002719711605339512 0.005434705584303466
0 0.7249414328333483 0.2630781039949366 0.002889693580673196 0.00634048984835399
0 0.6954495601129497 0.2381690367335457 0.0037396034573416157 0.00483084940826977
0 0.7435544591323897 0.23454589967734343 0.002719711605339228 0.0066424179363709255
0 0.7518835759237413 0.22850733791700628 0.003739603457341758 0.00543470558430343
0 0.750353738145738 0.19937127742337934 0.003399639506674248 0.0051327774962866
0 0.7657371069134388 0.19152114713494106 0.0032296575313404217 0.006944346024387755
0 0.7523935218497425 0.1721977495018621 0.0033996395066742484 0.005736633672320295
0 0.7382850178970447 0.27772161626375425 0.003399639506674248 0.005434705584303501
0 0.7910644212381616 0.23092276262114111 0.00424954938334281 0.005434705584303501
0 0.7874947997561536 0.2105426166800032 0.002889693580673054 0.00573663367232033
0 0.7267262435743522 0.13158842166359458 0.003399639506674248 0.00543470558430343
0 0.7098130370286481 0.08327992758089717 0.003569621482007932 0.00664241793637089
0 0.7131276855476554 0.06999509170815539 0.003399639506674248 0.005434705584303447
0 0.7166123160419966 0.06335267377178448 0.0028896935806729117 0.006038561760337169
0 0.7170372709803307 0.07029701979617224 0.002719711605339228 0.004830849408269753
0 0.7141475773996578 0.08599728037304889 0.003739603457341474 0.006642417936370873
0 0.7267262435743522 0.07588268942448413 0.002719711605339512 0.006944346024387764
0 0.72273166715401 0.07512786920444198 0.002889693580673054 0.004830849408269735
0 0.7206068924623387 0.07150473214823969 0.00271971160533937 0.006642417936370899
0 0.7188220817213345 0.09113005786933549 0.003229657531340564 0.00603856176033716
0 0.7196719915980032 0.0962628353656221 0.003229657531340564 0.004830849408269735
0 0.7228166581416766 0.09218680617739451 0.003059675556006738 0.0051327774962866175
0 0.7254513787593493 0.09369644661747877 0.0028896935806730795 0.005132777496286625
0 0.7259613246853506 0.10064079264186654 0.002549729630005686 0.005736633672320295
0 0.7290210002413573 0.10275428925798456 0.002889693580673054 0.00694434602438772
0 0.7300408920933595 0.08916752529722592 0.00356962148200779 0.006944346024387755
0 0.7374351080203759 0.07844907817262743 0.0037396034573416157 0.004830849408269753
0 0.7381150359217108 0.0858463163290405 0.00271971160533937 0.005736633672320313
0 0.7459342067870616 0.09022427360528493 0.0037396034573416157 0.005434705584303466
0 0.7625924403697649 0.08373281971292246 0.003059675556006738 0.006340489848354025
0 0.7487389093800677 0.07331630067634082 0.00356962148200779 0.006642417936370899
0 0.7794206559278024 0.07512786920444198 0.002719711605339512 0.005434705584303466
0 0.7729613408651214 0.08418571184494775 0.003399639506674248 0.00664241793637089
0 0.7757660434581275 0.08629920846106576 0.0032296575313404217 0.004226993232236023
0 0.769646692346114 0.09762151176169795 0.002889693580673054 0.006944346024387773
0 0.7662470528394398 0.10667935440220372 0.003569621482008074 0.006944346024387773
0 0.750863684071739 0.11196309594249876 0.00305967555600688 0.0060385617603371765
0 0.7533284227140778 0.1167939453507685 0.002549729630005686 0.005434705584303483
0 0.7605526566657604 0.12494600372722367 0.003739603457341474 0.005434705584303447
0 0.771346512099451 0.1337019182797126 0.003569621482007932 0.006038561760337177
0 0.7605526566657604 0.14215590474418463 0.00271971160533937 0.006038561760337177
0 0.7687117914817787 0.1167939453507685 0.002379747654672002 0.005434705584303483
0 0.7678618816051099 0.11166116785448185 0.00271971160533937 0.006038561760337142
0 0.7547732695044145 0.15528977657291798 0.003399639506674248 0.00573663367232033
0 0.7550282424674151 0.160573518113213 0.002889693580673196 0.004830849408269753
0 0.7855400070398159 0.15015699907663138 0.003739603457341758 0.0051327774962866
0 0.7999884749431814 0.16178123046528042 0.003059675556006738 0.00543470558430343
0 0.8304152485279155 0.1912192190469242 0.00271971160533937 0.006340489848354025
0 0.8305002395155823 0.15951676980515403 0.00356962148200779 0.006340489848354061
0 0.8373845095165975 0.14683579010844597 0.0037396034573416157 0.0045289213202528876
0 0.8616919319893179 0.16736690009359234 0.0033996395066741058 0.006944346024387755
0 0.8600771032236477 0.16434761921342375 0.0039095854326753 0.004528921320252906
0 0.8592271933469793 0.15302531591279156 0.002889693580673054 0.006038561760337177
0 0.8563374997663061 0.13928758790802448 0.002549729630005828 0.00754820220042145
0 0.8525978963089645 0.14245783283220148 0.00356962148200779 0.006038561760337177
0 0.7915743671641627 0.13490963063178 0.003569621482008074 0.006038561760337177
0 0.793784132843501 0.12721046438735012 0.002209765679338176 0.005736633672320295
0 0.7985436281528447 0.1214738307150298 0.003229657531340564 0.006340489848354025
0 0.8048329612401921 0.12690853629933327 0.002889693580673196 0.0051327774962866
0 0.8091675016112017 0.1297768531354934 0.0037396034573416157 0.004226993232236023
0 0.8039830513635237 0.13204131379561987 0.004589513334010178 0.005132777496286565
0 0.8035580964251892 0.1116611678544819 0.003059675556006738 0.00543470558430343
0 0.7835852143234783 0.10094272072988339 0.002889693580673196 0.0045289213202528876
0 0.7824803314838092 0.1045658577860857 0.00271971160533937 0.00573663367232033
0 0.7851150521014817 0.11030249145840604 0.003229657531340706 0.00573663367232033
0 0.7813754486441401 0.11392562851460833 0.002549729630005686 0.00573663367232033
0 0.7850300611138149 0.11739780152680222 0.0033996395066743903 0.004830849408269753
0 0.7819703855578081 0.12011515431895393 0.0037396034573416157 0.004226993232236005
0 0.8012633397581843 0.08433667588895616 0.0032296575313404217 0.006340489848354043
0 0.8079776277838658 0.09203584213338609 0.0033996395066741058 0.004830849408269753
0 0.8105273574138714 0.10079175668587498 0.00305967555600688 0.00422699323223604
0 0.8195364021065581 0.10215043308195083 0.0033996395066741058 0.003925065144219175
0 0.8183465282792222 0.09671572749764738 0.0033996395066741058 0.004528921320252852
0 0.8245508703789024 0.07105184001621438 0.002889693580673054 0.006340489848354034
0 0.8381494284055993 0.07754329390857687 0.00356962148200779 0.004830849408269735
0 0.8366195906275956 0.08494053206498986 0.00424954938334281 0.003925065144219158
0 0.8438438245792784 0.10516971396211944 0.0033996395066743903 0.0051327774962866
0 0.8433338786532772 0.1090947791063386 0.0033996395066743903 0.003925065144219139
0 0.8326250142072535 0.12056804645097924 0.00271971160533937 0.005736633672320313
0 0.8271855909965748 0.1112082757224566 0.0033996395066743903 0.005736633672320295
0 0.8196213930942249 0.12872010482743443 0.00356962148200779 0.005736633672320295
0 0.8028781685238545 0.0952060870575631 0.003059675556006738 0.00573663367232033
0 0.8361096447015948 0.11513334086667576 0.002549729630005544 0.0051327774962866
0 0.8277805279102425 0.09535705110157154 0.002889693580673684 0.00603856176033716
0 0.816561717538218 0.10698128249022058 0.002889693580673054 0.005736633672320313
0 0.8431638966779437 0.12132286667102138 0.003739603457341758 0.00664241793637089
0 0.8398492481589362 0.12207768689106352 0.002889693580673054 0.005736633672320295
0 0.8412940949492729 0.1244931115951984 0.002719711605339512 0.0051327774962866
0 0.8457136263079493 0.12705950034334168 0.0033996395066741058 0.005434705584303447
0 0.8489432838392897 0.12600275203528266 0.0037396034573416157 0.0045289213202528876
0 0.8529378602596311 0.12539889585924896 0.003229657531341579 0.006340489848354105
0 0.8581223105073101 0.12298347115511409 0.003739603457341474 0.0051327774962866175
0 0.8547226710006359 0.11951129814292022 0.0033996395066741058 0.00603856176033716
0 0.8559125448279719 0.11226502403051562 0.003739603457341758 0.004830849408269735
0 0.8590572113716456 0.10818899484228801 0.0028896935806729117 0.006944346024387755
0 0.8605870491496489 0.08765788485714163 0.0032296575313404217 0.0051327774962866
0 0.8531928332226325 0.09309259044144508 0.00237974765467186 0.003925065144219175
0 0.8533628151979662 0.08207221522882975 0.00237974765467186 0.006038561760337177
0 0.849453229765291 0.07542979729245883 0.00271971160533937 0.004830849408269735
0 0.8525129053212975 0.0767884736885347 0.00237974765467186 0.0051327774962866
0 0.8551476259389702 0.07709040177655156 0.0022097656793384603 0.00452892132025287
0 0.8569324366799741 0.07467497707241669 0.002719711605339512 0.00452892132025287
0 0.848864598332998 0.20711893507453547 0.0038326073953255956 0.005835098460384387
0 0.45870405602366054 0.31911826183864905 0.003484188541205242 0.0048625820503203345
