0.0 0.07869277169583952 0.05289861752818883 0.008379675592006142 0.014016911899355833
0.0 0.06787537229524979 0.08108479906493712 0.007465529163787288 0.012493334518990906
0.0 0.06393427060977516 0.16113067969545886 0.005556451170133747 0.008890321872213036
0.0 0.09140362174869975 0.20166145244000636 0.009445966989227329 0.008556934802005856
0.0 0.05481576084388064 0.4184889955529011 0.007774854264983611 0.008105699127323262
0.0 0.06664346467252592 0.36836599890843225 0.009925345870191848 0.013068372062419443
0.0 0.08823109194019317 0.36861413255518694 0.007774854264983611 0.010917880457211027
0.0 0.09766017051687545 0.3862316214747775 0.008436543989663082 0.009429078576682315
0.0 0.11663039647581468 0.9904274010716122 0.007540758392832858 0.011562496202343907
0.0 0.07239128057119532 0.9010694141165431 0.009551627297588272 0.009300268684493318
0.0 0.11436816895796484 0.7582977218789075 0.008546192845210587 0.009802985910682693
0.0 0.16011543654115082 0.6552406905101925 0.0080434756190217 0.010808420363060378
0.0 0.1680332328536253 0.5743032170937863 0.008294834232116122 0.010305703136871713
0.0 0.140886502639427 0.5162393774689736 0.008294834232116166 0.012316572041627083
0.0 0.16753051562743643 0.46307703079950197 0.009802985910682738 0.010557061749966224
0.0 0.16262902267209503 0.443848096897778 0.009551627297588272 0.011311137589249043
0.0 0.2120318730622218 0.029897692071469174 0.00887289948544705 0.010470021392827178
0.0 0.26340596108295994 0.006739424414452522 0.008695441495738088 0.011357311341372167
0.0 0.2523148367261513 0.04010152647973335 0.008163067526611379 0.009937647423700824
0.0 0.21623256046034345 0.08294222779683125 0.009050357475155923 0.00940527345457376
0.0 0.23451073340036435 0.0953642870764572 0.007985609536902328 0.0062110296398131485
0.0 0.19688963958206904 0.11914365769745494 0.0072757775780665 0.010824937372245103
0.0 0.26139561884126866 0.36332585153695673 0.00745323556777544 0.011534769331080951
0.0 0.2395682861070691 0.3919853168749505 0.0078081515471933646 0.009937647423700824
0.0 0.21037644679994844 0.5225056683058753 0.008340525516320163 0.00976018943399204
0.0 0.2106426337845119 0.5750332332597219 0.009227815464864886 0.008695441495738265
0.0 0.251635429407277 0.6632298541450652 0.00887289948544696 0.009405273454574115
0.0 0.21898315930083206 0.67503081046071 0.00887289948544705 0.007808151547193276
0.0 0.23939082811736015 0.7606542904952734 0.008517983506029125 0.007275777578066212
0.0 0.2688488544090441 0.8500043883137245 0.010647479382536407 0.007808151547193632
0.0 0.26317019873835806 0.9150427415420509 0.008163067526611289 0.007275777578066567
0.0 0.2066498290160607 0.9868244983793175 0.007275777578066567 0.005323739691268514
0.0 0.36941173512246805 0.9997946243818217 0.008574944355785874 0.00041075123635678776
0.0 0.36742112303987495 0.9858080881918443 0.007656200317665984 0.008881192368492209
0.0 0.3733163274893919 0.925324741586023 0.006737456279546095 0.009340564387552064
0.0 0.43283969868970285 0.5789988177060474 0.008708479247665046 0.008038596228614026
0.0 0.4423799163209834 0.5656104062029996 0.008139012618056185 0.007163916625828648
0.0 0.43549002579736334 0.7814920703220694 0.00766335603648276 0.008323990177559182
0.0 0.4022601285012356 0.4912094287332323 0.009381004803280612 0.005681453613254206
0.0 0.39069903103240394 0.4833478824544265 0.006606341410761019 0.008984624318634716
0.0 0.3901705237195431 0.417746912245571 0.007134848723621889 0.01017376577257174
0.0 0.3779487921096353 0.2545702793997739 0.006738468238976214 0.011230780398293661
0.0 0.399155148038178 0.21823540164058866 0.007663356036482716 0.011759287711154443
0.0 0.38250716768306037 0.1611566118516139 0.007399102380052369 0.009645258459710959
0.0 0.4518076890819433 0.13638283156126024 0.005681453613254917 0.008720370662204501
0.0 0.43403663068699583 0.14867062658527566 0.007134848723621978 0.009248877975065638
0.0 0.402194065087128 0.10189772939708952 0.006606341410761019 0.009248877975067061
0.0 0.4468529330238722 0.08723165146520202 0.005549326785039099 0.005813580441475707
0.0 0.4062899967617999 0.05822981267195804 0.006606341410761019 0.009909512116141527
0.0 0.4395859574720351 0.0524822956445961 0.005549326785039277 0.007927609692913506
0.0 0.43998233795668096 0.024405344648861772 0.00792760969291315 0.005417199956823993
0.0 0.45094886469854395 1.3972421576813333e-05 0.0071348487236218006 2.7944843153626665e-05
0.0 0.2727313584177833 0.332816274854807 0.007326061101782244 0.011620648644206356
0.0 0.31373648586316005 0.24453465227192622 0.007702326013637961 0.008386977214850332
0.0 0.2760000154887023 0.13429214545431414 0.008386977214850511 0.008044651614244457
0.0 0.3235832739729561 0.1255628426388574 0.006675349211819804 0.007360000413031998
0.0 0.27625675968915686 0.05872376912050807 0.0068465120121228296 0.008558140015153625
0.0 0.3312855999865943 0.06266051352747884 0.008386977214850422 0.007873488813941166
0.0 0.3002195517315869 0.028599116267167622 0.006504186411516688 0.008900465615759856
0.0 0.4643478521125123 0.9061764174893241 0.007266174890320443 0.007855324205752367
0.0 0.4687664719782479 0.692217024435155 0.0066770255748895835 0.010015538362333487
0.0 0.4809422244971634 0.6685528602653277 0.008640856626326965 0.010604687677764702
0.0 0.49184148683264406 0.5178288270674619 0.008444473521183226 0.01119383699319627
0.0 0.4562961448016164 0.37849501396793633 0.009230005941758535 0.006677025574889228
0.0 0.45335039822445955 0.38576118885825716 0.00726617489032062 0.00864085662632732
0.0 0.4618930632982147 0.4121747165000979 0.006284259364601574 0.00923000594175818
0.0 0.4678827480051006 0.40039173019147006 0.007658941100608096 0.007658941100608274
0.0 0.5061774535081414 0.4222884464150038 0.006873408680032967 0.00864085662632732
0.0 0.5243428907339427 0.39577672722059065 0.009033622836614796 0.009033622836614796
0.0 0.519138738447632 0.34265509727919313 0.00805170731089575 0.011586603203484102
0.0 0.5407408800134499 0.303673050908149 0.006873408680032967 0.009033622836614796
0.0 0.5243428907339429 0.3260607248945421 0.008248090416039666 0.006677025574889228
0.0 0.4825132893383136 0.20037553760251078 0.01021192146747758 0.007462557995464536
0.0 0.5068647943761447 0.18495946384872292 0.008640856626327142 0.007266174890320443
0.0 0.4647406183227997 0.1632591307303329 0.00883723973147088 0.006677025574889228
0.0 0.519138738447632 0.13399804806390686 0.009230005941758535 0.006284259364601396
0.0 0.48388797107432024 0.15235986839485244 0.008640856626327142 0.010408304572620963
0.0 0.4565907194593322 0.07577045738877075 0.008248090416039489 0.00648064246974549
0.0 0.4612057224302116 0.08107280122765345 0.00805170731089575 0.008444473521183226
0.0 0.4955727658303763 0.06388927952757087 0.009230005941758535 0.009033622836614796
0.0 0.518156822921913 0.0790107786236435 0.007658941100608096 0.010604687677765411
0.0 0.551738333901503 0.058095977925829344 0.006087876259458014 0.010015538362334552
0.0 0.48663733454633346 0.007821903009017995 0.006677025574889406 0.008444473521183226
0.0 0.49007403888634976 0.014793503241621053 0.006087876259457658 0.007462557995464181
0.0 0.49508180806751667 0.014793503241621231 0.00510596073373879 0.00589149315431392
0.0 0.5006787265641152 0.018622973791926435 0.0053023438388828835 0.006873408680030835
0.0 0.4735968780890564 0.9755672541543128 0.0065607070291363815 0.009020972165062346
0.0 0.7059671716195377 0.9379789771813793 0.00822054613687584 0.009997961517822063
0.0 0.6914145831880412 0.8697706619375722 0.008887076904730585 0.00822054613687655
0.0 0.5841031295634191 0.7636811813873505 0.01066449228567663 0.006220953833311426
0.0 0.5738282596128415 0.6844451678914076 0.007136941380599282 0.0074224190358236795
0.0 0.6623066304690047 0.5491133668775896 0.006586743031214937 0.010411303500952585
0.0 0.6242532588938554 0.5041751201805598 0.008074072102779795 0.008499023266082872
0.0 0.5851161872319304 0.45987855049327153 0.008226362113037844 0.008843339271516015
0.0 0.5865396186596087 0.39045742728301003 0.005347135373474643 0.005964112531952637
0.0 0.5904471406633018 0.3854187804887742 0.0061697715847785165 0.009048998324341539
0.0 0.6282884063832762 0.3043891136753505 0.007403725901734148 0.009871634535645768
0.0 0.6404222905000075 0.26500540505918124 0.0061697715847785165 0.010077293588471292
0.0 0.6464892325583729 0.2589384630008153 0.007609384954560028 0.007815044007386262
0.0 0.6598570709920597 0.22952921844670443 0.006786748743256155 0.00863768021868978
0.0 0.6496769478771751 0.21626420953943057 0.008637680218689959 0.0051414763206487635
0.0 0.6329157350718606 0.20402749589628666 0.00884333927151566 0.008637680218690135
0.0 0.6502939250356532 0.20330768921139591 0.0061697715847785165 0.0084320211658639
0.0 0.618108283268392 0.16340983296316142 0.0084320211658639 0.005964112531952637
0.0 0.626128986328604 0.16289568533109655 0.004730158214996827 0.005347135373474643
0.0 0.6236610776946925 0.16011928811794612 0.007198066848908269 0.0055527944263005224
0.0 0.6131724660005692 0.1336920998298119 0.008432021165864079 0.007815044007386262
0.0 0.5942518331405817 0.08618485862701739 0.008020703060212141 0.009460316429993653
0.0 0.6197535556909994 0.07322833829898254 0.006786748743256332 0.009871634535645412
0.0 0.6366175980227273 0.057186932178558435 0.008843339271516015 0.010694270746949286
0.0 0.6312704626492527 0.04083703747889533 0.006375430637604573 0.007198066848907914
0.0 0.6230441005362147 0.03867761742422289 0.009254657377167774 0.007403725901734504
0.0 0.6172856470570882 0.01985981409064852 0.006786748743256332 0.010899929799775521
0.0 0.6107174867705235 0.1271637309307657 0.00572076410068405 0.004916281649024157
0.0 0.6133097080036483 0.12349886642876555 0.006257085735123269 0.0033073167457082775
0.0 0.6414665938117031 0.12457150969764381 0.004648120831805968 0.00849175921195311
0.0 0.7201103379819559 0.9374308275749194 0.00819789046383832 0.009181637319498748
0.0 0.8019277286484012 0.8780684352269794 0.0032671932880383283 0.005056370564821578
0.0 0.852408672633924 0.6042990708806008 0.006558167389574265 0.007830647629342736
0.0 0.8761453232603689 0.6144299712510628 0.008417946201543458 0.007341232152508681
0.0 0.8552927442679754 0.511043462489473 0.007685936871414967 0.0063345633555620395
0.0 0.7004373218490774 0.41100945814846684 0.007902726621041545 0.009159978583480211
0.0 0.7649480154321827 0.3482302565526988 0.008261941467452516 0.009339586006685607
0.0 0.764139782027758 0.31518249068288834 0.00844154889065809 0.009698800853096401
0.0 0.7476158990928529 0.2868943215280238 0.006286259812192085 0.009519193429891003
0.0 0.7610864558332646 0.2621983008372689 0.0070046895050142055 0.009698800853096401
0.0 0.7070246214484115 0.24405795109351408 0.005927044965781292 0.007543511774630929
0.0 0.7108861810473308 0.2434534825968461 0.003951363310520683 0.00793493660044291
0.0 0.6802464573179574 0.20442630291168912 0.007950357949766484 0.011850533547764996
0.0 0.6898468895591849 0.19332580313277034 0.00675030391961311 0.007950357949766484
0.0 0.6872967747451088 0.18612547895184903 0.009450425487458248 0.007350330934690064
0.0 0.6735643779722896 0.1536397208145134 0.008761707767954086 0.006948940643549761
0.0 0.7086867410076229 0.1536397208145134 0.007402132424650887 0.008157452059819192
0.0 0.6778696998927498 0.14344290573973914 0.0067978767165161715 0.008006388132785957
0.0 0.670874899956623 0.1125016512470122 0.008157452059819192 0.0064957488624489915
0.0 0.6812983109219479 0.0622728955083101 0.006948940643549939 0.008157452059819548
0.0 0.7088674776055968 0.058043105551366735 0.007704260278718245 0.009970219184223694
0.0 0.6853770369518575 0.032135642065088635 0.008459579913886729 0.0071000045705833514
0.0 0.6599982972101974 0.04399416033723362 0.00815745205981937 0.007855324205752013
0.0 0.667098301780781 0.013026055295326877 0.006646812789482403 0.01178298630862784
0.0 0.9793685583945487 0.950334123279941 0.009058627107230066 0.007530665908421952
0.0 0.9583309207424511 0.6987271030307756 0.006629373967091468 0.00820244575589264
0.0 0.9527758737957756 0.6530127026345982 0.006179924884576593 0.010000242085951783
0.0 0.9342317000877483 0.5618541988015708 0.007224762313042987 0.008511363820845119
0.0 0.8539241427555195 0.408634168373338 0.009194833010436554 0.00812876541502341
0.0 0.9184573712370282 0.432924637956461 0.007773009126559672 0.01029923709269127
0.0 0.998240391144719 0.4078848109835723 0.003519217710562117 0.011051678029237877
0.0 0.9985371768090954 0.4046886900074632 0.0029256463818093438 0.003968717618067075
0.0 0.7954801598509517 0.2973866932593111 0.007055715581078026 0.010331583529435662
0.0 0.7693992111851815 0.22582157807980643 0.008315664791984822 0.00680372573889656
0.0 0.7740610232655366 0.22065578631508842 0.009071634318528865 0.007055715581077848
0.0 0.8003939617734881 0.22015180663072584 0.008819644476347487 0.009071634318528865
0.0 0.8141274081723721 0.23753910574123935 0.008063674949803357 0.0070557155810782035
0.0 0.8354205498366966 0.21133216215437844 0.00680372573889656 0.01058357337161695
0.0 0.8426022603388651 0.23690913113578577 0.007055715581077848 0.008315664791985
0.0 0.8693131836100887 0.29524477960076984 0.00755969526544078 0.010079593687254019
0.0 0.8500359606832152 0.31792386539709144 0.008819644476347577 0.008567654634165933
0.0 0.9680129938851374 0.3072634075804226 0.005628591642081559 0.011444803005565163
0.0 0.8187420132803392 0.15567781199272357 0.010670321977588415 0.008755135981611062
0.0 0.8403562552349413 0.16689532996916245 0.008481537982185827 0.01039672397816318
0.0 0.8277707472613758 0.13543156003524803 0.007387145984484178 0.012038311974714944
0.0 0.7856366553498729 0.08768870913552576 0.007934341983334824 0.009028733981036296
0.0 0.863064889187245 0.14186111302174353 0.006839949985633353 0.009575929979887121
0.0 0.8668952611791998 0.13392677103840853 0.008481537982185473 0.008481537982185473
0.0 0.8645696781840844 0.11997327306771624 0.006566351986208118 0.010123125978737591
0.0 0.8135436512912578 0.07236722116770658 0.007387145984484533 0.009028733981036296
0.0 0.9177844890723137 0.08194315114759335 0.009028733981036296 0.007934341983335003
0.0 0.8256740728211509 0.012115184851274208 0.009023007664567118 0.00730433953798304
0.0 0.8414643362341433 0.014800603799062095 0.00880817414874393 0.008808174148744286
0.0 0.9767905024881725 0.17196634063879976 0.009090815807512698 0.010795343771421172
0.0 0.9669425044729077 0.026564398809000522 0.010104775197353177 0.006455828598308955
