0 0.03245988293935919 0.13177775580227571 0.004863393730694385 0.002265958905505414
0 0.06792911652700959 0.13881166990478197 0.004024877570229837 0.00405984303903045
0 0.087724178030122 0.10317771590311633 0.005168102606502867 0.002999106779258938
0 0.027106461913555188 0.15987894958739704 0.003641676061272521 0.0034414423032299445
0 0.03687616546619071 0.159559961402349 0.004735907485886628 0.0014997714837965326
0 0.03672816835725676 0.16107639701374332 0.002190357212222569 0.0021996648429016474
0 0.04704401293465816 0.12928570353178492 0.004691129078104908 0.002875810758742361
0 0.06500848369702782 0.11729851069384427 0.003598094674879997 0.0029878855767585754
0 0.068837905331539 0.16940406967070254 0.0038284990630694793 0.0032715894485571438
0 0.07752710602715704 0.15513107379305496 0.003144838516092792 0.002655760846475843
0 0.11894388415840566 0.1291971301291355 0.0032035562003184205 0.002491766880342503
0 0.14421303176206304 0.11265958346664932 0.0038554257740088718 0.0020681746465058383
0 0.13270716818264547 0.14469892361493092 0.0038804139710720696 0.0025444486072838226
0 0.1315886959203953 0.14715341696842188 0.0036521543257149246 0.0028785681213715896
0 0.20306553472725963 0.10004115771122865 0.0035913479371180303 0.0035623719853374604
0 0.21961138772326783 0.11101711463902518 0.00453193906350613 0.003754932633193544
0 0.23440432089282554 0.11080048391018707 0.0035058396529009527 0.0037067924712295055
0 0.1544234245814961 0.10765575716033499 0.00628805559962883 0.004146976176914823
0 0.17301810328325565 0.11043726557168032 0.00467112701686716 0.002629789770726472
0 0.22924600310187584 0.10003063752248444 0.005134980879963109 0.003780452232127285
0 0.2518305173309463 0.1162916969046093 0.00441976787893207 0.0020517376055989977
0 0.25058988073335137 0.11915103335496535 0.003489290430735785 0.003492319328679141
0 0.2345003748582918 0.12290527663329544 0.004187148516882928 0.003405011345462192
0 0.22461405197120704 0.11989315121230967 0.005195165752428892 0.002357315546858416
0 0.2641680914906289 0.10554641156452611 0.0035460773236686903 0.0025614188392257733
0 0.268684322044358 0.10584775495737621 0.005218755306531335 0.0020340679017381014
0 0.2106152043760102 0.12788979304339979 0.0050793648502886765 0.0028035518499075172
0 0.14969902008114136 0.13038981639119107 0.004004316947521165 0.003005844687820254
0 0.17704271689271764 0.14119120464177853 0.003781854894881107 0.0026718619447290946
0 0.07935317158148805 0.1827940921506258 0.0054197485011202055 0.0028863221965095675
0 0.05144129025069532 0.1940192603021218 0.005777376345600755 0.002454788814297508
0 0.05684720309869409 0.20531239945580587 0.002725177521509794 0.0025161585346549485
0 0.06137099778440033 0.21360816652596928 0.005014326639578018 0.003353624975840244
0 0.039058821298675994 0.22654122037069452 0.003840563742025105 0.0023784116181691673
0 0.042537317123586035 0.24415408914547995 0.005488522942338392 0.004083180057950244
0 0.043680289579650734 0.266530817977559 0.004651337709352932 0.004380284968548658
0 0.03767583544575877 0.27533899970779285 0.004143919050150795 0.0039041670371846495
0 0.035488233469432875 0.3003533374048309 0.0030842400250525597 0.0027782255850665456
0 0.05073574841211435 0.313019203887502 0.005243208042589327 0.002674042125626883
0 0.03042678832617832 0.3807778111102816 0.004315617284986568 0.002533030977288533
0 0.03699203589801959 0.3651143746588851 0.005509298661684983 0.004083866269506089
0 0.04897476048718442 0.3651919164234959 0.004315617284986572 0.0034118376428784814
0 0.05420859421578515 0.37069738171086797 0.004682903862432237 0.0029465870552132147
0 0.06473846812187459 0.5595085628348788 0.004185676818224655 0.00361328006323248
0 0.04018249745495664 0.5315841919114197 0.005301857303084554 0.0029063339639041176
0 0.0634827650764072 0.4869680380871586 0.004743767060654607 0.0030634330970883638
0 0.0888758711069701 0.45476271578443517 0.004464721939439631 0.0033776313634563595
0 0.09327083176610597 0.4294697553418082 0.004604244500047106 0.003220532230272397
0 0.07820239522049721 0.41132480545905425 0.004604244500047123 0.003848928763008459
0 0.09299178664489098 0.39471157212484437 0.005441379863692059 0.0032990817968644136
0 0.09027109671304494 0.3887025302805556 0.00530185730308455 0.0035347304966403216
0 0.09822306068851444 0.17536211996856174 0.0049082274673852315 0.003701745146323674
0 0.13443281426865816 0.1788031788369753 0.005278659729074686 0.002241901990026989
0 0.09853498160939371 0.18996209071310233 0.0055564839253417556 0.00318037259050346
0 0.09571043561401162 0.2130067576803567 0.00435257907485104 0.002241901990026989
0 0.11589899387608664 0.20659387524376782 0.004908227467385213 0.0026590000346832453
0 0.09976752073841028 0.23187446208093443 0.00487445845240897 0.0029692025751746343
0 0.11769332069368772 0.2593430287723341 0.0049251133310373695 0.003271881685258542
0 0.14620972688039408 0.2521060701295164 0.004826611064416628 0.00354915979417882
0 0.1400533352165974 0.2625317270249167 0.004531104264554445 0.0031055148199065036
0 0.12002501187738059 0.27591944618650976 0.0050236155976580935 0.002939147954554322
0 0.13017074533931758 0.27980133971139287 0.004432601997933645 0.0019409467624415555
0 0.10928826481571914 0.28723239303045467 0.004038592931450608 0.0033827929288266388
0 0.14509383873236076 0.363539328605299 0.00413709519807135 0.0036046154159627974
0 0.13297805993800887 0.372495411523422 0.004334099731312868 0.003105514819906503
0 0.11677443707889593 0.41328302134558603 0.004629606531175121 0.003050059198122501
0 0.11692219047882706 0.4296978853936631 0.00512211786427887 0.0027173254674181637
0 0.13967621406821967 0.45725932942033287 0.004925113331037352 0.0029391479545543575
0 0.12155179701000218 0.4609471282689719 0.004925113331037384 0.0024400473584979213
0 0.13287955767138812 0.48770446577977294 0.004728108797795877 0.0022736804931457054
0 0.14923093393043213 0.5156263713480389 0.005910135997244818 0.002440047358497992
0 0.14607886139856824 0.5359508567318909 0.004531104264554386 0.0022736804931457757
0 0.11470588947986023 0.5583826557435367 0.004038592931450644 0.001663668653521313
0 0.2050507462952121 0.5637832521722081 0.004759726268606208 0.0028232238671392906
0 0.20394580983999996 0.5580650275599514 0.00424975559696982 0.0027753726151538414
0 0.20721808290824878 0.5391639817456322 0.003739784925333467 0.0029189263711100464
0 0.24025794203071105 0.4309371305331398 0.0048338479778886525 0.002512061321441905
0 0.24555346612786588 0.4267532519384374 0.004517752016960968 0.002238723945571483
0 0.24172906895950783 0.49421627197564666 0.004253727548437958 0.0026012469304872356
0 0.22328402622791915 0.4035029464791351 0.00520714924032923 0.0017754542541419482
0 0.21686676484018952 0.4010462132670083 0.003667006507274131 0.0028076950995733797
0 0.2165734043196076 0.38054591007674093 0.0039603670278560155 0.0031793018039287103
0 0.20978944228115054 0.32955321231242934 0.0037403466374195914 0.0035096188744667954
0 0.22156053316950036 0.31819856301268395 0.004253727548437922 0.003674777409735803
0 0.2123196767711697 0.30036144120362934 0.004107047288147014 0.0030141432686596682
0 0.25078657503247503 0.29261963486289383 0.003153625596256005 0.0027251158319389003
0 0.2409223275279075 0.29645957080789864 0.003960367027856044 0.0028902743672079723
0 0.22324735616284644 0.2818430404365905 0.0036670065072741094 0.0028902743672084637
0 0.24803632015201926 0.27725989108287563 0.0030802854661101274 0.0018167438879611705
0 0.22552090019735638 0.2681968164599869 0.0036670065072740956 0.003096722536294223
0 0.24400261299401776 0.2664007173889363 0.0030802854661102354 0.002477378029035437
0 0.24422263338445432 0.2576266702027693 0.00440040780872894 0.0016928749865074985
0 0.2503098641865292 0.24815069924170902 0.003960367027856026 0.003716067043552978
0 0.2333682941229229 0.22934327103794894 0.0036670065072740956 0.0030967225362941875
0 0.23919883446948872 0.2186905455130968 0.004327067678583454 0.0022709298599490777
0 0.21738014575120787 0.2216840439648479 0.004693768329310863 0.002229640226131835
0 0.22383407720401027 0.20950360198875737 0.004400407808728915 0.0019819024232283055
0 0.2302146685266672 0.20198888863401676 0.00278692494552832 0.0023122194937663567
0 0.22515419954662896 0.18817750612214457 0.003813686767565052 0.0026838261981216504
0 0.21052284358260537 0.19294645882803763 0.005353829500620116 0.0018167438879592979
0 0.20777258870214976 0.1519458524475024 0.0032269657264011897 0.003138012170111484
0 0.2156933227578618 0.14379114976859433 0.003667006507274096 0.0030967225362942053
0 0.2437825926035813 0.13425324435680813 0.00366700650727406 0.0028489847333906405
0 0.19951682392857728 0.1722291748353323 0.003691338093035661 0.0029094521239151306
0 0.17911180590186784 0.18293180229116296 0.004013511092279869 0.002078180088510741
0 0.15138600987630643 0.3540050858921272 0.004066503994050841 0.0036314527013144725
0 0.17414687853635943 0.32641707883497695 0.004275358758654216 0.002620930379640782
0 0.15320035551844707 0.29196629545447317 0.004655390648312494 0.0025139536294513576
0 0.17961257184968943 0.28923838832464294 0.0037053109241671225 0.0023000001290725434
0 0.15334286747706888 0.2683511778501588 0.0038003188965816115 0.0026744187547355124
0 0.18388793060834374 0.26958141047733714 0.004655390648312441 0.0024604652543566276
0 0.1666439836151046 0.2589372238334899 0.003610302951752544 0.0027813955049249017
0 0.19628647100844135 0.237996524983911 0.003800318896581665 0.002086046628693694
0 0.1769523486220823 0.2270848964645902 0.003705310924167087 0.0024069768792619327
0 0.15633561860812692 0.2254802452117489 0.0042753587586543415 0.002620930379640747
0 0.17894751604278766 0.2206395472656777 0.0033252790345089166 0.0035302327562508396
0 0.1421497349263591 0.22842861650527374 0.0036153168507133417 0.003618455146590698
0 0.20572290257354386 0.21299155603519215 0.0034876677339776537 0.0022196268539652654
0 0.2528579042897679 0.20328811096685243 0.004750913721704748 0.002753376654977515
0 0.2698938192197846 0.17936282209567792 0.004331715452142631 0.0028320445594054154
0 0.26877595716761876 0.15462176615309425 0.004052249939101056 0.0027533766549775133
0 0.2536848194633803 0.13530879561603779 0.004890646478225378 0.0028320445594054357
0 0.25829600042856427 0.13570213513817742 0.004052249939101138 0.002202701323982019
0 0.28006250963639384 0.1329772429246988 0.003607038607446508 0.0025743418246907484
0 0.255470693190687 0.2453802988785939 0.00454439745976412 0.0027183451723887587
0 0.25774728998439533 0.5331801304654138 0.004033262731834455 0.002454788814297615
0 0.26019994975375427 0.46631782013598594 0.0037062414292535722 0.0031298557382291726
0 0.2669583900070985 0.4589227688329149 0.0047963124378571165 0.0033139648993014865
0 0.2730082841048501 0.41182150845858184 0.004687305336996807 0.0034980740603738525
0 0.2532779988491193 0.3682796918649801 0.005123333740438376 0.0020865704921528305
0 0.25164289233621345 0.37055037151820536 0.004033262731834491 0.002700267695727234
0 0.25638470122364043 0.3788045989062806 0.003488227227532512 0.002884376856799449
0 0.2597094177998824 0.3751224156848344 0.004251276933555239 0.002393419093940139
0 0.2809658024676587 0.3819651395046887 0.0038152485301136707 0.002700267695727234
0 0.2910489592972449 0.37368022725643457 0.005014326639578002 0.002823007136442115
0 0.28816027112444453 0.35707971789974785 0.004469291135276059 0.003620813501088804
0 0.30015105221908756 0.34489782840879657 0.0038152485301137062 0.002823007136442115
0 0.291048959297245 0.3518939765295444 0.004578298236136504 0.0020865704921528305
0 0.26783044681398155 0.3126173555007846 0.005668369244740354 0.0023320493735826276
0 0.2813473273206701 0.3077998324527259 0.004796312437857217 0.0022706796532251873
0 0.2579653041861161 0.30101847835322904 0.004905319538717592 0.0020865704921529016
0 0.28816027112444453 0.2918743900199709 0.005123333740438376 0.0019638310514379855
0 0.2685934965200043 0.2976124588733914 0.004796312437857217 0.003252595178944091
0 0.2534415095004099 0.27367826793399086 0.0045782982361363975 0.002025200771795497
0 0.25600317637062914 0.2753352503836417 0.004469291135276023 0.0026388979753697583
0 0.2750794190211976 0.2699653998523659 0.005123333740438341 0.0028230071364421503
0 0.2876152356201425 0.2746908683198886 0.004251276933555239 0.003313964899301638
0 0.3062554498672696 0.26815499310182167 0.0033792201266722626 0.003129855738229516
0 0.2701195959320498 0.2524443446903181 0.0037062414292534564 0.0026388979753697635
0 0.27202722019710657 0.2546229697630066 0.0033792201266720666 0.002332049373582592
0 0.27480690126904656 0.25462296976300663 0.0028341846223701593 0.0018410916107231045
0 0.2779136036435678 0.255819679309977 0.002943191723230789 0.0021479402125096888
0 0.29230254095713937 0.16692563937222896 0.0038152485301136707 0.0025775282550123536
0 0.3049473646569448 0.17732780697281456 0.004687305336996843 0.003129855738229317
0 0.3048928611065146 0.16127962509934476 0.0023981562189285908 0.002454788814297508
0 0.30680048537157145 0.1618319525825617 0.0018531207146266126 0.002454788814297508
0 0.25131587103363223 0.14587582528962806 0.0031612059249513536 0.0025775282550123714
0 0.31044902132176044 0.1872469859728046 0.003972422894270693 0.003508121627676211
0 0.26288118124631055 0.5548647669232227 0.0036416760612725694 0.002819053801582001
0 0.3668398716543328 0.5982172314704485 0.004686333701714034 0.0028466418210465606
0 0.3488852116354954 0.5712724122822144 0.004932982843909457 0.0022217692261826726
0 0.39186382466305647 0.5431184303691811 0.004563009130616251 0.003124362974319439
0 0.38378606525615466 0.5218033318554913 0.004932982843909386 0.0025689206677738242
0 0.3242202974159482 0.48865036918354704 0.005919579412691291 0.0019440480729097942
0 0.3185169871224792 0.4638891149660649 0.003961528606750715 0.0023195059486948817
0 0.36762900563760886 0.42159792714924677 0.003656127961819209 0.003253532344047727
0 0.3465065790911253 0.4075547250564249 0.004481705243520444 0.0026559447706509393
0 0.32478261910532125 0.39371204702914736 0.004566237426144184 0.0027635435223487548
0 0.3255727284840846 0.3720179460259406 0.0029680543269937232 0.0018637851662352033
0 0.3277416912615032 0.37044336890274193 0.0034246780696082237 0.002827811976356783
0 0.3487463834217665 0.345121598023547 0.0041096136835297795 0.003084885792389257
0 0.35548158362532944 0.33281418908099414 0.003424678069608191 0.0031491542463972875
0 0.3588491837271107 0.3309182696877548 0.0042237696191833865 0.0024422012523082513
0 0.36626931954459513 0.32172788076459513 0.003767145876568918 0.002699275068340583
0 0.3606186007297416 0.31758256548107205 0.004794549297451454 0.0016067113502027297
0 0.3513148919739729 0.3137585924675896 0.004908705233104996 0.0026992750683406284
0 0.3609610685367025 0.3135336528785612 0.003424678069608191 0.002635006614332518
0 0.34309566460691315 0.30106557280098795 0.004680393361797854 0.0018637851662352033
0 0.3475477460974038 0.3009049016659677 0.002625586520032925 0.001670979804210795
0 0.3461778748695605 0.30003727753685816 0.003995457747876258 0.0017352482582189666
0 0.3403559221512266 0.2917787811968162 0.0046803933617979255 0.0024422012523081806
0 0.3298535760710948 0.27693276832094293 0.004452081490490656 0.002956348884373021
0 0.34400891209214196 0.27288385571843204 0.0037671458765689892 0.003084885792389187
0 0.35336969881573765 0.2678709163057995 0.004908705233105124 0.003341959608421696
0 0.35040164448874395 0.2627615742121548 0.0035388340052618615 0.002249395890283772
0 0.3458354070625997 0.26208675544506965 0.005137017104412251 0.002313664344291979
0 0.34263904086429875 0.25620619190332766 0.0037671458765689892 0.003406228062429797
0 0.3308809794919773 0.24553762853798156 0.004908705233104982 0.001992322074251405
0 0.33213669478416696 0.23207338742328265 0.003310522133954521 0.002699275068340583
0 0.34223949508951107 0.24296689037765717 0.004337925554837057 0.00237793279830008
0 0.35342677678356454 0.24296689037765717 0.00365298994091539 0.002892080430364956
0 0.3521710614913748 0.229952528441015 0.0038813018122225884 0.002570738160324346
0 0.35120073603831925 0.22779953523174337 0.004223769619183256 0.002249395890283806
0 0.35074411229570474 0.21777365640647836 0.0046803933617979255 0.0025064697063162454
0 0.35605236330359746 0.20385953611372265 0.005022861168758652 0.00282781197635682
0 0.35491080394706154 0.14884573948278093 0.0038813018122224987 0.002827811976356821
0 0.3541117123974861 0.14074791427775935 0.004566237426144184 0.001928053620243304
0 0.33978514247295855 0.13416039774192814 0.004680393361797854 0.00237793279830008
0 0.3219197385431692 0.1338069212448836 0.003881301812222624 0.0020565905282594874
0 0.32894032858586597 0.12146737807532655 0.0037671458765689892 0.0020565905282594874
0 0.3686665941933209 0.1388519948845201 0.004452081490490656 0.003020617338381122
0 0.36649763141590236 0.1182539553749211 0.004680393361797854 0.0023136643442919257
0 0.3634154211532551 0.10411489549313706 0.003538834005261981 0.0028278119763568183
0 0.36010489901930043 0.10893502954374527 0.003538834005261759 0.002570738160324382
0 0.3383011153094617 0.10719978128552629 0.003995457747876117 0.0019280536202432685
0 0.33356364397983707 0.10610721756738845 0.003424678069608274 0.0026992750683405816
0 0.3349386316688056 0.10867000348285413 0.003499341287812711 0.0031043813069971905
0 0.3389932276956939 0.2897386659158643 0.0031754458147769666 0.0015363380153201008
0 0.34043210158051596 0.28859339575898924 0.0034731438599123264 0.0010335364830337923
0 0.3560612489501214 0.2889285967805137 0.0025800497245063525 0.002653674753735373
0 0.3997143246387266 0.5429471336171623 0.004550433561887672 0.0028692616623433053
0 0.4445221050607718 0.5748182495635976 0.002979063405153468 0.0012738059135711667
0 0.44576652395153205 0.5737142844385026 0.0014706768708985152 0.001231345716452239
0 0.44512900809625044 0.5243963860084311 0.001813533134730818 0.0015801158015068496
0 0.4731496535001833 0.43884345965018773 0.0036402663740916098 0.002447077384169631
0 0.48632524448103737 0.44200936601595714 0.004672580718983355 0.002294135047659012
0 0.47475052587294386 0.4097010820279603 0.00426626157650098 0.001979551048613146
0 0.38879435037589727 0.3784404556713959 0.004386595869441995 0.00286249330733761
0 0.4246025410898499 0.35882195517271837 0.004585986590780209 0.002918620627089226
0 0.42415391196683877 0.3484945283384026 0.004685681951449396 0.0030308752665926166
0 0.4149819387852782 0.33965447547750743 0.003489337623419715 0.002974747946840992
0 0.42245909083546346 0.33193696901164654 0.0038881190660963226 0.0030308752665926166
0 0.3924507872740532 0.32626810971672315 0.00328994690208155 0.00235734742957218
0 0.39459423752844036 0.3260792133115144 0.0021932979347209186 0.0024796676876383803
0 0.3775869320758827 0.31388321965990285 0.0044130347683005765 0.0037032917336766147
0 0.3829158797206231 0.31041431347899073 0.0037469163127080663 0.0024844868593020307
0 0.3815003780024888 0.3081642121724528 0.00524568283779125 0.0022969784170906137
0 0.3738778854312796 0.29801241275453544 0.004863393730694412 0.0021715439511092783
0 0.39337338616208034 0.29801241275453544 0.004108729186276321 0.0025492037686935375
0 0.37626765648860355 0.2948259080436685 0.003773322722090455 0.0025019962914955584
0 0.3723850268623059 0.2851567660146913 0.004527987266508441 0.0020299215195153297
0 0.37817078836951146 0.2694602798463469 0.0038571743381369573 0.002549203768693573
0 0.3934737082979895 0.2681384704848021 0.004276432418369182 0.0031156934950698554
0 0.38043478200276565 0.2600423881453402 0.004695690498601479 0.0022187514283073285
0 0.3663477105069613 0.2637481751053855 0.004527987266508546 0.002454788814297508
0 0.3702887364611447 0.25407064227978965 0.003689471106044024 0.003682183221446209
0 0.39800169556449794 0.23912947574661353 0.003773322722090381 0.0032573159266639003
0 0.39343178248996624 0.22501444006440305 0.004192580802322752 0.002124336473911228
0 0.40290701510321564 0.21734322501972347 0.004024877570229866 0.0029268635862777603
0 0.3998045053094968 0.21335419319649002 0.005534206659066001 0.002690826200287617
0 0.4055745926316778 0.19846541708083268 0.004508175658287925 0.002632051919707905
0 0.380782753156808 0.18474028394621783 0.004333594512914303 0.0022244897270664765
0 0.3817705577884281 0.17855117946365373 0.003632571871119339 0.0024756417930256445
0 0.3867733102776009 0.17609347710391063 0.003441383877901959 0.002296247460197663
0 0.3863272049600954 0.16353587380595472 0.004333594512914303 0.0020092165276729902
0 0.37820171524838103 0.16247744724226987 0.003887489195408378 0.0013992757960579639
0 0.3812288584743138 0.16348205550610637 0.003696301202191563 0.002403884059894459
0 0.4001883344683139 0.16222629517631074 0.004652241168275637 0.0022603685936321226
0 0.37076347718425917 0.10669621132902579 0.0026226203289644446 0.0023100151226351073
0 0.3828402207958616 0.11128051969095626 0.0024957193453048854 0.0014765045113750124
0 0.3685699162704478 0.10759099293881066 0.0016837924019125693 0.0023977695167286227
0 0.5382662588496726 0.5850983331753716 0.005209948233335507 0.00218280171258605
0 0.5436217496726029 0.5469794135249816 0.0050282058531026415 0.002353333096381858
0 0.5670399520786477 0.5728446888275633 0.0047683056801864155 0.002358006949440181
0 0.5319443098657144 0.4683522196971174 0.0036797912740142635 0.0025632642987164188
0 0.5288608492882015 0.4540664695733119 0.003430313899504753 0.003125075651859888
0 0.5185674657902506 0.4255794371254909 0.004010275698479972 0.002659801194014122
0 0.5630644331209298 0.43598420056098064 0.004652387240981071 0.0022263535720329487
0 0.7712231373962064 0.5906863783589622 0.0041355292252548284 0.0031043393207803405
0 0.8491606048029879 0.5959801133678448 0.004665224158141967 0.002349996369339564
0 0.8134063857834489 0.5699432371051433 0.0035603026470033684 0.0026264665304385204
0 0.8155548442773304 0.5694939730933578 0.002455381135864201 0.0020044086679662596
0 0.8301029775073263 0.5622020725943773 0.003560302647003226 0.0033176419331854136
0 0.8579715533993862 0.5429528376278745 0.004051378874176095 0.0025573489901636747
0 0.7939474902817242 0.5387021089009806 0.005892914726074565 0.0029029366915371215
0 0.7665268047212923 0.5432455874550126 0.006505331702861402 0.0022508331935978004
0 0.6484072912975427 0.5053815325371483 0.006089971314887635 0.003428582483430489
0 0.6609077587333647 0.49678000104362985 0.0033120896624822703 0.001984968806196576
0 0.659679080310186 0.4983439158606332 0.004487347284654248 0.0021052699459661994
0 0.6359602446627283 0.5018927994838331 0.0055557633048098866 0.0017443665266576858
0 0.6172095435089946 0.4981935394359213 0.003525772866514032 0.003007528494237235
0 0.6058915829452581 0.4846584202265417 0.005687768154884286 0.0029110425615148437
0 0.8645210170399015 0.5106696543528252 0.004411389022858714 0.002520628388440258
0 0.8075592583905024 0.5049166388963278 0.005683381745025002 0.0024813824116761652
0 0.8025573042870231 0.4629011605092803 0.004674186231460638 0.002445758279326146
0 0.6646112789319872 0.42464092534069564 0.003944065316695457 0.0029995722217785216
0 0.5817846729806463 0.42176965660358623 0.004440394702072581 0.0014588157814056748
0 0.5817698955457709 0.42055298678098857 0.0028398484300289086 0.0011143161179559514
0 0.8769742106144526 0.4347267065661528 0.005587432483159631 0.001983132854315954
0 0.7975628583453528 0.40811005977747505 0.005241562993276858 0.003663234050460318
0 0.877295301913687 0.37369617701326946 0.004967295246619727 0.0025568265264964652
0 0.8488397962866233 0.3758934498094775 0.005109217967951452 0.0021573223817316035
0 0.829538306185473 0.38360387980344385 0.005393063410615611 0.002556826526496607
0 0.47399085113923023 0.37769817761666813 0.005103810170580587 0.0025402391921948465
0 0.5098115503830859 0.3852889493613941 0.0043145930971362385 0.00321851159146604
0 0.56153556567406 0.3967247403823603 0.004876137881114088 0.0024795431475853735
0 0.5550864800893605 0.37746400343236636 0.003932369258963319 0.00345364938413681
0 0.5544410901904989 0.37646521562733226 0.0019826377693032498 0.0012402242556459765
0 0.595953636372105 0.3774200754316024 0.005043080076836546 0.0033360541069804837
0 0.6358202695152919 0.39242684878363077 0.005067182410245934 0.0036980278169391314
0 0.6499896129217203 0.4015662603883521 0.004879508987644188 0.0031697381288050487
0 0.6810495643623016 0.39728711391446525 0.004691835565042482 0.003698027816939202
0 0.6841461758352296 0.3851364510873791 0.0037534684520340988 0.003064080191178249
0 0.5781776028245293 0.3540196784121663 0.0042740287838839205 0.0029827202725746104
0 0.6915518284463573 0.35171323749401107 0.005352500122235426 0.0022181934269862326
0 0.7469769140700123 0.35127740970803784 0.005879778728498195 0.002332219139434386
0 0.6860002283626563 0.3165046853020111 0.00492885762737842 0.0020510049752514446
0 0.7384457894669763 0.31694816079069627 0.0055824313061890625 0.0026297261154482835
0 0.7969066494981615 0.33250283503198025 0.0035782972720384974 0.0026731388603472793
0 0.7404085936867115 0.3168792032909489 0.002907927665075931 0.001393301445242976
0 0.8599799362219414 0.31823130077871264 0.004052943457206765 0.003266048156495387
0 0.8578059647728022 0.2499501158148338 0.003769848312592643 0.0027810502082423836
0 0.8105528660959951 0.2529507226184638 0.004939801237190266 0.00263467914465064
0 0.8189670472183899 0.2355842268508483 0.004419822159591433 0.002488308081059003
0 0.7401609850396413 0.22334230953198062 0.0027876368049078335 0.0016067736833905854
0 0.7425503880152767 0.22360387734090462 0.002522147585392814 0.0022046429609312627
0 0.7024265745090469 0.2725246899635023 0.0034241510378618047 0.0026330338249411864
0 0.6923040975643455 0.19285434622324615 0.0023981562189285908 0.003129855738229352
0 0.6948112608841345 0.19230201874002922 0.00327021302581187 0.0022706796532251518
0 0.7007521478810258 0.19033818768859123 0.004251276933555346 0.0026388979753698295
0 0.6933941685729501 0.18420121565284753 0.004360284034416349 0.0030071162975142994
0 0.683256508192933 0.13875693772816533 0.0037062414292532253 0.0031912254585867218
0 0.683801543697235 0.1304413406197326 0.0034882272275325475 0.0032525951789441976
0 0.6602015063609602 0.11795260252699415 0.005123333740438341 0.0022093099328677466
0 0.6680500176229086 0.12412025942291656 0.004251276933555204 0.0019024613310805274
0 0.6684315424759197 0.11835150570931749 0.003924255630974045 0.002638897975369794
0 0.6488409966787367 0.11020096477106853 0.0036900252610426796 0.002525516484862515
0 0.7927149247659542 0.20838438038429255 0.0038887897940017525 0.002950853719578035
0 0.8573488563430746 0.1914492298664419 0.00426231673729788 0.0018997105461422948
0 0.8447691020836892 0.18402074545527275 0.004439913268018648 0.002758812186379972
0 0.8280694225189339 0.18500476857375414 0.0033667607909683285 0.0027702685038965315
0 0.7279236721381301 0.1316982575685595 0.004146685934161525 0.002943544870511161
0 0.7931039219794401 0.11972797388498979 0.0043352700098066065 0.002440706211575776
0 0.8515268463973126 0.13588312452351534 0.004335270009806749 0.0031380508434545895
0 0.7849494855324227 0.14628518194904078 0.004128828580768271 0.0037191713700202734
0 0.8065226148669373 0.14808665558139433 0.004335270009806749 0.002208258000949499
0 0.4415501320941969 0.34293334164353473 0.0039164422999912315 0.00322861985294864
0 0.427073282878158 0.3205692431499395 0.004615806996418286 0.0021261642934052105
0 0.42966093225493796 0.31895493322346513 0.005035425814274461 0.0022049111190868232
0 0.44427765441026223 0.3187974395721018 0.004895552874989022 0.0028348857245402213
0 0.4519007296013166 0.3242309705441373 0.004475934057132775 0.00220491111908693
0 0.463719992970933 0.31604130067324326 0.0037765693607057925 0.003307366678630288
0 0.46770637174056695 0.32403410347993306 0.00391644229999116 0.0025986452474953126
0 0.4825329033048194 0.34226399362524057 0.004196188178562039 0.0031498730272669206
0 0.4718326234494863 0.3493512079365911 0.004895552874989093 0.0026773920731768186
0 0.5373185742293911 0.34601981486888206 0.0031242833052316852 0.0035765009392391533
0 0.45446217562828894 0.2986493162477261 0.005922815321471475 0.0027359799942534126
0 0.4664596733307567 0.30215479061536327 0.004707878845272191 0.0032489762431759674
0 0.45947378859261095 0.292322362511015 0.004100410607172478 0.003761972492098451
0 0.43608626142577506 0.2774027216048518 0.004404144726222299 0.002821479369073856
0 0.4790646392713242 0.29433159781929485 0.0037966764881226566 0.002992478118714743
0 0.48119077810467287 0.29185211594950267 0.00470787884527212 0.0026504806194330042
0 0.4798999080987112 0.2874916478336613 0.0036448094285977816 0.0031634768683555235
0 0.4515767014973157 0.2726147566149083 0.00410041060717262 0.002821479369073856
0 0.5094380511763059 0.2756072347336229 0.005011612964321941 0.0024794818697921883
0 0.45830997970991905 0.2537859952660232 0.005008434436533307 0.002282606105619678
0 0.46707473997385235 0.2546251886872069 0.00488918599756822 0.002752554421482607
0 0.4475990156554273 0.23786098330030736 0.003219707852057212 0.002282606105619678
0 0.4647111666469163 0.2198015408764342 0.004054446924812822 0.0029539608425666586
0 0.4802134637123767 0.2167804445601729 0.0042929438027429255 0.0020140642108408355
0 0.47472803551998305 0.2086570522431147 0.003338956291022157 0.0021483351582302747
0 0.4666191416703576 0.2076164524008469 0.004054446924812609 0.003021096316261307
0 0.43603191707581457 0.2027155628211341 0.004889185997568291 0.0022154706319249583
0 0.43597229285633204 0.19845246024152088 0.004769937558603133 0.0021483351582302747
0 0.45403843135954164 0.19368584160919752 0.003935198485847593 0.003222502737345394
0 0.45594640638298295 0.19707618303077964 0.003935198485847593 0.0027525544214825003
0 0.4537403102621289 0.20097004050507203 0.003338956291022157 0.0028868253688719035
0 0.4275056536898114 0.17656629581705005 0.004054446924812609 0.001879793263451468
0 0.44843375472818287 0.183313410923367 0.003935198485847593 0.0023497415793143615
0 0.45624452748039557 0.18166859181784695 0.0035774531689524024 0.004028128421681742
0 0.4710909581315481 0.18059442423873182 0.004889185997568362 0.0018797932634515035
0 0.48176369341892267 0.18626737176593364 0.004054446924812751 0.002886825368871939
0 0.41814277777036224 0.19720658052834567 0.004815554271548663 0.0040666509339079586
0 0.41219806910492685 0.17324686061954198 0.005751912046572017 0.002937025674489071
0 0.4368777847466141 0.16308023328477206 0.0034779003072296175 0.003238259077000798
0 0.4554042921524335 0.16368270008979544 0.005484381253708292 0.002635792271977415
0 0.4403556850538437 0.1552858189947818 0.005350615857276466 0.002108633817581893
0 0.4467095413843593 0.15686729435796823 0.005484381253708292 0.0019580171163260827
0 0.41714738877290747 0.14880930084078023 0.004414258082253042 0.0036148008301404035
0 0.417883098453283 0.14598523769223307 0.004280492685821074 0.003388875778256608
0 0.43500506919656734 0.1409019240248481 0.0048155542715487346 0.00406665093390794
0 0.428249916676756 0.13359701401393934 0.004146727289389247 0.0033135674276287296
0 0.4425628140949702 0.13529145190306768 0.004414258082252971 0.0026357922719773795
0 0.41368398781875015 0.11092819282721468 0.004437717097390603 0.003797541736427199
0 0.4360986807485259 0.10599053324493196 0.0045245727347086985 0.0029111787740619733
0 0.4459961836057012 0.10260173920325043 0.0029894498425753822 0.0023198455855806444
0 0.44357230535496434 0.10280643146080166 0.0018583066588982434 0.0017285123970992976
0 0.4516115015532413 0.10251076486656102 0.0038782052011788436 0.0033205632891644397
0 0.45346980821213956 0.11183563437722828 0.0032318376676491313 0.0021378969122017645
0 0.4556512986378026 0.11131253194126403 0.002262286367354278 0.0016375380604098666
0 0.4930355659817191 0.10535498523712018 0.00370060803586874 0.003199505542172485
0 0.51755209421935 0.10293675430408282 0.004890089190255225 0.003125098436540572
0 0.4813390012969196 0.11305612067002374 0.0038327726085784523 0.0032739126478044155
0 0.5082344918433231 0.11502790896926958 0.0047579246175456546 0.0033483197534363283
0 0.5059216118209046 0.12183615913459014 0.00436143089941673 0.00416679791538746
0 0.5188737399464453 0.123807947433836 0.0040971017539975915 0.0029018771196448554
0 0.49198262191148745 0.12920793892982663 0.005154418335674515 0.00230662027458946
0 0.4697789736962746 0.13393279013745343 0.003832772608578452 0.0016369563239022077
0 0.47387607545027216 0.13404440079590135 0.003568443463159241 0.00275306290838099
0 0.481872032099203 0.135272118038828 0.0047579246175456546 0.0023810273802214255
0 0.5978715442589234 0.33362330512418015 0.004237372431239379 0.003578386533119371
0 0.5660912510246285 0.33025791778946073 0.005145380809362052 0.0034931868537594114
0 0.5704562635555931 0.3183060020889009 0.004691376620300716 0.003748785891839361
0 0.5740882970680841 0.2944500918681054 0.0037833682421779713 0.0034079871743993807
0 0.5650838806517006 0.2996898721487444 0.005448050268736395 0.0029819887775994758
0 0.5681862426102865 0.3002436700645843 0.0037833682421779 0.002896789098239552
0 0.5749963054462061 0.30416285531514203 0.0046913766203003655 0.0030671884569597723
0 0.5831683808493112 0.3050148521087434 0.002875359864055156 0.0034079871743994163
0 0.5853627344297745 0.3051852514674634 0.0036320335124909774 0.0030671884569594353
0 0.5914161236172589 0.3073152434514626 0.004237372431238893 0.003237587815680103
0 0.6208507285414037 0.2972616812869849 0.004691376620300645 0.0035783865331193
0 0.6225154105679621 0.30258666124698386 0.004388707160926372 0.004004384929919276
0 0.6325791700921555 0.3040350557961036 0.003934702971865179 0.0033227874950393856
0 0.5421907385884045 0.3037394814496249 0.005046072954733773 0.0033735449285691387
0 0.659676220027194 0.25921841761070435 0.004485709402895139 0.003703922679487022
0 0.5999415231453051 0.26119664904179396 0.004635233049658396 0.0034513824967947215
0 0.6094362747147666 0.2710036261363449 0.0038876148158425387 0.002693761948717821
0 0.6050253271352531 0.27163497659307567 0.005532374930237509 0.0027779420096152663
0 0.5730263896233282 0.2680377465627624 0.005297289878924687 0.003245457311649922
0 0.5713125605448526 0.26001181834611464 0.004050868730942412 0.003333172374126967
0 0.5367243736883442 0.25830137462781266 0.005608895165920202 0.002017446436971504
0 0.5642037324429756 0.23784236332812378 0.0052256111388077646 0.003069869043671183
0 0.6133341569015864 0.23472359200461226 0.005099045335278944 0.0022247946462265133
0 0.6146089182354062 0.23224761086606982 0.005099045335278944 0.0025836324923921338
0 0.5225292455334298 0.22816236360335004 0.004378987301531126 0.0022187866810540655
0 0.5001234271739294 0.2205609647886276 0.003357223597840502 0.0024653185345044903
0 0.5024588870680792 0.22064314207311106 0.0021894936507654704 0.0021366093965706056
0 0.6354128627415596 0.21495332000373651 0.005810078475858873 0.0023136384574753777
0 0.6124559673003612 0.20190918594176324 0.003826149240199751 0.002872102912728103
0 0.6083463995979246 0.2153921135042922 0.004959823089147762 0.0030316641856573765
0 0.559466383491526 0.21631890092614747 0.0041085175377071435 0.003517759324455589
0 0.5079982715033925 0.20206069598201581 0.0031853034933213564 0.002295409329874758
0 0.510610220367916 0.20209656175279508 0.002803067074122905 0.002223677788316145
0 0.528824085961217 0.18553363224128055 0.00471424917011575 0.0030844562870191794
0 0.6082671653817929 0.16798004640043074 0.004814467931084536 0.00320330521213716
0 0.6175649318872961 0.15273194979407806 0.003501431222607039 0.0023819449013327797
0 0.6339049442594605 0.14361485034414914 0.0037932171578242296 0.002381944901332841
0 0.5881674989141589 0.1357708593759672 0.004230896060650053 0.002299808870252331
0 0.5697849849954725 0.13737251198203573 0.004814467931084536 0.002546216963493624
0 0.6288767884626036 0.12217790072760681 0.0037766204388398703 0.0022352285908112533
0 0.5308902639324633 0.16213810368802128 0.005544115708333379 0.002853734558798351
0 0.5837177664675822 0.16664165353862492 0.004118485954761866 0.0032996305836106286
0 0.5418977096630939 0.15459215180240482 0.004435292566666574 0.003477988993535548
0 0.5445113642113069 0.14148280867292487 0.004276889260714409 0.003121272173685691
