0.0 0.11663039647581468 0.1904274010716122 0.007540758392832858 0.011562496202343907
0.0 0.07239128057119532 0.10106941411654305 0.009551627297588272 0.009300268684493318
0.0 0.2688488544090441 0.05000438831372449 0.010647479382536407 0.007808151547193632
0.0 0.26317019873835806 0.11504274154205092 0.008163067526611289 0.007275777578066567
0.0 0.2066498290160607 0.18682449837931756 0.007275777578066567 0.005323739691268514
0.0 0.36941173512246805 0.20410640695106608 0.008574944355785874 0.00903431637484573
0.0 0.36742112303987495 0.18580808819184433 0.007656200317665984 0.008881192368492209
0.0 0.3733163274893919 0.12532474158602297 0.006737456279546095 0.009340564387552064
0.0 0.4643478521125123 0.10617641748932413 0.007266174890320443 0.007855324205752367
0.0 0.4735968780890564 0.17556725415431274 0.0065607070291363815 0.009020972165062346
0.0 0.660884956277259 0.3142951407054351 0.008442723059494206 0.009109253827349307
0.0 0.6285385140870722 0.22807171930308598 0.008887076904730585 0.007109661523784894
0.0 0.7059671716195377 0.1379789771813794 0.00822054613687584 0.009997961517822063
0.0 0.6914145831880412 0.06977066193757224 0.008887076904730585 0.00822054613687655
0.0 0.7201103379819559 0.13743082757491934 0.00819789046383832 0.009181637319498748
0.0 0.8008343548985467 0.23941839860351238 0.005366968915846826 0.00407617892342742
0.0 0.803076253306432 0.23588571020320828 0.0026495163002280718 0.003940306292647478
0.0 0.8019277286484012 0.07806843522697945 0.0032671932880383283 0.005056370564821578
0.0 0.9697203069588634 0.2723146661611892 0.00938604736411861 0.006984965480275207
0.0 0.9793685583945487 0.15033412327994106 0.009058627107230066 0.007530665908421952
