0.0 0.0637907087431003 0.220662278062525 0.006034259340033543 0.008850247032049108
0.0 0.2098480346955638 0.19640187685293756 0.008228615715608711 0.006772783704385476
0.0 0.2410406595918005 0.28412029763835345 0.00883986365978302 0.006914348803196369
0.0 0.21157742362926885 0.29017693989889826 0.007167011998585338 0.005007090574354134
0.0 0.21334677182738027 0.30607068363821727 0.0061852295330258045 0.005399803560577965
0.0 0.235562369754504 0.34020088545755117 0.006702766673078742 0.006144202783655572
0.0 0.25679657780831755 0.3820934692488556 0.009167345630504541 0.008954151546074218
0.0 0.35391623369881825 0.19929297308503008 0.004737507770878935 0.007687276760294371
0.0 0.3849081792463645 0.204242935677566 0.00714649209364211 0.007631000032194279
0.0 0.4189851415230116 0.20896124847204917 0.006997440485217865 0.007608867323731961
0.0 0.39419602255484704 0.23463175508441214 0.006300237723767666 0.008211545797270414
0.0 0.6185376134810007 0.2211049004694973 0.005872985722006873 0.007732764533975889
0.0 0.6309062600492104 0.22074891394851984 0.006063543158954942 0.008905829014714862
0.0 0.5954325402276075 0.26829504735093124 0.007290197958488065 0.0067586210240147436
0.0 0.6175153561044022 0.28697322101713596 0.009069564229624304 0.0074859895228645
0.0 0.5910004748121015 0.3099950593435662 0.00802656138068123 0.005828812431209052
0.0 0.38133477275626826 0.2975126679479346 0.006827447730169212 0.010098933100875663
0.0 0.4117343152777314 0.3413532422857388 0.008488283131324081 0.007706467579755039
0.0 0.39412119820465763 0.3804603258880079 0.007519188069046123 0.008154612412909313
0.0 0.4601912977297662 0.39756083819954485 0.007129798912493257 0.00893735356636478
0.0 0.3723514622785826 0.44766697979265463 0.005749267105443323 0.005218565526479324
0.0 0.3893339128054306 0.45421229926654394 0.006633769737049988 0.004510963421193992
0.0 0.4067586146480819 0.45805988571403294 0.005041665000157636 0.005837717368603989
0.0 0.6081597002429386 0.3716332076670881 0.009145545974899605 0.0068392778594900784
0.0 0.5249262612330778 0.42172291310149956 0.006392525339419919 0.007339566130445086
0.0 0.5275736188689756 0.4610904851303812 0.007694706427079723 0.007576326328201333
0.0 0.4895417631820479 0.5049628517197138 0.007298891961123743 0.008341590812712952
0.0 0.3961232620891805 0.5315643918685129 0.007461583970095731 0.005937259667735617
0.0 0.7616855860803542 0.4146225977213856 0.007273307624494763 0.005788959129700189
0.0 0.7675462279281554 0.5364435460188771 0.007867047022413231 0.006531133377097653
0.0 0.7682141847508127 0.5645719499952405 0.004749915183343489 0.007570177323454175
0.0 0.7575268755882894 0.5732553886897906 0.005343654581261603 0.00564052428022066
0.0 0.7466169141515469 0.5824583493575191 0.006085828828659245 0.005937393979179717
0.0 0.7373397360590787 0.5921808319984256 0.006234263678138774 0.005195219731782075
0.0 0.6880174297940904 0.5573059352758104 0.005710823039407842 0.010945744158864734
0.0 0.6049926836888926 0.5371987798314185 0.0061391235783034405 0.006939878827647306
0.0 0.5125615705802897 0.569201106782268 0.01010944216489058 0.008581270674848795
0.0 0.4768019366239432 0.5702555091391283 0.00747565513135946 0.008399612507145271
0.0 0.45373240146130966 0.6016233577081989 0.007216101121863261 0.0061852295330258045
0.0 0.1737799937400016 0.378413459006557 0.007150113863328755 0.006090837735428334
0.0 0.17550504078577572 0.408060173777533 0.005296380639502729 0.005774109711123287
0.0 0.09830843152174804 0.39393931341434496 0.006308176425977053 0.007377358871058082
0.0 0.018720331765912236 0.40974725533897594 0.006161514016998382 0.005893622103216245
0.0 0.08207362646884295 0.40999887993024775 0.007315985130111713 0.0059479553903345915
0.0 0.02632468070192253 0.4599664643522642 0.006842767648517522 0.010477987961792579
0.0 0.05003440646589095 0.5032211177253426 0.00833846766293469 0.005698952719272121
0.0 0.16421134610623245 0.461104363485252 0.005842433456154339 0.006604489993913276
0.0 0.16840265706390803 0.4811718523129119 0.005588414610234338 0.007112527685752923
0.0 0.12209670639280698 0.47713818444412326 0.00494468248266351 0.004266000573278461
0.0 0.11428148650033343 0.4946621573833195 0.005817273509016019 0.010665001433195976
0.0 0.15404290094736978 0.5267116456667391 0.005130276841857295 0.0038744645249940033
0.0 0.07532534425609576 0.5701864728750962 0.0054635222943634435 0.006137107234764194
0.0 0.10191821561338302 0.5936654275092939 0.006483271375464739 0.007613382899628362
0.0 0.05694475979198828 0.8116003403595846 0.01120803828013841 0.01310030448327879
0.0 0.03202718360682137 0.8410613033070871 0.007245470199822535 0.009327535168159073
0.0 0.5885459943187559 0.9905133495497523 0.008149180455385263 0.007287884960100399
0.0 0.5163881702847751 0.99051437937246 0.009157797616236252 0.009580465198524023
0.0 0.39342436910782846 0.9947047598818335 0.008509880293962269 0.008509880293962269
0.0 0.07509449744776173 0.9209410651798065 0.0074196625422541015 0.008408950881221244
0.0 0.23194357828715811 0.9090060043146974 0.007234241532706065 0.010127938145788207
0.0 0.18761740744130523 0.9011798702929518 0.008286494846554148 0.008418026510785381
0.0 0.1808996549478822 0.8413996993794545 0.008109770272089279 0.00868903957723859
0.0 0.17154294176240334 0.7881640819119087 0.008129214169766285 0.01032629908051419
0.0 0.23960921375203165 0.8425722919982063 0.005791696319747785 0.011213709895681845
0.0 0.4442358800680788 0.9231624928904326 0.008574626509665251 0.007597770325019582
0.0 0.43430450885751737 0.9288065508461614 0.006729453716446088 0.0075977703250199365
0.0 0.33920380824107194 0.8988719162043207 0.006689718009658207 0.00949939957371484
0.0 0.3546453284670374 0.8429713663970532 0.006957306730044621 0.00949939957371484
0.0 0.3038015220888807 0.7694493627089227 0.006695970424570064 0.0095821645730922
0.0 0.2374063901429034 0.7115593568081733 0.00782990432188484 0.00803327846011559
0.0 0.3770040302473358 0.7452504519534353 0.010057060963904973 0.008359115606362622
0.0 0.3443419725367381 0.6725816970564814 0.008125747976860965 0.006390151321608961
0.0 0.3905598804441926 0.6255212980017546 0.007147647871387974 0.01116394524673936
0.0 0.47616405035037807 0.7275741357958703 0.0074917476671043206 0.00998899688947219
0.0 0.50337199798209 0.6156679813607367 0.007683843761132181 0.012294150017811844
0.0 0.7881391692486173 0.9785920664385394 0.00872456578114864 0.008009437438431988
0.0 0.7457499127830605 0.8910499150255348 0.00872456578114864 0.008009437438431632
0.0 0.7687770454185516 0.8972000187729019 0.00786641176988816 0.007437334764257742
0.0 0.7734253796462134 0.8847567856096241 0.005721026741737134 0.007723386101345042
0.0 0.7074962196805068 0.8081898294791682 0.005794980981227838 0.008440515777006396
0.0 0.6965361469551405 0.7811675812080061 0.007054759455408543 0.009070405014096394
0.0 0.7302352211394568 0.7748056999133969 0.0056690031338106905 0.007432692997662293
0.0 0.6256472037309508 0.7479133289425944 0.007101569703597832 0.00898792415611549
0.0 0.6222557761852967 0.6775896155471428 0.00832215199640345 0.005880987410790084
0.0 0.5765767103691406 0.6362272319859309 0.0062603365286566515 0.008617169104151046
0.0 0.5874378767862968 0.6067370861538122 0.005597477366799097 0.007659705870356426
0.0 0.7827949382519254 0.7500334211885509 0.009272739934874962 0.0073542420173145825
0.0 0.7812419711358679 0.7126420389604299 0.007514116843778141 0.0065548678849976835
0.0 0.7582999335383758 0.7022501752403113 0.00767399167024152 0.004956119620364241
0.0 0.779723160284466 0.6747517050886134 0.006394993058534482 0.006874617537924621
0.0 0.7654143633159954 0.6378206201755771 0.0062351182320711015 0.007194367190851381
0.0 0.7324002116513114 0.6426168649694779 0.00831349097609504 0.005915368579144343
0.0 0.6811454547969544 0.7248245593216887 0.009232168290144217 0.005942545106299768
0.0 0.6797998483455252 0.6347380991666374 0.00594254510629959 0.007322064505976477
0.0 0.6968846655261368 0.6202000870315827 0.007003713875282003 0.005624194475604938
