0 0.092027327988832 0.11231488228648351 0.0037281658677277385 0.0022854838002280245
0 0.11511283722976602 0.09550216557243398 0.00456420537895589 0.0032506913839143435
0 0.09987406631481882 0.162181877028817 0.004774394857052293 0.0022204625537840528
0 0.050297824935008936 0.13926159317922596 0.004067871880670601 0.00258566925630765
0 0.12619025892232552 0.16576342535205676 0.003767109136402187 0.002513586130944283
0 0.14865339118013118 0.16285709138815246 0.003767109136402187 0.002827784397312314
0 0.1649759256702633 0.18347638089024065 0.003206834297600416 0.002006011254955098
0 0.19986499888485376 0.15835413248256658 0.0027976975134886926 0.0018375827336724448
0 0.23432267671869614 0.1540422195149509 0.0034818206984732567 0.0018046508974275887
0 0.23827426687648717 0.15412000619156419 0.003868689664970262 0.001586848202910467
0 0.24429901366912482 0.15962465352348354 0.003719702289711684 0.002013604614275426
0 0.26170473382865256 0.14351046425830982 0.0042383667133878335 0.0019459870530806177
0 0.24847526879608758 0.1437768791524816 0.005349394880974927 0.0015984893650305132
0 0.25901320942446754 0.13017130196034388 0.0034025401137203204 0.002581882457640621
0 0.30538961083472155 0.1257485488528301 0.004912436674274261 0.002288809059309624
0 0.3170501836695805 0.15881699897916268 0.004489387707500292 0.002351137366800433
0 0.30956944530119834 0.16923869340429992 0.0036448861255333753 0.0038953755189592696
0 0.29692805334219124 0.19434697719106425 0.004544481603281909 0.002255510821437703
0 0.21618092081158713 0.1803601327754236 0.0027086657417864403 0.0026262977324401147
0 0.20518860317733137 0.19031825734720162 0.004349614998856204 0.0020404807066256416
0 0.23493913274244604 0.18991944973217986 0.0026334250267367664 0.002075622401444619
0 0.12441670966981304 0.19814997790734118 0.005500614425256103 0.002574432780909426
0 0.4118074730081498 0.07525218248062929 0.0027491290704230666 0.0023215911754378826
0 0.42907018410765446 0.08522683892189935 0.003169986486908769 0.001855112556107752
0 0.4413235195675456 0.09259467423239898 0.003976983807562959 0.0017648551017810554
0 0.4794675226327703 0.06895696189453906 0.0033494587837132883 0.0027657021975153475
0 0.5605401059888645 0.061375586516542985 0.00456748834170817 0.0021164949076204653
0 0.5778543123493082 0.08878759301198545 0.004906776012368681 0.0021607340009988717
0 0.561500044338883 0.0906802937184057 0.003978220016560741 0.0015647158044856547
0 0.562482163026473 0.09564708863694289 0.003433258370456613 0.001687438612680623
0 0.5748134576260907 0.10631277670548474 0.003720529636401011 0.0019200633698923575
0 0.5866000084972448 0.11940420914026738 0.00508855264832853 0.0027981723581481967
0 0.6405085772482599 0.0622790540890719 0.0026296660653621017 0.0024022739875919894
0 0.6577113917759525 0.06382591739923937 0.003966829956574998 0.0023846875100607167
0 0.676626618017977 0.06530039014751536 0.0038840953257063405 0.0023777710386662498
0 0.6628668295187355 0.0733224234638788 0.0034970963948059365 0.0025661080616470057
0 0.7873929511082745 0.0690952813967179 0.003259940036499955 0.002416488916867463
0 0.7942584617792667 0.06898403560891245 0.0033657134620391103 0.0027830715670984054
0 0.7745679321298081 0.08384220229716602 0.004046597305665501 0.002112069070004594
0 0.7868255229027037 0.08967913156785498 0.005034276762324054 0.0023393717258951697
0 0.7721078090891109 0.09687345604486444 0.004455333290230783 0.001821503884752822
0 0.6557278877398193 0.09297270873372955 0.0037897368146646215 0.003155916594023633
0 0.6726018749156532 0.10667288821429338 0.004711622900301364 0.002408271118673451
0 0.6628252964882748 0.11889385184000247 0.004173703698343019 0.002548316379034148
0 0.6994990724605814 0.12423776193735776 0.0039575640104038716 0.0027929229894889927
0 0.6507414881685107 0.13989593118520458 0.0031912670836806 0.0016308017270247888
0 0.6601680001695365 0.141941343520795 0.003682231250400605 0.0014096760691231225
0 0.6698399942539223 0.1431437142856353 0.0027984957503043974 0.0018242866776887467
0 0.7816324441938255 0.11613537739596502 0.005076452232381428 0.0021372743310906373
0 0.7354317495135905 0.13178841034421862 0.003548322825003254 0.0022936144157641005
0 0.7369012281666473 0.14409077660324413 0.004271129326392895 0.0023676019775629342
0 0.7157907445242937 0.15780089116241056 0.0040514231180566185 0.0026067471289727886
0 0.6639365895377931 0.1661138724589103 0.00414172917680944 0.0018553936461673532
0 0.8668506288737439 0.129569561787933 0.004037221925131575 0.0018090497280313046
0 0.8701037171500602 0.1676386081308991 0.004366791061877251 0.002040979180343001
0 0.8704744824288987 0.17642873437351267 0.002636553093963414 0.002365680413579412
0 0.8645422379674806 0.17914230896555958 0.0029661222307089475 0.0017626638375689652
0 0.8584864050797831 0.18201823417422472 0.003378083651640793 0.0018554356184936438
0 0.8533368873181356 0.185056509999508 0.0034604759358272475 0.0016235061661819116
0 0.8259593712647163 0.17415810477369076 0.003169927792906293 0.0034205450496452273
0 0.7798745165315623 0.1678746186973183 0.003407666166621226 0.002168712133639765
0 0.72856843466729 0.17787534586945875 0.005611485676955681 0.0026816470858902763
0 0.7087192015952504 0.17820484660597757 0.004149539708647012 0.0026248789084828772
0 0.6959139088770496 0.18800729928381216 0.004005468098866061 0.0019328842290705596
0 0.5405196842962715 0.11825420593954906 0.003968840305750589 0.00190338679232136
0 0.5414772125784011 0.12751880430547907 0.0029398817079633937 0.0018044092847260534
0 0.4986274034465904 0.1231060354419828 0.003501502959779117 0.0023054246472056406
0 0.42215117938660995 0.14053391280685645 0.003963605125962246 0.001940402815147131
0 0.4544501407894049 0.12804601729343 0.003420094510736311 0.001841756907255052
0 0.489615889800572 0.12812464997820242 0.004060911086965717 0.0018587360594795577
0 0.4586711150470342 0.14373952011008256 0.0037982404987435105 0.0032743712380601765
0 0.4718317607442933 0.15725659928916957 0.004628464270839814 0.0017809227247725446
0 0.535208379451855 0.14409511358914126 0.003242981276616419 0.0020639031230979123
0 0.5375348660198622 0.15036620384778496 0.0031019820906764296 0.0022226649017977884
0 0.5118316496889822 0.1491056826387885 0.0027446633034732314 0.0013331251791495013
0 0.5074936265049552 0.15458192418228733 0.003229015651144991 0.0033328129478737267
0 0.5295641427635011 0.164597389270856 0.002847681854977252 0.0012107701640606088
0 0.4858700956842162 0.17818327277346754 0.003032657648215533 0.0019178460108637907
0 0.500631099733361 0.18552044609665433 0.003598693564872022 0.002379182156133837
0 0.34878372695073745 0.22155606234904773 0.004119493951940428 0.002796714694250859
0 0.3615359839637293 0.21928799494456377 0.0029684588771335995 0.0022169079893452092
0 0.20353218327802594 0.21478716892883093 0.002667995901190743 0.0027036907682281707
0 0.31807798078457483 0.2590115819711321 0.005059401155051475 0.0037385034230731405
0 0.3690144814849042 0.2619829639276556 0.004614563817429058 0.0022948517278586424
0 0.4136539678326865 0.2364021014326024 0.003507767631423704 0.0028821873451713386
0 0.41552658743670606 0.21545407965955413 0.0035059041055733077 0.0018093010160720624
0 0.47566751627655895 0.2536251063623702 0.0062212875102243 0.004093845151024666
0 0.4618364245519217 0.2628316572834647 0.004021770102243207 0.0029148547400496623
0 0.15582362601060656 0.27623492353677503 0.004095261634576008 0.0028376422263618295
0 0.2197705668530338 0.28731866872825806 0.0031482351634050687 0.0021629526145825295
0 0.2166658100426222 0.3077466831062957 0.003116082009270471 0.0029238627577219843
0 0.35778137780635416 0.4777042824319404 0.004897088132781917 0.0026995656636920272
0 0.4376122051070591 0.5245495767520088 0.005409702357041155 0.002797701436431552
0 0.44538078930583325 0.5239829536762758 0.004214535557229837 0.002372734129631837
0 0.4478892816866946 0.5359250982281009 0.00410960872953325 0.0030557794125942906
0 0.4652103620068024 0.5059711744034006 0.006088547857619915 0.0029004301561820966
0 0.4708763043815104 0.4762777452405596 0.002189157441771554 0.002005271496780235
0 0.45071708083414774 0.4374523215211148 0.0038804139710720874 0.002133224589944973
0 0.5517860302541338 0.5311950340969088 0.0034068255353666642 0.002749907704437291
0 0.5153162779791798 0.5488282624692734 0.004098326048274998 0.003161868626039066
0 0.6116944003136198 0.48146981216354656 0.004757416392686906 0.0029934719931810605
0 0.5825146142690104 0.4675818666578907 0.004577387470494827 0.002539667453837424
0 0.6665182894647051 0.4346515942607232 0.005228585400776638 0.0022722775712050946
0 0.6603152983770212 0.4200356733044681 0.00394437144269105 0.003356773684734762
0 0.6940717795609821 0.40882921346466117 0.005045126263907207 0.0023239202432778685
0 0.8155000815987734 0.45937409437472737 0.005929123567022572 0.00299999902694303
0 0.7988180593114568 0.4175914138489896 0.004428079626004262 0.002112675371086681
0 0.8740046873227959 0.4421236582510164 0.003730755714041578 0.002379182156133837
0 0.884474864304027 0.4228084926447267 0.005546610265123917 0.0019330855018587557
0 0.8942444795341578 0.37487870124296746 0.006557899611111822 0.002258647915233354
0 0.8846390853978824 0.37140385829645467 0.005246319688889543 0.003127358651861556
0 0.6950658272883692 0.3961913838332204 0.004368582171440635 0.0033339354368919077
0 0.8247489298713536 0.3985198857259424 0.0037586058996527073 0.002750866397943881
0 0.787442487187912 0.3888757805059522 0.004086439394464776 0.002875771863902372
0 0.8036096581420127 0.37963383905583037 0.004654000421473654 0.0015976510355012862
0 0.8137330235872818 0.3346020623806281 0.0043492263979268845 0.002223408230670643
0 0.7112567207777368 0.33893394416490735 0.004922829144907297 0.002094734683100299
0 0.720049625741749 0.33388459514246877 0.0025186567718132836 0.002094734683100299
0 0.7874760790021014 0.3211070070209481 0.004451524678639191 0.002085462017388692
0 0.7707453914692141 0.3095354217342976 0.004523395916258863 0.0022774640500313834
0 0.7306924796029974 0.30953574355389374 0.005083252796523112 0.002993895374538766
0 0.662438504968786 0.31084523746307297 0.004723610917724131 0.0026593375918631777
0 0.503934671520272 0.31916698262905996 0.0034231176603749702 0.0021758428865994617
0 0.38582252277310836 0.2819329868598708 0.005279902303910404 0.0024640652205857806
0 0.4124032865781749 0.2761363994494505 0.0031912239223487403 0.0026350451176529433
0 0.48574195868739595 0.2877940828686895 0.004118459693879188 0.0026277971503816744
0 0.5728047615817703 0.2840643763483429 0.004015537364208086 0.0031649806705588545
0 0.5482004690047141 0.28161870946654743 0.004599615526274619 0.0026306332846203874
0 0.5444716211332564 0.2629374060560795 0.0045015203591822935 0.0027153248678871123
0 0.5392779555316028 0.24630127559747145 0.004512313155811327 0.003226968462660658
0 0.5770597543810063 0.26330384124943945 0.0032148184255321155 0.0035042843424005453
0 0.6906426394133308 0.2884882790282602 0.004759549840577364 0.0023743032265686635
0 0.6851299962435482 0.29025204713942543 0.003735342912858215 0.002374303226568699
0 0.6323420965084875 0.2808974738138502 0.0037132866662457076 0.0029685623667859316
0 0.640913278594019 0.2634285519990791 0.003861818132895536 0.0029685623667859316
0 0.6126912178116944 0.24045292584653835 0.003716757217454399 0.0029944264290913025
0 0.5758370248841789 0.22236229900255416 0.004346174124897005 0.0025103995187861373
0 0.6533240063818689 0.23289076623544852 0.005582410248828467 0.0026122236269883457
0 0.6351941564817973 0.21018178033015045 0.004510389163218491 0.001996922288002807
0 0.6608485025882769 0.1954754056255483 0.003967471498428807 0.003488732889606041
0 0.7083651276879809 0.22736691743620946 0.004158472252338896 0.003121561527960033
0 0.7234675444133023 0.19239624417523024 0.0042650997459884364 0.003841921880566197
0 0.8815343177095534 0.30581002076204356 0.004842777189883094 0.0025029491995099563
0 0.8580051554043007 0.2784530984454796 0.004842777189882952 0.0025029491995099207
0 0.8707869115939922 0.28037500586653186 0.004366438449894617 0.0023241671138305975
0 0.8733670797689302 0.2764864955030075 0.003175591599923422 0.0024135581566703122
0 0.8367715356422587 0.25255932171224005 0.003216641654801293 0.0026376611803145167
0 0.8306878872951344 0.2441148691275019 0.0039159115797583865 0.0028345015669050968
0 0.8493933577877297 0.24212678122293652 0.003146714662305925 0.0023227165617694468
0 0.7913392978211696 0.23372291529456077 0.003941894718388994 0.002808726298786084
0 0.7894568055148221 0.21174675485848213 0.004619407873112067 0.001837808565871876
0 0.7641015564928447 0.1988210099956034 0.0034749482899741222 0.002692865345047224
0 0.7701303045474674 0.1896053394230663 0.0031070125886829203 0.0023936580844863896
0 0.8785678755257869 0.23438544412142215 0.005147054256999155 0.0022982006304108184
0 0.8777058642905078 0.22270063717513433 0.004170888794464815 0.002048396214061796
0 0.8649713421201739 0.2194531797625973 0.004259631109240729 0.0015487873813638232
0 0.8768628123001372 0.21085990784019168 0.003549692591033846 0.0021483179806014263
0 0.8689203751276992 0.19931894380486784 0.0034609502762579323 0.0022482397471410565
0 0.8505950871264868 0.20081777030296183 0.004614600368344099 0.001848552680982607
0 0.8221449185343026 0.2265076747880277 0.005124534003202257 0.001857045345718653
0 0.8213980077546714 0.19835565598957416 0.0032985506227508664 0.0022881451581176293
0 0.8308813407950802 0.1938125271973696 0.0038875775196707705 0.0017575607736265652
0 0.08259009623702238 0.24029530159601303 0.00476639799919564 0.0025556440164957906
0 0.8274977241195478 0.4867163483585557 0.0034692260418252375 0.0019148368691715946
