0.0 0.02134947569297161 0.4538465730837071 0.007355368439041499 0.006742421069120752
0.0 0.050464475764177764 0.11733846699755617 0.00796831580896189 0.00551652632928068
0.0 0.3091083178791427 0.39280433374328005 0.006528433525776478 0.00689112427720886
0.0 0.32796823695360794 0.28998150571229997 0.007979196531504584 0.007979196531504584
0.0 0.39978100567587094 0.34801202147145743 0.007979196531504229 0.006528433525776478
0.0 0.38146512278983236 0.46044615888535284 0.006891124277208505 0.005803052022912425
0.0 0.39180180920564533 0.4238143929907185 0.007253815028640531 0.006528433525776478
0.0 0.48029835255506 0.4256278467478783 0.007979196531504584 0.006528433525776478
0.0 0.6549339493695816 0.4597207773824895 0.01051803179152877 0.007979196531504584
0.0 0.671073687808307 0.45772597824961314 0.00942995953723269 0.005440361271480754
0.0 0.6150379667120583 0.36560252738587773 0.011968794797256876 0.006891124277208149
0.0 0.660374310641062 0.382648992703183 0.007616505780072558 0.006165742774344096
0.0 0.6358926849194002 0.3048518265210127 0.007253815028640531 0.00942995953723269
0.0 0.5952713207590131 0.2843597990651034 0.010155341040096744 0.00906726878580102
0.0 0.5778621646902756 0.267494679123514 0.006528433525776478 0.007253815028640531
0.0 0.5189249175825712 0.31518851293682565 0.007616505780072558 0.00689112427720886
0.0 0.6496749334738171 0.33640592189559937 0.00797919653150494 0.006528433525776478
0.0 0.6931978236456608 0.3353178496413033 0.0065284335257761224 0.007253815028640531
0.0 0.7483268178633287 0.3006808828795446 0.005077670520048372 0.008341887282936255
0.0 0.7544925606376734 0.29669128461379196 0.006528433525776478 0.008341887282936255
0.0 0.7490521993661933 0.2749298395278707 0.006528433525776834 0.007616505780072202
0.0 0.7564873597705498 0.21907546380733828 0.004714979768616345 0.00689112427720886
0.0 0.7356326415632081 0.18770271380846779 0.0065284335257761224 0.007253815028640531
0.0 0.5916444132446925 0.19187365744993629 0.005803052022912425 0.00471497976861599
0.0 0.5249093149811996 0.19169231207421972 0.005077670520048372 0.007979196531504584
0.0 0.40576540313577797 0.20057823548430492 0.0061657427743444515 0.004714979768616701
0.0 0.38980701007276863 0.16938683086115028 0.007616505780072558 0.00689112427720886
0.0 0.33068841758934814 0.04407717624138421 0.009067268785800664 0.005803052022912425
0.0 0.37892628752980817 0.06329978606728197 0.006165742774344807 0.006528433525776478
0.0 0.38146512278983236 0.04353314011423635 0.010518031791529126 0.009792650288665073
0.0 0.4224491777016516 0.09829944358047271 0.010518031791529126 0.00471497976861599
0.0 0.5691575866559072 0.020864968149734507 0.008704578034368993 0.007979196531504584
0.0 0.6576541300053218 0.036823361212743676 0.00942995953723269 0.005803052022913135
0.0 0.6991822210442891 0.0063573380924534465 0.0061657427743444515 0.005803052022912425
0.0 0.7468760548576009 0.015605952253969945 0.010155341040096744 0.00906726878580102
0.0 0.7432491473432806 0.09539791756901614 0.004352289017184319 0.007616505780072913
0.0 0.6647265996582465 0.13311775571794762 0.006891124277208505 0.00906726878580102
0.0 0.6456853352080649 0.13674466323226753 0.006528433525776478 0.00906726878580102
0.0 0.63770613867656 0.13130430196078713 0.007979196531504584 0.009792650288664361
0.0 0.6193902557292429 0.12223703317498683 0.01051803179152877 0.008341887282936255
0.0 0.5901936502389644 0.16231436120822557 0.0050776705200487274 0.006528433525776478
0.0 0.593095176250421 0.08614930340749964 0.007979196531504584 0.00942995953723269
0.0 0.5230958612240393 0.06728938433303426 0.007253815028640531 0.006528433525776478
0.0 0.5490282499514294 0.05550193491149358 0.005440361271480754 0.009792650288665073
0.0 0.5738725664245233 0.03863681496990381 0.008704578034368993 0.006528433525776478
0.0 0.15841031065913516 0.4657051747811174 0.0061657427743444515 0.007616505780072913
0.0 0.12468007077595633 0.35562853172149717 0.005440361271480398 0.007979196531504584
0.0 0.24872030776571014 0.460264813509637 0.006891124277208505 0.005440361271480754
0.0 0.2585129580543747 0.4693320822954373 0.003264216762888239 0.005440361271480754
0.0 0.18561211701653715 0.2085574320158095 0.00689112427720886 0.006165742774344096
0.0 0.29224319787627506 0.2615102772549182 0.005440361271480754 0.00689112427720886
0.0 0.10164920806002264 0.08179701439031532 0.007979196531504584 0.007253815028640531
0.0 0.2655854277072992 0.05405117190576547 0.00942995953723269 0.00689112427720886
