0 0.15395451719763148 0.6610774324252122 0.005783926612949699 0.0019154605310002636
0 0.12418430668980218 0.6438382876462088 0.0027218478178586557 0.0022985526372005438
0 0.12996823330275187 0.6462326133099592 0.0027218478178586913 0.0017239144779001947
0 0.15497521012932847 0.6430721034338086 0.00850577443080839 0.0022985526372004015
0 0.19069946273872362 0.6417312810621084 0.005103464658485031 0.0019154605310002636
0 0.22046967324655292 0.6381876790797576 0.006124157590182051 0.0017239144779004078
0 0.23697087564232114 0.6226724487786544 0.005103464658485031 0.002873190796500609
0 0.0646438856741436 0.5747859355036443 0.004763233681252696 0.0028731907965005377
0 0.08539797528531602 0.5886730243533972 0.004763233681252679 0.0022985526372004727
0 0.10972449015742797 0.5824477776276459 0.006464388567414368 0.002873190796500609
0 0.1318395036775297 0.5663579091672425 0.007144850521879053 0.0036393750089008846
0 0.3441436334705066 0.6049544388669007 0.004423002704020291 0.0022985526372004727
0 0.3793575396140533 0.6244921362831046 0.004763233681252643 0.0026816447434006106
0 0.42069560334778194 0.588002613167547 0.007144850521878965 0.0024900986903005416
0 0.4559095094913286 0.6418270540886585 0.004082771726788011 0.0021070065841003326
0 0.29668141214659594 0.5427019716093876 0.0034023097723233065 0.0019154605310003348
0 0.3584333345142647 0.5395414617332369 0.005103464658484995 0.002107006584100475
0 0.4720704809098645 0.5366682709367363 0.004423002704020434 0.0017239144779002658
0 0.05800938161811308 0.5682733696982429 0.00578392661294969 0.001723914477900479
0 0.06294273078798193 0.4439079780593427 0.00476323368125267 0.0021070065841004037
0 0.128096962927974 0.44668539582929334 0.007825312476343686 0.0022985526372004015
0 0.1318395036775297 0.4222632740590382 0.003742540749555676 0.0032562829027006045
0 0.05903007454981008 0.46334990244899676 0.006464388567414358 0.00268164474340054
0 0.1012187157266196 0.5053942611044556 0.007144850521879036 0.0017239144779004078
0 0.13592227540431773 0.4932310867326031 0.007825312476343722 0.00268164474340054
0 0.13303031209784288 0.473884935369499 0.004763233681252714 0.00268164474340054
0 0.18542588259162243 0.4763750340597996 0.005443695635717311 0.0022985526372004727
0 0.18848796138671348 0.5040534387327553 0.004763233681252679 0.0032562829027007467
0 0.17113618154786436 0.5258896887861598 0.003402309772323342 0.0032562829027006045
0 0.20158685401015833 0.4180492608908374 0.0037425407495556584 0.00287319079650068
0 0.25330196254947324 0.4609555767852463 0.006464388567414332 0.003639375008900743
0 0.2864744828296259 0.5287628795826604 0.006124157590182051 0.0017239144779003367
0 0.31913665664393 0.5148757907329076 0.003402309772323413 0.0030647368496006066
0 0.33529762806246594 0.48221718867935065 0.0044230027040203625 0.0024900986903005416
0 0.3431229405388096 0.47608771498014946 0.0037425407495556584 0.003639375008900743
0 0.3533298699132636 0.44927127148064566 0.005103464658484995 0.002107006584100475
0 0.3199872340870108 0.42724347143963926 0.005103464658485031 0.002873190796500609
0 0.3441436334705066 0.41383524772263647 0.0037425407495557295 0.003639375008900743
0 0.36642876247922457 0.40598185954553484 0.006124157590182122 0.0024900986903005416
0 0.4751325597911816 0.405502995199685 0.005103464658485066 0.0030647368496006778
0 0.05222545500516338 0.3331943593675197 0.005103464658485022 0.0032562829027007467
0 0.17293397008436423 0.40309676795875277 0.003221121677939287 0.002153476336627591
0 0.12592572559693807 0.3937461470233958 0.004630362412037705 0.0024934989160951206
0 0.10287457358918523 0.3731747809656104 0.003623761887681667 0.0023801580562727055
0 0.11928216213618835 0.3625774105722058 0.003422441782810477 0.0018134537571601328
0 0.14283661440611922 0.3594038664971756 0.0038250819925528747 0.0013600903178701174
0 0.24178544595031595 0.3941995104626858 0.0032211216779392516 0.0015867720375150895
0 0.23091416028727096 0.38360214006928123 0.0040264020974241175 0.0023801580562725633
0 0.27349336246753064 0.37685835890984193 0.00422772220229529 0.0018134537571601328
0 0.2784257050368751 0.3949362260515321 0.0032211216779393227 0.0017001128973376466
0 0.295135273741185 0.3994698604444325 0.004429042307166497 0.002153476336627662
0 0.3338893939288918 0.3901759099389867 0.0046303624120376695 0.0023801580562727055
0 0.2286996391336877 0.35027992728146357 0.0036237618876817025 0.0026068397759177486
0 0.2552738929766866 0.36014058208602195 0.002818481468196836 0.0012467494580475603
0 0.21138611011476413 0.32200138275574774 0.004026402097424046 0.0022668171964502193
0 0.11817490155939674 0.26782445176058844 0.004026402097424082 0.0015867720375151962
0 0.1217986634470784 0.2596639098533678 0.0032211216779392516 0.0020401354768051407
0 0.15682836169466785 0.26720107703156465 0.0036237618876816848 0.0017001128973376466
0 0.16780030741014848 0.26425421467617943 0.0046303624120376695 0.0026068397759177486
0 0.21108412995745737 0.28771577265943876 0.0034224417828104593 0.0017001128973376822
0 0.22135145530588876 0.28097199149999946 0.0038250819925529102 0.0018134537571601328
0 0.3105362617638321 0.28346549041609465 0.0058382830412648445 0.002266817196450148
0 0.35361876420626975 0.24963324375907575 0.002617161363325664 0.0012467494580475603
0 0.21974089446691913 0.24872651688049566 0.00422772220229529 0.0017001128973376822
0 0.23232340107239055 0.2433994936751086 0.004026402097424082 0.0019267946169826899
0 0.03694223924386593 0.2753616189387853 0.003422441782810477 0.002380158056272741
0 0.1273349663310365 0.21155071485871282 0.00422772220229529 0.0019267946169826543
0 0.1439438749829108 0.2369390674589548 0.00442904230716648 0.0023801580562727055
0 0.17957753354511397 0.24215274701079018 0.004026402097424046 0.0021534763366276976
0 0.20675574770272648 0.21608434925161313 0.004429042307166497 0.002606839775917713
0 0.2191369341523055 0.2272484239441303 0.004227722202295254 0.0020401354768051407
0 0.2231633362497296 0.20361685467113716 0.005033002621780085 0.0019267946169826543
0 0.2327260412311118 0.20407021811042717 0.004831682516908877 0.003286884934852772
0 0.27822438493200385 0.23846916906655863 0.0032211216779392516 0.002040135476805176
0 0.2577903942875767 0.20248344607291208 0.0046303624120376695 0.0019267946169826543
0 0.2704735608944625 0.19171606438977373 0.003422441782810495 0.002153476336627662
0 0.3006715766251431 0.21897454117708712 0.0046303624120376695 0.0031735440750302857
0 0.054356428315225074 0.19245277997862004 0.004831682516908904 0.002040135476805176
0 0.1377029517319035 0.19381287029649016 0.0040264020974241175 0.0013600903178700818
0 0.16065344368722076 0.18423556764148813 0.003221121677939234 0.0017001128973376113
0 0.22054617488640396 0.18270546603388432 0.0038250819925528747 0.0013600903178700818
0 0.3190923662208583 0.22713508308430774 0.004026402097424046 0.002040135476805105
0 0.3326814732996645 0.20152004876442078 0.0034224417828104237 0.0015867720375151606
0 0.3121468226028017 0.19352951814693387 0.004227722202295325 0.001926794616982619
0 0.27188280162856093 0.17431824240701865 0.005033002621780085 0.0015867720375151606
0 0.2977524351045106 0.1770384230427588 0.003623761887681596 0.0018134537571601328
0 0.3072144800334572 0.17879520637000773 0.0036237618876817025 0.0017001128973376822
0 0.3083217406102488 0.17380820853781734 0.0034224417828104237 0.0023801580562727055
0 0.3220115077414907 0.17681174132311384 0.003422441782810495 0.002040135476805176
0 0.32281678816097553 0.17176807306101216 0.0038250819925529102 0.002153476336627662
0 0.3288563913071117 0.16927457414491698 0.0038250819925529102 0.0021534763366276265
0 0.33157421272287296 0.17278814079941476 0.0028184814681969073 0.001926794616982619
0 0.3333860936667137 0.17029464188331958 0.004429042307166497 0.002153476336627662
0 0.34093559759938386 0.18179873915530423 0.004227722202295254 0.0018134537571601684
0 0.39992238832664667 0.1940962224460464 0.003422441782810566 0.00238015805627267
0 0.4103910337799492 0.22464158416821256 0.005033002621780085 0.0024934989160951913
0 0.457499938319811 0.21631103097125817 0.005838283041264916 0.003060203215207764
0 0.47722930859718893 0.22996860457987048 0.007046203670492162 0.0009067268785800664
0 0.4959520783502109 0.20645037616669992 0.005435642831522571 0.002833521495562721
0 0.45347353622238695 0.20066999231575194 0.005033002621780156 0.0021534763366276976
0 0.4094850933080288 0.17454492412666361 0.003623761887681596 0.001586772037515125
0 0.42478542127824037 0.17777513863160516 0.004026402097424011 0.0019267946169826543
0 0.42760390274643717 0.17057799403287582 0.004026402097424011 0.0022668171964501838
0 0.45659399784789056 0.18706908913705086 0.004831682516908913 0.0012467494580475956
0 0.4658547226719659 0.18451891979104443 0.003623761887681667 0.0018134537571601328
0 0.4586071988966026 0.16644105264935427 0.004429042307166497 0.0019267946169826543
0 0.5258481139235848 0.23603234058037473 0.003623761887681596 0.0014734311776926036
0 0.5361154392720162 0.2260016744860827 0.004026402097424011 0.0020401354768051407
0 0.5465840847253187 0.20322016166175844 0.004026402097424011 0.0018134537571601328
0 0.5500065265081292 0.17964526281867654 0.003623761887681667 0.002493498916095156
0 0.5545362288677314 0.17953192195885403 0.0022145211535832487 0.0018134537571601328
0 0.6378827523524382 0.17771846959855847 0.0030198015730680794 0.002493498916095227
0 0.6346616306064705 0.16077400965822883 0.003422441782810495 0.0023801580562727055
0 0.6526797799924432 0.1604339870787613 0.0032211216779391805 0.0017001128973376466
0 0.6777441330489081 0.16859452898598193 0.004227722202295183 0.0019267946169826543
0 0.6889173988692598 0.17539498057533248 0.004429042307166497 0.0019267946169826899
0 0.709653369670994 0.1808353418468129 0.004429042307166497 0.0028335214955627565
0 0.7301880203678567 0.18808915687545352 0.004026402097424153 0.002606839775917713
0 0.7182094741280202 0.19562632405365032 0.003825081992552981 0.002266817196450148
0 0.5781913411900979 0.21251411216720414 0.0032211216779393227 0.0015867720375151606
0 0.619361302636259 0.20599701272740986 0.003825081992552981 0.0019267946169826543
0 0.6258035459921375 0.19857318640903557 0.0038250819925529102 0.002040135476805176
0 0.7262622783228683 0.2364290335897535 0.004227722202295183 0.0015867720375151606
0 0.731395940997084 0.21971125676593345 0.004831682516908842 0.002153476336627733
0 0.7624998971996849 0.23365218252410203 0.003422441782810495 0.00238015805627267
0 0.7700494011323552 0.23648570401966473 0.004026402097424011 0.001473431177692639
0 0.7395494052443677 0.1679144838270469 0.005033002621780156 0.003060203215207764
0 0.7910873520913958 0.24294613302954776 0.003825081992552839 0.0014734311776926036
0 0.6323464494004515 0.2429461330295478 0.004429042307166426 0.0017001128973376822
0 0.67975733409762 0.24283279216972523 0.0034224417828106366 0.0017001128973376466
0 0.6947556819105247 0.24379618947821657 0.0024158412584543497 0.001813453757160204
0 0.773572502967601 0.18922256547367855 0.005033002621780014 0.0026068397759176774
0 0.8122259631028723 0.1943795745956027 0.005838283041264987 0.0018134537571601328
0 0.8246071495524514 0.19398288158622393 0.003623761887681667 0.0023801580562727055
0 0.8443365198298293 0.22509494760750257 0.0032211216779391805 0.002493498916095156
0 0.7952144142412556 0.21217408958773656 0.004831682516908842 0.002040135476805176
0 0.8061863599567362 0.21053064712031022 0.0054356428315225 0.0021534763366276976
0 0.7843431285782105 0.17516829885568747 0.002818481468196836 0.0023801580562727055
0 0.7678348799787718 0.1642875763127266 0.0032211216779393227 0.00238015805627267
0 0.7868596298891006 0.16581767792033048 0.003825081992552839 0.002720180635740199
0 0.7868596298891006 0.15505029623719213 0.0030198015730680083 0.0015867720375150895
0 0.7854503891550021 0.1845755902209557 0.002617161363325522 0.002153476336627662
0 0.6260048660970087 0.27825181086425926 0.005033002621780085 0.0022668171964501838
0 0.6741203711612264 0.27190472271419874 0.0046303624120376695 0.002266817196450148
0 0.7328051817311823 0.24577965452511052 0.004026402097424153 0.0021534763366276265
0 0.7655196987727529 0.24498626850635294 0.005033002621780156 0.002833521495562721
0 0.7887721708853771 0.24889652817022948 0.005234322726651328 0.0020401354768051407
0 0.6646583262322798 0.3305586176723472 0.0034224417828103526 0.0012467494580476312
0 0.6639537058652306 0.3191678612601849 0.004026402097424011 0.002040135476805176
0 0.6828777957231238 0.3230214504941503 0.004026402097424295 0.0018134537571601328
0 0.6406005737001709 0.32477823382139914 0.003623761887681738 0.0017001128973375757
0 0.6319438091907091 0.3030734591653887 0.005234322726651257 0.0022668171964502193
0 0.6465395167938714 0.30188338013725236 0.003825081992552981 0.0026068397759176774
0 0.6457342363743866 0.29519626940772437 0.0030198015730681506 0.002153476336627662
0 0.675730932000196 0.30925053602571545 0.002617161363325522 0.002380158056272741
0 0.6799586542024914 0.3012033349783173 0.0030198015730681506 0.002153476336627662
0 0.6816698750938964 0.2976330978939083 0.003623761887681667 0.002493498916095156
0 0.6922391805996346 0.3090805247359817 0.004630362412037812 0.0018134537571601328
0 0.7100560098807362 0.2974064161742633 0.0032211216779393227 0.0024934989160951913
0 0.7146863722927739 0.30018326723991473 0.004026402097424153 0.0021534763366276265
0 0.7296847200886716 0.30749375130160195 0.0050330026217798715 0.0018134537571601328
0 0.7616946167802001 0.3040935269037913 0.0034224417828103526 0.0022668171964501838
0 0.7984355359191946 0.2953096102675469 0.004026402097424153 0.00238015805627267
0 0.7124718511391908 0.3252882676906005 0.0032211216779393227 0.002040135476805176
0 0.732905841783618 0.32681836929820435 0.003825081992552981 0.0019267946169826899
0 0.7330065018360534 0.33112532197145966 0.003623761887681809 0.0014734311776926036
0 0.7548497332145792 0.32602498327944673 0.003825081992552839 0.00283352149556265
0 0.7553530334767572 0.3313520036911046 0.005234322726651186 0.0026068397759177486
0 0.78062045301382 0.3329332657191686 0.00382857474400609 0.0014624111587902178
0 0.7866583097842293 0.32976523165358956 0.004630362412037812 0.001926794616982619
0 0.8553084655453099 0.3275550848870506 0.004227722202295325 0.002040135476805176
0 0.8482622618748178 0.3221147236155702 0.004630362412037812 0.002266817196450148
0 0.8496715026089163 0.3139541817083496 0.0034224417828103526 0.002720180635740199
0 0.8381962566312575 0.2871490683603262 0.0030198015730680083 0.002833521495562721
0 0.8373909762117728 0.27445489206020524 0.003825081992552981 0.0017001128973376113
0 0.8317540132753791 0.2732648130320689 0.002617161363325664 0.0015867720375150895
0 0.8414173783091968 0.25048330020774456 0.0034224417828106366 0.0029468623553852422
0 0.8443365198298293 0.24951990289925327 0.002818481468196836 0.00238015805627267
0 0.8494701825040452 0.2559236614792251 0.0034224417828103526 0.0020401354768051407
0 0.6170461214302401 0.4057602781645817 0.004831682516908913 0.0015867720375150895
0 0.6349636107637769 0.3992998468265911 0.005234322726651257 0.002040135476805176
0 0.6464388567414358 0.4071770389123631 0.004026402097424153 0.001926794616982619
0 0.6617391847116474 0.3985631335658525 0.004026402097424153 0.0019267946169826899
0 0.6614372045543405 0.392896090574727 0.004227722202295325 0.003060203215207764
0 0.624394305258039 0.3455196111689183 0.0038250819925529102 0.0026068397759176774
0 0.6550956212508976 0.3439328391314032 0.004429042307166497 0.0017001128973376466
0 0.665866246861507 0.3422893966639768 0.0058382830412648445 0.0022668171964502193
0 0.6825758155658168 0.3397392273179703 0.003825081992552839 0.0023801580562727055
0 0.6842870364572221 0.36206737670300454 0.0036237618876815247 0.002153476336627662
0 0.664054365934673 0.36274741860258897 0.005033002621780156 0.002833521495562792
0 0.7285774595288871 0.3858122868358202 0.004831682516908842 0.002040135476805176
0 0.750622011012284 0.36977455517093527 0.003825081992552981 0.0026068397759176774
0 0.7407573258735948 0.34393283913140316 0.0042277222022954674 0.0023801580562727055
0 0.7898794314621687 0.34869315524394856 0.003422441782810495 0.0026068397759176774
0 0.789275471147555 0.33956921602823664 0.004630362412037812 0.0034002257946752932
0 0.7918926325108806 0.37119131591871657 0.004630362412037812 0.003173544075030179
0 0.7689421405555634 0.38156200459247613 0.0046303624120376695 0.002833521495562721
0 0.7169008934463571 0.40559026687484795 0.004429042307166497 0.002153476336627591
0 0.7975295954472743 0.3939161583131296 0.003422441782810495 0.003060203215207693
0 0.7924965928254943 0.37969188040540475 0.003825081992552839 0.002266817196450148
0 0.8030658983312325 0.3789551648165584 0.003623761887681667 0.0026068397759176774
0 0.8087028612676264 0.36881115786244384 0.0032211216779391805 0.002266817196450148
0 0.8196748069831068 0.3994698604444325 0.003825081992552839 0.0017001128973376466
0 0.8311500529607655 0.3917626819765019 0.003019801573067866 0.0026068397759176774
0 0.8426252989384241 0.3881357744621816 0.0054356428315225 0.002153476336627591
0 0.853295264496598 0.3813353228728311 0.002617161363325664 0.002153476336627733
0 0.6156368806961416 0.622751354294775 0.003623761887681667 0.002153476336627662
0 0.6261055261494441 0.5906192205350937 0.004429042307166426 0.0024934989160952624
0 0.6659669068799283 0.6087537567098305 0.004429042307166355 0.002040135476805105
0 0.6558002416179468 0.6438894246516728 0.003825081992552839 0.0018134537571600617
0 0.6615378646067762 0.6324419978095995 0.004026402097424153 0.002040135476805176
0 0.7106599701953499 0.633008702108712 0.004429042307166497 0.002040135476805247
0 0.8075956006908346 0.643662742932028 0.0058382830412648445 0.0024934989160952624
0 0.8165543453576032 0.6430393682030041 0.005234322726651328 0.0017001128973377889
0 0.7854503891550021 0.6142507898080868 0.006643563460749675 0.002153476336627591
0 0.8106154022639026 0.6195778102197447 0.004227722202295325 0.001926794616982619
0 0.7970262951850964 0.5952661957878165 0.004026402097424011 0.002946862355385136
0 0.7744784434395215 0.5888624372078448 0.005636962936393672 0.002833521495562721
0 0.7648150784057037 0.5835920872260981 0.003623761887681667 0.002266817196450148
0 0.7321005613641332 0.598496410292758 0.004227722202295183 0.002153476336627662
0 0.804676459170202 0.6051268505923748 0.00442904230716664 0.002040135476805105
0 0.8288348717547467 0.6047868280129073 0.0036237618876815247 0.002266817196450148
0 0.8594355276951694 0.5939627758998577 0.002818481468196836 0.0026068397759176774
0 0.8628579694779801 0.59271602644181 0.003623761887681667 0.0026068397759176774
0 0.8598381679049121 0.5859155748524596 0.003623761887681809 0.0023801580562726344
0 0.8639652300547718 0.5684610824397932 0.002617161363325664 0.002153476336627662
0 0.8523893240246775 0.5586570980651462 0.0036237618876815247 0.002266817196450077
0 0.7724652423908094 0.5599605179531051 0.0032211216779391805 0.0014734311776926036
0 0.735422343094508 0.5599038475231937 0.002818481468196836 0.0024934989160951913
0 0.6692886886443173 0.5626806985888453 0.003422441782810495 0.0014734311776926745
0 0.6604306040299843 0.5529333846441095 0.004227722202295325 0.0021534763366278043
0 0.6276154269359782 0.5137741175754326 0.005033002621780085 0.0018134537571601328
0 0.6543910008838484 0.5197811831460256 0.0034224417828106366 0.002040135476805176
0 0.6558002416179468 0.5136041062856989 0.005838283041264987 0.003060203215207835
0 0.6785494134683929 0.5307185761188977 0.005838283041264987 0.0014734311776926036
0 0.6559009016703824 0.49382612624667105 0.003623761887681667 0.0018134537571601328
0 0.6699933090113666 0.4948461939850736 0.0032211216779391805 0.002040135476805105
0 0.722739176487622 0.49773638591054764 0.004831682516908842 0.002153476336627733
0 0.7599833958887949 0.506520302546792 0.004831682516908984 0.0024934989160951206
0 0.7764916444882336 0.4989831353685952 0.004831682516908984 0.0017001128973375757
0 0.7940064936120282 0.49286272893817973 0.003623761887681667 0.0023801580562727055
0 0.8091055014773686 0.5115073003789824 0.005234322726651328 0.0018134537571602748
0 0.8321566534851215 0.5019866681538917 0.003422441782810495 0.0018134537571601328
0 0.8370889960544659 0.49818974934983773 0.004026402097424153 0.002153476336627662
0 0.8555097856501811 0.49376945581675985 0.004227722202295325 0.001926794616982619
0 0.8586302472756848 0.5048768600793656 0.005636962936393672 0.002833521495562721
0 0.8566170462269728 0.5298118492403175 0.0024158412584543497 0.0023801580562727055
0 0.8130312435223571 0.5415992986618586 0.003825081992552839 0.002833521495562721
0 0.8024619380166189 0.5427327072600836 0.003623761887681667 0.002833521495562721
0 0.7980328957094522 0.541032594362746 0.004429042307166497 0.003060203215207693
0 0.7878662304134566 0.5381990728671834 0.0058382830412648445 0.0026068397759176774
0 0.7716599619713246 0.5507232378775705 0.0028184814681969784 0.002040135476805176
0 0.7732705228102944 0.5269216573148436 0.004429042307166497 0.002946862355385207
0 0.7344157425701519 0.5210279326040732 0.004026402097424153 0.002040135476805105
0 0.748810130068443 0.5173443546598417 0.0030198015730681506 0.003060203215207764
0 0.7626005572521205 0.5120740046780949 0.004831682516908984 0.002040135476805176
0 0.8686962525192449 0.48719568594705437 0.002818481468196694 0.004193611813432838
0 0.8044751390653309 0.48288873327379905 0.003623761887681667 0.0026068397759177486
0 0.7778002251698963 0.47314141932906323 0.0054356428315225 0.0023801580562727055
0 0.8042738189604597 0.46498087742184263 0.0016105608389696614 0.0017001128973376466
0 0.8334652341667842 0.47348144190853075 0.004429042307166497 0.0026068397759176774
0 0.8189701866160576 0.4493398387663364 0.006039603146136159 0.001926794616982619
0 0.6665708672285561 0.47053457955314554 0.004026402097424153 0.0017001128973376466
0 0.6745230113709688 0.45018989521500513 0.003825081992552839 0.0015867720375151606
0 0.7064322479930547 0.4670210128986478 0.0036237618876815247 0.001926794616982619
0 0.7363282835664283 0.46214735592627987 0.003825081992552839 0.002833521495562792
0 0.7217325759632661 0.44780973715873246 0.0032211216779393227 0.0024934989160951913
0 0.6473447972133561 0.42525490605405325 0.002617161363325664 0.0022668171964502193
0 0.660329943977549 0.42871180227863975 0.004026402097424153 0.0023801580562727055
0 0.7159949529744368 0.42910849528801853 0.004227722202295183 0.002040135476805176
0 0.7694454408177412 0.41579094425887375 0.003623761887681809 0.0026068397759176774
0 0.7785048455369457 0.4257082694933432 0.005636962936393815 0.0036269075143202656
0 0.766526299297109 0.43449218612958773 0.003422441782810495 0.002153476336627662
0 0.772565902443245 0.4410659559992932 0.004630362412037812 0.003060203215207764
0 0.7475015493867803 0.44372946620512216 0.0020132010487120054 0.001813453757160204
0 0.7460923086526818 0.4488864753270464 0.004429042307166497 0.0012467494580476312
0 0.8633612697401581 0.43936584310195564 0.0030198015730681506 0.0023801580562727055
0 0.6779454531537792 0.410747275996772 0.003825081992552697 0.0027201806357401636
0 0.7240477571692849 0.4086504700900557 0.005435642831522358 0.0023801580562726344
0 0.7788068256942523 0.41029391255748193 0.004227722202295325 0.0022668171964502193
0 0.8460477408232768 0.4121073663146422 0.003825081992552981 0.002040135476805105
0 0.8610460885341392 0.4092738448190795 0.004026402097424011 0.0015867720375152316
0 0.5319883771221565 0.6455328671190992 0.003422441782810495 0.0023801580562727055
0 0.5132656073691345 0.6111339161629679 0.0030198015730680083 0.0024934989160951913
0 0.5821170832350863 0.6438327542217616 0.0038250819925529102 0.0017001128973376466
0 0.5875527260666087 0.6466662757173242 0.0018118809438408335 0.0017001128973377889
0 0.5470873849874968 0.5651741975049405 0.003825081992552981 0.001926794616982619
0 0.6062754957856167 0.5817219616421619 0.0030198015730681506 0.002153476336627733
0 0.5004817807098131 0.5255615669969735 0.004429042307166497 0.002266817196450148
0 0.5914784681115971 0.5168909912205517 0.005234322726651257 0.002153476336627662
0 0.612516419070638 0.46707768332855903 0.003422441782810566 0.0015867720375151606
0 0.520714451249369 0.44656298770068487 0.003825081992552768 0.0015867720375150895
0 0.4915230360430445 0.4423693758872521 0.0038250819925529102 0.001133408598225074
0 0.534907518642789 0.44299275061627585 0.003623761887681667 0.002153476336627591
0 0.5520197275568413 0.4476963962989099 0.003623761887681809 0.0024934989160951913
0 0.5837276440740559 0.41896448833390393 0.0030198015730680794 0.0026068397759176774
0 0.45196363543585294 0.37578162074152816 0.004831682516908913 0.002153476336627733
0 0.46857254408772725 0.3404759429068166 0.0046303624120376695 0.0018134537571601328
0 0.548798605878902 0.3701712481803139 0.004026402097424082 0.0013600903178700463
0 0.5638976137442422 0.35390683479578394 0.002818481468196836 0.002153476336627591
0 0.5658101547405187 0.3494298708327949 0.004630362412037741 0.0018134537571601328
0 0.5766814404035636 0.341212658495663 0.005033002621780085 0.0023801580562726344
0 0.4598151195258298 0.30743708226855526 0.004429042307166497 0.001473431177692639
0 0.478235909121545 0.32472156339148783 0.0054356428315225 0.0018134537571601328
0 0.4549834370089209 0.2611373410310604 0.002818481468196836 0.001360090317870153
0 0.4650494422524812 0.2674277587512097 0.004831682516908842 0.0019267946169826543
0 0.4808530704848706 0.257283749934609 0.0054356428315225 0.0013600903178701174
0 0.54930190614108 0.27972524204195187 0.005033002621780085 0.0022668171964501838
0 0.5582606508078486 0.2859589893321899 0.0032211216779391805 0.0022668171964501838
0 0.5943976096322297 0.306473684960064 0.003825081992552981 0.002040135476805176
0 0.5701385369952496 0.31650435105435604 0.003623761887681738 0.002606839775917713
0 0.5516170873470988 0.31797778223204864 0.003623761887681667 0.0019267946169826543
0 0.5515164272946632 0.3082304659592051 0.005838283041264916 0.002153476336627591
0 0.363853363209541 0.2920032900043058 0.006503000437875954 0.002243907991944063
0 0.40843038234014195 0.30511243669408455 0.00377593573812149 0.0020077071506868906
0 0.42741494813458614 0.31615482602286216 0.0052443551918354816 0.002362008412572756
0 0.4070668499902647 0.31934353737983534 0.004405258361141762 0.0021258075713154767
