0.0 0.5344901065703518 0.9366463091500403 0.006129473699201249 0.006129473699201071
0.0 0.645740054210855 0.9265326775463582 0.009194210548801962 0.006742421069121462
0.0 0.8504644757641777 0.9173384669975562 0.00796831580896189 0.00551652632928068
0.0 0.1133952634352237 0.6205055297898966 0.008581263178881748 0.006742421069121462
0.0 0.23077468477492818 0.6293932666537387 0.01409778950816296 0.007355368439041143
0.0 0.2375171058440496 0.5512424769889221 0.006742421069121374 0.010420105288642035
0.0 0.10634636868114222 0.6827196878367896 0.011646000028482418 0.008581263178881571
0.0 0.18235184255123812 0.817261635534258 0.012871894768322711 0.00551652632928139
0.0 0.24487247428309114 0.7783394775443299 0.01409778950816296 0.008581263178881571
0.0 0.23966242163877008 0.7164317931823968 0.008581263178881837 0.008581263178881571
0.0 0.3340563166064698 0.7244001089913586 0.009807157918721998 0.007355368439041499
0.0 0.339572842935751 0.812971003944817 0.008581263178881748 0.01042010528864239
0.0 0.30831252706982437 0.8828470041157115 0.006129473699201249 0.010420105288641679
0.0 0.3631713166776759 0.5377576348506796 0.006742421069121374 0.009194210548802317
0.0 0.4563393169055354 0.6750578457127882 0.011646000028482461 0.011646000028482461
0.0 0.5161016854727479 0.8920412146645134 0.011033052658562425 0.00551652632928139
0.0 0.57494463298508 0.8476025303453042 0.006129473699201427 0.009807157918721998
0.0 0.6040596330562863 0.7430950037739221 0.007968315808961712 0.00796831580896189
0.0 0.6181574225644492 0.7234806879364782 0.006742421069121285 0.011646000028482461
0.0 0.636545843765614 0.6376680687380661 0.009194210548801962 0.006742421069121462
0.0 0.5764770014098805 0.5671791086068456 0.009194210548801962 0.009194210548801962
0.0 0.6199962646742094 0.5242727927124367 0.006742421069121462 0.011646000028482461
0.0 0.660144317403978 0.4991419505457115 0.011033052658562425 0.00796831580896189
0.0 0.8559810022488005 0.4976095846389921 0.009194210548801962 0.009807157918721998
0.0 0.09408742128273966 0.26622194997606297 0.009194210548801918 0.01042010528864239
0.0 0.3115513554801124 0.48990965746800885 0.005803052022912513 0.006891124277208149
0.0 0.22686306502073372 0.4599876704748665 0.0083418872829367 0.007979196531504229
0.0 0.18533497398176652 0.3941592990899533 0.006528433525776522 0.007616505780072558
0.0 0.2148942702234768 0.36024771383105864 0.00616574277434454 0.005803052022912425
0.0 0.2573290881410242 0.3500923727909619 0.006891124277208505 0.004352289017184319
0.0 0.4355915924698661 0.4614384334805946 0.005803052022912425 0.005077670520048372
0.0 0.4160062918925366 0.42752684822169995 0.007253815028640709 0.007616505780072202
0.0 0.49271538582041063 0.40594674851149415 0.007616505780072558 0.005803052022912425
0.0 0.5016013092304953 0.4637959233649028 0.005803052022912603 0.005440361271480398
0.0 0.5317046415993536 0.478303553422184 0.007979196531504584 0.006891124277208505
0.0 0.601522611250019 0.4485629118047575 0.00834188728293661 0.007616505780072558
0.0 0.4120166936267843 0.3208957673006834 0.006528433525776478 0.008341887282936966
0.0 0.459891872815812 0.35244986267527023 0.005077670520048372 0.003989598265752292
0.0 0.3808252890036298 0.2304044248183928 0.007253815028640531 0.007253815028640531
0.0 0.2128994710906007 0.057038245633883024 0.007253815028640531 0.0050776705200487274
0.0 0.21942790461637718 0.03092451153077693 0.005803052022912425 0.006528433525776478
0.0 0.2825360953655501 0.05504344650100688 0.0065284335257765665 0.005440361271480398
0.0 0.3023027413185956 0.04561348696377419 0.00834188728293661 0.008341887282936966
0.0 0.3802812528764818 0.12069047251020404 0.0061657427743444515 0.005440361271480754
0.0 0.3987784811995152 0.09911037279999828 0.006891124277208593 0.005803052022912425
0.0 0.5594504840839037 0.10708956933150286 0.01051803179152877 0.007253815028640531
0.0 0.6370663048903579 0.0004105895809592752 0.004714979768616345 0.0008211791619185504
0.0 0.06655375288777722 0.08115718060411296 0.006165742774344496 0.007616505780072913
0.0 0.9016492080600227 0.8817970143903153 0.007979196531504584 0.007253815028640531
0.0 0.9380996285789414 0.6290015606421916 0.006891124277208505 0.005077670520048372
0.0 0.8855094696212973 0.6155820028392067 0.006891124277208505 0.0036269075143202656
0.0 0.9636693265548996 0.6175768019720828 0.006528433525776478 0.006891124277208149
0.0 0.9944980404266218 0.6326284681565116 0.006528433525776834 0.007979196531504584
0.0 0.8142407369649038 0.4025011863728901 0.008704578034368637 0.00689112427720886
0.0 0.844162723958046 0.2895230173018131 0.00834188728293661 0.005803052022912425
0.0 0.9886949884037094 0.3845479941770044 0.007253815028640531 0.004352289017184319
0.0 0.8283856762707528 0.18379866325937683 0.007979196531504584 0.004714979768616345
0.0 0.8615718800267833 0.23910900285276107 0.009792650288664717 0.005803052022912425
0.0 0.8196810982363841 0.035639491299393276 0.005077670520048372 0.004352289017184319
0.0 0.8378156358079856 0.055768828003871104 0.008704578034368637 0.0061657427743444515
0.0 0.8662868597953997 0.023307999790748823 0.009792650288664717 0.004352289017184319
0.0 0.9896017152822895 0.09512077453424599 0.009067268785800664 0.007253815028640531
0.0 0.9937726589237578 0.21752890314255566 0.006528433525776478 0.0061657427743444515
0.0 0.9935913135480418 0.18633749106945635 0.01051803179152877 0.006891124277208149
0.0 0.6555045746571887 0.13441052801377856 0.011715561726360946 0.00718050557422103
0.0 0.735812860684662 0.17635979742107058 0.0068025842282095185 0.006424662882198007
0.0 0.7700147424987154 0.2116954432731589 0.009448033650291166 0.007558426920232719
0.0 0.7333563719355862 0.2218993196154731 0.007936348266244408 0.006802584228209696
