0.0 0.8119831720835414 0.8798503272958957 0.008882222484049507 0.00962240769105378
0.0 0.9067268785800714 0.8742989382433641 0.01628407455409118 0.008882222484049861
0.0 0.9777846584524689 0.91278856900758 0.010362592898058054 0.010362592898057698
0.0 0.30347593487169744 0.923891347112642 0.016284074554091088 0.011842963312065535
0.0 0.4452214020129902 0.8742989382433641 0.00962240769105378 0.01036259289805841
0.0 0.32938241711684224 0.7318132858950677 0.011842963312066246 0.008142037277045234
0.0 0.5980696472593451 0.5530585584035681 0.013323333726074615 0.013323333726074794
0.0 0.6287873333500169 0.5826659666837337 0.00962240769105378 0.013323333726074083
0.0 0.5680921463756774 0.6600153208156663 0.012583148519070341 0.006661666863037397
0.0 0.4700176064476288 0.5730435589926793 0.013323333726074438 0.01184296331206589
0.0 0.9526183614143282 0.6152341157919154 0.008882222484049507 0.011842963312066246
0.0 0.9189399344956397 0.5171595758638668 0.006661666863037397 0.01258314851907052
0.0 0.5618005721161421 0.5138287424323484 0.010362592898057877 0.011842963312066601
0.0 0.549957608804076 0.4401803143354364 0.008882222484049684 0.01258314851907052
0.0 0.6102827031749134 0.38947762765565275 0.011102778105061972 0.011842963312066246
0.0 0.38415612243514863 0.35616929334046643 0.008882222484049596 0.004441111242024931
0.0 0.4618755691705833 0.2455116048933476 0.011842963312066246 0.011102778105061972
0.0 0.6372994632305644 0.18037530667698345 0.010362592898058054 0.011102778105062328
0.0 0.6365592780235603 0.2717881797419947 0.005921481656033123 0.011842963312066246
0.0 0.9348539164462288 0.27030780932798637 0.008882222484049507 0.010362592898058054
0.0 0.8134635424975498 0.30361614364317263 0.008882222484049861 0.011842963312066246
0.0 0.9677921581579131 0.17852484365947294 0.01258314851907052 0.013323333726074438
0.0 0.984446325315506 0.24810225311786205 0.007401852070041315 0.013323333726074438
0.0 0.9540987318283364 0.18037530667698345 0.007401852070041315 0.011102778105062328
0.0 0.7164992803800074 0.5093876311903237 0.013323333726074438 0.008882222484049861
