0 0.1215522894627111 0.8147344542440763 0.003932233912209497 0.002544386649076813
0 0.0441798045430596 0.8105709124546777 0.004626157543775866 0.0030070024034542088
0 0.08292387397218257 0.7905627810778472 0.004857465420964662 0.0032383102806433327
0 0.2702832544951055 0.7807321962973235 0.003469618157831924 0.0030070024034543506
0 0.2743311423459094 0.7426139397146221 0.003238310280643084 0.0034696181578318885
0 0.3119186723890883 0.7671325746966343 0.0030070024034543506 0.0030070024034542088
0 0.28797830710004824 0.7254971568026515 0.003238310280643084 0.002081770894698991
0 0.2790729538282796 0.6112310654713875 0.0025443866490767776 0.003932233912209497
0 0.32660672259057677 0.628000886567575 0.0027756945262655108 0.0037009260350207283
0 0.3227901426169617 0.5638129506476847 0.0030070024034543506 0.004394849666587106
0 0.31353782752940995 0.570636533024754 0.003932233912209462 0.0018504630175102932
0 0.2537447412761067 0.5249532272799674 0.0027756945262655108 0.0030070024034542088
0 0.2833521495562723 0.5232184182010513 0.005088773298153484 0.0027756945262655108
0 0.3055577057663965 0.5352464278148688 0.0032383102806431553 0.0032383102806431197
0 0.09483622964740544 0.5387160459727006 0.005088773298153466 0.0037009260350205865
0 0.13913168812905943 0.5232184182010513 0.0030070024034542977 0.003238310280643191
0 0.1029320053490132 0.47869165184220863 0.0037009260350207105 0.002544386649076671
0 0.18689676476854533 0.422830799501115 0.004163541789398337 0.004163541789398337
0 0.19649604167188028 0.4320831145886668 0.00300700240345428 0.004163541789398195
0 0.1775287957423992 0.4562547877548957 0.003932233912209462 0.002081770894699204
0 0.146880502014884 0.4290761121852123 0.004163541789398284 0.0037009260350205865
0 0.29769323794197755 0.4422606611849736 0.0027756945262655108 0.0037009260350207283
0 0.2871687295298874 0.4116123674574584 0.002081770894699133 0.003932233912209497
0 0.17556267878629442 0.4105714820101089 0.003238310280643084 0.0037009260350207994
0 0.17186175275127374 0.3875563482298239 0.0027756945262655463 0.003932233912209497
0 0.19071334474216045 0.3717117586423915 0.0034696181578318885 0.0037009260350206576
0 0.12004878826098395 0.36130290416889577 0.0027756945262655108 0.0013878472631328265
0 0.1443361153658073 0.32672237652917113 0.003700926035020693 0.0034696181578318885
0 0.1991560822595514 0.30636728333655733 0.0032383102806431197 0.003469618157831924
0 0.19892477438236258 0.33493380616937335 0.0018504630175103641 0.0037009260350207283
0 0.2921418488894465 0.33447119041499573 0.0027756945262655108 0.0032383102806431197
0 0.2542073570304843 0.34488004488849144 0.002775694526265582 0.0037009260350207283
0 0.30243504942434785 0.3057890136435853 0.003932233912209497 0.004163541789398266
0 0.30763947666109565 0.3275319540993319 0.0023130787718879373 0.004163541789398266
0 0.2981558536963551 0.30636728333655733 0.002313078771887902 0.003469618157831924
0 0.32718499228354875 0.38732504035263504 0.0030070024034543506 0.003932233912209497
0 0.22390602511875232 0.40918363474697617 0.004163541789398266 0.002775694526265582
0 0.7341712021972313 0.30035327852964866 0.0037009260350205865 0.004394849666587106
0 0.6474307482514337 0.41623852500123426 0.0037009260350207283 0.002544386649076671
0 0.6796981971192705 0.4124219450276192 0.004394849666586964 0.003238310280643191
0 0.6883722425138501 0.4105714820101089 0.002313078771887831 0.004626157543775875
0 0.688025280698067 0.4204020667906326 0.002544386649076671 0.0034696181578318885
0 0.670561535970313 0.42977003581677875 0.0027756945262655108 0.0018504630175103641
0 0.7356747033989584 0.42676303341332444 0.002544386649076813 0.002313078771887973
0 0.5610372561214192 0.4865561196666276 0.002081770894699204 0.0034696181578318885
0 0.5435735113936652 0.48331780938598456 0.0037009260350205865 0.002544386649076671
0 0.5151226424994436 0.5276132678676385 0.002775694526265582 0.0027756945262653685
0 0.5300420005781209 0.5586085234109368 0.002544386649076742 0.0037009260350207283
0 0.7025976769609611 0.433933577606177 0.0034696181578318885 0.0032383102806429775
0 0.7405321688199231 0.5342055423675192 0.002081770894699133 0.0025443866490766
0 0.4917605469033755 0.6100745260854434 0.002775694526265582 0.00300700240345428
0 0.4881752748069492 0.6015161346294581 0.0034696181578318173 0.002081770894699204
0 0.48308650150879573 0.6640849154090267 0.0030070024034543506 0.0032383102806430486
0 0.48366477120176765 0.6557578318302302 0.0037009260350206576 0.0027756945262655108
0 0.49927805291201127 0.6816643140753752 0.00300700240345428 0.003238310280643191
0 0.48447434877192846 0.6454646312953289 0.002544386649076742 0.002544386649076813
0 0.49453624142964103 0.6385253949796651 0.002313078771887902 0.002544386649076671
0 0.48956312207008196 0.640838473751553 0.002544386649076742 0.0016191551403214532
0 0.5154696043152268 0.6310078889710293 0.00300700240345428 0.0032383102806431197
0 0.49384231779807464 0.574106151182586 0.003238310280643191 0.0027756945262654396
0 0.5014754777453048 0.5823175808227883 0.004163541789398266 0.0034696181578318885
0 0.4998563226049832 0.7079177581363032 0.004626157543775875 0.003932233912209711
0 0.3872093864140407 0.7323207391797208 0.0037009260350207283 0.0032383102806433327
0 0.3588741714584134 0.7067612187503594 0.0034696181578318173 0.0030070024034542088
0 0.3367842691868836 0.683977392847263 0.0032383102806431197 0.0037009260350205865
0 0.3631533671864062 0.6891818200840109 0.0027756945262655108 0.0016191551403215954
0 0.3687047562389371 0.6999376363732899 0.002775694526265582 0.002313078771887973
0 0.37205872045817473 0.6646631851019987 0.0034696181578318885 0.003932233912209426
0 0.40953059656275925 0.678772965610515 0.0034696181578319596 0.0034696181578318885
0 0.4065235941397646 0.6698676075875066 0.003932233912209497 0.0027756945262655108
0 0.4124219450276192 0.6751876935140889 0.0037009260350207994 0.0032383102806429064
0 0.4522068999040918 0.6735685383737672 0.004163541789398266 0.0032383102806430486
0 0.4097619044399481 0.6402602040585811 0.0030070024034543506 0.004163541789398408
0 0.421095990422199 0.6203677266203447 0.002081770894699062 0.0032383102806430486
0 0.42572214796597485 0.6234903829623935 0.0034696181578318885 0.0025443866490766
0 0.4037478996330394 0.5491249004461963 0.002544386649076671 0.0027756945262654396
0 0.4014348208611514 0.5402195471744277 0.002544386649076742 0.0034696181578318173
0 0.3423356582394147 0.5538667119285665 0.0037009260350207283 0.003932233912209426
0 0.4731402627896776 0.5121156400959893 0.002544386649076742 0.0032383102806431197
0 0.4637722937635314 0.5197488000432195 0.002775694526265582 0.0037009260350207283
0 0.33632165343250603 0.5347838120604911 0.002313078771887973 0.002313078771887902
0 0.3248719135116607 0.5293480769465545 0.002081770894699204 0.004394849666587177
0 0.37934491858962166 0.5135034873591221 0.0037009260350205865 0.004163541789398266
0 0.3983121645191028 0.45151297627252535 0.003238310280643191 0.0032383102806431197
0 0.38107972766853765 0.45451997867597965 0.00300700240345428 0.0027756945262655108
