0.0 0.1395890609048873 0.9291396866481565 0.009237511383411645 0.007697926152842882
0.0 0.13214773229047236 0.9386337955699963 0.008724316306555435 0.006158340922274519
0.0 0.12393661106077311 0.9712216829503649 0.00667153599913064 0.007697926152842882
0.0 0.1475435845961585 0.9965162368583768 0.006671535999130685 0.006967526283246528
0.0 0.26763123258051 0.991236290947757 0.0056451458454182205 0.008724316306555836
0.0 0.27301978088750023 0.9796894017184922 0.00718473107598685 0.006158340922274519
0.0 0.3048378756525849 0.9468449167996953 0.00718473107598685 0.008211121229699359
0.0 0.3394785433403785 0.9727612681809337 0.00769792615284306 0.008724316306555836
0.0 0.4960030417815206 0.9281132964944441 0.00769792615284306 0.008724316306555836
0.0 0.4672641174775731 0.9314490644940092 0.00667153599913064 0.010263901537124198
0.0 0.464184947016436 0.9853345475639106 0.0056451458454182205 0.007184731075986761
0.0 0.497029431935233 0.9988256147042298 0.008724316306555301 0.0023487705915403723
0.0 0.24068849104555942 0.9170796023420353 0.00923751138341169 0.008211121229699359
0.0 0.2653218547346572 0.8783333740393922 0.00821112122969927 0.0056451458454183975
0.0 0.24761662458311812 0.8442059014284545 0.00667153599913064 0.010263901537123843
0.0 0.5147346620867721 0.6525275402226625 0.006158340922274519 0.009750706460267721
0.0 0.43236685225135146 0.6391844682244014 0.00667153599913064 0.00667153599913064
0.0 0.43955158332733824 0.6471389919156725 0.00769792615284306 0.006158340922274341
0.0 0.4600793864015863 0.6794702817576133 0.00872431630655548 0.007184731075986939
0.0 0.42056336548365864 0.7559363482091876 0.00769792615284306 0.010263901537124021
0.0 0.48881831070553383 0.7579891285166125 0.00769792615284306 0.007184731075986583
0.0 0.4936936639356677 0.7466988368257759 0.006158340922274341 0.009237511383411601
0.0 0.45212486271031527 0.7651738595925992 0.011290291690836618 0.008211121229699182
0.0 0.5052405531649322 0.8205989278930692 0.00769792615284306 0.011290291690836441
0.0 0.5042141630112199 0.882952129731098 0.00769792615284306 0.010777096613979964
0.0 0.37565879625874093 0.8647337045027028 0.00718473107598685 0.008211121229699359
0.0 0.43493282763563246 0.870635447886549 0.00769792615284306 0.00667153599913064
0.0 0.4431439488653316 0.8690958626559805 0.0056451458454182205 0.00667153599913064
0.0 0.12650258644505413 0.9047629204974866 0.0097507064602679 0.008211121229699359
0.0 0.1075143686013746 0.8808993494236731 0.009750706460267855 0.00667153599913064
0.0 0.11726507506164248 0.8644771069642745 0.01282987692140507 0.009750706460268077
0.0 0.15960366890227926 0.8780767765009638 0.009237511383411645 0.008211121229699359
0.0 0.16832798520883469 0.8921896411145097 0.00923751138341169 0.007697926152842882
0.0 0.19270475135950438 0.8624243266568496 0.00872431630655548 0.0056451458454183975
0.0 0.1937311415132168 0.8398437432751769 0.0097507064602679 0.0056451458454183975
0.0 0.17115055813154384 0.8239346958926346 0.005645145845418265 0.00667153599913064
0.0 0.1988630922817788 0.8082822460485204 0.006671535999130662 0.006158340922274163
0.0 0.2668614399652258 0.7484950195947727 0.00615834092227443 0.0056451458454182205
0.0 0.33793895810980995 0.7608117014393214 0.00769792615284306 0.00769792615284306
0.0 0.29303438888489214 0.8162367697397913 0.00718473107598685 0.0056451458454183975
0.0 0.295343766730745 0.8267572688153436 0.0056451458454182205 0.008211121229699359
0.0 0.2991927298071666 0.8598583512725689 0.00615834092227443 0.0056451458454183975
0.0 0.2953437667307451 0.8667864848101274 0.00769792615284306 0.006158340922274519
0.0 0.14266823136602458 0.6556067106837997 0.00718473107598685 0.0056451458454182205
0.0 0.20656101843462188 0.6448296140698195 0.00872431630655548 0.00667153599913064
0.0 0.17140715566997194 0.7046168405235671 0.00615834092227443 0.006158340922274519
0.0 0.1460039993655899 0.7636342743620307 0.00769792615284306 0.009237511383411601
0.0 0.146260596904018 0.8003277223572491 0.00718473107598685 0.00667153599913064
0.0 0.1182914652153549 0.7651738595925992 0.00872431630655548 0.008211121229699182
0.0 0.09340150398782902 0.6879380005257405 0.00718473107598685 0.0097507064602679
0.0 0.26429546458094477 0.6697195752973454 0.005131950768562011 0.006158340922274341
0.0 0.22195687074030798 0.7323293746738022 0.00769792615284306 0.008211121229699182
0.0 0.20989678643418724 0.7366915328270799 0.00821112122969927 0.00769792615284306
0.0 0.29893613226873855 0.7048734380619953 0.00667153599913064 0.00872431630655548
0.0 0.2830270848861962 0.6933265488327309 0.00667153599913064 0.007184731075986939
0.0 0.2814874996556276 0.6604820639139337 0.00872431630655548 0.008211121229699359
0.0 0.30355488796044433 0.6879380005257405 0.00872431630655548 0.00667153599913064
0.0 0.4800939943989782 0.620196250380722 0.0056451458454182205 0.008724316306555657
0.0 0.4893315057823899 0.6050569956134637 0.0056451458454182205 0.009237511383411778
0.0 0.5029311753190793 0.5865819728466405 0.005131950768561921 0.008211121229699359
0.0 0.34743306703164967 0.5657975722339643 0.007184731075986939 0.00769792615284306
0.0 0.29893613226873855 0.5409076110064384 0.008724316306555392 0.007184731075986939
0.0 0.2973965470381699 0.5026745777806513 0.0097507064602679 0.00872431630655548
0.0 0.3161281673434213 0.5057537482417884 0.00923751138341169 0.006671535999130817
0.0 0.3194639353429866 0.5280777340850332 0.005645145845418309 0.008211121229699359
0.0 0.34794626210850593 0.4698300928618542 0.00615834092227443 0.00667153599913064
0.0 0.32998443441853886 0.4613623740937268 0.008211121229699182 0.005131950768562099
0.0 0.35461779810763655 0.4495588873260342 0.005131950768562011 0.006158340922274341
0.0 0.34486709164736873 0.4426307537884754 0.006158340922274519 0.007697926152842882
0.0 0.3761719913355971 0.4536644479408839 0.006158340922274341 0.007184731075986761
0.0 0.4444269365574722 0.4436571439421879 0.009237511383411778 0.0056451458454182205
0.0 0.4431439488653317 0.46290195932429545 0.00667153599913064 0.006158340922274341
0.0 0.46315855686272356 0.4811203845526907 0.004618755691705801 0.00667153599913064
0.0 0.4803505919374064 0.4921540787050991 0.006158340922274341 0.008211121229699359
0.0 0.5103725039334942 0.5124252842409192 0.00667153599913064 0.008724316306555301
0.0 0.12650258644505416 0.6145511045353036 0.00769792615284306 0.00667153599913064
0.0 0.18526342274508942 0.5747784860789479 0.008211121229699313 0.007184731075986939
0.0 0.23863571073813458 0.613011519304735 0.009237511383411601 0.00667153599913064
0.0 0.2535183679669645 0.587608363000353 0.00718473107598685 0.009237511383411601
0.0 0.26865762273422245 0.5593826337732617 0.004618755691705889 0.007184731075986939
0.0 0.23529994273856927 0.5740086934636636 0.00769792615284306 0.0056451458454182205
0.0 0.21605512735646157 0.5506583174667062 0.00718473107598685 0.007184731075986939
0.0 0.18526342274508942 0.5319266971614548 0.00923751138341169 0.01077709661398032
0.0 0.19116516612893578 0.5021613827037951 0.00667153599913064 0.00769792615284306
0.0 0.21246276181846818 0.4908710910129586 0.00821112122969927 0.007697926152842882
0.0 0.2299113944315791 0.46290195932429545 0.00615834092227443 0.010263901537124021
0.0 0.25377496550539264 0.507293333472357 0.00769792615284306 0.0066715359991304625
0.0 0.1585772787485669 0.4747054460919881 0.008211121229699225 0.005131950768562099
0.0 0.17269014336211247 0.46803391009285755 0.00769792615284306 0.009237511383411601
0.0 0.1377928781358906 0.461618971632155 0.004618755691705845 0.00872431630655548
0.0 0.12932515936776326 0.46187556917058303 0.00615834092227443 0.006158340922274519
0.0 0.6903632652800066 0.952329538767598 0.007781176440225579 0.005187450960150386
0.0 0.6875533960099249 0.941522349267285 0.008213464020237992 0.006916601280200396
0.0 0.6562125464590169 0.9445483623273724 0.012104052240350605 0.006052026120175214
0.0 0.6838789515798186 0.8922415651458568 0.008645751600250407 0.005187450960150386
0.0 0.7016027423603323 0.8738693429953244 0.008645751600250407 0.00734888886021281
0.0 0.7080870560605201 0.8477159444045664 0.010374901920300595 0.005187450960150386
0.0 0.724664072646104 0.8552809770547855 0.008645751600250584 0.008213464020237992
0.0 0.6823659450497748 0.8516065326246792 0.0056197385401628 0.0060520261201755686
0.0 0.7238655527309775 0.9341734604070717 0.005619738540162978 0.005187450960150386
0.0 0.7513158140617728 0.895699865785957 0.008645751600250407 0.006916601280200396
0.0 0.7614745721920674 0.9272568591268715 0.009078039180263175 0.005187450960150386
0.0 0.7871956832028126 0.9212048330066962 0.006052026120175391 0.005187450960150386
0.0 0.8241562712938837 0.9214209767967023 0.004755163380137617 0.004755163380137972
0.0 0.8181042451737083 0.9155850944665334 0.006484313700187627 0.004322875800125558
0.0 0.8237239837138711 0.9047779049662201 0.004755163380137617 0.00518745096015003
0.0 0.8332343104741469 0.9168819572065707 0.0056197385401628 0.005187450960150386
0.0 0.8442576437644661 0.9158012382565396 0.004322875800125558 0.007348888860213165
0.0 0.8356118921642157 0.9918838523387443 0.006916601280200396 0.003026013060087607
0.0 0.8360441797442283 0.9752407805082619 0.007781176440225579 0.008645751600250762
0.0 0.9114783624564143 0.9975630045944189 0.00734888886021281 0.00487399081116191
0.0 0.9108299310863955 0.9778345059883373 0.005187450960150386 0.006052026120175214
0.0 0.911262218666408 0.9668111726980179 0.006916601280200751 0.0064843137001879825
0.0 0.9268245715468589 0.9527618263476108 0.0060520261201755686 0.0060520261201755686
0.0 0.9462775126474229 0.9830219569484875 0.005187450960150386 0.007781176440225223
0.0 0.9808605190484251 0.9969145732244004 0.006052026120175214 0.006170853551199329
0.0 0.8291275784640278 0.8855411076556626 0.008645751600250407 0.010807189500313185
0.0 0.8902962710358004 0.9181788199466083 0.004755163380137617 0.004322875800125558
0.0 0.8833796697556 0.9043456173862076 0.005619738540163155 0.006052026120175214
0.0 0.8928899965158758 0.875166205735362 0.010807189500313185 0.008213464020237638
0.0 0.8790567939554746 0.8781922187954496 0.0056197385401628 0.008213464020237992
0.0 0.8710594737252431 0.8762469246853932 0.0060520261201755686 0.006916601280200396
0.0 0.9231501271167524 0.9231501271167524 0.004755163380137617 0.004755163380137617
0.0 0.9272568591268715 0.9032648984361764 0.006916601280200751 0.003026013060087607
0.0 0.9354703231471098 0.8872702579757126 0.006916601280200396 0.008213464020237992
0.0 0.9611914341578549 0.9205564016366772 0.0056197385401628 0.0064843137001879825
0.0 0.9776183621983309 0.9086684931863328 0.008213464020237992 0.005187450960150386
0.0 0.9956177104843629 0.9300667283969528 0.008764579031274344 0.009942614340288003
0.0 0.9797798000983937 0.9538425452976419 0.004755163380137972 0.007348888860213165
0.0 0.9862641137985818 0.9657304537479865 0.008213464020237992 0.007781176440225579
0.0 0.557284220949134 0.9475119977601381 0.008290074318446371 0.010263901537124198
0.0 0.5320192325500593 0.8924422183590301 0.006711012543504325 0.005921481656032767
0.0 0.5770224931359109 0.9052720952804352 0.006711012543504147 0.005526716212297345
0.0 0.6034717778661922 0.9334978245075265 0.008290074318446371 0.005921481656033123
0.0 0.6016953333693823 0.9181019722018402 0.006316247099768723 0.006711012543503969
0.0 0.6068272841379445 0.9125752559895426 0.006316247099768546 0.006711012543504325
0.0 0.6170911856750685 0.8871128848686004 0.007895308874710771 0.005526716212297345
0.0 0.5230642129495919 0.6827468349406182 0.007105777987239747 0.007500543430975348
0.0 0.5335254972085839 0.7149202186050648 0.008290074318446371 0.007895308874710771
0.0 0.6458362659513452 0.7022877244055276 0.006316247099768546 0.006316247099768546
0.0 0.670114340741081 0.7139333049957259 0.009079605205917395 0.008290074318446371
0.0 0.7020903416836598 0.6949845636964201 0.007500543430975348 0.005131950768562099
0.0 0.7034720207367344 0.7476857504351149 0.006316247099768546 0.007895308874710771
0.0 0.7141306877175938 0.7605156273565199 0.0055267162122975225 0.006711012543504325
0.0 0.7119594777770485 0.7883465911398755 0.0051319507685617435 0.006316247099768723
0.0 0.6861023412123706 0.8327577035601239 0.007105777987239747 0.005921481656033123
0.0 0.7482778986007181 0.8357184443881402 0.005131950768561921 0.006316247099768546
0.0 0.7924916282990988 0.8372975061630827 0.008290074318446371 0.007105777987239747
0.0 0.7711742943373795 0.8323629381163883 0.00434241988109072 0.0035528889936198736
0.0 0.6551132538791304 0.777490541437148 0.005921481656033123 0.006711012543504325
0.0 0.6805756250000728 0.7796617513776936 0.007895308874710771 0.006316247099768546
0.0 0.6182026848898574 0.6557054020447336 0.004737185324826499 0.006316247099768546
0.0 0.5621459918794105 0.6391252534078409 0.006316247099768723 0.003947654437355297
0.0 0.7472909849913792 0.7583444174159744 0.007105777987239747 0.0055267162122975225
0.0 0.8055188879423716 0.7946628382396441 0.005131950768562277 0.006316247099768723
0.0 0.8309812590633141 0.805124122498636 0.0031581235498844506 0.004342419881091075
0.0 0.842034691487909 0.8061110361079749 0.007105777987239747 0.006316247099768901
0.0 0.847364024978339 0.8203225920824544 0.005131950768561921 0.00789530887471095
0.0 0.8552593338530498 0.8104534559890657 0.004342419881091075 0.007105777987239747
0.0 0.8540750375218431 0.7958471345708507 0.004342419881091075 0.006316247099768546
0.0 0.8400608642692315 0.7909125665241564 0.007105777987239747 0.006711012543504325
0.0 0.8548645684093141 0.7875570602524045 0.004342419881091075 0.004737185324826676
0.0 0.8858536557425543 0.7978209617895284 0.003947654437355652 0.006316247099768546
0.0 0.8669049144432481 0.7713716770592474 0.006316247099768546 0.007105777987239747
0.0 0.775911479662206 0.7433433305540238 0.005131950768562099 0.004737185324826321
0.0 0.780253899543297 0.7257762683077922 0.005921481656033123 0.007500543430975348
0.0 0.7851884675899913 0.7356454044011806 0.004737185324826499 0.005131950768561921
0.0 0.7907151838022889 0.7429485651102883 0.0055267162122975225 0.006316247099768546
0.0 0.8037424434455616 0.7360401698449163 0.006316247099768546 0.005921481656032945
0.0 0.8106508387109337 0.7370270834542552 0.005131950768561921 0.004737185324826499
0.0 0.8479561731439423 0.7522255530380735 0.0055267162122976995 0.006711012543504325
0.0 0.8663127662776449 0.7423564169446849 0.005131950768561921 0.005921481656033123
0.0 0.8629572600058928 0.7318951326856931 0.0031581235498844506 0.006316247099768546
0.0 0.8446006668721902 0.6912342919809322 0.005921481656033123 0.008684839762181974
0.0 0.8195330611949834 0.6993269835775109 0.006316247099768546 0.006711012543504147
0.0 0.8217042711355289 0.6687326616880066 0.005921481656033123 0.006316247099768723
0.0 0.800189554451942 0.6918264401465357 0.007105777987239659 0.005921481656033123
0.0 0.7676214053437596 0.6535341921041882 0.007500543430975348 0.005921481656033123
0.0 0.7579496519722388 0.6405069324609153 0.006316247099768901 0.006711012543504325
0.0 0.7315003672419575 0.6499813031105682 0.004737185324826499 0.006711012543504147
0.0 0.5499082631236087 0.46996826076716164 0.006316247099768546 0.005921481656033123
0.0 0.5414208060832946 0.4897065329539386 0.007500543430975171 0.005921481656033123
0.0 0.552276855786022 0.5439867814675756 0.007105777987239747 0.003947654437355475
0.0 0.5686596217010471 0.5412234233614267 0.006711012543504147 0.006316247099768723
0.0 0.5633302882106171 0.5785287577944355 0.007895308874710771 0.008290074318446194
0.0 0.5996487090342869 0.6152419440618407 0.008684839762181974 0.005131950768561921
0.0 0.6438624387326675 0.6262953764864359 0.006316247099768546 0.005131950768561921
0.0 0.6866944893779738 0.6282692037051135 0.006711012543504325 0.005921481656033123
0.0 0.7056432306772797 0.6217555738834772 0.005921481656032945 0.007105777987239925
0.0 0.5778597343063688 0.4461158258153447 0.0072992808543963505 0.007785899578022537
0.0 0.6253050598599442 0.4775027334892485 0.006812662130769631 0.008272518301649079
0.0 0.6420934058250555 0.49745410115793165 0.007299280854396173 0.0072992808543963505
0.0 0.6610715360464857 0.4925879139216674 0.008272518301649079 0.007299280854396173
0.0 0.6501226147648915 0.4799358271073807 0.004866187236263997 0.0072992808543963505
0.0 0.6304145564580215 0.5938046084359618 0.007299280854396173 0.008272518301649079
0.0 0.6367405998651648 0.5984274863104129 0.00437956851263781 0.005839424683517081
0.0 0.6841859254187407 0.5497656139477713 0.004866187236263997 0.006812662130769809
0.0 0.6934316811676424 0.5556050386312881 0.0077858995780227145 0.007785899578022537
0.0 0.7172759986253368 0.5675271973601355 0.0077858995780227145 0.010218993196154713
0.0 0.7450132658720424 0.5490356858623315 0.008759137025275443 0.007299280854396173
0.0 0.7605850650280876 0.5602279165057393 0.009732374472528348 0.008272518301649079
0.0 0.8493929820899085 0.6475759773966809 0.009245755748901985 0.011678849367033806
0.0 0.8581521191151842 0.6166756884464035 0.007299280854396528 0.0072992808543963505
0.0 0.901461185517935 0.6205686382354147 0.011192230643407441 0.007299280854396173
0.0 0.9671547132075012 0.605726767164809 0.012165468090660169 0.010705611919781078
0.0 0.9545026263932144 0.5855320901343127 0.010218993196154713 0.009245755748901806
0.0 0.9119234880759028 0.6521988552711317 0.009732374472528348 0.006326043407143445
0.0 0.9243322655283766 0.6556051863365167 0.008272518301649257 0.006326043407143445
0.0 0.9671547132075011 0.6616879203818469 0.005352805959890361 0.005839424683516903
0.0 0.9781036344890957 0.6434667515881115 0.005839424683517081 0.0131927722224237
0.0 0.8605852127333161 0.5801792841744222 0.008272518301649257 0.008272518301649257
0.0 0.8469598884717765 0.5643641756565637 0.005352805959890716 0.005839424683517081
0.0 0.863991543798701 0.5315174118117807 0.007299280854395818 0.008272518301649079
0.0 0.9051108259451333 0.5519553982040902 0.00875913702527562 0.005352805959890539
0.0 0.9226290999956841 0.5648507943801901 0.012652086814286534 0.011678849367033806
0.0 0.8866193144473293 0.5830989965161807 0.010705611919781432 0.009245755748901806
0.0 0.8107067935616087 0.5794493560889826 0.008759137025275265 0.005839424683516903
0.0 0.8236021897377084 0.5784761186417298 0.008272518301648902 0.004866187236264352
0.0 0.8274951395267198 0.5225149654246921 0.005352805959890716 0.0029197123417583626
0.0 0.828711686335786 0.513025900313977 0.007785899578022892 0.011192230643407441
0.0 0.7345509633140745 0.46850028710215985 0.005352805959890539 0.005839424683517081
0.0 0.7330911071431953 0.4577946751823787 0.006326043407143445 0.007785899578022537
0.0 0.7467164314047349 0.4543883441169938 0.005352805959890539 0.006812662130769809
0.0 0.7812663607822106 0.48504532370545794 0.00437956851263781 0.006812662130769809
0.0 0.7890522603602329 0.4877217266854033 0.006326043407143623 0.005352805959890539
0.0 0.7980547067473216 0.4945343888161732 0.004866187236264086 0.004379568512637632
0.0 0.8036508220690253 0.5066998569068335 0.004379568512637988 0.008272518301649079
0.0 0.7890522603602329 0.5295709369172751 0.006326043407143623 0.00437956851263781
0.0 0.7851593105712216 0.4573080564587523 0.006326043407143623 0.007785899578022537
0.0 0.8977320952573267 0.8538373734336704 0.006279662170447509 0.006825719750486315
0.0 0.8919984906669182 0.8206643754463068 0.006825719750486315 0.006006633380427928
0.0 0.908516732463095 0.8246232929015889 0.009282978860661473 0.00737177733052512
0.0 0.9344544675149432 0.8306299262820168 0.004914518220349962 0.004641489430330381
0.0 0.9498805941510421 0.8588884060490303 0.00737177733052512 0.006552690960466734
0.0 0.966944893527258 0.8620282371342538 0.004914518220349962 0.006279662170447153
0.0 0.9765009011779389 0.8739049895001001 0.006552690960466734 0.007098748540505895
0.0 0.9801867898432015 0.8849626554958879 0.005733604590408703 0.004641489430330737
0.0 0.9710403253775498 0.8861912850509756 0.005460575800389123 0.0032763454802335447
0.0 0.9922000566040573 0.8322680990221336 0.008463892490603087 0.007371777330525475
0.0 0.9119295923383384 0.7937710396293908 0.008463892490603087 0.010102065230719682
0.0 0.9351370394899916 0.7907677229391769 0.005187547010369542 0.005733604590408703
0.0 0.9992331425505695 0.783865656145849 0.0015337148988610494 0.004368460640311156
0.0 0.9476829301575206 0.8197689420334072 0.0038224030602723503 0.004095431850291931
0.0 0.8903468842534353 0.7584739786740399 0.004914518220350317 0.004914518220350139
0.0 0.9038618093593985 0.7489179710233591 0.006825719750486315 0.004368460640311334
0.0 0.9132813026150695 0.7511022013435147 0.0065526909604670894 0.005460575800388945
0.0 0.9210626231306239 0.7480988846533008 0.004641489430330737 0.004368460640311156
0.0 0.927478799696081 0.7527403740836315 0.00709874854050554 0.004368460640311334
0.0 0.9940978244608274 0.7536959748486995 0.007644806120544701 0.006279662170447509
0.0 0.9965028546503749 0.7235262935515501 0.00699429069925035 0.006552690960466912
0.0 0.9981410273904917 0.7089192532855093 0.003717945219016805 0.005733604590408703
0.0 0.8941692873137079 0.6880325508490212 0.007098748540505895 0.007098748540505717
0.0 0.9095954139498069 0.7049603358302272 0.007371777330525475 0.006552690960466912
0.0 0.916967191280332 0.7287138405619195 0.006825719750486315 0.005460575800389123
0.0 0.9531435059579095 0.6817528886785736 0.005460575800389123 0.007644806120544701
0.0 0.9875451335003606 0.6803877447284765 0.005460575800388767 0.005460575800388945
0.0 0.9538260779329584 0.7083731957054702 0.006825719750486315 0.008463892490603087
0.0 0.9591501393383377 0.7111034836056648 0.004914518220349962 0.007371777330525298
0.0 0.9642011719536974 0.7213420632313944 0.003549374270253125 0.005460575800389123
0.0 0.9430414407271897 0.6754732265081261 0.0065526909604670894 0.005460575800389123
0.0 0.9976471987310804 0.6567707543917936 0.004368460640311156 0.006825719750486315
0.0 0.9861711626235129 0.5889161352546852 0.005744298098642986 0.00957383016440474
0.0 0.9980320602300322 0.589235262926832 0.0039358795399355275 0.0070208087872302375
0.0 0.9944684820993303 0.5380152715472666 0.008935574820111114 0.006701681115083247
0.0 0.9975533687218119 0.5108894194147864 0.004893262556376144 0.007978191803670676
0.0 0.9523436293759492 0.5096129087261991 0.0070208087872302375 0.004148659737908567
0.0 0.9620770233764274 0.5196654303988242 0.011807723869432607 0.0070208087872302375
0.0 0.9183565322923121 0.5019538445946753 0.006063425770789976 0.00478691508220237
0.0 0.9065488084228797 0.4982838763649868 0.00542517042649635 0.005744298098642986
0.0 0.9510004629975419 0.45890559254713603 0.012126851541579598 0.0070208087872302375
0.0 0.9642442613916353 0.4665646566786599 0.006063425770789976 0.007659064131523863
0.0 0.9811580280154171 0.4762980506791381 0.006063425770789976 0.006701681115083425
0.0 0.8666199885150686 0.5498507073085659 0.0038537335122185825 0.005335938709225907
0.0 0.8669164295544702 0.5086454028317665 0.006225261827430018 0.005928820788028588
0.0 0.8391991923704362 0.4744064627809008 0.004743056630423226 0.0050394976698243
0.0 0.8432011464023553 0.4459481229983632 0.006225261827430018 0.006225261827430195
0.0 0.8552070084981136 0.44728210767566956 0.006521702866831447 0.004743056630422871
0.0 0.8618769318846458 0.45721288249561776 0.004446615591021797 0.004446615591021619
