0 0.11924285678238018 0.6488856168900529 0.00666574975802126 0.00333576799956532
0 0.02555204073908146 0.6423183236409085 0.004443833172014169 0.0022933404997010597
0 0.03203263078160212 0.6385655846413976 0.004073513741012986 0.0018763694997555548
0 0.026662999032085005 0.6240758423932856 0.007406388620023612 0.0020848549997283072
0 0.035180345945112164 0.6189679476439512 0.004443833172014169 0.003127282499592496
0 0.06554653928720898 0.6332492043920902 0.00518447203401652 0.0029187969996197437
0 0.05184472034016529 0.6115667123949158 0.003703194310011799 0.0025018259996740255
0 0.05814015066718536 0.6042697198958664 0.002962555448009443 0.0025018259996740966
0 0.04554929001314521 0.5823787423987191 0.005925110896018886 0.0020848549997283072
0 0.05258535920216765 0.5897799776477547 0.005925110896018877 0.0035442534995381437
0 0.04814152603015348 0.5642405039010827 0.0037031943100118083 0.0020848549997283783
0 0.05295567863316883 0.5654914169009196 0.0037031943100118083 0.0020848549997283783
0 0.058510470098186544 0.5746647788997242 0.003703194310011817 0.0025018259996739543
0 0.07610064307074262 0.5616344351514223 0.0033328748790106212 0.002293340499701202
0 0.10813327385234475 0.5642405039010827 0.003703194310011817 0.0020848549997283783
0 0.11165130844685596 0.5671593009007023 0.0040735137410129775 0.0020848549997283072
0 0.17886428517357025 0.6410674106410715 0.002962555448009425 0.0018763694997555548
0 0.14849809183147344 0.6356467876417778 0.003703194310011817 0.0018763694997554125
0 0.16793986195903543 0.6253267553931227 0.004073513741012995 0.0025018259996738832
0 0.15923735533050767 0.6011424373962742 0.0037031943100118347 0.0025018259996739543
0 0.14960905012447698 0.5715374964001319 0.004443833172014191 0.002084854999728236
0 0.1796049240355726 0.5805023728989638 0.004443833172014138 0.0025018259996740966
0 0.25200237279630344 0.5954090861470211 0.004073513741012995 0.002293340499701202
0 0.2458921021847839 0.6060418466456357 0.004443833172014173 0.0018763694997554837
0 0.22311745717821133 0.6279328241427831 0.0048141526030153516 0.002710311499646849
0 0.20719372164516056 0.6381486136414519 0.0033328748790106034 0.002293340499701202
0 0.2651487125968453 0.6358552731417507 0.002962555448009425 0.0018763694997555548
0 0.2592236017008265 0.6264734256429733 0.003703194310011817 0.002293340499701202
0 0.26274163629533764 0.6169873353942092 0.00407351374101303 0.0025018259996739543
0 0.21885878372169779 0.5625726199012999 0.003703194310011817 0.0025018259996740255
0 0.2625564765798371 0.5652829314009469 0.004443833172014209 0.0025018259996740255
0 0.3162527940750083 0.5784175178992352 0.003703194310011746 0.001667883999782731
0 0.3231037035485301 0.5637192901511505 0.0033328748790106746 0.0018763694997553414
0 0.3543956954681298 0.5961387853969261 0.002962555448009425 0.003335767999565249
0 0.3251404604190366 0.6135473246446577 0.0037031943100117814 0.002710311499646849
0 0.351618299735621 0.6332492043920902 0.002592236017008247 0.0029187969996197437
0 0.25110506032887747 0.4715193597859138 0.004272916511552083 0.0024056019227634805
0 0.2751758233439542 0.4737645882471597 0.003418333209241631 0.002726348845798583
0 0.2720423512354827 0.490924548629539 0.005697222015402801 0.0020848549997283783
0 0.2328739498795886 0.4938914576676139 0.004272916511552083 0.001924481538210685
0 0.24668971326694034 0.5059194672814313 0.003418333209241631 0.002886722307316134
0 0.22048249199608752 0.5452109653532343 0.0028486110077013647 0.0025659753842810318
0 0.20666672860873575 0.5488995549681382 0.003703194310011817 0.002886722307316134
0 0.12576617599001633 0.5305367936243772 0.003703194310011799 0.0017641080766932049
0 0.16294054964051946 0.52837175189389 0.0045577776123222336 0.002886722307316134
0 0.14000923102852328 0.4966178065134125 0.004272916511552083 0.001924481538210685
0 0.1357363145169712 0.4829860622844196 0.004272916511552065 0.002886722307316205
0 0.04956583153400418 0.47408533517019485 0.0028486110077013916 0.0020848549997283783
0 0.036747081999347925 0.4905236149757451 0.0028486110077013916 0.0025659753842810318
0 0.038028956952813546 0.5076033886273656 0.003703194310011799 0.0024056019227634094
0 0.038883540255123965 0.5103297374731643 0.004842638713092362 0.0014433611536581025
0 0.05569034520056217 0.5148201943956561 0.0037031943100118083 0.0024056019227635516
0 0.06936367803752883 0.5311782874704474 0.003703194310011817 0.001764108076693134
0 0.07206985849484517 0.5165041157415904 0.004557777612322216 0.001924481538210827
0 0.037459234751273274 0.5448902184301992 0.004272916511552087 0.0019244815382107561
0 0.05056284538669966 0.5476165672759977 0.004842638713092366 0.0025659753842810318
0 0.09799221866492779 0.4664462128238337 0.003988055410781932 0.0020848549997283783
0 0.12006895397461356 0.4533757757101522 0.002563749906931232 0.0022452284612459296
0 0.18758103485713648 0.45522007051760416 0.004842638713092384 0.002084854999728236
0 0.21706415878684587 0.44960699936448945 0.0034183332092416665 0.0024056019227634805
0 0.2701907540804767 0.45097017378738885 0.00256374990693125 0.0022452284612459296
0 0.27474853169279895 0.4532154022486347 0.004272916511552118 0.0022452284612458585
0 0.2478291576700208 0.4289188228287238 0.005697222015402765 0.002726348845798583
0 0.2858581146228344 0.4236264985986442 0.0025637499069312143 0.002726348845798654
0 0.1944177012756198 0.3982874916788691 0.004842638713092349 0.0020848549997283783
0 0.2294556166703469 0.3910706859105788 0.0031334721084715156 0.0030470957688337563
0 0.2476867271196358 0.398688425332663 0.00256374990693125 0.0019244815382107561
0 0.2505353381273372 0.3969243172559699 0.0031334721084715156 0.0025659753842810318
0 0.2659178375689247 0.3941979684101713 0.0019940277053909837 0.001924481538210685
0 0.2673421430727754 0.39050937879526726 0.00256374990693125 0.0025659753842809606
0 0.27061804573163195 0.38489630764215255 0.003418333209241737 0.0025659753842809606
0 0.2733242261889483 0.3875424697571924 0.004272916511552118 0.0020848549997283072
0 0.2813003370105122 0.39187255321816666 0.0042729165115520116 0.002726348845798654
0 0.28343679526628823 0.3903490053337497 0.0034183332092416665 0.0022452284612458585
0 0.05796923400672327 0.46067276820920133 0.0037031943100118083 0.001764108076693276
0 0.06637263647944237 0.4649226649394167 0.004557777612322216 0.0025659753842810318
0 0.06665749758021251 0.46179538243982426 0.0051274998138625 0.0024056019227634805
0 0.07620034445601216 0.45297484205635824 0.0037031943100117905 0.002726348845798654
0 0.05355388694478612 0.4445552353266862 0.0051274998138625 0.002565975384281103
0 0.060390553363269456 0.4396638447504005 0.0034183332092416665 0.0024056019227636227
0 0.0858856218821969 0.43573469494322015 0.0025637499069312676 0.0022452284612459296
0 0.06594534482828716 0.37848136918145003 0.0048426387130923575 0.0016037346151755827
0 0.09030096894413404 0.38962732475692063 0.003988055410781932 0.0020848549997283072
0 0.12405700938539549 0.3879434034109863 0.003133472108471498 0.0025659753842810318
0 0.13132096745503405 0.40550429744715943 0.006266944216943031 0.002726348845798512
0 0.05768437290595314 0.38233033225787155 0.004272916511552091 0.0025659753842810318
0 0.059251108960188904 0.38545761475746404 0.00398805541078195 0.0017641080766932049
0 0.05198715089055035 0.3903490053337497 0.0031334721084715243 0.0022452284612458585
0 0.043868609518601394 0.4002921599478387 0.00398805541078195 0.0022452284612458585
0 0.06751208088252293 0.4062259780239885 0.0051274998138625 0.0019244815382107561
0 0.058111664557108346 0.41143811552330933 0.006266944216943058 0.0017641080766932049
0 0.08574319133181181 0.40293832206287844 0.00398805541078195 0.003047095768833685
0 0.07919138601409863 0.4119994226386208 0.003988055410781941 0.0019244815382107561
0 0.07634277500639723 0.41552763879200716 0.0028486110077013916 0.002886722307316205
0 0.05682978960364272 0.42458873936774955 0.004272916511552074 0.0024056019227634805
0 0.06679992813059758 0.4275556484058245 0.004272916511552083 0.0022452284612459296
0 0.07078798354137954 0.4298810635978292 0.004272916511552083 0.0020848549997283072
0 0.08260971922334029 0.37134475014391843 0.0034183332092416665 0.002726348845798583
0 0.053411456394401056 0.3703825093748131 0.003133472108471542 0.003047095768833685
0 0.0578268034563382 0.3421567801477219 0.0034183332092416665 0.0024056019227634805
0 0.05668735905325764 0.3533829224539513 0.004557777612322225 0.0020848549997283783
0 0.0793338165644837 0.363807197452593 0.004842638713092366 0.0024056019227634094
0 0.07990353876602396 0.3615619689913471 0.004272916511552083 0.0024056019227634094
0 0.0904433994945191 0.356830951876579 0.0031334721084715334 0.0022452284612459296
0 0.08602805243258196 0.3553875907229209 0.005697222015402783 0.0019244815382108275
0 0.07748221940947778 0.2903561520775489 0.00512749981386249 0.002405601922763445
0 0.07335173344831077 0.29332306111562384 0.0048426387130923575 0.0019244815382107915
0 0.06879395583598855 0.30350677592198905 0.003703194310011799 0.002405601922763445
0 0.08189756647141494 0.311605635728626 0.003703194310011817 0.002565975384280996
0 0.0885918023395132 0.3261996207267243 0.0034183332092416665 0.0022452284612458585
0 0.1244843010365507 0.3378266966867477 0.0039880554107819145 0.0024056019227634094
0 0.15524929991972572 0.33862856399433555 0.0045577776123222336 0.0033678426918688584
0 0.1418608281835292 0.35209993476181084 0.0034183332092416487 0.002726348845798583
0 0.10383187123071565 0.35250086841560474 0.005982083116172916 0.0019244815382107561
0 0.11038367654842884 0.31810076092008743 0.0037031943100117814 0.002726348845798583
0 0.14641860579585142 0.3227515913040967 0.0034183332092416665 0.0020848549997283783
0 0.14855506405162744 0.3097613409211741 0.0031334721084715334 0.002726348845798654
0 0.15154610560971393 0.3061529380370288 0.00398805541078195 0.0019244815382107915
0 0.16920749385746256 0.2958890364999048 0.003988055410781932 0.002565975384280996
0 0.1884356181594469 0.30398789630654177 0.004272916511552083 0.002726348845798654
0 0.1901447847640677 0.3179403874585698 0.004272916511552118 0.0027263488457986186
0 0.221479505848783 0.32162897707347377 0.004842638713092384 0.0020848549997283783
0 0.2681967263750858 0.37070325629784817 0.00484263871309242 0.002726348845798654
0 0.26321165711160843 0.3537036693769864 0.003988055410781967 0.002726348845798583
0 0.24768672711963574 0.35234049495408715 0.0031334721084714805 0.0032074692303512365
0 0.2377165885926809 0.33542109476398424 0.004842638713092384 0.0024056019227634805
0 0.2737515178401035 0.3415152863016516 0.004557777612322305 0.0020848549997283072
0 0.27118776793317223 0.34873209206994205 0.003988055410781932 0.0024056019227634094
0 0.27503339279356914 0.33678426918688353 0.004272916511552047 0.0025659753842809606
0 0.28158519811128235 0.33774650995598887 0.004842638713092313 0.002886722307316063
0 0.2753182538943393 0.29003540515451376 0.004272916511552083 0.002726348845798654
0 0.25936603225121146 0.29107783265437787 0.003703194310011817 0.003207469230351272
0 0.2576568656465906 0.30791704611372206 0.0031334721084715156 0.0022452284612458585
0 0.27588797609587956 0.31288862342076657 0.004842638713092313 0.002245228461245823
0 0.2760304066462646 0.3170583334202232 0.0045577776123222336 0.0025659753842810673
0 0.2874248506770702 0.3208360190627612 0.003988055410781967 0.0027441674395491233
0 0.13359985626119517 0.28658737573188603 0.005127499813862517 0.002565975384280996
0 0.14727318909816184 0.27447917938731003 0.004557777612322216 0.0017641080766932404
0 0.13744548112159202 0.26381434419639205 0.0037031943100117814 0.0032074692303512365
0 0.28571568407244935 0.20391485631958203 0.0034183332092416665 0.003047095768833685
0 0.23999547739884208 0.19974514632012544 0.003703194310011817 0.0020848549997283428
0 0.243983532809624 0.20223093497364764 0.004272916511552083 0.0019244815382107561
0 0.2553779768404295 0.21233446304925416 0.004842638713092384 0.002245228461245894
0 0.23344367208112884 0.23623010881537113 0.004272916511552118 0.0032074692303512365
0 0.2713301984835574 0.2368716026614414 0.004272916511552118 0.002245228461245823
0 0.2740363789408737 0.23334338650805495 0.003418333209241631 0.002886722307316134
0 0.25096262977849243 0.23911683112268725 0.006266944216943102 0.002565975384280996
0 0.28044575370820174 0.25643716496658414 0.004272916511552083 0.0035282161533864097
0 0.2798760315066615 0.27592254054096815 0.004272916511552083 0.0033678426918687878
0 0.2085183257637417 0.2702292826570946 0.003988055410781932 0.002565975384280996
0 0.24141978290269275 0.2720735774645466 0.004272916511552083 0.0020848549997283072
0 0.24597756051501496 0.2715924570799939 0.003133472108471551 0.0020848549997283428
0 0.07021826133983924 0.28273841265546457 0.00541236091463265 0.0025659753842810673
0 0.0596784006113441 0.27528104669489784 0.005412360914632641 0.0020848549997282717
0 0.06509076152597675 0.2701490959263358 0.007121527519253466 0.0030470957688337207
0 0.0885918023395132 0.2743989926565512 0.0051274998138625 0.002565975384280996
0 0.09343444105260555 0.2788092628482843 0.005127499813862517 0.002405601922763445
0 0.10696534333918717 0.26950760208026553 0.004842638713092366 0.0017641080766932049
0 0.10753506554072745 0.26245116977349275 0.00541236091463265 0.0017641080766932404
0 0.09500117710684133 0.2574795924664483 0.0031334721084715334 0.0020848549997283428
0 0.11038367654842883 0.2525882018901626 0.003703194310011817 0.0019244815382107206
0 0.14812777240047226 0.23390469362336647 0.0034183332092416487 0.0017641080766931693
0 0.18758103485713648 0.23775365669978796 0.004272916511552083 0.002405601922763445
0 0.16265568853974932 0.2550739905436848 0.003988055410781932 0.0017641080766932049
0 0.16393756349321492 0.2583616465047949 0.0031334721084715156 0.002565975384280996
0 0.166074021748991 0.2687057347726778 0.0034183332092416665 0.0017641080766932049
0 0.16393756349321495 0.2708707765031648 0.004272916511552083 0.001924481538210827
0 0.07919138601409864 0.20487709708868743 0.003988055410781941 0.0017641080766932049
0 0.11465659305998091 0.2015092543968186 0.004842638713092366 0.0020848549997283072
0 0.0951436076572264 0.22019276266361473 0.0034183332092416665 0.0019244815382107915
0 0.08104298316910453 0.23863571073813458 0.004272916511552091 0.002886722307316134
0 0.0811854137194896 0.25010241323664034 0.00398805541078195 0.0020848549997283072
0 0.06566048372751702 0.23911683112268725 0.004842638713092376 0.002565975384280996
0 0.05184472034016529 0.21498062516429392 0.00398805541078195 0.0030470957688337207
0 0.14670346689662156 0.20928736728042044 0.0028486110077014003 0.0019244815382107561
0 0.12320242608308508 0.2288529295855632 0.004272916511552083 0.002565975384280996
0 0.11650819021498685 0.23021610400846246 0.004557777612322216 0.0024056019227634805
0 0.16593159119860595 0.22027294939437353 0.003703194310011817 0.002726348845798583
0 0.15710089707473163 0.2166645465102284 0.003703194310011817 0.002245228461245894
0 0.1562463137724212 0.20640064497310429 0.004842638713092384 0.0025659753842810318
0 0.16849534110553718 0.21498062516429392 0.004842638713092384 0.0020848549997283428
0 0.2664875597704649 0.19381132824397562 0.003133472108471516 0.0027263488457986186
0 0.2716150595843274 0.1890803111292074 0.0031334721084714805 0.0028867223073161695
0 0.27916387875473614 0.18330686651457515 0.0028486110077013647 0.0025659753842810318
0 0.19285096522138404 0.17681174132311384 0.003988055410782003 0.0024056019227634805
0 0.16593159119860595 0.169033628439512 0.004842638713092349 0.0022452284612459296
0 0.16507700789629554 0.15708580555645352 0.00541236091463265 0.002726348845798583
0 0.17547443807440558 0.15804804632555888 0.0051274998138625 0.0020848549997283606
0 0.17732603522941148 0.1650242919015729 0.003133472108471551 0.0025659753842810318
0 0.1931358263221542 0.14682190401932943 0.0034183332092416665 0.0020848549997283428
0 0.18316568779519934 0.14417574190428964 0.004557777612322198 0.0016037346151756538
0 0.196839020632166 0.14048715228938569 0.0028486110077013647 0.0019244815382107561
0 0.1914266597175334 0.13832211055889856 0.0034183332092417016 0.002405601922763427
0 0.20880318686451182 0.1417701399815262 0.003418333209241631 0.0022452284612458763
0 0.24668971326694034 0.13864285748193372 0.005127499813862535 0.001764108076693187
0 0.245977560515015 0.14465686228884234 0.003703194310011817 0.0019244815382107384
0 0.25708714344505035 0.15035012017271585 0.00256374990693125 0.002084854999728325
0 0.26662999032085005 0.15379814959534346 0.003418333209241631 0.0025659753842810495
0 0.28329436471590314 0.16013290132528724 0.003703194310011817 0.0027263488457985475
0 0.07021826133983926 0.19204722016728237 0.004272916511552083 0.0020848549997283072
0 0.10283485737802014 0.17961827689967122 0.004557777612322251 0.002245228461245894
0 0.1324604118581146 0.19156609978272968 0.0051274998138624815 0.0020848549997283072
0 0.14072138378044863 0.1836276134376103 0.00398805541078195 0.0028867223073160988
0 0.14912478625316772 0.17480707305414428 0.0025637499069312676 0.0022452284612459296
0 0.1306088147031087 0.17937771670739486 0.004272916511552101 0.0017641080766932049
0 0.11992652342422847 0.1720807242083457 0.00398805541078195 0.002245228461245894
0 0.10283485737802014 0.16622709286295462 0.005127499813862517 0.0033678426918688233
0 0.10611076003687675 0.15692543209493595 0.003703194310011799 0.0024056019227634627
0 0.11793249571883752 0.15339721594154956 0.0045577776123222336 0.002405601922763427
0 0.12761777314502223 0.14465686228884234 0.0034183332092416665 0.0032074692303512542
0 0.14086381433083373 0.15852916671011158 0.004272916511552101 0.0020848549997282894
0 0.08802208013797294 0.1483454519037463 0.004557777612322216 0.0016037346151756538
0 0.09585576040915175 0.146260596904018 0.004272916511552083 0.0028867223073161517
0 0.0764852055567823 0.14425592863504844 0.00256374990693125 0.0027263488457985653
0 0.07178499739407501 0.1443361153658072 0.0034183332092416574 0.0019244815382107915
0 0.41064678185413395 0.6203275987341915 0.005993240051405025 0.0028117699297158794
0 0.4161405852345885 0.6162973951682653 0.0043284511482369935 0.001874513286477253
0 0.4003507027914639 0.5983164869510562 0.004661408928870543 0.0022494159437727035
0 0.42206979494356406 0.5919046900390877 0.005378548764081401 0.002018706616206387
0 0.4434559293150305 0.5766201970878113 0.006659155612672194 0.0031722532540384664
0 0.46881194491712863 0.5974561332336552 0.0035856991760542913 0.003028059924309403
0 0.47700782874810976 0.5847671202175011 0.00409794191549068 0.0033164465837676005
0 0.4850756518942319 0.6295391490983628 0.0038418205457724495 0.00288386659458034
0 0.5133770632480886 0.6249970592118986 0.004610184654926784 0.001874513286477253
0 0.5391172609047639 0.6371813955740012 0.003841820545772379 0.0025954799351223558
0 0.5666503081494664 0.630260115747008 0.003073456436618045 0.002595479935122427
0 0.5008271161318989 0.6163454594281572 0.005122427394363242 0.0021628999459353793
0 0.5292565881706146 0.5857764735256044 0.004097941915490609 0.003028059924309403
0 0.5845788040297376 0.6235551259146085 0.004097941915490609 0.001874513286477395
0 0.5948236588184641 0.6260064125200019 0.00409794191549068 0.003028059924309545
0 0.6068613631952176 0.6069728929957708 0.00358569917605422 0.003028059924309545
0 0.5192678547516063 0.6107219195687253 0.006146912873235806 0.001874513286477253
0 0.6299122864698521 0.5725827838553985 0.00358569917605422 0.003749026572954577
0 0.6391326557797059 0.5624171541095024 0.003585699176054149 0.00273967326485149
0 0.6424622335860419 0.5942117833147521 0.00358569917605422 0.0023070932756643005
0 0.6829294100015114 0.6219689992875892 0.005122427394363171 0.002162899945935308
0 0.7029068768395281 0.6380465555523753 0.004097941915490821 0.002307093275664371
0 0.6452795686529419 0.6371813955740011 0.004610184654926996 0.0025954799351224976
0 0.6945829323236878 0.568833757282444 0.0048663060246450125 0.002595479935122427
0 0.7328730770965529 0.5689779506121729 0.003585699176054362 0.0023070932756645134
0 0.7799994091246947 0.6096404695957577 0.004610184654926996 0.0031722532540385375
0 0.7656566124204778 0.6309810823956531 0.005634670133799631 0.0023070932756644423
0 0.7392761113395071 0.6344417223091497 0.005122427394363171 0.0023070932756642294
0 0.8013855434961613 0.6353789789523884 0.0033295778063362038 0.002162899945935308
0 0.8207227069098824 0.6337928523253691 0.00409794191549068 0.003028059924309474
0 0.8444139336088123 0.6369651055794077 0.005378548764081472 0.002739673264851632
0 0.8334007147109316 0.5712850438878373 0.004354063285208696 0.002883866594580482
0 0.858116426888734 0.5806576103202239 0.0040979419154905375 0.002018706616206387
0 0.858116426888734 0.5837577669093981 0.00358569917605422 0.002162899945935308
0 0.8527378781246527 0.6055309596984805 0.004610184654926855 0.0027396732648514188
0 0.8672010698011331 0.605026283044429 0.004354063285208696 0.0023070932756645134
0 0.8828244733539411 0.6225457726065052 0.004866306024644871 0.00273967326485149
0 0.8841050802025319 0.6317020490442982 0.0048663060246450125 0.002595479935122427
0 0.8761653177412688 0.636748815584814 0.0033295778063360615 0.002883866594580411
0 0.9175289189507521 0.6349463989632013 0.005634670133799773 0.0024512866053934346
0 0.9404517815405274 0.6372534922388656 0.0043540632852088375 0.0024512866053934346
0 0.9366099609947551 0.6202386793308408 0.003841820545772379 0.001874513286477324
0 0.9309752908609557 0.6101451462498092 0.0048663060246450125 0.00273967326485149
0 0.9258528634665923 0.6005562898228292 0.0033295778063359193 0.002018706616206245
0 0.9360977182553188 0.5854159902012817 0.004354063285208696 0.002883866594580482
0 0.9401956601708094 0.5924814633580038 0.0038418205457725206 0.002595479935122427
0 0.9577399739965035 0.5961583932660939 0.004610184654926996 0.003028059924309403
0 0.9658077971426254 0.5860648601850622 0.0028173350668997442 0.0036048332432255846
0 0.8805193810264776 0.5828205102661592 0.0048663060246450125 0.002307093275664371
0 0.9019055153979442 0.5662382773473215 0.005122427394363171 0.002018706616206316
0 0.8912764785546403 0.5740247171526888 0.003841820545772379 0.0034606399134966635
0 0.8842331408873909 0.5689779506121729 0.005122427394363313 0.0031722532540384664
0 0.7460815499890046 0.4963134409272992 0.00358569917605422 0.0017303199567482608
0 0.74813052094675 0.5074163273164339 0.00358569917605422 0.002307093275664371
0 0.8161307446069219 0.5068395539975178 0.004354063285208696 0.0025954799351223558
0 0.8348276045963476 0.5219077569542009 0.0033295778063360615 0.0024512866053934346
0 0.8425112456878924 0.5429599830946382 0.003841820545772663 0.0024512866053935057
0 0.8564698603375323 0.5431762730892319 0.004610184654926855 0.0017303199567483317
0 0.8769595699149854 0.5518278728729732 0.00358569917605422 0.0025954799351224976
0 0.8836187255276574 0.5472136863216445 0.004610184654927138 0.0034606399134965216
0 0.9038523137353921 0.5571630260729471 0.003073456436617903 0.0034606399134966635
0 0.921140506191368 0.557307219402676 0.0033295778063362038 0.002883866594580411
0 0.8668427758111179 0.4934295743327186 0.0033295778063362038 0.002883866594580411
0 0.8526280397917598 0.5182308270461108 0.004610184654926855 0.002883866594580482
0 0.881185572515335 0.5248637202136458 0.003841820545772379 0.0034606399134963794
0 0.89578449058927 0.5347409633000839 0.005890791503517789 0.0033164465837676005
0 0.9028278282565196 0.4932853810029896 0.0030734564366177606 0.002307093275664371
0 0.9216527489308044 0.49328538100298963 0.00435406328520898 0.0017303199567481897
0 0.9201160207124954 0.5087140672839952 0.005378548764081472 0.002595479935122427
0 0.9310011789255174 0.5101560005812854 0.003073456436617903 0.002883866594580553
0 0.9450878542600162 0.5138329304893756 0.006659155612672123 0.0027396732648514188
0 0.9549485269941654 0.5116700305434402 0.005378548764081472 0.0024512866053934346
0 0.9587903475399377 0.5270987168244458 0.003841820545772379 0.0027396732648513476
0 0.9335623926226989 0.5029463340948342 0.0056346701337994885 0.0034606399134963794
0 0.7628574997055444 0.4214771027979359 0.005890791503517647 0.002018706616206316
0 0.7800176314766611 0.4348870824627351 0.005890791503517647 0.002595479935122427
0 0.7955129743446099 0.4555067286139854 0.00409794191549068 0.002307093275664371
0 0.7857803622953198 0.46314897508962377 0.004610184654926855 0.0017303199567484029
0 0.8197164437829761 0.465456068365288 0.00435406328520898 0.0023070932756643005
0 0.822789900219594 0.47180057487336513 0.0048663060246450125 0.0023070932756644423
0 0.8489142799308464 0.47886604803008725 0.004866306024645297 0.002595479935122427
0 0.8148501377583309 0.40727405981962705 0.004354063285208696 0.00273967326485149
0 0.8098557710488269 0.40640889984125295 0.0040979419154905375 0.002162899945935308
0 0.7950007316051736 0.4057600298574723 0.003585699176054362 0.002018706616206316
0 0.7821946631192656 0.4106626030682591 0.0025612136971815856 0.002883866594580411
0 0.8108802565276996 0.4261633860141291 0.005122427394363171 0.0024512866053933635
0 0.814722077073472 0.4221259727817165 0.00409794191549068 0.0024512866053933635
0 0.822917960904453 0.4232074227546841 0.005634670133799631 0.002595479935122427
0 0.8332908763780387 0.43582433910597373 0.004354063285208696 0.0033164465837675293
0 0.8329066943234613 0.4402943323275734 0.003585699176054362 0.0027396732648514188
0 0.8379010610329658 0.4488738354464503 0.003841820545772379 0.002883866594580553
0 0.9080783163357418 0.46877251494905564 0.003841820545772379 0.002018706616206387
0 0.9284399652283356 0.4787218547003582 0.00358569917605422 0.0023070932756644423
0 0.9290802686526312 0.46711429165717194 0.005378548764081188 0.0024512866053934346
0 0.9421424585082573 0.4699981582517523 0.003841820545772379 0.001874513286477253
0 0.902059464147365 0.443178198922154 0.003585699176054362 0.0024512866053934346
0 0.906797709487151 0.43748256239785754 0.0043540632852088375 0.0023070932756644423
0 0.9184512318093274 0.44829706212753423 0.005122427394363313 0.0025954799351223558
0 0.9279277224888994 0.45269495868426946 0.0046101846549267125 0.0024512866053933635
0 0.9361236063198806 0.4511088320572502 0.0040979419154905375 0.0024512866053933635
0 0.938300637962485 0.4540647953166952 0.0033295778063359193 0.0017303199567483317
0 0.9256226301614359 0.42212597278171643 0.0040979419154905375 0.0033164465837675293
0 0.9370200311138942 0.4168629162466071 0.0043540632852088375 0.002307093275664371
0 0.7483866423164681 0.34743382798208233 0.003585699176054362 0.001874513286477253
0 0.754533555189704 0.34815479463072746 0.005634670133799773 0.001874513286477324
0 0.7445448217706957 0.37367701399276465 0.0040979419154905375 0.001874513286477253
0 0.7627294390206852 0.3791563605224675 0.004610184654927138 0.001874513286477395
0 0.7855242409256016 0.3747584639657323 0.006146912873235948 0.002018706616206387
0 0.7828349665435607 0.3601949376631009 0.00537854876408133 0.002018706616206316
0 0.8017879479027047 0.3658184775225328 0.0048663060246450125 0.0017303199567482608
0 0.833803119117475 0.39718052673859544 0.0038418205457725206 0.0024512866053934346
0 0.8427673670576107 0.3982619767115631 0.0048663060246450125 0.002595479935122427
0 0.8446882773304969 0.3843473203927123 0.005634670133799773 0.0024512866053933635
0 0.8809294511456167 0.3728118540143905 0.0028173350668996024 0.003028059924309474
0 0.9352271815258669 0.3863660270089187 0.004866306024645155 0.0027396732648514188
0 0.9439353080962845 0.3901150535818732 0.004866306024644871 0.002162899945935308
0 0.9312573002952356 0.40092955331155006 0.005122427394363171 0.00273967326485149
0 0.9042364957899695 0.3949455301277956 0.0038418205457725206 0.0025954799351223558
0 0.7997389769449597 0.35774365105770756 0.0043540632852088375 0.002307093275664371
0 0.8106241351579814 0.3622857409441717 0.004610184654926996 0.0024512866053934346
0 0.8203567472072715 0.3626462242684943 0.0046101846549267125 0.0017303199567483317
0 0.7533810090259724 0.321334835301129 0.003841820545772379 0.002162899945935308
0 0.7786089639432112 0.3301306284145996 0.004610184654926996 0.0015861266270192687
0 0.7853961802407425 0.3351773949551153 0.00537854876408133 0.0024512866053933635
0 0.7825788451738427 0.30367115240932363 0.007427519721826457 0.0020187066162063515
0 0.7715656262759617 0.30951098226334905 0.0048663060246450125 0.0018745132864772885
0 0.8016598872178458 0.30460840905256226 0.0040979419154905375 0.002162899945935415
0 0.8166429873463582 0.3069875989930912 0.005378548764081472 0.0020187066162062808
0 0.8062700718727726 0.32292096192814823 0.003585699176054362 0.0015861266270193396
0 0.8171552300857945 0.32385821857138697 0.00537854876408133 0.0017303199567483317
0 0.8345714832266296 0.32566063519299976 0.003841820545772379 0.0024512866053935057
0 0.8384133037724019 0.339503194846986 0.004354063285208696 0.00273967326485149
0 0.8183077762495264 0.3425312547712956 0.005122427394363313 0.0024512866053933635
0 0.9180670497547502 0.3645928342198361 0.0038418205457722366 0.002162899945935308
0 0.9183231711244685 0.3534899478307013 0.004354063285208696 0.003028059924309474
0 0.9270312976948858 0.35175962787395304 0.003841820545772663 0.001874513286477324
0 0.9307450575557992 0.34952463126315314 0.00358569917605422 0.002018706616206316
0 0.8691478681385815 0.30734808231741373 0.003841820545772379 0.002162899945935308
0 0.9018033427776468 0.3093667889336201 0.0056346701337994885 0.002162899945935308
0 0.893991641001243 0.31138549554982636 0.0043540632852088375 0.0015861266270192332
0 0.9064135274325739 0.3266699885011029 0.003585699176054362 0.002162899945935308
0 0.9203721420822137 0.3419544814523794 0.003841820545772379 0.0021628999459353793
0 0.932153725089249 0.3364751349226765 0.005890791503517647 0.001874513286477253
0 0.7696447160030755 0.2829794095932088 0.005634670133799631 0.002451286605393399
0 0.7801456921615201 0.2816095729607831 0.006146912873235948 0.002307093275664371
0 0.7818104810646883 0.2911263327228986 0.005890791503517647 0.002595479935122427
0 0.8014037658481276 0.28319569958780233 0.004610184654926855 0.002595479935122462
0 0.8153623804977675 0.28045602632295086 0.0048663060246450125 0.002307093275664371
0 0.8249669318621984 0.29869648253367237 0.005122427394363171 0.001874513286477253
0 0.8263755993956482 0.2914868160472212 0.004354063285208696 0.0015861266270192332
0 0.8413586995241608 0.299345352517453 0.004610184654926996 0.002883866594580482
0 0.8353398473357839 0.28773778947426654 0.003841820545772379 0.002162899945935308
0 0.8358520900752202 0.28326779625266685 0.004354063285208696 0.0036048332432255846
0 0.876575387860408 0.28319569958780233 0.0028173350668996024 0.002595479935122462
0 0.8727335673146357 0.27367893982568675 0.004354063285208696 0.0031722532540384664
0 0.9070538308568692 0.2745440998040609 0.005890791503517789 0.003172253254038573
0 0.8929671555223703 0.28391666623644746 0.004354063285208696 0.002307093275664371
0 0.9015472214079288 0.29523584262017577 0.006146912873235806 0.002451286605393399
0 0.9047487385294057 0.3041758290633752 0.0038418205457725206 0.0030280599243095096
0 0.7463376713587229 0.27641861309053817 0.00409794191549068 0.0017303199567482608
0 0.7471060354678772 0.2560152569338814 0.00358569917605422 0.002451286605393399
0 0.7497953098499182 0.21794821788541913 0.005890791503517647 0.0024512866053933635
0 0.7501794919044953 0.2103780680746454 0.005122427394363171 0.003749026572954648
0 0.7848839375013061 0.21701096124218047 0.004866306024645155 0.0025954799351223913
0 0.7819385417495474 0.22227401777728986 0.00409794191549068 0.001874513286477324
0 0.7971777632477779 0.22501369104214133 0.0048663060246450125 0.0021628999459353438
0 0.8076787394062225 0.22429272439349618 0.0033295778063360615 0.0018745132864773596
0 0.7921833965382737 0.23453045080425688 0.00409794191549068 0.003316446583767565
0 0.7848839375013063 0.2429657605934048 0.004354063285208696 0.0017303199567482964
0 0.7731023544942708 0.24606591718257878 0.0028173350668998865 0.0015861266270192687
0 0.773486536548848 0.25082429706363657 0.003585699176054078 0.0018745132864773596
0 0.7551738586139993 0.2511126837230946 0.0048663060246450125 0.0021628999459353793
0 0.7518442808076634 0.24664269050149484 0.003841820545772379 0.0021628999459353438
0 0.7590156791597719 0.24786833380419154 0.0043540632852088375 0.0025954799351223913
0 0.8215092933710033 0.26228766677709386 0.004354063285208696 0.0020187066162063515
0 0.8504510081491554 0.26135041013385524 0.0048663060246450125 0.0012977399675612135
0 0.8653060475928089 0.24642640050690134 0.003841820545772379 0.003172253254038502
0 0.8576224065012642 0.24210060061503064 0.003841820545772379 0.003172253254038573
0 0.8498107047248601 0.23921673402045013 0.0025612136971815856 0.0011535466378321502
0 0.8449443987002151 0.23561190077722458 0.007683641091544758 0.0025954799351223913
0 0.8245827498076213 0.23496303079344394 0.0033295778063360615 0.0015861266270192687
0 0.8193322617283988 0.23957721734477266 0.004097941915490395 0.0027396732648514543
0 0.8175394121403717 0.2477241404744625 0.005122427394363171 0.002883866594580482
0 0.8078068000910815 0.2551500969555072 0.004610184654926996 0.0027396732648514188
0 0.8973212188075792 0.2674786266473388 0.0028173350668997442 0.0025954799351223558
0 0.9000104931896199 0.2591875101879199 0.00358569917605422 0.002162899945935308
0 0.9042364957899695 0.2568804169122555 0.0038418205457725206 0.002162899945935308
0 0.8896375777160341 0.25161736037714616 0.005890791503517789 0.002595479935122427
0 0.8979615222318745 0.2481567204636496 0.00358569917605422 0.002018706616206316
0 0.9172986856455957 0.23957721734477272 0.0033295778063362038 0.0024512866053934346
0 0.9192195959184819 0.24267737393394667 0.005122427394363171 0.0017303199567482964
0 0.8363643328146566 0.22717659098807666 0.003841820545772379 0.0018745132864772885
0 0.8201006258375534 0.22602304435024442 0.0040979419154905375 0.002451286605393399
0 0.8056297684484772 0.20958500476113578 0.0048663060246450125 0.0030280599243095096
0 0.8071664966667862 0.21434338464219352 0.004354063285208696 0.002451286605393399
0 0.746593792728441 0.20158227496117495 0.004610184654926855 0.002307093275664371
0 0.7591437398446308 0.18622568534503395 0.006659155612672265 0.0027396732648514188
0 0.7716936869608207 0.18500004204233725 0.006659155612672265 0.0025954799351223913
0 0.8010195837935504 0.1997798583395622 0.0048663060246450125 0.0027396732648514543
0 0.7821946631192653 0.19372373849094315 0.00614691287323609 0.002451286605393399
0 0.7879573939379241 0.19682389508011716 0.005378548764081188 0.002883866594580482
0 0.8458408234942286 0.195958735101743 0.005378548764081472 0.0025954799351223913
0 0.8460969448639468 0.2056196881935876 0.003841820545772379 0.002307093275664371
0 0.8382852430875428 0.20944081143140672 0.00358569917605422 0.002451286605393399
0 0.8165149266614992 0.2074221048152004 0.00409794191549068 0.001874513286477324
0 0.8769595699149852 0.20756629814492947 0.003073456436617903 0.002451286605393399
0 0.8773437519695625 0.20259162826927812 0.004354063285208696 0.0023070932756644067
0 0.9046206778445466 0.19285857851256905 0.004610184654926996 0.0027396732648514188
0 0.8977054008621563 0.2103780680746454 0.004610184654926855 0.002595479935122427
0 0.8933513375769476 0.21513644795570314 0.00358569917605422 0.002595479935122462
0 0.8902778811403297 0.2048987215449425 0.00409794191549068 0.002883866594580482
0 0.9201160207124954 0.20893613477735515 0.004354063285208696 0.0028838665945804466
0 0.8234302036438893 0.18175569212343423 0.003585699176054078 0.0024512866053934346
0 0.8376449396632475 0.17649263558832487 0.003841820545772379 0.0031722532540385375
0 0.8627448338956273 0.18074633881533103 0.0048663060246450125 0.0018745132864773596
0 0.800507341054114 0.1808905321450601 0.00435406328520898 0.00273967326485149
0 0.8101118924185451 0.17353667232887987 0.00358569917605422 0.003316446583767565
0 0.8215092933710032 0.16423620256135785 0.0033295778063362038 0.002307093275664371
0 0.8081909821456589 0.15861266270192595 0.0043540632852088375 0.002307093275664389
0 0.8095996496791088 0.15277283284790047 0.004610184654926996 0.0036048332432255846
0 0.8031966154361547 0.15010525624791354 0.005122427394363313 0.0028838665945804466
0 0.7595279218992081 0.1708690957288929 0.004354063285208696 0.0017303199567482964
0 0.7631136210752624 0.16192910928569348 0.0048663060246450125 0.002307093275664336
0 0.7565825261474493 0.16128023930191288 0.00409794191549068 0.002739673264851472
0 0.746593792728441 0.15529621611815841 0.005122427394363313 0.002595479935122409
0 0.752868766286536 0.15277283284790047 0.0048663060246450125 0.0012977399675611779
0 0.7555580406685766 0.14635622967495895 0.003073456436617903 0.002307093275664389
0 0.7679799270999075 0.15003315958304905 0.0043540632852088375 0.001297739967561231
0 0.7755355075065933 0.14592364968577184 0.003073456436618045 0.002307093275664371
0 0.7888538187319375 0.15342170283168108 0.006659155612672265 0.002307093275664354
0 0.8405903354150063 0.1609918526424548 0.0040979419154905375 0.0021628999459353615
0 0.8252230532319166 0.15284492951276502 0.0040979419154905375 0.002307093275664389
0 0.8345714832266296 0.15623347276139707 0.003841820545772379 0.0021628999459353438
0 0.8390536071966972 0.15760330939382275 0.0030734564366177606 0.002595479935122409
0 0.8344434225417703 0.1463562296749589 0.003585699176054078 0.0014419332972902233
0 0.8452005200699333 0.14866332295062332 0.0035856991760545042 0.002307093275664371
0 0.9053890419537012 0.1384255965398626 0.003073456436617903 0.002018706616206316
0 0.8974492794924381 0.1351091499560951 0.004610184654926855 0.0011535466378322212
0 0.9162742001667229 0.17627634559373132 0.003841820545772379 0.003028059924309474
0 0.9181951104396091 0.16647119917215772 0.00358569917605422 0.001874513286477324
0 0.8951441871649748 0.17714150557210545 0.004610184654927138 0.0015861266270192332
0 0.8855396358005436 0.17728569890183452 0.003841820545772379 0.001586126627019304
0 0.8848993323762483 0.18644197533962747 0.0025612136971814438 0.001441933297290241
0 0.8907901238797659 0.1870908453234081 0.006146912873235806 0.0021628999459353438
0 0.8713248997811857 0.17368086565860893 0.0040979419154905375 0.002451286605393399
0 0.8767034485452672 0.17122957905321548 0.0046101846549267125 0.0015861266270192687
0 0.8887411529220205 0.16949925909646724 0.005122427394363313 0.0018745132864772885
0 0.8681233826597086 0.16531765253432554 0.00537854876408133 0.0021628999459353438
0 0.8676111399202722 0.16128023930191288 0.003841820545772379 0.002739673264851472
0 0.8749105989572399 0.16207330261542252 0.005122427394363171 0.0017303199567482964
0 0.8881008494977253 0.15176347953979732 0.0033295778063362038 0.0027396732648514366
0 0.8595433167741503 0.15270073618303595 0.0040979419154905375 0.002307093275664389
0 0.8590310740347139 0.14592364968577184 0.0040979419154905375 0.002307093275664371
0 0.8617203484167547 0.14224671977768177 0.004354063285208696 0.004181606562141695
0 0.8845151503216709 0.1412373664695786 0.0033295778063359193 0.003316446583767565
0 0.8690198074537221 0.14577945635604284 0.003585699176054078 0.0020187066162063515
0 0.8902778811403296 0.14678880966414598 0.005122427394363171 0.0017303199567482964
0 0.876703448545267 0.15385428282086816 0.0025612136971815856 0.002883866594580482
0 0.9073099522265875 0.1467167129992815 0.0033295778063360615 0.002451286605393399
0 0.9007788572987743 0.18608149201530494 0.0040979419154905375 0.0027396732648514543
0 0.9083344377054601 0.1823324654423503 0.003841820545772379 0.002451286605393399
0 0.8969370367530018 0.17159006237753807 0.0040979419154905375 0.0017303199567482964
0 0.9137129864695414 0.15796379271814534 0.003841820545772379 0.0021628999459353615
0 0.3517969456211064 0.5522758822271697 0.004163277462971635 0.0029298455290565784
0 0.3217866539088522 0.5345991475351949 0.0052040968287145615 0.003125168564327012
0 0.30894988173135624 0.5168247513255849 0.005204096828714597 0.002343876423245348
0 0.30634783331699894 0.48967484942299366 0.005551036617295608 0.003125168564327083
0 0.3171029667630091 0.48567072719994964 0.006938795771619405 0.0029298455290565073
0 0.48259324591613306 0.5245400112187671 0.004163277462971777 0.0033204915995975882
0 0.49005245137062403 0.5287394564770816 0.004510217251552717 0.0027345224937861444
0 0.5094677356931361 0.5621747532979657 0.0040031514067035805 0.0028547212847218617
0 0.42767000861616056 0.5391867345315217 0.0064050422507256856 0.0031552182620609415
0 0.36602147695292614 0.5240867614202299 0.004803781688044282 0.0024039758187130644
0 0.3961785508834261 0.5143957339010428 0.004270028167150457 0.0025542243073827108
0 0.5093342973129126 0.5026012275404815 0.005337535208938106 0.0030049697733913663
0 0.5384238642016249 0.49929576078975096 0.003202521125362807 0.003004969773391508
0 0.5432276458896692 0.49884501532374226 0.004803781688044211 0.0027044727960522153
0 0.5584396212351426 0.511465888371986 0.004270028167150528 0.0039064607054087475
0 0.5753862955235207 0.5348295283601041 0.0029356443649160013 0.0028547212847218617
0 0.5796563236906713 0.5405389709295477 0.003469397885809684 0.003756212216739243
0 0.3161155227493555 0.45592903886780833 0.005604411969384877 0.0019532303527044093
0 0.37082525864097043 0.45900913288553447 0.005070658448491088 0.0021034788413739135
0 0.3796321917357182 0.47057826651309126 0.005070658448491088 0.0036059637280696677
0 0.36855680617717185 0.4844762517150265 0.004270028167150528 0.002253727330043631
0 0.38296815124130446 0.49101206097215266 0.00587128872983186 0.0024039758187131355
0 0.46463243993805653 0.4892842033524527 0.004270028167150457 0.0025542243073826396
0 0.4894519786596184 0.4893593275967875 0.0037362746462565612 0.0021034788413740557
0 0.5289497392057599 0.4930404155691919 0.004270028167150386 0.001953230352704338
0 0.529216615966207 0.48680510328940485 0.004270028167150528 0.0024039758187130644
0 0.5225446969550344 0.4798936728106045 0.004270028167150386 0.0021034788413739846
0 0.5390910561027422 0.48410063049335256 0.005337535208938035 0.0027044727960522153
0 0.43994633959671814 0.45713102677716483 0.005070658448491159 0.0016527333753653295
0 0.4600955350104592 0.4674981724953651 0.004803781688044211 0.0025542243073826396
0 0.4646324399380565 0.4623897238805998 0.005337535208938035 0.002253727330043489
0 0.4749071952152623 0.47005239680274785 0.002935644364915859 0.0025542243073827108
0 0.4887847867585011 0.46193897841459103 0.003469397885809684 0.0016527333753652584
0 0.5019951864006228 0.4599106238175519 0.004270028167150528 0.0021034788413739846
0 0.554436469828439 0.4608121147495693 0.003469397885809684 0.0030049697733913663
0 0.550566756801959 0.44488577495059495 0.003736274646256632 0.0027044727960522153
0 0.4847816353517976 0.4518723296737299 0.0045369049275972625 0.004056709194078323
0 0.4670343307820787 0.4424817991318818 0.004270028167150457 0.0021034788413740557
0 0.45342361599928666 0.44466040221759057 0.004270028167150457 0.002253727330043489
0 0.2918297375486874 0.369160536661132 0.0045369049275972625 0.0027044727960522865
0 0.30237136958634003 0.3743441095202322 0.0064050422507256856 0.0022537273300435603
0 0.29249692944980465 0.4034923163221286 0.005337535208938035 0.0019532303527044093
0 0.29609976571583785 0.38846746745517163 0.004536904927597334 0.001953230352704338
0 0.2993022868412007 0.3869649825684759 0.004536904927597334 0.0028547212847218617
0 0.3469397885809727 0.4392514566254861 0.004803781688044211 0.002253727330043631
0 0.3484076107634307 0.4261798381112336 0.0034693978858097553 0.0028547212847217906
0 0.32358807204186874 0.4321897776580164 0.005604411969384984 0.0016527333753652584
0 0.38110001391817616 0.41130523773294625 0.005337535208938035 0.0019532303527044093
0 0.4207312128445412 0.41573756814869856 0.004003151406703509 0.0024039758187131355
0 0.393509783278957 0.42850868968561184 0.00507065844849123 0.0021034788413739846
0 0.3943104135602978 0.43136341097033365 0.004536904927597334 0.0018029818640348339
0 0.48491507373202114 0.43083754125999024 0.005337535208938106 0.002253727330043489
0 0.5169402849856491 0.42790769573093373 0.003202521125362665 0.0024039758187131355
0 0.5316185068102289 0.42933505637329444 0.003202521125362807 0.0019532303527044093
0 0.6165380162145951 0.5590065115890677 0.004048900214079367 0.0034192250587160087
0 0.6026199217286972 0.545044675932644 0.0060733503211190506 0.0019945479509176777
0 0.6256480416962737 0.5386336289475515 0.00556723779435913 0.0025644187940369535
0 0.6285581887251435 0.5418391524400978 0.00531418153097917 0.0015671448185781145
0 0.7153564870644709 0.5587215761675082 0.005314181530979312 0.0019945479509176777
0 0.6975495900068706 0.5039795268836599 0.0037958439506992647 0.002137015661697532
0 0.7303203761145758 0.5002041325479943 0.0035427876873195883 0.0022794833724773156
0 0.7263980040321862 0.47562845243847307 0.0037958439506995487 0.002137015661697532
0 0.5926577688358754 0.48731080472241933 0.004555012740839359 0.0035616927694958633
0 0.601894322449244 0.5049768008591187 0.0043019564774594695 0.0032767573479360835
0 0.5989841754203745 0.46309129388984777 0.0035427876873195176 0.00242195108325717
0 0.6130287980379625 0.4494143936549838 0.004301956477459328 0.0024219510832572413
0 0.6184695077006317 0.4579624563017738 0.005567237794359272 0.0032767573479362253
0 0.5945556908112252 0.45034043377505273 0.004301956477459328 0.001709612529357969
0 0.5820294057739169 0.44891575666725436 0.0035427876873195883 0.001709612529357969
0 0.5855721934612365 0.44734861184867625 0.0035427876873193754 0.0025644187940370242
0 0.6689542322449344 0.49186977146737404 0.002783618897179707 0.0018520802401377522
0 0.6392201212977888 0.4843902166514329 0.0035427876873194465 0.001709612529357969
0 0.6202409015442915 0.4316059298075047 0.0035427876873195176 0.0027068865048168076
0 0.5830416308274367 0.42384143957000375 0.004555012740839359 0.0019945479509176777
0 0.6485832030428474 0.4200660452343382 0.004555012740839288 0.002137015661697532
0 0.6852763612329423 0.43281690534913325 0.00455501274083943 0.0019945479509176777
0 0.6718643792738042 0.43887178305727614 0.0035427876873194456 0.0015671448185781856
0 0.6989413994554603 0.44948562751037374 0.004048900214079367 0.0019945479509176777
0 0.7123533814145984 0.4429321128145014 0.004555012740839288 0.0022794833724773156
0 0.7209572943695172 0.4436444513684006 0.004555012740839288 0.0019945479509176777
0 0.7166553378920577 0.43666353354018866 0.00455501274083943 0.0022794833724773156
0 0.7175410348138876 0.43153469595211474 0.005314181530979312 0.001709612529357969
0 0.7256388352420464 0.4299675511335366 0.00480806900421939 0.0019945479509176777
0 0.7396834578596344 0.4332443084814727 0.005061125267599351 0.0022794833724773867
0 0.7279163416124661 0.41500844150165406 0.003289731423939486 0.002849354215596662
0 0.3717804871077957 0.3545767313053078 0.00407917508285891 0.0021614379000627084
0 0.3824583277658675 0.3714629648995472 0.005278932460170367 0.0029719771125861173
0 0.37118060841914 0.37389458253711766 0.0033593206564720645 0.002431617637570511
0 0.3632622097288845 0.3842289574967921 0.004319126558321145 0.001485988556293023
0 0.37322019596056955 0.3893623725094409 0.005038980984707991 0.001756168293800897
0 0.3987750280973031 0.3882141086250326 0.0047990295092456845 0.0021614379000627084
0 0.4131721166250404 0.38929482757506384 0.004319126558321145 0.0021614379000627084
0 0.39205638678435906 0.3741647622746255 0.0028794177055474534 0.00243161763757044
0 0.39301619268620813 0.3699094314088771 0.004319126558321145 0.004187785931371408
0 0.41245226219865344 0.39321243376892745 0.0038392236073966045 0.002701797375078314
0 0.43560757958076424 0.39098345093448783 0.00455907803378345 0.00121580881878522
0 0.4348877251543773 0.38767374915001696 0.004079175082858839 0.00243161763757044
0 0.446285420238836 0.3688287124588458 0.004319126558321287 0.0022965277688166454
0 0.4359675067939576 0.36653218469002924 0.0038392236073966045 0.002566707506324377
0 0.4388469244995051 0.4134759140820147 0.005278932460170367 0.001891258162554763
0 0.4407665363032034 0.4115846559194598 0.004799029509245827 0.0018912581625548342
0 0.46164231466842237 0.4021283651066858 0.004319126558321287 0.002701797375078314
0 0.48371785041095305 0.4267822661542753 0.005278932460170296 0.002566707506324377
0 0.48527753500145776 0.41989268284782555 0.00455907803378345 0.0022965277688165742
0 0.49115634615028386 0.40989603256003593 0.004799029509245827 0.002026348031308771
0 0.49103637041255255 0.4075995047912193 0.004079175082858839 0.001756168293800897
0 0.5044736530384408 0.4103688471006746 0.0035992721319343703 0.002161437900062566
0 0.5093926582854177 0.40320908405671707 0.0023995147546228422 0.002701797375078314
0 0.5095126340231488 0.3983458487815762 0.004079175082858839 0.00162107842504696
0 0.51803091140206 0.39604932101275964 0.0038392236073965334 0.003512336587601794
0 0.5342276359957644 0.39598177607838264 0.003119369181009901 0.0028368872438321803
0 0.5344675874712267 0.4083424990693659 0.00455907803378345 0.0021614379000626373
0 0.5417861074728265 0.41523208237581555 0.005278932460170296 0.0021614379000626373
0 0.5505443363272 0.4180689696196477 0.004079175082858839 0.0021614379000626373
0 0.5835376642032645 0.4052354320880258 0.0023995147546228422 0.0016210784250470312
0 0.5878567907615856 0.39523878180023614 0.0028794177055474534 0.0021614379000626373
0 0.5588226622306489 0.3913887205407495 0.0028794177055474534 0.0022965277688165742
0 0.5566630989514882 0.38801147382190165 0.004319126558321216 0.0020263480313087003
0 0.5577428805910687 0.38612021565934684 0.00407917508285891 0.0020263480313087003
0 0.5793385133826745 0.37119278516203935 0.0035992721319344414 0.00243161763757044
0 0.5854572760069628 0.3675453587056836 0.0033593206564720645 0.002161437900062566
0 0.484677656312802 0.4011827360254084 0.0033593206564719934 0.00243161763757044
0 0.49079641893709036 0.3969274051596601 0.004079175082858839 0.0022965277688166454
0 0.4784389179507826 0.3936177033751892 0.0033593206564721356 0.0016210784250470312
0 0.4930759579539821 0.3883491984937865 0.0028794177055474534 0.0021614379000627084
0 0.4781989664753202 0.38301314867800684 0.0028794177055474534 0.001756168293800897
0 0.5029139684479359 0.3894299174438178 0.0047990295092456845 0.00162107842504696
0 0.5167111782870174 0.3847693169718077 0.003119369181009617 0.0020263480313087003
0 0.5150315179587814 0.3873360244781321 0.003119369181009759 0.0020263480313087003
0 0.5312282425524859 0.3815947050560908 0.004319126558321216 0.0029719771125861173
0 0.5453853796047607 0.38875446810004827 0.004319126558321216 0.003512336587601794
0 0.49082074305810935 0.3743340263170981 0.004079175082858981 0.002431617637570511
0 0.48470198043382096 0.37055150999198844 0.004799029509245756 0.0032421568500939912
0 0.4788231692849949 0.3677146227481562 0.0031193691810098303 0.0021614379000626373
0 0.4824224414169292 0.36609354432310925 0.0035992721319343703 0.0018912581625548342
0 0.4748639699398672 0.3621083931948688 0.0033593206564721356 0.002566707506324306
0 0.47786336338314583 0.35697497818222 0.003119369181009759 0.0020263480313087003
0 0.49058079158264695 0.35758288259161264 0.003599272131934299 0.0018912581625548342
0 0.48710149518844387 0.3498152151382625 0.004319126558321145 0.00121580881878522
0 0.4653858866591068 0.3560293491009425 0.003599272131934299 0.002566707506324377
0 0.45434811878784165 0.34920731072886996 0.00407917508285891 0.0016210784250470312
0 0.4735442368248246 0.35150383849768646 0.00455907803378345 0.00162107842504696
0 0.37384439877024406 0.34947749046637766 0.0033593206564720645 0.0021614379000626373
0 0.38116291877184383 0.3365764080003789 0.00455907803378345 0.002296527768816503
0 0.38404233647739133 0.3234051457968722 0.003599272131934299 0.0018912581625548342
0 0.4080374840236201 0.3223244268468409 0.003599272131934299 0.00243161763757044
0 0.42147476664950817 0.3267148475813431 0.00407917508285891 0.0022965277688165742
0 0.43683166107909455 0.33691413267226367 0.003599272131934299 0.0021614379000626373
0 0.4265137476342163 0.34792395697570766 0.0035992721319343703 0.002296527768816503
0 0.5050978558481154 0.37960253119850074 0.0028794177055474534 0.0013508986875390861
0 0.5050978558481155 0.3765630091515376 0.0023995147546229134 0.0020263480313087003
0 0.5023384138802992 0.37811654264220773 0.0021595632791606787 0.0013508986875392281
0 0.5265735129019902 0.3754147452671293 0.003119369181009688 0.0021614379000626373
0 0.5421703588070389 0.3800078008047625 0.004559078033783379 0.0018912581625548342
0 0.5211746047040886 0.36548563991371663 0.004319126558321216 0.001485988556293023
0 0.5208146774908953 0.3635268368167848 0.002159563279160537 0.0016210784250470312
0 0.5058177102745023 0.3647426456355701 0.0019196118036982313 0.00162107842504696
0 0.5091770309309744 0.3604197698354449 0.0028794177055474534 0.002431617637570511
0 0.5403707227410718 0.35542144469154996 0.0033593206564720645 0.0010807189500313542
0 0.558966962089399 0.34954503540075466 0.002639466230085219 0.002026348031308771
0 0.5516484420877993 0.3453572494693833 0.0033593206564720645 0.001756168293800897
0 0.5196149201135838 0.3388053908348184 0.004559078033783379 0.002701797375078314
0 0.5240540224096361 0.33968347498171897 0.004319126558321216 0.002836887243832251
0 0.5269334401151835 0.34225018248804334 0.0033593206564719934 0.0020263480313087003
0 0.5218944591304755 0.3457625190756451 0.0033593206564720645 0.0014859885562930942
0 0.5594468650403235 0.3321184423314997 0.003119369181009759 0.0022965277688166454
0 0.5691648997965462 0.3343474251659393 0.004799029509245827 0.0018912581625548342
0 0.5787629588150378 0.34137209834114285 0.0038392236073966756 0.0021614379000626373
0 0.5538080053669598 0.3398861097848498 0.0038392236073966045 0.0018912581625548342
0 0.5413305286429209 0.33495532957533186 0.0023995147546227004 0.0022965277688165742
0 0.5359316204450194 0.3302271841689449 0.003119369181009759 0.0022965277688165742
0 0.5317324696244293 0.3325237119377614 0.0023995147546229845 0.002296527768816503
0 0.4682653043646543 0.3392782053754571 0.00455907803378345 0.0020263480313087003
0 0.48530185912247675 0.33259125687213836 0.0035992721319343703 0.0021614379000626373
0 0.48230246567919804 0.34096682873488104 0.0028794177055474534 0.00162107842504696
0 0.49058079158264706 0.34103437366925804 0.002639466230085219 0.0022965277688166454
0 0.4647860079704511 0.3356307789191015 0.0028794177055473822 0.0012158088187852912
0 0.46334629911767733 0.3328614366096463 0.0038392236073966756 0.001350898687539157
0 0.38320250631327335 0.29760298086487436 0.004319126558321216 0.0016210784250469956
0 0.3816428217227684 0.29422573414602654 0.00455907803378345 0.002161437900062673
0 0.36424633975175263 0.29517136322730386 0.006718641312943987 0.0018912581625547987
0 0.379603234181339 0.27882548910808025 0.0047990295092456845 0.00162107842504696
0 0.38944124467529284 0.2730841696860389 0.0047990295092456845 0.0022965277688165387
0 0.3930405168072271 0.264911232626427 0.005758835411094907 0.0016210784250469956
0 0.4022419830819658 0.26727530532962046 0.004799029509245756 0.002566707506324377
0 0.37876340401722103 0.26612704144521226 0.003119369181009688 0.0018912581625548342
0 0.4017987456616007 0.2919292063772099 0.003119369181009759 0.0016210784250469956
0 0.41703566435345585 0.27990620805811156 0.0047990295092456845 0.0021614379000626017
0 0.4226745240268197 0.28976776847714736 0.005038980984708132 0.0016210784250469956
0 0.43695163681682575 0.28787651031459255 0.0033593206564719934 0.0016210784250469956
0 0.4574674879688513 0.2879440552489695 0.002639466230085077 0.0014859885562930942
0 0.4541081673123793 0.2861203420207917 0.003599272131934228 0.0013508986875391926
0 0.457227536493389 0.2827430953019438 0.002639466230085148 0.0016210784250469245
0 0.4625064689535594 0.28652561162705337 0.003119369181009759 0.00162107842504696
0 0.46862523157784763 0.2861878869551686 0.0023995147546229845 0.0022965277688165742
0 0.45782741518204473 0.3198928092092703 0.0038392236073966045 0.001350898687539157
0 0.463826202068602 0.3099637038558576 0.0038392236073966045 0.0009456290812773815
0 0.4640661535440643 0.30476274390883185 0.004319126558321145 0.002701797375078314
0 0.47714350895675894 0.32212179204371 0.005038980984707991 0.0017561682938008261
0 0.49849919027290257 0.32252706164997164 0.004079175082858981 0.0020263480313087003
0 0.4959796997805485 0.3286061057438978 0.0023995147546228422 0.002026348031308771
0 0.49106069453357165 0.3277280215969974 0.002159563279160537 0.001350898687539157
0 0.5079772735536628 0.33225353220025355 0.0047990295092456845 0.0017561682938009682
0 0.5145759391288759 0.3313079031189762 0.002159563279160537 0.001756168293800897
0 0.5137361089647579 0.32833592600639006 0.004319126558321216 0.0022965277688165742
0 0.5268134643774524 0.32110861802805557 0.00407917508285891 0.0021614379000626373
0 0.5247738768360231 0.3282008361376361 0.0033593206564720645 0.0014859885562930942
0 0.5116965214233283 0.3200954440124012 0.003599272131934512 0.001756168293800897
0 0.5144559633911446 0.31705592196543814 0.005278932460170296 0.0021614379000626017
0 0.5036581469953417 0.315569933409145 0.0033593206564719227 0.002161437900062673
0 0.5059376860122334 0.31192250695278934 0.004079175082858839 0.0018912581625548342
0 0.50557775879904 0.3055732831213554 0.0028794177055474534 0.0018912581625547987
0 0.5058177102745023 0.3021284914681306 0.0038392236073966756 0.0020263480313087003
0 0.5144559633911446 0.29773807073362835 0.0033593206564720645 0.0018912581625548342
0 0.5252537797869476 0.30719436154640234 0.0028794177055474534 0.0024316176375704045
0 0.5444498978239306 0.312462866427805 0.0033593206564719227 0.003782516325109633
0 0.5545278597933466 0.32563412863131175 0.004319126558321287 0.002026348031308771
0 0.5644858460250316 0.32110861802805557 0.005518883935632601 0.0024316176375704756
0 0.5794828132414246 0.3215138876343173 0.004319126558321145 0.0018912581625548342
0 0.579842740454618 0.31394885498409814 0.0035992721319343703 0.0018912581625547987
0 0.5812824493073917 0.3115172373465276 0.005038980984707991 0.0016210784250470312
0 0.46022692993666764 0.27673159614239456 0.004799029509245756 0.003377246718847857
0 0.49418006371458134 0.2869308812333151 0.002639466230085148 0.0013508986875391926
0 0.4903408401071847 0.28260800543318987 0.0031193691810098303 0.0018912581625547987
0 0.4956197725673551 0.27348943929230063 0.005998786886557212 0.002566707506324306
0 0.4879413253525618 0.274435068373578 0.003119369181009688 0.002566707506324377
0 0.4835022230565096 0.2738271639641854 0.0033593206564720645 0.0021614379000626373
0 0.5124163758497151 0.2884844147239851 0.002639466230085148 0.0014859885562930586
0 0.5146959148666069 0.2822702807613051 0.0038392236073966756 0.0009456290812774171
0 0.5192549929003905 0.2772719556174102 0.0038392236073966045 0.0025667075063243415
0 0.5335321056903964 0.2876738755114616 0.003119369181009759 0.002026348031308736
0 0.5426502617579634 0.283958904120729 0.004559078033783521 0.0016210784250469956
0 0.5527282237273795 0.29064585262404774 0.005038980984707991 0.0031070669813400543
0 0.5438500191352749 0.2980757954055131 0.00263946623008529 0.00229652776881661
0 0.5474492912672093 0.3017907667962458 0.004559078033783521 0.00243161763757044
0 0.5653256761891495 0.29226693104909474 0.0038392236073966756 0.002026348031308736
0 0.5700047299606642 0.2904432178209169 0.0040791750828587684 0.002431617637570511
0 0.5770832984868017 0.28909231913337774 0.0047990295092456845 0.0021614379000626373
0 0.583921915537477 0.2944283689491574 0.00407917508285891 0.002026348031308736
0 0.5763634440604148 0.2942932790804035 0.0033593206564719227 0.002026348031308736
0 0.5775632014377262 0.3044250192369471 0.0033593206564719934 0.002026348031308736
0 0.590997052295742 0.4088763548446511 0.004322981325743669 0.0017933173458098395
0 0.5950925082885518 0.4043930614801265 0.002957829328140349 0.0012809409612927424
0 0.6142046362549973 0.40259974413431665 0.005233082657479144 0.0017933173458099104
0 0.6114743322597908 0.39875692125043827 0.004322981325743598 0.003074258307102582
0 0.6205753455771459 0.357894904585199 0.005233082657479144 0.001537129153551291
0 0.633089238888509 0.3577027634410051 0.00432298132574374 0.0024337878264562105
0 0.6463994708651407 0.36103320994036636 0.005005557324545151 0.0021775996341976624
0 0.6622124815040451 0.36359509186295186 0.003412879994008193 0.0019214114419391138
0 0.6659666494974539 0.3726257256400658 0.003185354661074342 0.0023056937303270785
0 0.6647152601663177 0.3751876075626514 0.0038679306598758956 0.0023056937303270074
0 0.6557280095154296 0.37249763154393656 0.002730303995206498 0.001537129153551291
0 0.6583445508441692 0.3703840789578035 0.002957829328140349 0.0014090350574220878
0 0.6653978361651193 0.37826186586975397 0.0034128799940080514 0.0023056937303270074
0 0.6648290228327847 0.3850508529646056 0.005005557324545293 0.002049505538068317
0 0.6296763588945009 0.39171174596332803 0.004322981325743598 0.0017933173458099104
0 0.6393461855441905 0.3851789470607349 0.004550506658677449 0.0012809409612928135
0 0.6444655055352027 0.37877424225427103 0.0038679306598758956 0.0023056937303270074
0 0.6456031321998722 0.3746752311781343 0.0038679306598758956 0.0023056937303269367
0 0.6379810335465873 0.37230549039974264 0.0036404053269421155 0.0016652232496806364
0 0.6329754762220419 0.3669895854103777 0.0031853546610742713 0.001537129153551291
0 0.627401105565162 0.3789023363504005 0.0025027786622727178 0.001537129153551362
0 0.618413854914274 0.38095184188846887 0.002730303995206569 0.0020495055380684592
0 0.6157973135855345 0.3871644055507387 0.0038679306598759667 0.002177599634197733
0 0.69361097744892 0.41380797754562826 0.003412879994008193 0.0011528468651634683
0 0.6932696894495192 0.41111800152691347 0.0022752533293389377 0.002177599634197733
0 0.6824622361351601 0.4097730135175561 0.003412879994008194 0.001024752769034265
0 0.6871265054603044 0.40829993141206944 0.003640405326941902 0.0016652232496805652
0 0.656865636180099 0.40996515466175 0.005005557324545293 0.0014090350574220878
0 0.6646014974998508 0.4078516020756169 0.004095455992809605 0.001537129153551362
0 0.6704033934896646 0.396323133423982 0.0038679306598758956 0.002049505538068388
0 0.6821209481357592 0.388893675848484 0.004095455992809889 0.002561881922585556
0 0.7027119907662748 0.3823608769458909 0.003412879994008193 0.0020495055380684592
0 0.7180699507393115 0.3803113714078225 0.0036404053269420444 0.0023056937303270074
0 0.7142020200794356 0.39203198120365124 0.0022752533293387955 0.0016652232496805652
0 0.7135194440806341 0.3945938631262368 0.003640405326941902 0.0016652232496806364
0 0.715339646744105 0.37275381973619515 0.0031853546610742 0.0020495055380684592
0 0.7245544227279271 0.36795029113134725 0.003412879994008193 0.0024337878264562105
0 0.7096515134207582 0.36442770348779213 0.0036404053269421866 0.0017933173458098395
0 0.6961137561111925 0.36974360847715715 0.0038679306598758956 0.0016652232496806364
0 0.6925871134507176 0.37102454943844987 0.00273030399520664 0.002177599634197733
0 0.6913357241195811 0.3608410687961724 0.0025027786622726467 0.002049505538068388
0 0.6945210787806553 0.36007250421939674 0.003412879994008193 0.0023056937303270074
0 0.6029421322747704 0.36442770348779213 0.0036404053269420444 0.001537129153551291
0 0.5921948557710768 0.3534047244523997 0.003667625754156774 0.0019433697125656835
0 0.589390200782604 0.34271619103328876 0.00409911113699863 0.002672133354777699
0 0.6197020489272527 0.3453275940845489 0.0038833684455779147 0.0015789878914596045
0 0.6244483881385143 0.342108887998112 0.005177824594103768 0.0019433697125656835
0 0.6362063648209583 0.34526686378103116 0.0040991111369987725 0.0014575272844241738
0 0.622830317952857 0.3524937698996346 0.003667625754156774 0.0013360666773888851
0 0.6133376395303336 0.35194719716797546 0.004962081902682627 0.0019433697125656123
0 0.6579963766544779 0.3452061334775135 0.003667625754156774 0.0025506727477423398
0 0.6714802948682896 0.3472709637971145 0.003883368445577702 0.0018219091055303239
0 0.7022236283957803 0.348485569867468 0.0028046549884729187 0.0023077515336716913
0 0.7068620962613317 0.33931529403629895 0.003020397679893847 0.0031579757829190667
0 0.5956467388338126 0.3271692333327638 0.0040991111369987725 0.0021862909266364026
0 0.6007166920822058 0.3190921029649131 0.0021574269142099214 0.002064830319600972
0 0.6216437331500415 0.3224322696583852 0.003020397679893847 0.0019433697125656835
0 0.6260664583241717 0.323221763604115 0.0036676257541566316 0.002064830319600901
0 0.6227224466071465 0.3318454667036249 0.0025889122970519907 0.002064830319600972
0 0.605139417256336 0.3328778818634254 0.0028046549884728476 0.0019433697125656123
0 0.6493666689976385 0.3297199060805063 0.0045305965198406285 0.0014575272844241738
0 0.658859347420162 0.3299020969910593 0.004962081902682769 0.0018219091055302528
0 0.6714802948682896 0.33239203943528395 0.004746339211261699 0.002186290926636261
0 0.6695386106455007 0.3265011999940694 0.003020397679893705 0.0023077515336716913
0 0.6602616749143982 0.3233432242111503 0.003883368445577702 0.0015789878914596045
0 0.6633899439400026 0.3181811484121479 0.004962081902682769 0.002186290926636332
0 0.7056755114585163 0.3218249666232084 0.006256538051208622 0.002186290926636332
0 0.7242293829207211 0.33038793941920064 0.003236140371314775 0.0015789878914595334
0 0.7181885875609335 0.320974742373961 0.0040991111369987725 0.002186290926636332
0 0.7423517690000839 0.3199423272141605 0.0040991111369987725 0.0020648303196009366
0 0.6526028093689533 0.31186519684630964 0.0045305965198406285 0.0026721333547777347
0 0.6647922714342391 0.3033022240503174 0.004746339211261699 0.0020648303196010077
0 0.6647922714342391 0.3008122816060928 0.005609309976945695 0.0021862909266362964
0 0.6896026809476525 0.3172094635558651 0.003020397679893847 0.001943369712565577
0 0.6974772891845186 0.31441586959405204 0.003667625754156774 0.0024292121407070155
0 0.7072935816441737 0.30445609981715327 0.0025889122970518485 0.0024292121407070155
0 0.7023314997414909 0.302087617979964 0.0043148538284197005 0.00230775153367162
0 0.7350165174917704 0.31046839986540314 0.0028046549884729187 0.002064830319600972
0 0.7395471140116112 0.3028771119256938 0.003236140371314775 0.0024292121407070155
0 0.6219673471871731 0.31447659989756976 0.0032361403713149174 0.002064830319600972
0 0.6247720021756459 0.3098003665267087 0.004530596519840771 0.0019433697125656123
0 0.6404133473036674 0.3058528967980598 0.003020397679893776 0.001578987891459569
0 0.5909003996225508 0.3184847999297363 0.0023731696056308493 0.002550672747742411
0 0.5842123761885003 0.3186669908402893 0.003236140371314704 0.0017004484984949287
0 0.5989907505508378 0.31301907261314554 0.0043148538284197005 0.001578987891459569
0 0.6076204582076774 0.3106505907759562 0.002157426914209779 0.0017004484984948932
0 0.607728329553388 0.30755334529655476 0.0023731696056309205 0.002793593961813059
0 0.595970352870944 0.30828210893876684 0.0043148538284197005 0.0013360666773888496
0 0.6000694640079428 0.307128233171931 0.003883368445577773 0.0014575272844241738
0 0.6104251131961501 0.3031200331397644 0.004314853828419772 0.001700448498494964
0 0.6190548208529897 0.3064601998332366 0.003020397679893776 0.0023077515336716913
0 0.604707931873494 0.30245199980106996 0.0040991111369987725 0.0010931454633181304
0 0.6158186804816749 0.2985045300724211 0.003883368445577702 0.001943369712565648
0 0.6211043764214891 0.2986867209829741 0.004099111136998701 0.0013360666773888496
0 0.6260664583241717 0.29668262096689085 0.0036676257541566316 0.0014575272844242094
0 0.5848784364422972 0.2717073779380799 0.0043148538284197005 0.001943369712565577
0 0.5748464012912212 0.279359396181307 0.0023731696056308493 0.002186290926636261
0 0.5797006118481935 0.2788735537531656 0.004314853828419629 0.0017004484984949996
0 0.5839075943309028 0.2765050719159763 0.0023731696056308493 0.0018219091055303239
0 0.5844469510594553 0.2902301205109709 0.0034518830627358454 0.0018219091055302528
0 0.6176713255382872 0.2902908508144886 0.0025889122970518485 0.0017004484984949287
0 0.6152981559326564 0.288347481101923 0.003020397679893776 0.00121460607035349
0 0.6181028109211293 0.28646484169287506 0.002157426914209779 0.0015789878914595334
0 0.6219861793667072 0.2827602931782969 0.0025889122970518485 0.0012146060703534544
0 0.6493855011771725 0.2905337720285593 0.002157426914209992 0.0017004484984949287
0 0.657799466142591 0.28087765376924895 0.0034518830627358454 0.002550672747742411
0 0.6636245188109576 0.2855538871401099 0.003020397679893847 0.0014575272844242094
0 0.6650268463051942 0.2882260204948876 0.0023731696056309205 0.0017004484984949287
0 0.6826098756560046 0.2905337720285593 0.003020397679893847 0.00121460607035349
0 0.7188546478147305 0.28707214472805176 0.003883368445577844 0.001578987891459569
0 0.7280237122001225 0.2902301205109709 0.004530596519840771 0.0018219091055302528
0 0.7399974315739872 0.28907624474413507 0.0034518830627359876 0.0014575272844242803
0 0.743665057328144 0.28737579624564014 0.0025889122970518485 0.0021862909266362964
0 0.33847840349317854 0.3247029850205189 0.0018515971550058907 0.002710311499646849
0 0.2993636874985835 0.31460212947514665 0.004382478473386655 0.0022205556210124298
0 0.33310877174366155 0.3158974535874039 0.004820726320725371 0.0025906482245144956
0 0.3093338260255384 0.29609749930004314 0.004601602397056084 0.003207469230351343
0 0.29530989491070075 0.27888819323719694 0.0037251067023787955 0.0018504630175102932
0 0.3202900222090052 0.282897529775136 0.0037251067023787244 0.0017270988163429735
0 0.33497132509485084 0.291718070158602 0.004601602397056084 0.0018504630175103288
0 0.33398526743833884 0.28690686631307505 0.0035059827787094376 0.0020971914198450394
0 0.3368338784460403 0.2851797674967321 0.003505982778709367 0.002097191419845075
0 0.342531100461443 0.2772227765214376 0.004382478473386726 0.0017270988163429735
0 0.29033919886187237 0.21335838591894318 0.003944230626048082 0.002343919822179785
0 0.29614598283910987 0.22341256831408277 0.004601602397056048 0.0024672840233471048
0 0.3584867391230364 0.21946491387672737 0.0035059827787092958 0.001973827218677684
0 0.37196286042870064 0.22310415781116436 0.005039850244394728 0.0025906482245144956
0 0.38971189824591695 0.2171826761551313 0.004163354549717439 0.0016037346151756538
0 0.39047883197875977 0.23365179701097338 0.003505982778709367 0.0024672840233471403
0 0.3963951779178318 0.23766113354891247 0.0030677349313707226 0.002097191419845075
0 0.3951899963376505 0.2463583097312111 0.002848611007701223 0.0019738272186777196
0 0.3808373793373089 0.2602367823625387 0.003944230626048082 0.0018504630175103997
0 0.4153493973152295 0.26116201387129384 0.0028486110077013647 0.0019738272186777196
0 0.4398912767661953 0.26165547067596334 0.004601602397056084 0.0022205556210124653
0 0.4280585848880511 0.26011341816137135 0.0024103631603625787 0.0011102778105061973
0 0.36363615132926586 0.24296579419910877 0.00328685885504008 0.002097191419845075
0 0.3777696444059381 0.24364429730552925 0.004382478473386726 0.001973827218677684
0 0.3431480644661828 0.20490793813897926 0.0026294870840320073 0.001973827218677684
0 0.31203246730513684 0.19972664168995027 0.003505982778709473 0.0012336420116735524
0 0.4148015875060561 0.236982630442492 0.003944230626048082 0.0017270988163429735
0 0.44712236624728346 0.2483321369498888 0.002848611007701436 0.0019738272186777196
0 0.4612558593239558 0.25160128828082373 0.0017529913893547188 0.0013570062128409788
0 0.4673913291866971 0.25190969878374214 0.003944230626048082 0.001973827218677755
0 0.4703495021562333 0.256350810025767 0.0028486110077012936 0.0024672840233471403
0 0.47473198062961997 0.25326670499658305 0.0024103631603627205 0.0022205556210124298
0 0.47407460885861197 0.24870222955339083 0.0024103631603627916 0.001973827218677684
0 0.46629570956835054 0.2471601770387989 0.003944230626048082 0.002097191419845075
0 0.47451285670595067 0.2461115813288764 0.0024103631603627205 0.001480370414008334
0 0.4917140847139937 0.24931905055922765 0.002191239236693434 0.001973827218677684
0 0.4811961363778654 0.2410536490810148 0.003505982778709367 0.0022205556210124298
0 0.4306880719720831 0.23229479079813245 0.002848611007701436 0.0014803704140082274
0 0.4330984351324459 0.22680508384618506 0.00328685885504008 0.002343919822179785
0 0.4358374841783126 0.22988918887536897 0.0026294870840320784 0.0016037346151755827
0 0.43890521910968333 0.23217142659696507 0.0030677349313707226 0.001973827218677684
0 0.4461363085907714 0.23001255307653634 0.0035059827787094376 0.0018504630175102932
0 0.44997097725498486 0.23032096357945472 0.0028486110077012936 0.001480370414008263
0 0.4706781880417373 0.23507048532439798 0.0030677349313707226 0.002097191419845075
0 0.4808674504923614 0.23198638029521404 0.0028486110077012936 0.0018504630175103641
0 0.47900489714117206 0.22871722896427907 0.0017529913893547188 0.001973827218677684
0 0.4688156346905479 0.21601071624404133 0.003286858855040009 0.002714012425681851
0 0.45490126553754495 0.21853968236797214 0.0035059827787094376 0.0020971914198450394
0 0.4561064471177263 0.20897895677750206 0.003286858855040009 0.0019738272186777196
0 0.4441641932777474 0.2161957625457924 0.003944230626048011 0.0018504630175103641
0 0.426086469575027 0.2042294350325588 0.004163354549717439 0.0018504630175103288
0 0.42071793344512826 0.20015841639403603 0.0035059827787095087 0.002097191419845075
0 0.40603663055928263 0.20311915722205257 0.0026294870840320073 0.0020971914198450394
0 0.30523962567138735 0.146865081489738 0.003505982778709367 0.0018504630175103466
0 0.30052846131249655 0.15303329154810583 0.004163354549717368 0.0018504630175103466
0 0.3065543692134034 0.16999586920861737 0.003944230626048047 0.001233642011673588
0 0.31564801204568094 0.16913231980044585 0.003725106702378689 0.0019738272186777196
0 0.31268983907614484 0.1807902368107611 0.004382478473386762 0.00259064822451446
0 0.3328492400537239 0.19226310751932524 0.004820726320725441 0.0016037346151756182
0 0.35739111950468966 0.19571730515201122 0.003505982778709367 0.0016037346151755827
0 0.3811660652228129 0.19633412615784798 0.0037251067023787955 0.0018504630175103288
0 0.39168401355894106 0.19429861683858662 0.003286858855039938 0.0022205556210124653
0 0.32075475278063836 0.13941119556729523 0.004051638982492314 0.0024330936181320693
0 0.34709040616683806 0.14921960421539016 0.003781529716992722 0.0025851619692653215
0 0.3564091758265702 0.15545440661185364 0.004051638982492278 0.0022810252669988353
0 0.36694343718105016 0.15393372310052106 0.004591857513491249 0.0022810252669988175
0 0.36086597870731185 0.14997994597105646 0.002701092654994781 0.0022810252669988353
0 0.3499265534545826 0.1855639401362381 0.004051638982492278 0.0025851619692653215
0 0.3534379739060759 0.18700858947200402 0.002430983389495438 0.001824820213599061
0 0.3797736272922758 0.17180175435867853 0.002701092654994781 0.0021289569158655652
0 0.38490570333676594 0.17362657457227754 0.004321748247991764 0.0024330936181320693
0 0.3981410573462407 0.17735224917504233 0.004321748247991764 0.0031934353737983656
0 0.4135372854797113 0.17157365183197862 0.0048619667789906625 0.0022810252669988175
0 0.4221807819756948 0.17507122390804353 0.005402185309989704 0.002585161969265357
0 0.4714757229293508 0.20236749293646278 0.005132076044490219 0.0036496404271980864
0 0.47633768970834156 0.1927111526395011 0.004051638982492349 0.002281025266998853
0 0.5003774143377957 0.1939276994485671 0.00621251310648816 0.0022810252669988175
0 0.5368421651802262 0.1892896147390028 0.006752731637486988 0.0033455037249315823
0 0.5298193242772395 0.18297877816697272 0.00567229457548919 0.002889298671531826
0 0.5061847635460346 0.20381214227222869 0.005402185309989704 0.001976888564732313
0 0.5130725498162715 0.20487662073016147 0.004591857513491249 0.0019768885647323486
0 0.5368421651802261 0.20677747511932715 0.0029712019204942665 0.0018248202135990254
0 0.5429196236539646 0.20108335987128484 0.0032413111859938225 0.004122741319507419
0 0.477688236035839 0.18130602630450696 0.004591857513491249 0.0025851619692653927
0 0.4701251766018534 0.17636380489267617 0.0029712019204943376 0.001824820213599061
0 0.47957900089433536 0.16609919119118147 0.004051638982492136 0.002585161969265357
0 0.5024032338290418 0.1724860619387782 0.004861966778990734 0.001672751862465809
0 0.5121271673870232 0.1765158732438094 0.007022840902986545 0.0036496404271980864
0 0.4921390817400614 0.18221843641130647 0.005942403840988746 0.002889298671531826
0 0.4500020363221418 0.18107792377780707 0.0048619667789906625 0.0018248202135990254
0 0.45715993185787807 0.18077378707554054 0.004591857513491178 0.0015206835113325923
0 0.45932080598187397 0.16328592669521627 0.0029712019204943376 0.0009124101067995127
0 0.45999607914562274 0.1603205938481178 0.004321748247991835 0.003497572076064834
0 0.4077299362714724 0.14640633971942496 0.0029712019204942665 0.0018248202135990965
0 0.40691960847497394 0.14306083599449335 0.003511420451493308 0.0024330936181320693
0 0.4144826679089595 0.14199635753656056 0.0029712019204943376 0.0021289569158655652
0 0.43366042575942304 0.1515766636579556 0.002430983389495438 0.0021289569158655652
0 0.4379821740074146 0.15241303958918853 0.003511420451493379 0.0016727518624657912
0 0.4429791954191551 0.15454199650505412 0.002701092654994852 0.0013686151601992869
0 0.4460854519723992 0.15834370528338546 0.002430983389495438 0.0025851619692653393
0 0.4379821740074146 0.16549091778664846 0.003511420451493379 0.0013686151601993047
0 0.4358212998834188 0.14290876764336008 0.003511420451493379 0.0024330936181320693
0 0.612198150748001 0.2640085698009464 0.003334124339526312 0.0023036804157891668
0 0.625004219233909 0.26588564273233006 0.0034856754458685657 0.0016211084407404285
0 0.6168204594914353 0.2762522046033812 0.004394982083921093 0.001706429937621614
0 0.6129559062797115 0.28094488693184055 0.0045465331902631335 0.0018770729313837364
0 0.5977250200923296 0.28175544115221074 0.0022732665951316023 0.0024743234095512888
0 0.6015137977508824 0.28213938788817566 0.0034856754458684946 0.0013651439500972984
0 0.5621862856551055 0.27911047474889733 0.002727919914157937 0.0026449664033134823
0 0.4983074943319073 0.266824179198022 0.0034856754458684946 0.0021330374220269732
0 0.49512492109872297 0.25645761732697087 0.0037887776585527177 0.0018770729313837364
0 0.5042937630324205 0.25769477903174653 0.005152737615631651 0.002303680415789131
0 0.5186911181349207 0.25957185196313026 0.002727919914157866 0.0014504654469782708
0 0.5272537556432497 0.26840262689032196 0.00409187987123687 0.0020477159251458942
0 0.5367256997896315 0.26938382410445433 0.002727919914157866 0.0019623944282647797
0 0.5420299885116053 0.2730953092187813 0.003637226552210535 0.0022183589189080878
0 0.5440759284472237 0.276550829842465 0.003182573233184414 0.0014504654469783419
0 0.5389989663847631 0.27693477657842985 0.00303102212684216 0.0010238579625729471
0 0.5507441771262764 0.26008378094441675 0.004698084296605316 0.0023036804157891668
0 0.5581701813370397 0.2656723389901274 0.0034856754458683524 0.002047715925145823
0 0.57832647848054 0.2713035577842786 0.0031825732331841293 0.001535786943859385
0 0.5061881518616969 0.24805344988418462 0.004698084296605316 0.0031568953845998848
0 0.519069995900776 0.24711491341849276 0.0028794710204999774 0.001791751434502693
0 0.5880182926073765 0.2589507430340748 0.003031022126842089 0.0020477159251458942
0 0.5940045613078898 0.2589507430340748 0.005001186509289468 0.0015357869438594207
0 0.5994604011362056 0.2517837372960642 0.0028794710205001196 0.0027302879001945258
0 0.6088565697294163 0.25050391484284795 0.0028794710204999774 0.0020477159251458587
0 0.6218141893216665 0.24794426993641558 0.00394032876489483 0.0022183589189080878
0 0.6246178847889955 0.24401948107988594 0.005001186509289468 0.002218358918908052
0 0.6257545180865612 0.24030799596555902 0.003334124339526383 0.0026449664033134468
0 0.6278004580221797 0.23083730981175926 0.0031825732331843427 0.0023036804157891668
0 0.588700272585916 0.2504185933459669 0.0034856754458684235 0.0017064299376216496
0 0.5758184285468368 0.24768830544577233 0.0028794710204999774 0.002218358918908052
0 0.5727116308668238 0.24636582224411563 0.003334124339526312 0.0024743234095512888
0 0.556041009169192 0.2449580175455778 0.003637226552210535 0.0013651439500972273
0 0.5601328890404288 0.24081992494684548 0.003334124339526383 0.0024743234095512888
0 0.5696806087399815 0.24256901563290761 0.0036372265522106773 0.0020477159251458587
0 0.5772581640570869 0.24256901563290761 0.004546533190263205 0.0018770729313837009
0 0.5850630460337054 0.24355021284704 0.0034856754458684946 0.001962394428264851
0 0.588776048139087 0.24389149883456432 0.00303102212684216 0.0024743234095512888
0 0.597262910094245 0.24760298394889124 0.002727919914157937 0.0015357869438594207
0 0.598702645604495 0.24564058952062645 0.003788777658552789 0.001877072931383772
0 0.6020367699440214 0.2449580175455778 0.00409187987123687 0.0020477159251458942
0 0.5260338901134546 0.25617779438543975 0.002121715488789491 0.0012798224532161839
0 0.494208157781612 0.23702311833563747 0.002727919914157937 0.0015357869438594207
0 0.5017099375455465 0.23403686594479972 0.0037887776585527177 0.0013651439500972984
0 0.5069384507143491 0.23471943791984834 0.0036372265522106773 0.001706429937621543
0 0.5112576572450992 0.23378090145415648 0.0025763688078158254 0.0013651439500972629
0 0.5148191082441387 0.23523136690113483 0.003940328764894687 0.0013651439500972984
0 0.5517975781916128 0.2355299921402186 0.004243430977579053 0.001962394428264851
0 0.5631639111672709 0.2306666668179971 0.004243430977579053 0.0016211084407404997
0 0.57604575520635 0.22866161164129173 0.0024248177014736427 0.001706429937621614
0 0.5677862199107051 0.2237556255706297 0.0034856754458684235 0.0028156093970756403
0 0.5536161914677181 0.22610196673485938 0.004849635402947499 0.0020477159251459298
0 0.5545254981057708 0.22153726665172166 0.00303102212684216 0.001791751434502693
0 0.5602844401467708 0.2142849394168299 0.003031022126842231 0.0017917514345026574
0 0.5719538753351131 0.2130051169636137 0.005152737615631651 0.0026449664033134468
0 0.5877151903946922 0.21364502819022185 0.00394032876489483 0.002559644906432332
0 0.5864270059907843 0.2201294619531838 0.0034856754458684946 0.0034128598752431573
0 0.5935499079888634 0.22290241060181892 0.0028794710204999774 0.001791751434502693
0 0.6021883210503636 0.22200653488456756 0.004091879871236941 0.0018770729313837364
0 0.6084776919635609 0.22780839667248096 0.00394032876489483 0.001706429937621614
0 0.6044615876454951 0.2339088836994781 0.0031825732331841293 0.0016211084407404997
0 0.602794525475732 0.2368524753418753 0.00227326659513146 0.00238900191267021
0 0.5843810660551659 0.23655385010279154 0.004243430977578982 0.001962394428264851
0 0.5836233105234554 0.23399420519635913 0.00303102212684216 0.002303680415789131
0 0.5778643684824553 0.23318365097598892 0.003637226552210535 0.0020477159251458942
0 0.5874120881820081 0.23194648927121328 0.0015155110634210444 0.001621108440740464
0 0.5896853547771397 0.23036804157891333 0.0021217154887896326 0.001706429937621543
0 0.5940045613078897 0.23062400606955655 0.0031825732331842004 0.0015357869438594207
0 0.4963298732704016 0.21501017214031912 0.00394032876489483 0.002218358918908052
0 0.5048925107787307 0.22030010494694602 0.004091879871236941 0.0020477159251459298
0 0.5089843906499675 0.22772307517559984 0.0037887776585527177 0.0017064299376215787
0 0.5290649122402967 0.21304777771205427 0.003031022126842089 0.00238900191267021
0 0.5481603516394022 0.2126211702276489 0.0030310221268420178 0.001706429937621543
0 0.529443790006152 0.22136662365795945 0.0037887776585526466 0.0026449664033134468
0 0.5323990365798231 0.22221983862677025 0.002727919914157866 0.002303680415789131
0 0.5352027320471521 0.22541939475981074 0.0019701643824474504 0.0017064299376215787
0 0.6009759121996266 0.21884963949996766 0.0025763688078157543 0.0013651439500972273
0 0.605598220943061 0.21748449554987037 0.002727919914158008 0.0020477159251458942
0 0.6112056118777189 0.22030010494694596 0.0021217154887896326 0.0015357869438594207
0 0.5968082567752186 0.21479686839811635 0.002424817701473714 0.0012798224532161839
0 0.5955958479244817 0.2121519019948029 0.003334124339526383 0.0012798224532161839
0 0.608553467516732 0.2084830776289165 0.001667062169763227 0.0016211084407404997
0 0.622647720406548 0.20908032810708405 0.0022732665951316023 0.001621108440740464
0 0.6266638247246139 0.20844041688047596 0.003334124339526312 0.0015357869438594207
0 0.6297706224046271 0.22038542644382703 0.0025763688078158965 0.0020477159251459298
0 0.5234575213056387 0.21108538328378942 0.0036372265522106773 0.0017064299376215787
0 0.5537677425740603 0.2052408607474355 0.0024248177014736427 0.0021330374220269732
0 0.5753637752278106 0.20084680365805993 0.004394982083921093 0.002218358918908052
0 0.5868816593098107 0.2067339869428544 0.0022732665951316023 0.001194500956335105
0 0.5889275992454291 0.20336378781605177 0.003031022126842089 0.0016211084407404997
0 0.605598220943061 0.2037477345520166 0.0018186132761051966 0.0008532149688107893
0 0.6115087140904031 0.20408902053954095 0.002727919914158008 0.0013651439500972629
0 0.6015063410718241 0.19747660453125732 0.003334124339526383 0.0014504654469783419
0 0.6219657404280085 0.1941917269013358 0.005455839828315945 0.002218358918908052
0 0.6991902306959625 0.2930731518939416 0.0034899268673824224 0.0023115152103011026
0 0.6976505570779997 0.2728473938038073 0.0024634777887406756 0.002080363689270932
0 0.6933394709477037 0.2715760604381417 0.0032846370516541865 0.002080363689270932
0 0.6907733482510987 0.26972684826990084 0.005132245393209587 0.002080363689270932
0 0.7006272594060613 0.2581692722183955 0.004721665761752973 0.0027738182523613375
0 0.684512008871383 0.2475363022510106 0.004926955577481209 0.0016180606472107684
0 0.7208483062553073 0.254933150923974 0.004516375946024596 0.0025426667313312025
0 0.7255699720170603 0.255048726684489 0.0041057963145676975 0.0023115152103011026
0 0.7396323243944546 0.25048348414414445 0.004721665761752831 0.0024270909708160814
0 0.7046304108127647 0.23990830205701705 0.004926955577481351 0.0018492121682408325
0 0.7227985595047269 0.23644102924156546 0.003079347235925809 0.002311515210301067
0 0.7371688466057139 0.244069029435559 0.0047216657617526895 0.0025426667313312025
0 0.7369635567899856 0.23909927173341167 0.0034899268673825646 0.002080363689270932
0 0.7104811705610237 0.27365642412741265 0.003079347235925951 0.0025426667313312025
0 0.7090441418509252 0.2703047270724761 0.003079347235925809 0.0039295758575118
0 0.7283413845293932 0.27348306048664006 0.004311086130296218 0.0021959394497860175
0 0.740350838749504 0.2767191817810616 0.0036952166831109422 0.0017336364077257826
0 0.7255699720170601 0.26753090882011477 0.003284637051654329 0.002080363689270932
0 0.6687046930602972 0.27515890901410833 0.0032846370516541865 0.0023115152103011026
0 0.6622380638648531 0.27365642412741265 0.0030793472359256667 0.0025426667313312025
0 0.6509471239997918 0.2744076665707605 0.004721665761752973 0.0015024848866956831
0 0.635139808188706 0.26313902992054283 0.004311086130296076 0.0025426667313311314
0 0.6598772309839765 0.26585506029264655 0.0041057963145676975 0.001964787928755847
0 0.66069839024689 0.26816657550294765 0.0032846370516541865 0.001271333365665619
0 0.6382460370995527 0.2509727639584383 0.00410579631456784 0.0015024848866956831
0 0.633113791706343 0.24496282441165554 0.002874057420197573 0.0021959394497860175
0 0.6345508204164417 0.24288246072238462 0.003284637051654116 0.002195939449785982
0 0.6333190815220714 0.23872173334384267 0.0024634777887406756 0.0031205455339064513
0 0.6351666898636268 0.23571676357045132 0.00205289815728392 0.001964787928755882
0 0.6345508204164417 0.23352082412066527 0.003284637051654116 0.0017336364077257826
0 0.6504607811353916 0.2403397939910534 0.004311086130296076 0.001271333365665548
0 0.6547718672656876 0.2391840363859029 0.0026687676044689114 0.0021959394497860175
0 0.6509740056747125 0.23675694541508677 0.0032846370516541865 0.0019647879287559176
0 0.6625728802633664 0.23693030905585935 0.003079347235925809 0.002311515210301067
0 0.6632913946184158 0.2466386729391238 0.0032846370516541865 0.002542666731331238
0 0.6529242589241323 0.24450052136959533 0.0030793472359256667 0.0017336364077257826
0 0.6661654520386132 0.243807066806505 0.0032846370516540447 0.0015024848866957185
0 0.6699633136295884 0.24270909708161204 0.0034899268673827064 0.001849212168240797
0 0.6805357391396001 0.23213391499448463 0.004516375946024454 0.0024270909708161525
0 0.6542586427263669 0.22167430866787227 0.005337535208937965 0.002311515210301067
0 0.6688342196430821 0.22288785415328036 0.0036952166831109422 0.002195939449786053
0 0.6431729926770339 0.22433255115971854 0.0024634777887405333 0.0018492121682408325
0 0.6363984287579971 0.21554879336057448 0.004105796314567769 0.0025426667313312025
0 0.6407095148882934 0.2201718237811766 0.0041057963145676975 0.0027738182523612664
0 0.6469708542680089 0.2154332176000594 0.0034899268673824224 0.0018492121682408679
0 0.697369504029328 0.22306121779405294 0.0036952166831108 0.002080363689270932
0 0.704349357764093 0.22074970258375187 0.0032846370516541865 0.002080363689270932
0 0.7178984856021665 0.2238702481176583 0.004926955577481209 0.0020803636892709676
0 0.7197460939437221 0.21953615709834381 0.0028740574201974313 0.0024270909708161525
0 0.6412227394276142 0.19376276250348695 0.005132245393209587 0.0019647879287559176
0 0.6367063634815898 0.19798127776228636 0.004311086130296076 0.0020803636892709676
0 0.6465602746365523 0.19728782319919602 0.0039005064988393203 0.002311515210301067
0 0.6524110343848113 0.20254652030263096 0.004516375946024454 0.0028893940128763163
0 0.6863864988878592 0.20381785366829658 0.0030793472359256667 0.0024270909708161525
0 0.6929557729911676 0.21005894473610945 0.003900506498839462 0.002427090970816117
0 0.701167365620303 0.2126016114674406 0.005132245393209729 0.0021959394497860175
0 0.7239545351661539 0.21161921750306267 0.004311086130296076 0.002311515210301067
0 0.7330899319660671 0.209134338651989 0.0032846370516541865 0.002195939449785982
0 0.7270338824020797 0.19983048993052724 0.005132245393209729 0.0020803636892709676
0 0.7385301120828693 0.20035058085284496 0.004311086130296076 0.001964787928755882
0 0.717179971247117 0.21358400543181857 0.003900506498839462 0.0016180606472107329
0 0.5957510452437768 0.1854990956266606 0.004516375946024596 0.002542666731331167
0 0.6070419851088379 0.18625033807000846 0.00574811484039472 0.0012713333656655835
0 0.6137139041200105 0.17954694396013537 0.0039005064988393203 0.001964787928755882
0 0.6243889745378867 0.17977809548116547 0.004311086130296076 0.002427090970816117
0 0.6185382147896276 0.18821512599876436 0.003695216683110871 0.002427090970816117
0 0.6802278044160076 0.17844897423524236 0.0039005064988393203 0.0016180606472107684
0 0.672426791418329 0.17891127727730258 0.0039005064988393203 0.002311515210301067
0 0.6594935330274406 0.17567515598288108 0.003079347235925809 0.0018492121682408679
0 0.6774563919036745 0.18451670166228265 0.003284637051654329 0.0024270909708160814
0 0.6763272979171683 0.1921447018562762 0.004311086130296076 0.0021959394497860175
0 0.7023991045146732 0.1915090351734434 0.004311086130296218 0.002080363689271003
0 0.7131768198404136 0.19237585337730628 0.004516375946024596 0.0021959394497860175
0 0.7013726554360313 0.18682821687258375 0.007595723181950405 0.0019647879287559176
0 0.7082498642629323 0.17642639842622893 0.0036952166831110845 0.002889394012876352
0 0.7261100782313019 0.17105212556227894 0.004105796314567556 0.0030049697733913663
0 0.7342190259525733 0.17417267109618537 0.004311086130296076 0.002773818252361302
0 0.7261100782313019 0.18960203512494503 0.004516375946024454 0.0026582424918462164
0 0.5988303924797026 0.17983588336142298 0.0032846370516542577 0.0032361212944215013
0 0.5998568415583445 0.17365258017386764 0.003695216683110871 0.0019647879287559176
0 0.6107372017919489 0.170185307358416 0.0024634777887406756 0.0021959394497860175
0 0.5998568415583443 0.16810494366914508 0.006569274103308303 0.0042763031390569495
0 0.6058102462144677 0.1577609131030478 0.0032846370516541865 0.002311515210301067
0 0.5929796327314435 0.1646376708536935 0.0034899268673825646 0.0017336364077258182
0 0.5934928572707645 0.15481373120991393 0.004516375946024525 0.0017336364077258182
0 0.596982784138147 0.1436606703202113 0.0036952166831109422 0.0016180606472107506
0 0.6061181809380602 0.140771276307335 0.004311086130296076 0.0013869091261806332
0 0.615048287922245 0.14244712483480323 0.004516375946024525 0.0019647879287559
0 0.6333190815220714 0.13978888234295703 0.004516375946024525 0.0019647879287559
0 0.6506660709511201 0.14094463994810755 0.003900506498839462 0.0021959394497860353
0 0.6567221205151074 0.15076857959188708 0.005337535208937965 0.0033516970549365335
0 0.6587750186723912 0.1607658828764392 0.0041057963145676975 0.0023115152103010492
0 0.6507687158589843 0.16562006481807146 0.0036952166831109422 0.002080363689270932
0 0.6351666898636269 0.163597489009058 0.004105796314567769 0.0012713333656655835
0 0.6348587551400343 0.1586277313069107 0.0039005064988393203 0.0021959394497859997
0 0.6402989352568365 0.1542936402875962 0.0024634777887406045 0.002542666731331167
0 0.633627016245664 0.15261779176012794 0.005542825024666413 0.0021959394497860353
0 0.6285974157603185 0.15065300383137203 0.004516375946024525 0.0012713333656656012
0 0.6309582486411949 0.14857264014210106 0.0034899268673825646 0.0017336364077257826
0 0.6404015801647007 0.14695457949489033 0.0034899268673825646 0.0026582424918462164
0 0.6132006795806896 0.1499017613880242 0.0024634777887405333 0.0020803636892709498
0 0.6641125538813293 0.14458527640433172 0.0032846370516540447 0.0020803636892709676
0 0.6679104154723043 0.15608506457557955 0.0026687676044689114 0.002658242491846234
0 0.6760193631935758 0.15856994342665318 0.004516375946024454 0.0020803636892709676
0 0.7019885248832165 0.1685094588309478 0.005953404656123098 0.0018492121682408325
0 0.6738638201284277 0.17261239832923217 0.0034899268673827064 0.002427090970816117
0 0.6900817155709703 0.16353970112880048 0.0026687676044689114 0.0013869091261806332
0 0.685257404901353 0.15897445858845585 0.0036952166831108 0.0019647879287559
0 0.7315502583481042 0.1592633979897435 0.0034899268673825646 0.0018492121682408857
0 0.7186169999572158 0.15475594332965642 0.0039005064988393203 0.0020803636892709498
0 0.6953166058720441 0.15094194323265966 0.0032846370516541865 0.002773818252361284
0 0.691621389188933 0.15134645839446234 0.0024634777887406756 0.002427090970816117
0 0.6817674780339706 0.1519243371970376 0.0032846370516541865 0.0015024848866957007
0 0.6864891437957235 0.14394960972149892 0.0032846370516540447 0.0021959394497860175
0 0.6983959531079696 0.14614554917128494 0.0032846370516541865 0.0021959394497860175
0 0.7027070392382657 0.1470701552554054 0.0024634777887406756 0.0015024848866957185
0 0.7191302244965369 0.14724351889617796 0.0016423185258270224 0.0018492121682408503
0 0.5473976965126177 0.18403629226708915 0.003188508918587587 0.002991821926376481
0 0.5545718415794396 0.18413601966463503 0.003365648302953375 0.002194002746009467
0 0.5741457435518798 0.18917225324070217 0.006377017837175032 0.0030915493239223935
0 0.5845969672294723 0.18268997240021975 0.004251345224783449 0.0020942753484635545
0 0.5907968456822814 0.19400903202167746 0.004959902762247381 0.002194002746009467
0 0.5830027127701786 0.17381423401863613 0.00460562399351538 0.003091549323922358
0 0.552003320506133 0.1681297723585208 0.00495990276224731 0.002094275348463519
0 0.5649344955648492 0.17196927716403732 0.00460562399351538 0.0019945479509176065
0 0.5711343740176582 0.1666338613953326 0.005668460299711242 0.0016953657582800118
0 0.5548375506559886 0.15965294356712073 0.004959902762247239 0.0024931849386470974
0 0.5643145077195681 0.1579575778088407 0.002657090765489585 0.0018948205533717833
0 0.5286209217698243 0.15925403397693721 0.0038970664560514477 0.0012964561680964516
0 0.5340236729929866 0.16239544699963254 0.006554157221541104 0.0021940027460094313
0 0.509755577334848 0.15686057643583604 0.0033656483029535877 0.0014959109631882406
0 0.503201420113307 0.15571371136405837 0.003011369534221657 0.0017950931558259064
0 0.5278753654106044 0.14340799767098 0.006731296605907104 0.002194002746009449
0 0.5352266498617924 0.1458014552120812 0.0033656483029535877 0.002393457541101203
0 0.544615037233189 0.14884314083723066 0.0033656483029535877 0.0020942753484635723
0 0.5662260421258379 0.1515357805709695 0.004428484609149379 0.002493184938647062
0 0.5749944416519537 0.1540289655096166 0.002479951381123513 0.0028920945288306043
0 0.48103798148277876 0.17182834603392685 0.002139106199323422 0.001667480846633076
0 0.481202528113496 0.15895168838492704 0.0034554792450609286 0.0018527564962589338
0 0.46581741814143895 0.1482520196190315 0.0026327460914750845 0.0015748430218201115
0 0.46803879765612094 0.13935878843698848 0.0034554792450609286 0.0019453943210719338
0 0.4747029362001671 0.13977565864864674 0.0036200258757780545 0.001482205197007147
0 0.4784052353913038 0.14287902577988054 0.002468199460757887 0.001389567372194236
