0 0.3851815748813889 0.9177098586002588 0.011069614179667439 0.01893401483533893
0 0.4060908461096496 0.8674618961526293 0.010249642758951367 0.021846940194621568
0 0.3185588969482056 0.8183062807147305 0.01065962846930926 0.01674932081587656
0 0.31589398983087824 0.7818947137236947 0.007789728496802972 0.019662246175159482
0 0.30502936850638995 0.7917258368112744 0.00819971420716101 0.02184694019462171
0 0.33680326105913894 0.8430661462686351 0.011889585600383511 0.02257517153444212
0 0.5079722951336252 0.8554460790455871 0.018039371255754305 0.0298574849326495
0 0.45098428139385605 0.8183062807147305 0.01639942841432202 0.021118708854800872
0 0.33741823962467593 0.8707389371818224 0.009019685627877081 0.012379932776952245
0 0.3493078252250594 0.8634566237836151 0.009839657048593225 0.021118708854800872
0 0.36140240368062193 0.8339632545208759 0.013529528441815658 0.016021089476055864
0 0.571110094528765 0.9271768660179279 0.012299571310741584 0.01310816411677294
0 0.5499958304453254 0.8401532209093523 0.007789728496802937 0.016749320815876417
0 0.4723035383324748 0.8102957359767027 0.010659628469309368 0.013836395456593636
0 0.47107358120140064 0.7174462401495612 0.009019685627877224 0.018934014835338644
0 0.31035918274104457 0.7290979415866926 0.013119542731457656 0.01602108947605572
0 0.32983350398305206 0.673752359760318 0.00860969991751908 0.018934014835338644
0 0.34131310387307745 0.6759370537797801 0.011069614179667439 0.020390477514980177
0 0.3554576108804302 0.6664700463621108 0.01147959989002537 0.018934014835338787
0 0.3829266534744197 0.6803064418187046 0.009839657048593225 0.021846940194621568
0 0.514942052209712 0.701061035003595 0.00819971420716101 0.01820578349551795
0 0.5581955446524864 0.6810346731585252 0.010249642758951367 0.018934014835338644
0 0.6100587370127798 0.9191663212799003 0.014759485572890014 0.018934014835338787
0 0.5348263591620775 0.752765460130866 0.010249642758951296 0.018205783495517807
0 0.5208868450099038 0.7283697102468719 0.009429671338235081 0.014564626796414189
0 0.6289180796892502 0.8911294146968024 0.013119542731457656 0.010923470097310855
0 0.6324029582272936 0.9071505041728583 0.006969757076086935 0.016749320815876417
0 0.6160035298129717 0.7105280424212643 0.006969757076086864 0.01820578349551795
0 0.6073938298954524 0.7767970943449497 0.007789728496803008 0.012379932776952103
0 0.6258431868615648 0.7582271951795214 0.012709557021099514 0.014564626796414473
0 0.32142879692071197 0.49301261705862637 0.01475948557288973 0.03932449235031882
0 0.35258771090792396 0.596057351643258 0.009019685627877081 0.016749320815876417
0 0.36755218933599276 0.5174083669426204 0.008609699917519151 0.01966224617515934
0 0.3349583253625276 0.4052607406102298 0.012299571310741584 0.01820578349551795
0 0.3923563248126548 0.3903319981439051 0.009019685627877153 0.018934014835338714
0 0.39420126050926596 0.3612027445510763 0.011889585600383511 0.017477552155697254
0 0.4188004031307491 0.3979784272120226 0.011069614179667368 0.016749320815876628
0 0.4729185168980118 0.41399951668807844 0.006969757076086935 0.018205783495517876
0 0.46471880269085075 0.43438999420305857 0.009429671338235081 0.013836395456593636
0 0.4628738669942395 0.538162960127511 0.013119542731457656 0.016021089476055933
0 0.6086237870265266 0.43693880389243106 0.010249642758951367 0.020390477514980104
0 0.5348263591620775 0.3877831884545326 0.006969757076086935 0.0211187088548008
0 0.5212968307202618 0.38268556907578755 0.011069614179667439 0.024031634214083723
0 0.5776698658944938 0.3786802967067736 0.009019685627877153 0.018934014835338644
0 0.45569911706297367 0.3404481513661859 0.008609699917519151 0.019662246175159482
0 0.43028000302077457 0.328432334259144 0.011069614179667368 0.021846940194621568
0 0.44175960291079996 0.3298887969387854 0.008609699917519009 0.018934014835338644
0 0.36222237510133803 0.2840102225300802 0.008609699917519009 0.01747755215569722
0 0.34213307529379355 0.2530603905876997 0.011889585600383583 0.019662246175159374
0 0.36119741082544293 0.215920592256843 0.01147959989002537 0.01966224617515941
0 0.33229341824520037 0.15766208507118556 0.00860969991751908 0.013836395456593636
0 0.32634862544500864 0.12816871580844644 0.00819971420716101 0.020390477514980104
0 0.33270340395555836 0.1252557904491636 0.006149785655370792 0.013108164116772958
0 0.32450368974839733 0.27345086810267977 0.016809414124680126 0.016749320815876524
0 0.3226587540517861 0.2832819911902595 0.00983965704859326 0.007282313398207237
0 0.35668756801150436 0.11469643602176316 0.01147959989002544 0.021118708854800838
0 0.3591474822736527 0.173319058877331 0.00819971420716101 0.017477552155697254
0 0.34459298955594186 0.10741412262355597 0.00532981423465472 0.015292858136235097
0 0.36898713932224586 0.11797347705095639 0.004099857103580576 0.017477552155697237
0 0.37985176064673426 0.11396820468194244 0.006969757076086864 0.01820578349551795
0 0.3763668821086908 0.15948266342073733 0.0065597713657287214 0.014564626796414383
0 0.3847715891710308 0.18315018196491067 0.00860969991751908 0.015292858136235061
0 0.38702651057800014 0.15656973806145447 0.007379742786444936 0.01893401483533868
0 0.4304849958759535 0.09940357788552807 0.009839657048593296 0.022575171534442263
0 0.41511053173752654 0.21956174895594663 0.005329814234654649 0.016749320815876524
0 0.41326559604091545 0.24687042419922356 0.01147959989002537 0.023303402874262993
0 0.4245402030757618 0.2188335176161259 0.015169471283247873 0.013836395456593636
0 0.41367558175127345 0.10632177561382491 0.010659628469309297 0.018934014835338697
0 0.4214653102480763 0.1190658240606874 0.012299571310741513 0.008010544738027895
0 0.4442195171729482 0.28947195757873556 0.011069614179667439 0.018205783495517984
0 0.4481143814213497 0.25160392790805824 0.009839657048593296 0.019662246175159374
0 0.4618489027183445 0.2861949165495424 0.006149785655370792 0.014564626796414331
0 0.5100222236854155 0.29748250231676354 0.018039371255754163 0.0138363954565936
0 0.46041395273209124 0.24832688687886503 0.009019685627877153 0.013108164116772975
0 0.46758870266335717 0.24177280482047855 0.006149785655370792 0.014564626796414366
0 0.43991466721418876 0.20172008113033904 0.005739799945012649 0.01602108947605583
0 0.4454494743040225 0.20572535349935298 0.010249642758951367 0.012379932776952245
0 0.4317149530070277 0.17368317454724136 0.010659628469309368 0.01674932081587656
0 0.44093963149008386 0.17186259619768957 0.006149785655370721 0.024759865553904418
0 0.4969026809539578 0.25306039058769964 0.007379742786444936 0.015292858136235097
0 0.5026424808989706 0.20863827885863587 0.009839657048593225 0.013836395456593636
0 0.4872680167605436 0.21919763328603625 0.007789728496803008 0.020390477514980104
0 0.4706635954910425 0.21227943555773943 0.00819971420716108 0.016749320815876486
0 0.4852180882087533 0.20099184979051832 0.010249642758951296 0.011651701437131479
0 0.4761984025808762 0.17987314093571746 0.006969757076086864 0.017477552155697254
0 0.45651908848368977 0.19844304010114577 0.009429671338235223 0.010923470097310818
0 0.4550841384974366 0.1893401483533868 0.009839657048593296 0.008738776077848627
0 0.4548791456422576 0.17623198423661385 0.012709557021099584 0.011651701437131514
0 0.4597989741665542 0.10486531293418347 0.010249642758951296 0.017477552155697254
0 0.47681338114641325 0.11141939499256992 0.010659628469309297 0.017477552155697254
0 0.45651908848368977 0.13909218590575723 0.009429671338235223 0.01602108947605579
0 0.46492379554602986 0.13472279786683294 0.006559771365728721 0.017477552155697254
0 0.4819382025258889 0.13909218590575723 0.007789728496802937 0.013108164116772923
0 0.48583306677429033 0.11979405540050816 0.012299571310741513 0.012379932776952228
0 0.47168855976693763 0.1394563015756676 0.009429671338235223 0.012379932776952174
0 0.4723035383324748 0.1278046001385361 0.006559771365728864 0.00655408205838647
0 0.48460310964321623 0.15584150672163374 0.009839657048593225 0.014564626796414348
0 0.4846031096432163 0.16749320815876523 0.006559771365728864 0.010195238757490052
0 0.5128921236579217 0.22283878998513984 0.009019685627877153 0.020390477514980142
0 0.5217068164306199 0.2261158310143331 0.00532981423465472 0.015292858136235061
0 0.5370812805690468 0.22393113699487097 0.006559771365728793 0.015292858136235132
0 0.5299065306377809 0.18642722299410394 0.013529528441815798 0.011651701437131514
0 0.5335964020310034 0.19989950278078722 0.012709557021099655 0.010923470097310747
0 0.5721350588046602 0.28874372623891487 0.010249642758951367 0.013836395456593707
0 0.5575805660869494 0.2501474652284168 0.011479599890025512 0.01674932081587656
0 0.555120651824801 0.2304852190532574 0.009019685627877153 0.013836395456593636
0 0.5815647301428953 0.2588862413062654 0.013529528441815798 0.01674932081587656
0 0.5682401945562587 0.2548809689372515 0.007379742786444936 0.01747755215569729
0 0.5850496086809387 0.3018518903556878 0.012299571310741584 0.0138363954565936
0 0.579514801591105 0.2741790994425005 0.009429671338235152 0.013836395456593636
0 0.6002190799641868 0.2843743381999906 0.012299571310741513 0.018205783495517984
0 0.5991941156882916 0.3040365843751499 0.012709557021099655 0.012379932776952209
0 0.6149785655370765 0.2920207672681081 0.011479599890025583 0.01747755215569722
0 0.5106372022509525 0.1689496708384067 0.00860969991751908 0.020390477514980142
0 0.5171969736166813 0.15875443208091664 0.008609699917519009 0.018934014835338662
0 0.5356463305827935 0.13690749188629506 0.006149785655370792 0.020390477514980104
0 0.5360563162931516 0.11469643602176316 0.009429671338235152 0.02257517153444228
0 0.5184269307477555 0.10668589128373526 0.009429671338235152 0.01966224617515941
0 0.5071523237129091 0.11906582406068747 0.013119542731457656 0.015292858136235097
0 0.4928028238503772 0.13909218590575723 0.006559771365728793 0.01893401483533868
0 0.5016175166230754 0.12998929415799826 0.006149785655370792 0.010923470097310784
0 0.4989526095057481 0.13545102920665364 0.009019685627877081 0.0072823133982071655
0 0.5653702945837523 0.19006837969320756 0.010659628469309368 0.021846940194621533
0 0.5694701516873327 0.16021089476055805 0.007379742786444936 0.014564626796414383
0 0.5592205089283816 0.16312382011984095 0.00819971420716108 0.013108164116772887
0 0.5485608804590721 0.1707702491879585 0.009839657048593367 0.010923470097310818
0 0.5510207947212206 0.15693385373136484 0.00819971420716101 0.01383639545659367
0 0.5487658733142513 0.13617926054647436 0.006969757076087078 0.010195238757490071
0 0.5526607375626527 0.1445539209544126 0.007379742786444865 0.008010544738027895
0 0.579104815880747 0.13872807023584688 0.0077897284968028654 0.012379932776952228
0 0.5610654446249927 0.12744048446862574 0.007789728496803008 0.017477552155697254
0 0.5625003946112459 0.14200511126504012 0.00819971420716108 0.011651701437131514
0 0.5940692943088158 0.18824780134365576 0.00819971420716101 0.016749320815876524
0 0.6049339156333043 0.18897603268347646 0.006149785655370792 0.016749320815876524
0 0.5946842728743529 0.1372716075562054 0.010249642758951225 0.013836395456593653
0 0.5922243586122047 0.1562056223915441 0.006149785655370721 0.013836395456593618
0 0.5932493228880997 0.16458028279948236 0.00573979994501272 0.008738776077848627
0 0.5813597372877163 0.20317654380998046 0.009839657048593154 0.01747755215569722
0 0.5762349159082407 0.21118708854800836 0.0036898713932225036 0.011651701437131514
0 0.5883294943638031 0.23485460709218164 0.007379742786444935 0.012379932776952245
0 0.5858695801016549 0.2224746743152295 0.007379742786444936 0.012379932776952209
0 0.5889444729293403 0.20791004751881512 0.010249642758951367 0.009467007417669322
0 0.6299430439651453 0.12489167477925321 0.007789728496802937 0.019662246175159392
0 0.6207183654820891 0.15110800301279909 0.0057397999450128625 0.010923470097310818
0 0.6217433297579842 0.16785732382867566 0.007789728496803079 0.016749320815876524
0 0.6098537441576007 0.1948018834020422 0.004509842813938647 0.010923470097310784
0 0.6176434726544039 0.18315018196491067 0.006149785655370863 0.019662246175159374
0 0.6246132297304907 0.18788368567374542 0.0077897284968028654 0.01602108947605583
0 0.6289180796892502 0.20099184979051832 0.01147959989002544 0.010195238757490017
0 0.6213333440476263 0.1278046001385361 0.004509842813938505 0.015292858136235097
0 0.6162085226681506 0.13545102920665364 0.004919828524296506 0.011651701437131514
0 0.6094437584472427 0.12671225312880502 0.006969757076086935 0.023303402874262975
0 0.603293972791872 0.13472279786683292 0.007789728496803079 0.01602108947605579
0 0.6299430439651453 0.23813164812137494 0.007789728496802937 0.018934014835338714
0 0.6470500251614614 0.4087663748136844 0.012760592131711802 0.02188424186383017
0 0.6925921384591228 0.4115019050466631 0.009680449203367658 0.014850021264741926
0 0.7130530879116955 0.3958703037153559 0.011000510458372475 0.02110266179726473
0 0.6855518117657646 0.32122940735836386 0.012320571713377006 0.015631601331307258
0 0.6745513013073924 0.32279256749149454 0.007920367530028187 0.015631601331307296
0 0.7181133227225467 0.34037811898921516 0.01144053087670713 0.014850021264741926
0 0.7726758545960735 0.351711029954413 0.0070403266933583095 0.010942120931915085
0 0.7825763140086087 0.3763308020512218 0.008360387948362984 0.0179763415310034
0 0.7568351195360173 0.31927545719195044 0.010560490040037252 0.013286861131611155
0 0.7702557422952316 0.33334389839012696 0.00924042878503272 0.014850021264741855
0 0.7165732512583746 0.2825411940633784 0.006600306275023229 0.017976341531003293
0 0.7022725876624905 0.27628855353085546 0.008800408366697923 0.01485002126474182
0 0.7273537515075794 0.2372095502025874 0.008800408366697923 0.017976341531003328
0 0.7607953033010315 0.25245036150061195 0.006160285856688574 0.015631601331307223
0 0.7550750378626779 0.27902408376383436 0.011440530876707272 0.014068441198176523
0 0.7535349663985056 0.2966096352615549 0.0074803471116932484 0.011723700998480418
0 0.7636554360202082 0.3016899056942297 0.006600306275023513 0.014068441198176523
0 0.7880765692377948 0.27433460336444215 0.0096804492033678 0.020321081730699433
0 0.7836763650544458 0.2520595714673293 0.0070403266933583095 0.014850021264741926
0 0.7764160281519201 0.23877271033571815 0.00924042878503272 0.013286861131611155
0 0.7821362935902738 0.1942226465414925 0.010120469621702597 0.019539501664134065
0 0.7858764671461204 0.21337135817234387 0.012320571713376865 0.01719476146443796
0 0.7282337923442492 0.14693705251428807 0.012320571713377006 0.02344740199696089
0 0.712833077702528 0.13286861131611158 0.008800408366697923 0.018757921597568714
0 0.6395696780497682 0.2106358279393651 0.005720265438353636 0.011723700998480418
0 0.6323431888717298 0.21268042338148177 0.006248810674578422 0.0064746277703639525
0 0.6348166764304171 0.22146741821268998 0.0039055066716115762 0.008324521419039357
0 0.648095399113896 0.20065611466509156 0.009112848900426797 0.012024308716390167
0 0.6378108982119859 0.18816933253653254 0.007811013343222868 0.01294925554072794
0 0.6984764351776843 0.18215717817833743 0.009373216011867526 0.011099361892052463
0 0.6858486302728071 0.1386846774344652 0.004946975117374706 0.013874202365065624
0 0.6988669858448453 0.13683478378578978 0.008071380454663596 0.011099361892052483
0 0.6445804431094458 0.12550418518765288 0.0078110133432231525 0.01063688847988363
0 0.638201448879147 0.14839661909001112 0.0070299120089006096 0.012949255540727922
0 0.6380712653234266 0.15903350756989476 0.00729027912034141 0.006474627770363934
0 0.6421069555507586 0.16782050240110294 0.005467709340256093 0.007399574594701654
0 0.64601246222237 0.1742951301714669 0.004946975117374706 0.0110993618920525
0 0.671528439143565 0.12111068777204878 0.004946975117374563 0.012024308716390184
0 0.6628061409102994 0.21545526385449484 0.006248810674578493 0.011099361892052463
0 0.6586402671272471 0.145621778616998 0.005728076451696608 0.014799149189403308
0 0.6677531160276741 0.15648990380296607 0.006248810674578493 0.014336675777234457
0 0.6724397240336077 0.15279011650561525 0.0052073422288152925 0.010636888479883649
0 0.6418049297014872 0.4518365236889697 0.008331747566104468 0.01387420236506557
0 0.6647172355082744 0.49369036749025097 0.008852481788986068 0.00878699483120819
0 0.6773450404131516 0.5084895166796543 0.007550646231782139 0.012486782128559
0 0.7288977284784233 0.5746232146198003 0.008071380454663738 0.005087207533857452
0 0.7143171702377404 0.4862907928955492 0.010675051569071599 0.009711941655545857
0 0.7618341680756803 0.44397447568209925 0.00729027912034141 0.0110993618920525
0 0.7736154917985327 0.14261397375929927 0.008983287437361582 0.015956437703136393
0 0.7817350015976865 0.16685548488521804 0.013474931156042232 0.010433055421281487
0 0.7756885581302313 0.15764984774879318 0.006910221105662657 0.01166047370613816
0 0.5866777718707594 0.8204900758397156 0.006910221105662657 0.017797565130421304
0 0.6670090922240877 0.8692799526627674 0.005873687939813266 0.01350160113342298
0 0.6775471794102234 0.8490275509626326 0.009674309547927749 0.01350160113342298
0 0.754941655793645 0.8873843723644029 0.009674309547927891 0.014115310275851414
0 0.7654797429797806 0.9146944292024631 0.01071084271377714 0.00981934627885309
0 0.6623446929777654 0.7376783891988439 0.012438397990192555 0.01718385598799301
0 0.6671818477517293 0.6821377118090806 0.010365331658493914 0.017797565130421446
0 0.7098524630791962 0.709754623218355 0.010710842713776998 0.01657014684556458
0 0.7069156191092896 0.6299724347026732 0.010365331658493914 0.017797565130421376
0 0.7843100954927114 0.6370300898405988 0.010365331658493914 0.018411274272849738
0 0.7903565389601661 0.6873542395197214 0.01416595326660854 0.018411274272849595
0 0.770489653281386 0.6051172144343261 0.013820442211325456 0.024548365697132864
