0.0 0.19495145473989695 0.8837843551819393 0.005526792442866224 0.008038970825986879
0.0 0.008296600874012582 0.9981649733728781 0.007034099472738831 0.0036700532542436547
0.0 0.0658254858474816 0.9516131715262042 0.009546277855859842 0.007034099472738475
0.0 0.1987197223145781 0.9418156758320324 0.006029228119490426 0.01055114920910789
0.0 0.0763766350565895 0.8677064135299656 0.00954627785585913 0.006029228119490071
0.0 0.2205756742477302 0.7978678544792042 0.006531663796114628 0.009043842179235373
0.0 0.04497440526757792 0.6079471687152623 0.008038970825986525 0.007034099472738653
0.0 0.07537176370334109 0.7270244240751941 0.00954627785585913 0.010048713532483688
0.0 0.15174198655021698 0.6890905304900681 0.0075365351493623224 0.007536535149362677
0.0 0.15400294709502588 0.658693172054305 0.010048713532483333 0.008038970825986879
0.0 0.10551790430079215 0.3780828466596983 0.005526792442865513 0.0075365351493627665
0.0 0.07888881343971015 0.23740085720492682 0.010551149209108246 0.006531663796114362
0.0 0.14922980816709597 0.19494504253018333 0.006531663796114628 0.008038970825986924
0.0 0.20273920772757137 0.2529763631802765 0.008038970825986525 0.0075365351493627665
0.0 0.1947002369015845 0.27382744376018014 0.010048713532483333 0.007034099472738564
0.0 0.2313780412951502 0.22584483664257066 0.007034099472738831 0.01055114920910789
0.0 0.496215522033096 0.935130330663671 0.005810267846719341 0.0064558531630215295
0.0 0.49944344861460654 0.9304498371204806 0.005164682530417508 0.0035507192396618593
0.0 0.7283034432437209 0.9748338276162537 0.007747023795625552 0.0064558531630215295
0.0 0.7910866152541054 0.971121712047516 0.009360987086380845 0.006778645821172447
0.0 0.7973810720880511 0.9993602421597167 0.008392609111928096 0.0012795156805665898
0.0 0.8172328205643424 0.9950083687506959 0.012588913667892143 0.005487475188568425
0.0 0.8464455561270153 0.9774161688814622 0.005164682530417508 0.005810267846719697
0.0 0.23842661549604038 0.9424969841126686 0.006558782074549185 0.004809773521335714
0.0 0.24389226722483137 0.9000835266972528 0.006121529936245906 0.008307790627761946
0.0 0.27799793401248535 0.9346264456232103 0.007870538489458312 0.0074332863511553885
0.0 0.29789290630528314 0.9540841657777053 0.006558782074548475 0.008745042766065225
0.0 0.3064193230021971 0.9910319714643302 0.010494051319278696 0.010056799180975063
0.0 0.3822825689978117 0.999123315873167 0.008307790627762301 0.0017533682536660321
0.0 0.4570526846476685 0.9973743073199539 0.007433286351155743 0.005251385360092264
0.0 0.42535190462068256 0.9462136272882464 0.006121529936245906 0.005247025659638993
0.0 0.3973677677692745 0.8476132701008622 0.010494051319278696 0.008307790627761946
0.0 0.4196676268227403 0.8434593747869812 0.01311756414909766 0.006121529936245551
0.0 0.4570526846476685 0.8244389067707895 0.010056799180974707 0.006558782074548475
0.0 0.35757782318367787 0.8552651825211692 0.007870538489458312 0.006996034212852109
0.0 0.31363398328420083 0.9090471955324697 0.0056842777979426275 0.007870538489458668
0.0 0.5359766956114062 0.8810630586810613 0.007870538489459022 0.006121529936245551
0.0 0.2460785279163474 0.7603814685093626 0.006121529936245196 0.006121529936245729
0.0 0.24061287618755714 0.6991661691469067 0.007433286351155033 0.006121529936245729
0.0 0.4487448940199069 0.661343859183675 0.008307790627762301 0.00655878207454883
0.0 0.40305204556721674 0.7435472611846871 0.006121529936245196 0.0074332863511553885
0.0 0.40414517591297494 0.8215967678718183 0.008307790627762301 0.007870538489458668
0.0 0.48372506508416746 0.7361139748335318 0.008307790627761592 0.008307790627761769
0.0 0.4944377424725971 0.7848675882543449 0.010494051319277987 0.00787053848945849
0.0 0.550406016175414 0.7756852933499765 0.007870538489458312 0.00787053848945849
0.0 0.5235150096697637 0.7131582375726109 0.007433286351155743 0.006121529936245551
0.0 0.6238576025350412 0.8535609167880844 0.006183823712297709 0.006570312694316627
0.0 0.7921735542041425 0.8912435925348984 0.007343290658353397 0.006183823712297709
0.0 0.7177744251655614 0.7194492400276294 0.007729779640371959 0.006570312694316271
0.0 0.6920729078613238 0.6407987321868436 0.007343290658353397 0.007729779640372136
0.0 0.7571963013314591 0.71925599553662 0.009275735568446918 0.0061838237122975315
0.0 0.77613426145037 0.6713313617663133 0.010048713532484044 0.006956801676335012
0.0 0.8049276906107561 0.7177100396085455 0.008889246586427646 0.005410845748260407
0.0 0.8698578395898817 0.6753894960775085 0.009662224550464771 0.005024356766241844
0.0 0.6795120159457199 0.59751196620076 0.010048713532484044 0.006183823712297887
0.0 0.7334272289373146 0.568718537040374 0.007343290658354107 0.007343290658353397
0.0 0.7838640410907424 0.5710374709324857 0.008502757604409794 0.005797334730278969
0.0 0.8547847692911563 0.4728692694997606 0.0050243567662413115 0.006570312694316271
0.0 0.85091987947097 0.5453359536282486 0.0073432906583526854 0.006183823712297709
0.0 0.8532388133630817 0.6235999724870157 0.005797334730278436 0.005024356766241844
0.0 0.6273360033732083 0.43441361578890964 0.006956801676334834 0.006956801676334834
0.0 0.6145818669665942 0.34011030417637045 0.01082169149652117 0.006956801676334834
0.0 0.8540117913271189 0.2829099348376173 0.0050243567662413115 0.007729779640372048
0.0 0.6051128869071384 0.19981480370361765 0.005797334730279857 0.011594669460558048
0.0 0.2465903942570975 0.5907564728789477 0.00762266416617976 0.005716998124634998
0.0 0.2496871015746084 0.6079074672528526 0.0061934146350210995 0.007622664166179937
0.0 0.4128597563818982 0.5512139025168891 0.005716998124635353 0.006669831145407557
0.0 0.4750321109873038 0.5202468293417829 0.007146247655794013 0.006669831145407379
0.0 0.5474474205660129 0.5211996623625554 0.008099080676565507 0.005716998124634998
0.0 0.36712377138481855 0.42901306760281643 0.009528330207724877 0.007146247655793836
0.0 0.3976144280495383 0.4082889494010146 0.00762266416617976 0.007622664166179937
0.0 0.36640914661923885 0.3411142214365535 0.004287748593475982 0.004764165103862528
0.0 0.32608389199011756 0.23786795768570532 0.008167140178049693 0.006125355133537447
0.0 0.4227283840970422 0.2555634280714803 0.009528330207724877 0.007486545163212455
0.0 0.4700297376282482 0.23378438759668035 0.006125355133537624 0.008847735192887462
0.0 0.4798983653433922 0.21540832219606793 0.004083570089024846 0.007486545163212455
0.0 0.5397907266490911 0.21983218979251165 0.006805950148374507 0.008167140178049958
0.0 0.5557847094977728 0.19669195928803673 0.004764165103861728 0.008167140178049958
0.0 0.7199235684635543 0.38239223252949606 0.003495521695118242 0.0034955216951180644
