0.0 0.015285341157276377 0.6955300806988056 0.006029228119489716 0.008038970825987235
0.0 0.04367295688654309 0.7008056553033594 0.0075365351493623224 0.006531663796114628
0.0 0.04919974932940896 0.634484145988967 0.0075365351493623224 0.006531663796114628
0.0 0.061760641245013306 0.6234305611032352 0.007536535149363033 0.006531663796114628
0.0 0.06979961207100054 0.6412670276233937 0.006531663796114628 0.008038970825987235
0.0 0.006241498978041449 0.8369657236685135 0.00904384217923564 0.00954627785585913
0.0 0.022319440630014852 0.7942586911554577 0.008038970825987235 0.006531663796114628
0.0 0.03161450064756224 0.767629600294376 0.00452192108961782 0.0065316637961142735
0.0 0.05221436338915382 0.7884806808742797 0.007536535149363033 0.010048713532483688
0.0 0.12205292243991508 0.7553199262170838 0.0075365351493623224 0.008038970825986879
0.0 0.09542383157883343 0.7173860326319572 0.006531663796114628 0.006531663796114628
0.0 0.09868966347689109 0.6317207497675341 0.009043842179234929 0.009043842179235284
0.0 0.11778221918860972 0.6166476794688089 0.008038970825987235 0.006029228119490071
0.0 0.1373772105769529 0.5942892918590325 0.008038970825987235 0.009546277855859486
0.0 0.1527014987139907 0.628706135707789 0.006531663796113918 0.013063327592228547
0.0 0.14843079546268534 0.6490547806110684 0.00904384217923564 0.008541406502611083
0.0 0.1815915501198809 0.6380011957253366 0.00904384217923564 0.008541406502611083
0.0 0.20294506637640913 0.617401332983745 0.0075365351493623224 0.008541406502611083
0.0 0.19390122419717387 0.6807082282383922 0.008541406502611436 0.011556020562356295
0.0 0.17706962903026344 0.692013030962436 0.00904384217923564 0.008038970825986879
0.0 0.15596733061204765 0.6992983482734869 0.010048713532484044 0.006531663796114628
0.0 0.15898194467179289 0.6661375936162909 0.008038970825987235 0.008541406502611083
0.0 0.1263236256912208 0.7073373190994736 0.007034099472738831 0.009546277855859486
0.0 0.217561060187985 0.6432464811029682 0.007536535149363033 0.007536535149363033
0.0 0.233387784001647 0.58663872756443 0.007034099472738831 0.010886105049097239
0.0 0.018094096568183816 0.5038205808397571 0.009546277855859842 0.007034099472738831
0.0 0.06004747556630363 0.5284399289943421 0.007034099472738831 0.007034099472738831
0.0 0.07989368479295855 0.5148741657254888 0.005526792442866224 0.007034099472738475
0.0 0.08114977398451906 0.5683835652859648 0.008038970825987235 0.009546277855859486
0.0 0.10677399349235266 0.5794371501716966 0.005024356766242022 0.005526792442866224
0.0 0.1416932730177333 0.5854663782911869 0.0075365351493623224 0.008541406502611083
0.0 0.16706627468725443 0.5739103577288308 0.00904384217923564 0.007536535149363033
0.0 0.0016361220538852806 0.4485526564110966 0.0032722441077705612 0.006029228119490071
0.0 0.054771900961749866 0.47166469753580936 0.006531663796114628 0.007034099472738831
0.0 0.0645693966559211 0.4766890543020509 0.00904384217923564 0.005024356766241666
0.0 0.07512054586502899 0.4882450748644073 0.005024356766242022 0.005024356766242022
0.0 0.08039612046958275 0.4048407525447928 0.00954627785585913 0.009043842179235284
0.0 0.10476425078585586 0.4523209239857781 0.00904384217923564 0.01055114920910789
0.0 0.12461046001251078 0.48397437161310164 0.006531663796114628 0.007536535149362677
0.0 0.12410802433588657 0.5030669273248206 0.00954627785585913 0.007536535149363033
0.0 0.18339543417754064 0.4601086769734527 0.006531663796113918 0.006029228119490426
0.0 0.22132932776266684 0.45005996344096955 0.007034099472738831 0.009043842179235284
0.0 0.1442054514008543 0.4427746461299188 0.005526792442866224 0.006531663796114628
0.0 0.13164455948524995 0.427450357992881 0.00954627785585913 0.009043842179235284
0.0 0.16254435359763697 0.33374610430247065 0.006029228119489716 0.012560891915604699
0.0 0.19495145473989695 0.08378435518193932 0.005526792442866224 0.008038970825986879
0.0 0.008296600874012582 0.19959577864381367 0.007034099472738831 0.006531663796114628
0.0 0.03291594902859742 0.21341275975097868 0.008038970825986525 0.007034099472738475
0.0 0.0658254858474816 0.15161317152620413 0.009546277855859842 0.007034099472738475
0.0 0.1987197223145781 0.14181567583203236 0.006029228119490426 0.01055114920910789
0.0 0.11506418215665129 0.22974191924126472 0.007536535149363033 0.005526792442866224
0.0 0.11431052864171498 0.23677601871400303 0.008038970825986525 0.004521921089617464
0.0 0.1944490190632724 0.2144176311042269 0.008541406502611436 0.008038970825986879
0.0 0.19947337582951405 0.23953941493543612 0.007536535149363033 0.008038970825986879
0.0 0.23213169481008614 0.24506620737830237 0.0075365351493623224 0.008038970825986879
0.0 0.2102757428769344 0.26340510957508484 0.005024356766242022 0.008541406502611083
0.0 0.19821728663795427 0.2842561901549887 0.008038970825987235 0.009043842179235284
0.0 0.19218805851846382 0.30284631019008346 0.009043842179234929 0.006029228119490426
0.0 0.18967588013534317 0.2566222279406585 0.00904384217923564 0.010048713532483688
0.0 0.0763766350565895 0.06770641352996556 0.00954627785585913 0.006029228119490071
0.0 0.2205756742477302 0.0011948877844108808 0.006531663796114628 0.0023897755688217616
0.0 0.3039985837586411 0.5906597938174587 0.010957579738883538 0.01048116322849708
0.0 0.2554040996992441 0.6242471577996891 0.0061934146350210995 0.012863245780428656
0.0 0.26834204984372684 0.7361923515990585 0.008457097817507276 0.006765678254005892
0.0 0.2697515661466447 0.7820016314438896 0.006201871732839237 0.005356161951088012
0.0 0.29836474709587824 0.6879868940392662 0.006483774993422032 0.007329484775173256
0.0 0.3130237166462237 0.716036268467332 0.006483774993422032 0.007611388035756761
0.0 0.32444079869985887 0.7343599804052647 0.0056380652116715165 0.006483774993422386
0.0 0.3309245736932816 0.7586036608154526 0.007893291296340265 0.007047581514589396
0.0 0.36912246550235606 0.7663560004815011 0.00873900107809078 0.0039466456481701325
0.0 0.37983478940453247 0.7611407901607048 0.004228548908753282 0.003664742387586628
0.0 0.3596787062728062 0.7571941445125349 0.005074258690504508 0.005356161951088012
0.0 0.33487121934145136 0.7863711319829347 0.006201871732838526 0.0056380652116715165
0.0 0.3422007041166243 0.7827063895953487 0.006201871732839237 0.005074258690504152
0.0 0.34431497857100124 0.7927139553460659 0.005919968472255022 0.005919968472255022
0.0 0.35671872203667904 0.797224407515403 0.003664742387586273 0.004228548908753638
0.0 0.3701091269143987 0.7883444548070202 0.009020904338674285 0.0039466456481701325
0.0 0.3314883802144486 0.825978540094928 0.007329484775172546 0.005356161951087302
0.0 0.33853596172903766 0.8268242498766789 0.0045104521693367875 0.004228548908753993
0.0 0.35347683453996803 0.8196357167317977 0.004510452169337498 0.005074258690504508
0.0 0.3598196579030983 0.8251328303131771 0.005919968472255022 0.005356161951088012
0.0 0.36644438452681244 0.8223137977073414 0.007329484775172546 0.005356161951088012
0.0 0.39392995243371126 0.8213271362952991 0.01155803368392654 0.005074258690504508
0.0 0.41253556763222754 0.8175214422774207 0.006483774993422742 0.006483774993422032
0.0 0.4321278442427861 0.7983520205577371 0.005074258690504508 0.005919968472254844
0.0 0.41028034154755916 0.7944053749095671 0.006483774993422742 0.007611388035756761
0.0 0.4218383752314853 0.779041647207762 0.004792355429921002 0.0039466456481701325
0.0 0.4276173920734486 0.7856663738314763 0.006765678254006246 0.005919968472255377
0.0 0.4466458621628405 0.7828473412256404 0.008175194556923771 0.004228548908753638
0.0 0.4403030387997095 0.7667788553723763 0.003946645648170488 0.004228548908753638
0.0 0.44495444259933914 0.759590322227495 0.004792355429921002 0.007893291296340265
0.0 0.4315640377216191 0.7374609162716842 0.005074258690504508 0.004792355429921002
0.0 0.4142269871957286 0.7092705902133265 0.006483774993422032 0.007047581514589752
0.0 0.40365561492384466 0.7211105271578366 0.005074258690504508 0.004792355429921002
0.0 0.398299452972757 0.7268895439998001 0.006201871732838526 0.0056380652116715165
0.0 0.44720966868400785 0.8106148123931234 0.005919968472255022 0.0056380652116715165
0.0 0.4611638800828949 0.8163938292350863 0.006201871732838526 0.004792355429920292
0.0 0.4666609936642743 0.8087824411993296 0.004792355429921002 0.005919968472255022
0.0 0.47032573605186095 0.7958148912124849 0.0070475815145890405 0.008739001078090603
0.0 0.4779371240876177 0.8058224569632021 0.008175194556923771 0.005638065211672228
0.0 0.5023217561280973 0.8014529564241567 0.0056380652116715165 0.005356161951088012
0.0 0.5131750316605647 0.8093462477204969 0.007611388035756761 0.003664742387586273
0.0 0.517262628939027 0.8008891499029893 0.0056380652116715165 0.0064837749934222085
0.0 0.5276930495806195 0.7117607353233562 0.005074258690504508 0.006953613044144902
0.0 0.5062684017762671 0.7149086554249979 0.006201871732839237 0.005356161951088012
0.0 0.5017579496069302 0.7054648961954477 0.006765678254005536 0.0056380652116715165
0.0 0.5044360305824739 0.6968668467476489 0.005356161951088012 0.004792355429921002
0.0 0.4615867349737702 0.7125124777100375 0.005919968472255022 0.005074258690504152
0.0 0.4649695741007733 0.7251981244362984 0.003664742387586273 0.006765678254005892
0.0 0.46990288116098566 0.7370380613808087 0.004510452169337498 0.006201871732838882
0.0 0.49160943222592124 0.7435218363742312 0.004510452169337498 0.006201871732838882
0.0 0.48780373820804285 0.7264666891089246 0.004792355429921002 0.005356161951088012
0.0 0.4759638012635328 0.7204057690063779 0.003664742387586273 0.004510452169337142
0.0 0.478359978978493 0.7089886869527426 0.006201871732838526 0.005919968472255022
0.0 0.4731447686576967 0.7515560793008633 0.003100935866419263 0.004228548908753638
0.0 0.4793466403905359 0.753811305385532 0.004792355429921002 0.005919968472254666
0.0 0.47976949528141083 0.7695978879782123 0.002819032605835048 0.005919968472255377
0.0 0.47582284963324073 0.7770683243836773 0.0056380652116715165 0.0039466456481701325
0.0 0.49301894852883876 0.7745311950384248 0.005074258690504508 0.005074258690504508
0.0 0.4900589642927116 0.783834002637683 0.003100935866419263 0.005074258690504508
0.0 0.2577424872457847 0.666883616446652 0.007893291296340265 0.006483774993422032
0.0 0.2794490383107199 0.6343237898492488 0.009584710859842005 0.006201871732838526
0.0 0.3166602687077525 0.6103620126996445 0.006765678254006246 0.006765678254005892
0.0 0.31806978501067035 0.5634251198124784 0.007329484775172546 0.005919968472255377
0.0 0.3300506735854725 0.5672308138303569 0.007047581514589752 0.0056380652116715165
0.0 0.3378030132515207 0.6341828382189567 0.006765678254005536 0.005356161951088012
0.0 0.3469648692204871 0.6509560822236796 0.006483774993422032 0.007329484775173256
0.0 0.38093421212080825 0.6801330696940804 0.006201871732838526 0.006483774993422386
0.0 0.39474747188940357 0.6860530381663352 0.006201871732838526 0.004792355429920648
0.0 0.40856073165799883 0.6384113871277106 0.006201871732838526 0.006483774993422032
0.0 0.4423891229280283 0.6408075648426712 0.009020904338674285 0.006765678254005892
0.0 0.43379107348022894 0.6826701990393322 0.006483774993422742 0.006483774993422386
0.0 0.4359053479346063 0.6774549887185362 0.006201871732839237 0.005074258690504508
0.0 0.4519738337878699 0.682247344148457 0.006201871732838526 0.006201871732838882
0.0 0.47339848159222236 0.6705483588342387 0.007893291296340265 0.007047581514589396
0.0 0.5022935658020387 0.6447542104908409 0.006483774993422032 0.007893291296339911
0.0 0.5207582293702636 0.5762517181690312 0.007893291296340265 0.006765678254005892
0.0 0.4879164995122764 0.58795070348325 0.004792355429921002 0.004792355429920292
0.0 0.48030511147652 0.6110667708511034 0.005919968472255022 0.005356161951088012
0.0 0.49073553211811216 0.6253028855105743 0.003100935866419263 0.006765678254005892
0.0 0.46733756148967487 0.6398209034306286 0.007611388035756761 0.005919968472255377
0.0 0.4618404479082955 0.6233295626864892 0.007329484775172546 0.0056380652116715165
0.0 0.46804231964113396 0.6182553039959847 0.006201871732838526 0.009020904338674285
0.0 0.4460538653156149 0.6154362713901487 0.0056380652116715165 0.0056380652116715165
0.0 0.5268191494728104 0.6532113083083481 0.004792355429920292 0.006765678254005892
0.0 0.5266781978425186 0.6658969550346094 0.003382839127002768 0.007893291296340265
0.0 0.4287168147897251 0.5855545257682891 0.006483774993422742 0.006765678254005892
0.0 0.39164653602298427 0.6034553828153468 0.006765678254005536 0.007047581514589396
0.0 0.4001036338404919 0.6171276909536502 0.007329484775172546 0.007893291296340265
0.0 0.4113797642638346 0.6203695784503616 0.006765678254006246 0.005356161951088012
0.0 0.3957341333014462 0.5835812029442045 0.007047581514589752 0.0073294847751729005
0.0 0.4036274245977861 0.5840040578350797 0.004228548908753993 0.007611388035756406
0.0 0.42251494305688625 0.5584918127522659 0.005919968472255022 0.006765678254005536
0.0 0.2910070719946464 0.5414366654869595 0.008457097817507276 0.004792355429920648
0.0 0.2997460730727376 0.5214215339855253 0.007329484775172546 0.007611388035756761
0.0 0.3166602687077525 0.5381947779902483 0.007329484775172546 0.006765678254005892
0.0 0.3442867882449427 0.5245224698519447 0.008457097817507985 0.00873900107809078
0.0 0.44760433324882454 0.5584918127522659 0.004792355429921002 0.006765678254005536
0.0 0.4619813995385872 0.5655393942668555 0.004792355429920292 0.0056380652116715165
0.0 0.46973373920463574 0.5617337002489771 0.005074258690504508 0.005356161951088012
0.0 0.48777554788198463 0.5476385372197983 0.005074258690504508 0.005356161951088012
0.0 0.4979240652629933 0.5379128747296645 0.005638065211670806 0.0039466456481701325
0.0 0.49961548482649504 0.5277643573486561 0.007329484775173256 0.005074258690504508
0.0 0.25295013181586334 0.4716656084925237 0.008457097817507276 0.006765678254005892
0.0 0.26323960082716413 0.45869805850567913 0.009302807599257789 0.0056380652116715165
0.0 0.2580243905063682 0.4365686525498681 0.010712323902176024 0.010430420641592164
0.0 0.33103733499751475 0.3848394042327817 0.009020904338674285 0.006765678254005892
0.0 0.34076299748764816 0.4591209133965547 0.007047581514589752 0.009866614120425509
0.0 0.37430948549709414 0.4795588997888638 0.004792355429921002 0.004510452169337498
0.0 0.41264832893646036 0.4711018019713567 0.008175194556923771 0.0039466456481701325
0.0 0.41448070013025423 0.4433343308038742 0.007329484775172546 0.004228548908753638
0.0 0.4216692332751357 0.4337496199440329 0.004792355429921002 0.007047581514589752
0.0 0.42632063707476425 0.4389648302648288 0.006765678254006246 0.0039466456481701325
0.0 0.41236642567587756 0.41852684387251937 0.006483774993422742 0.004228548908753638
0.0 0.44055675173423514 0.4746255927286514 0.004228548908753282 0.003664742387586628
0.0 0.4456310104247397 0.4672961079534783 0.005919968472255022 0.005356161951088012
0.0 0.46000807671450195 0.4661684949111439 0.004792355429921002 0.005356161951088012
0.0 0.46536423866559035 0.4727932215348581 0.005356161951088012 0.005074258690504152
0.0 0.48171462777943824 0.46363136556589185 0.008175194556923771 0.007611388035756406
0.0 0.47819083702214266 0.44220671776153997 0.009020904338674285 0.007611388035756406
0.0 0.46536423866559035 0.3980888574802096 0.00873900107809078 0.006765678254005892
0.0 0.475512756046599 0.420641118326896 0.005919968472255022 0.006201871732838882
0.0 0.5024345174323308 0.4355819911378257 0.0056380652116715165 0.004510452169337142
0.0 0.5094820989469202 0.41909065039368637 0.005074258690504508 0.005356161951088012
0.0 0.5038440337352487 0.3901955661838697 0.0056380652116715165 0.007329484775173256
0.0 0.34499154639640184 0.3574947879561744 0.007611388035756761 0.0028190326058357583
0.0 0.3382258681423959 0.28123995596831647 0.00761138803575605 0.006483774993422386
0.0 0.3482334338931132 0.26277529240009195 0.008457097817507276 0.007329484775173256
0.0 0.4061645539430387 0.28138090759860823 0.0093028075992585 0.006765678254005892
0.0 0.4319587022864361 0.32888160700694125 0.006765678254006246 0.004792355429920648
0.0 0.5107506636195467 0.30802076572375653 0.007047581514589752 0.006483774993422386
0.0 0.4942593228754067 0.3510110129627522 0.009020904338674285 0.006765678254005892
0.0 0.46437757725354734 0.361159530343761 0.009020904338674285 0.006765678254005892
0.0 0.45676618921779133 0.3527024325262536 0.011276130423343033 0.006201871732838882
0.0 0.5325629555340765 0.6720288354425332 0.00564868512181107 0.006243283555684797
0.0 0.5529279518942871 0.6620693116751306 0.007729779640371959 0.007135181206497166
0.0 0.5676442631326882 0.6769342725220001 0.006837881989559947 0.006540582772622728
0.0 0.5459414202962588 0.706961493432676 0.006243283555684797 0.008324378074246751
0.0 0.5367251445711989 0.7977864042070475 0.006243283555684797 0.006837881989559947
0.0 0.5408873336083229 0.7826241441432409 0.007432480423435095 0.007432480423434385
0.0 0.5313737586663265 0.7607726516983433 0.007432480423434385 0.004756787470997992
0.0 0.5716578025613426 0.7667186360370909 0.004756787470998347 0.00535138590487314
0.0 0.5781983853339654 0.7731105692012445 0.005351385904872785 0.0056486851218100044
0.0 0.5819146255456825 0.7815835968839602 0.004459488254060062 0.004756787470998347
0.0 0.5875633106674926 0.7955566600800175 0.0062432835556855085 0.005351385904872785
0.0 0.5847389681065873 0.8080432271913874 0.005945984338747934 0.005945984338747934
0.0 0.5504009085503195 0.8126513650539163 0.013973063196056757 0.005648685121810359
0.0 0.6103067007632024 0.8043269869796706 0.004162189037123199 0.0062432835556855085
0.0 0.6193743268797934 0.7957053096884861 0.006243283555684797 0.004459488254060418
0.0 0.6354284845944121 0.7863403843549583 0.006243283555684797 0.004756787470998347
0.0 0.6149148386257319 0.7686510809471839 0.004459488254060773 0.003270291386311541
0.0 0.6146175394087952 0.6929884302366188 0.006837881989559947 0.007135181206497166
0.0 0.634387937335131 0.727772438618293 0.005945984338747934 0.005351385904872785
0.0 0.6477664020973133 0.7390698088619139 0.006540582772622372 0.00535138590487314
0.0 0.6085229054615784 0.7402590057296632 0.004756787470999058 0.006540582772622728
0.0 0.5863741137997429 0.7457590412430051 0.005648685121810359 0.004459488254060773
0.0 0.5903876532283974 0.7258399937081998 0.005351385904872785 0.006837881989559591
0.0 0.5395494871321048 0.7404076553381321 0.006540582772622372 0.005054086687935566
0.0 0.5481711644232892 0.7298535331368547 0.005945984338747934 0.005945984338747934
0.0 0.5524820030688812 0.7401103561211946 0.003270291386311186 0.006837881989559947
0.0 0.5596171842753783 0.7451644428091303 0.005054086687935211 0.0038648898201859793
0.0 0.5608063811431279 0.7402590057296632 0.004459488254060773 0.003567590603248405
0.0 0.5740361962968418 0.7347589702163215 0.004756787470998347 0.003270291386311541
0.0 0.5877119602759613 0.7668672856455595 0.004756787470998347 0.005648685121810359
0.0 0.5978201336518328 0.7693943289895273 0.005945984338747934 0.005351385904872785
0.0 0.6028742203397683 0.7679078329048403 0.004162189037123199 0.00535138590487314
0.0 0.5880092594928982 0.7576510099205003 0.004756787470998347 0.0038648898201859793
0.0 0.5967795863925517 0.7585429075713128 0.005648685121810359 0.003270291386311186
0.0 0.6259149096524161 0.6640017565852239 0.006837881989559947 0.006837881989559591
0.0 0.6919153358125157 0.6727720834848764 0.005648685121810359 0.004756787470998347
0.0 0.6489555989650629 0.6614747132412561 0.008918976508121545 0.007135181206497166
0.0 0.6485096501396572 0.7023533555701466 0.003864889820185624 0.006243283555684797
0.0 0.648063701314251 0.7118669305121428 0.004162189037123199 0.006243283555685153
0.0 0.6584691739070596 0.7169210172000785 0.004756787470998347 0.0038648898201859793
0.0 0.6636719102034639 0.7234615999727012 0.003864889820185624 0.005648685121810359
0.0 0.67318548514546 0.7212318558456708 0.006243283555684797 0.004756787470998347
0.0 0.6779422726164583 0.7505158287140035 0.007432480423434385 0.006243283555684797
0.0 0.6346852365520685 0.7734078684181819 0.005351385904872785 0.005054086687935566
0.0 0.6436042130601901 0.7696916282064648 0.007729779640371959 0.005945984338747578
0.0 0.6501447958328125 0.7763808605875561 0.005351385904872785 0.0038648898201859793
0.0 0.6587664731239965 0.7561645138358134 0.004756787470998347 0.006837881989559591
0.0 0.649550197398938 0.7563131634442822 0.005945984338747934 0.007135181206497166
0.0 0.6464285556210954 0.7621104981745616 0.005054086687935921 0.005648685121810359
0.0 0.6388474255891922 0.759732104439062 0.004756787470997637 0.0038648898201859793
0.0 0.6346852365520685 0.7514077263648156 0.005351385904872785 0.005648685121810359
0.0 0.6413744689331597 0.7512590767563466 0.005054086687935211 0.004756787470998347
0.0 0.6687259968913996 0.7745970652859315 0.00862167729118397 0.004459488254060773
0.0 0.6754152292724903 0.78961067574127 0.004756787470998347 0.004162189037123199
0.0 0.682253111262051 0.7906512230005504 0.004756787470998347 0.006243283555684797
0.0 0.6804693159604263 0.8019485932441711 0.005945984338747934 0.006837881989559947
0.0 0.693996430331077 0.7974891049901105 0.003270291386311186 0.003270291386311541
0.0 0.7128749306066012 0.7869349827888332 0.004756787470998347 0.0029729921693736117
0.0 0.7109424856965084 0.7803944000162109 0.004459488254060773 0.007135181206497166
0.0 0.717780367686068 0.8009080459848906 0.004459488254060773 0.004162189037123376
0.0 0.7237263520248163 0.7971918057731728 0.006837881989559947 0.005648685121810182
0.0 0.7350237222684364 0.7850025378787404 0.005648685121810359 0.0038648898201859793
0.0 0.72209120633166 0.7863403843549583 0.004162189037123909 0.005351385904872785
0.0 0.72328040319941 0.7799484511908045 0.008324378074247107 0.0038648898201859793
0.0 0.7677266361315492 0.7961512585138921 0.004459488254060773 0.005945984338747934
0.0 0.7674293369146117 0.7897593253497381 0.007432480423435095 0.005648685121810359
0.0 0.7660914904383936 0.6824343080353416 0.005351385904872785 0.006243283555685153
0.0 0.7675779865230808 0.6974479184906794 0.005351385904872785 0.005351385904872785
0.0 0.7594022580573018 0.7041371508717708 0.006243283555684797 0.005054086687935566
0.0 0.7686185337823612 0.7077047414750194 0.006837881989559947 0.006243283555685153
0.0 0.7588076596234277 0.7179615644593593 0.005054086687935921 0.005945984338747578
0.0 0.7678752857400177 0.7304481315707294 0.007729779640371959 0.005351385904872785
0.0 0.7539022225439609 0.7479887853700357 0.004162189037123199 0.005351385904872785
0.0 0.7302669347974383 0.7415968522058817 0.004459488254060773 0.004459488254060773
0.0 0.7372534663954671 0.7386238600365077 0.004756787470998347 0.005054086687935566
0.0 0.7442399979934958 0.7377319623856957 0.005054086687935211 0.0020810945185615994
0.0 0.7426048523003402 0.7313400292215417 0.0029729921693736117 0.004756787470998702
0.0 0.7335372261837495 0.731637328438479 0.0038648898201863345 0.004756787470998347
0.0 0.7360642695277175 0.727326489792887 0.005945984338747934 0.004459488254060773
0.0 0.7348750726599679 0.7027993043955526 0.005945984338747934 0.004756787470998347
0.0 0.7324966789244691 0.6909073357180573 0.0071351812064975205 0.00535138590487314
0.0 0.7457264940781826 0.6907586861095885 0.008027078857309532 0.006243283555684797
0.0 0.7055910997916353 0.7710294746826827 0.005648685121810359 0.0038648898201859793
0.0 0.7073748950932597 0.766272687211685 0.006837881989559947 0.006243283555685153
0.0 0.7005370131036998 0.7652321399524039 0.006243283555684797 0.004756787470998347
0.0 0.7033613556646049 0.7579483091374378 0.0035675906032487602 0.005054086687935921
0.0 0.7039559540984797 0.7505158287140035 0.0071351812064975205 0.005054086687935566
0.0 0.7192668637707552 0.7505158287140035 0.004459488254060773 0.004459488254060773
0.0 0.7259560961518463 0.7591375060051874 0.00356759060324805 0.005054086687935211
0.0 0.7302669347974383 0.7517050255817527 0.0038648898201863345 0.0038648898201859793
0.0 0.7268479938026584 0.7732592188097133 0.0035675906032487602 0.003567590603248405
0.0 0.7452805452527762 0.7790565535399923 0.005945984338747934 0.0038648898201859793
0.0 0.7384426632632166 0.7641915926931231 0.0029729921693736117 0.003270291386310831
0.0 0.7452805452527762 0.7573537107035632 0.00713518120649681 0.0038648898201859793
0.0 0.7515238288084621 0.764786191126998 0.004756787470998347 0.0074324804234347395
0.0 0.7484021870306187 0.7717727227250265 0.002675692952436748 0.00535138590487314
0.0 0.708118143135603 0.731637328438479 0.007729779640372669 0.004756787470998347
0.0 0.6997937650613562 0.7308940803961358 0.004756787470998347 0.006243283555684797
0.0 0.6910234381617034 0.7267318913590121 0.00862167729118397 0.005054086687935211
0.0 0.6969694225004514 0.7242048480150445 0.004459488254060773 0.0041621890371235535
0.0 0.6966721232835134 0.7114209816867367 0.005054086687935921 0.004756787470998347
0.0 0.6986045681936066 0.7004209106600536 0.006540582772622372 0.007729779640371959
0.0 0.8045917390317854 0.7787592543230548 0.007432480423434385 0.0074324804234347395
0.0 0.7781321087243576 0.7747457148944005 0.006837881989559947 0.008324378074246751
0.0 0.781699699327606 0.7551239665765326 0.005648685121810359 0.0071351812064975205
0.0 0.7921051719204151 0.7542320689257208 0.006243283555684797 0.008324378074247107
0.0 0.8149972116245934 0.786489033963427 0.003270291386311186 0.006837881989559591
0.0 0.8242134873496525 0.7879755300481138 0.005054086687935211 0.005054086687935211
0.0 0.7837807938461683 0.7264345921420748 0.004459488254060773 0.006243283555685153
0.0 0.7918078727034772 0.7185561628932342 0.006243283555684797 0.005945984338747934
0.0 0.7938889672220395 0.7340157221739781 0.005054086687935211 0.005945984338747934
0.0 0.8035511917725042 0.7441238955498495 0.004162189037123199 0.005351385904872785
0.0 0.8222810424395597 0.7601780532644684 0.001783795301624025 0.004756787470998702
0.0 0.8270378299105576 0.7566104626612198 0.001783795301624025 0.0041621890371235535
0.0 0.835659507201742 0.7695429785979957 0.002972992169374322 0.006837881989559947
0.0 0.8423487395828332 0.7765295101960247 0.007432480423435095 0.005945984338747934
0.0 0.8462136294030191 0.7674618840794342 0.005054086687935211 0.004459488254060773
0.0 0.8561731531704219 0.7582456083543752 0.0035675906032487602 0.004459488254061128
0.0 0.8408622434981463 0.7450157932006615 0.005648685121810359 0.007135181206497166
0.0 0.8665786257632299 0.7280697378352305 0.005945984338747934 0.002972992169373967
0.0 0.87802464561532 0.7145426234645795 0.005648685121810359 0.005054086687935566
0.0 0.8869436221234409 0.710826383252862 0.003864889820185624 0.0041621890371235535
0.0 0.8851598268218168 0.6839208041200289 0.00564868512181107 0.006837881989559947
0.0 0.8644975312446685 0.6781234693897493 0.004756787470998347 0.00535138590487314
0.0 0.866727275371699 0.7050290485225832 0.003270291386311186 0.005648685121810359
0.0 0.8714840628426973 0.6977452177076169 0.005648685121810359 0.004162189037123199
0.0 0.8622677871176382 0.7151372218984541 0.003864889820185624 0.008027078857309179
0.0 0.8493352711808619 0.7148399226815169 0.0029729921693736117 0.003270291386311541
0.0 0.8303081212968693 0.7112723320782681 0.005351385904872785 0.0038648898201859793
0.0 0.8335784126831804 0.7053263477395205 0.0071351812064975205 0.005054086687935566
0.0 0.8435379364505831 0.7056236469564577 0.005054086687935211 0.005054086687935211
0.0 0.7986457546930374 0.6813937607760607 0.005648685121810359 0.0035675906032487602
0.0 0.7995376523438498 0.6721774850510018 0.006837881989559947 0.0041621890371235535
0.0 0.8194566998786545 0.672474784267939 0.005648685121810359 0.005945984338747578
0.0 0.838632499371116 0.6770829221304686 0.006540582772622372 0.0038648898201859793
0.0 0.8439838852759891 0.6818397096014669 0.004162189037123199 0.0038648898201859793
0.0 0.8444298341013955 0.695366823972118 0.007432480423434385 0.0041621890371235535
0.0 0.8554299051280783 0.7036912020463648 0.005648685121810359 0.005351385904872785
0.0 0.8584028972974519 0.6978938673160856 0.005054086687935211 0.004459488254060418
0.0 0.8517136649163615 0.6860018986385903 0.0029729921693736117 0.005054086687935211
0.0 0.8477001254877063 0.7384752104280391 0.005648685121810359 0.004756787470998347
0.0 0.8472541766623 0.7502185294970657 0.005351385904872785 0.006837881989559947
0.0 0.7230960811487404 0.6407120052785764 0.010108173375871133 0.007135181206497166
0.0 0.7222041834979283 0.6311984303365797 0.007729779640371959 0.007135181206497166
0.0 0.7141771046406188 0.6120226308441186 0.005945984338747934 0.005054086687935566
0.0 0.7232447307572091 0.5336842871811174 0.007432480423434385 0.007729779640371959
0.0 0.7327583056992057 0.5443870589908629 0.006837881989559947 0.007135181206497166
0.0 0.7425691798581393 0.5434951613400509 0.005648685121810359 0.005945984338747578
0.0 0.7367718451278605 0.5626709608325123 0.005351385904872785 0.006243283555685153
0.0 0.7587719871812268 0.5915089848754388 0.005351385904872785 0.006243283555685153
0.0 0.741677282207327 0.6270362412994563 0.004459488254060773 0.005945984338747934
0.0 0.7769072394144079 0.603549603161403 0.005945984338747934 0.007729779640372314
0.0 0.7734882984196275 0.64145525332092 0.006837881989559947 0.006837881989559947
0.0 0.8039614681557097 0.6533472219984153 0.007729779640371959 0.005054086687935921
0.0 0.8145155903569872 0.6474012376596672 0.010405472592807996 0.005648685121810359
0.0 0.824177814907452 0.6454687927495744 0.004162189037123199 0.0023783937354991736
0.0 0.8256643109921388 0.6399687572362331 0.0071351812064975205 0.005648685121810359
0.0 0.8102047517113953 0.6248064971724261 0.0017837953016247355 0.001486496084687161
0.0 0.8011371255948042 0.6135091269288058 0.005054086687935211 0.006243283555685153
0.0 0.8283400039445755 0.5168868814241547 0.006540582772622372 0.006837881989559591
0.0 0.857029378379033 0.5241707122391208 0.009810874158933558 0.0071351812064975205
0.0 0.8623807642839065 0.5489951968533925 0.005054086687935921 0.005054086687935921
0.0 0.8793268196493372 0.5452789566416752 0.004459488254060773 0.004756787470998347
0.0 0.8721916384428401 0.5631169096579184 0.005054086687935211 0.0041621890371235535
0.0 0.8808133157340243 0.5705493900813533 0.004459488254060773 0.007135181206497166
0.0 0.8494482483471298 0.5695088428220723 0.00713518120649681 0.006837881989559591
0.0 0.8322048937647615 0.5812521618910991 0.004162189037123199 0.0071351812064975205
0.0 0.8277454055107011 0.555238480409078 0.005945984338747934 0.005648685121810359
0.0 0.7963803381238062 0.5748602287269451 0.005054086687935211 0.006243283555684797
0.0 0.7864208143564039 0.5776845712878502 0.0071351812064975205 0.00535138590487314
0.0 0.7667990660385368 0.5547925315836713 0.005351385904872785 0.004756787470997992
0.0 0.7896911057427151 0.5588060710123262 0.006540582772622372 0.004459488254060418
0.0 0.8592591225060637 0.6598878047710379 0.00356759060324805 0.003270291386311541
0.0 0.8640159099770617 0.6484417849189483 0.005945984338747934 0.006540582772622728
0.0 0.8808133157340243 0.6454687927495744 0.0032702913863118964 0.005945984338747934
0.0 0.847515803437037 0.6407120052785764 0.005648685121810359 0.0041621890371235535
0.0 0.8537590869927218 0.6325362768127981 0.006837881989559947 0.0038648898201859793
0.0 0.8632726619347182 0.6157388710558358 0.007432480423435095 0.004756787470998347
0.0 0.8799214180832123 0.6053333984630275 0.006243283555684797 0.004756787470998347
0.0 0.8818538629933051 0.5999820125581545 0.004756787470998347 0.005945984338747934
0.0 0.7296366639213631 0.39692664738991895 0.008918976508121545 0.005945984338747578
0.0 0.7497043610646366 0.41045376176057025 0.007432480423435095 0.006837881989559947
0.0 0.7372177939532666 0.43884583697809065 0.009216275725058409 0.005351385904872785
0.0 0.7574341407050088 0.45385944743342854 0.006837881989559947 0.008027078857309179
0.0 0.7624882273929444 0.5002381252756607 0.008027078857308823 0.005054086687935211
0.0 0.7669477156470048 0.4027239821201983 0.008621677291184682 0.007432480423434385
0.0 0.7838937710124366 0.3926158087443268 0.005054086687935921 0.005648685121810359
0.0 0.7895424561342466 0.41788624218400516 0.007432480423435095 0.006243283555685153
0.0 0.8206102243042033 0.4376566401103414 0.008918976508121545 0.00535138590487314
0.0 0.7942992436052446 0.44568371896765024 0.004459488254060773 0.007135181206497166
0.0 0.8158534368332049 0.49265699524375767 0.005351385904872785 0.007135181206497166
0.0 0.848407701087849 0.44196747875593323 0.005648685121810359 0.005648685121810359
0.0 0.8729348864851836 0.5130219916039687 0.005351385904872785 0.005648685121810359
0.0 0.86654295332103 0.43884583697809065 0.006243283555684797 0.007135181206497166
0.0 0.8741240833529336 0.443602624449089 0.005945984338747934 0.00535138590487314
0.0 0.8595564217230013 0.415805147665443 0.005351385904872785 0.005054086687935921
0.0 0.5362691043784171 0.6335245476379242 0.009293514085172917 0.005885892253942515
0.0 0.5407609695195837 0.6042499782696293 0.008364162676655695 0.006815243662460091
0.0 0.5498995917033372 0.5509671641813043 0.008054378873816149 0.006195676056782062
0.0 0.5880029994525457 0.57993194974676 0.008054378873816149 0.010842433099368165
0.0 0.551293618816113 0.6161766546789345 0.007125027465299638 0.00588589225394287
0.0 0.5734431607191087 0.6115298976363481 0.00681524366245938 0.0071250274652992825
0.0 0.5949731350164257 0.653815386723885 0.008983730282334079 0.006815243662460091
0.0 0.628274893821629 0.6494784134841375 0.005576108451103323 0.004956540845425295
0.0 0.6222341096662667 0.6248506011584288 0.007744595070977312 0.008364162676655695
0.0 0.6459325705834577 0.6274837634825616 0.006815243662460802 0.004336973239747266
0.0 0.6510440033303027 0.6514920082025917 0.007125027465299638 0.007744595070977666
0.0 0.6818674917127929 0.6096711948193134 0.005576108451103323 0.005266324648264842
0.0 0.6595630579083778 0.6161766546789345 0.008054378873816858 0.010842433099368876
0.0 0.6525929223444983 0.6082771677065375 0.0052663246482644865 0.00495654084542565
0.0 0.637723299808221 0.6143179518618999 0.004646757042586103 0.004646757042586458
0.0 0.6747424642474936 0.5913939504518068 0.008054378873816858 0.00588589225394287
0.0 0.6724190857262002 0.5834944634794097 0.007125027465299638 0.00495654084542565
0.0 0.671644626219102 0.5698639761544897 0.005576108451103323 0.0074348112681384745
0.0 0.6090682980456048 0.5618095972806729 0.008673946479494533 0.006195676056782062
0.0 0.6211498663563294 0.5721873546757823 0.006195676056781707 0.0071250274652992825
0.0 0.6056606762143748 0.5819455444652142 0.006195676056781707 0.006195676056781707
0.0 0.618206920229358 0.5893803557333526 0.004646757042586103 0.006195676056782062
0.0 0.5965220540306209 0.591703734254646 0.008983730282334079 0.005266324648264842
0.0 0.592185080790874 0.5983640860156865 0.007744595070977312 0.006195676056782062
0.0 0.5988454325519144 0.6078124920022787 0.005576108451103323 0.005266324648264842
0.0 0.6247123800889789 0.5996032212270428 0.004027189436907719 0.0074348112681384745
0.0 0.5572973863099513 0.34039171582484684 0.010006572402683388 0.008069816453776824
0.0 0.6244382592053761 0.34959130658215243 0.012588913667892143 0.003873511897813131
0.0 0.6572017140077104 0.3158594738053647 0.01097495037713685 0.0067786458211728014
0.0 0.6809269743818142 0.34361964240635723 0.008069816453776468 0.006778645821172447
0.0 0.6655943231196378 0.35636995240332503 0.01097495037713685 0.0064558531630215295
0.0 0.7232128125996056 0.371057018349199 0.010006572402683388 0.006133060504870258
0.0 0.7556534747437886 0.3765444935377674 0.009683779744532472 0.004196304555964403
0.0 0.6927089064043284 0.3082738463388145 0.007747023795625552 0.0064558531630215295
0.0 0.7052978200722209 0.31117898026217433 0.00903819442823064 0.005810267846719341
0.0 0.7370928969001014 0.3090808279841923 0.006133060504870258 0.006133060504870258
0.0 0.7583972123380726 0.306014297731757 0.00806981645377718 0.00451909721411532
0.0 0.7687265773989076 0.30649848671898355 0.00806981645377718 0.005487475188568425
0.0 0.5308283883415633 0.3938139007488502 0.007424231137474635 0.003873511897813131
0.0 0.538252619479038 0.391715748470868 0.006133060504870969 0.006133060504870613
0.0 0.5635918431438978 0.37848124948667383 0.006455853163021175 0.005487475188568425
0.0 0.5860259328853971 0.3936525044197744 0.005487475188568425 0.006133060504870258
0.0 0.563107654156671 0.40462745479691103 0.004841889872266592 0.0035507192396618593
0.0 0.5694021109906171 0.4128586675797635 0.0038735118978124204 0.005164682530417153
0.0 0.5569745936518004 0.4322262270688281 0.004841889872265881 0.005810267846719341
0.0 0.5413191497314734 0.41479542352867005 0.007747023795625552 0.007101438479323363
0.0 0.5889310668087575 0.44078023250983184 0.0067786458211728014 0.004841889872266236
0.0 0.5827980063038869 0.46256873693502937 0.004196304555964048 0.003873511897813131
0.0 0.6015199804766492 0.4414258178261338 0.005487475188568425 0.005487475188568425
0.0 0.5984534502242141 0.4188303317555583 0.007747023795626262 0.006133060504870258
0.0 0.6273433931287353 0.4036590768224578 0.005487475188568425 0.0054874751885680695
0.0 0.6350904169243613 0.4062414180876665 0.008069816453776468 0.006133060504870258
0.0 0.640093703125703 0.36573093948970625 0.003873511897813131 0.004519097214114964
0.0 0.6518756351482174 0.41721636846480337 0.00806981645377718 0.0067786458211728014
0.0 0.6607524332473723 0.4149568198577455 0.005164682530416798 0.004196304555963692
0.0 0.664625945145185 0.42141267302076707 0.005810267846719341 0.0067786458211728014
0.0 0.6741483285606418 0.4197987097300116 0.0067786458211728014 0.004196304555963692
0.0 0.5596442793597831 0.26101946734259157 0.003550719239661504 0.007101438479323719
0.0 0.5407609088579448 0.2831307644259402 0.008392609111928096 0.008715401770079012
0.0 0.4732972433043695 0.2264806529204261 0.005164682530416798 0.0064558531630215295
0.0 0.496215522033096 0.13513033066367103 0.005810267846719341 0.0064558531630215295
0.0 0.49944344861460654 0.1304498371204806 0.005164682530417508 0.0035507192396618593
0.0 0.6737514840161886 0.26715252784746185 0.010329365060834306 0.007101438479323719
0.0 0.6892455316074407 0.2736083810104832 0.006455853163021885 0.005164682530417153
0.0 0.6632607226262788 0.2387467739301668 0.007424231137474635 0.005810267846719341
0.0 0.6700393684474513 0.24068352987907354 0.004196304555964048 0.004519097214114964
0.0 0.6821440931281166 0.22325272633891532 0.006455853163021175 0.005810267846719341
0.0 0.6916664765435734 0.2295471831728614 0.006133060504870969 0.006778645821172447
0.0 0.7179740781828865 0.2121163796327032 0.005164682530416798 0.004196304555964048
0.0 0.7283034432437209 0.17483382761625368 0.007747023795625552 0.0064558531630215295
0.0 0.7634878429821882 0.2071130934313615 0.005164682530417508 0.0064558531630215295
0.0 0.7910866152541054 0.171121712047516 0.009360987086380845 0.006778645821172447
0.0 0.7578389714645446 0.27086464341619915 0.006133060504870258 0.0067786458211728014
0.0 0.7610668980460549 0.29378292214492563 0.005487475188568425 0.006133060504870258
0.0 0.8540311835935654 0.30201413492777823 0.005487475188567714 0.007101438479323719
0.0 0.8425720442292022 0.28652008733652645 0.007747023795625552 0.007101438479323719
0.0 0.8417650625838246 0.27247860670695445 0.008715401770079723 0.006778645821172447
0.0 0.7983494500625046 0.24810776101654836 0.011620535693438683 0.007747023795625907
0.0 0.831597093852066 0.24649379772579288 0.010329365060834306 0.008392609111928096
0.0 0.8324040754974433 0.23245231709622088 0.006778645821172091 0.008069816453776824
0.0 0.807226248161659 0.22696484190765265 0.007424231137474635 0.005487475188568425
0.0 0.7973810720880511 0.20114142925556652 0.008392609111928096 0.004841889872266236
0.0 0.8172328205643424 0.1950083687506959 0.012588913667892143 0.005487475188568425
0.0 0.8285305635996302 0.2046921484952282 0.009360987086381556 0.008715401770079368
0.0 0.84483159283626 0.20549913014060603 0.010329365060835016 0.005810267846719697
0.0 0.8464455561270153 0.17741616888146225 0.005164682530417508 0.005810267846719697
0.0 0.8482209157468464 0.2295471831728614 0.006133060504870969 0.004841889872266236
0.0 0.878724821942123 0.22276853735168878 0.007747023795625552 0.004841889872266236
0.0 0.8777564439676698 0.21001822735472117 0.007747023795625552 0.0064558531630215295
0.0 0.8110997600594718 0.34623672909447567 0.009360987086381556 0.005164682530417508
0.0 0.823365881069213 0.3441385768164936 0.006133060504870969 0.006133060504870258
0.0 0.8241728627145907 0.35882564276236745 0.007747023795625552 0.007101438479323719
0.0 0.8396669103058428 0.3769020316188282 0.005810267846720052 0.005810267846718986
0.0 0.8566135248587742 0.37625644630252586 0.005487475188568425 0.0032279265815105874
0.0 0.8611326220728891 0.36980059313950414 0.006778645821172091 0.004519097214114964
0.0 0.8706550054883462 0.37803180592235675 0.009038194428229928 0.008069816453776824
0.0 0.8796931999165765 0.36689545921614464 0.002582341265208754 0.005810267846718986
0.0 0.8554837505552456 0.33945808327330307 0.007747023795625552 0.005164682530417508
0.0 0.23842661549604038 0.14249698411266856 0.006558782074549185 0.004809773521335714
0.0 0.24389226722483137 0.1000835266972528 0.006121529936245906 0.008307790627761946
0.0 0.27799793401248535 0.13462644562321024 0.007870538489458312 0.0074332863511553885
0.0 0.29789290630528314 0.15408416577770528 0.006558782074548475 0.008745042766065225
0.0 0.3064193230021971 0.1910319714643302 0.010494051319278696 0.010056799180975063
0.0 0.3822825689978117 0.2021819009910633 0.008307790627762301 0.007870538489458668
0.0 0.4570526846476685 0.19846525781548544 0.007433286351155743 0.0074332863511553885
0.0 0.42535190462068256 0.14621362728824644 0.006121529936245906 0.005247025659638993
0.0 0.3973677677692745 0.04761327010086216 0.010494051319278696 0.008307790627761946
0.0 0.4196676268227403 0.043459374786981184 0.01311756414909766 0.006121529936245551
0.0 0.4570526846476685 0.024438906770789436 0.010056799180974707 0.006558782074548475
0.0 0.35757782318367787 0.05526518252116919 0.007870538489458312 0.006996034212852109
0.0 0.31363398328420083 0.10904719553246967 0.0056842777979426275 0.007870538489458668
0.0 0.5359766956114062 0.08106305868106123 0.007870538489459022 0.006121529936245551
0.0 0.40414517591297494 0.0215967678718183 0.008307790627762301 0.007870538489458668
0.0 0.6238576025350412 0.05356091678808443 0.006183823712297709 0.006570312694316627
0.0 0.7921735542041425 0.09124359253489836 0.007343290658353397 0.006183823712297709
