0 0.2995792023590415 0.8639695667337384 0.0021740005238546443 0.002788888404505343
0 0.3073089819994136 0.812804191004927 0.0028986673651395377 0.004719657299932294
0 0.31171737195056326 0.8529212780543515 0.0032610007857819313 0.004290597545392956
0 0.3175147066808423 0.8615024731451374 0.002294778330735454 0.006006836563550166
0 0.34179104586388576 0.8706199929290974 0.0018116671032121444 0.004505127422662838
0 0.35646554939990466 0.8986161419127867 0.0021740005238546443 0.004719657299932294
0 0.36304793987490896 0.900868705624118 0.0020532227169737637 0.0040760676681235
0 0.3571902162411895 0.9212490439647348 0.0021740005238545736 0.002788888404505343
0 0.37977566612790153 0.92403793236924 0.0019324449100930252 0.0032179481590448233
0 0.38025877735542496 0.9159930619716283 0.0024155561376162636 0.0034324780363145634
0 0.3865392233132272 0.91492041258528 0.0021740005238546443 0.003003418281774941
0 0.3884112793198797 0.9107370799785218 0.002053222716973906 0.0032179481590448233
0 0.3973488370290599 0.902048619949101 0.002294778330735383 0.004719657299932294
0 0.36775827434326075 0.8544229871952388 0.003744112013305241 0.005148717054471632
0 0.3749445538526691 0.8493815350794022 0.0021740005238547154 0.004505127422662554
0 0.3768166098593217 0.8586063198019971 0.002777889558258764 0.0032179481590448233
0 0.3793529438038188 0.8274994875978979 0.002053222716973835 0.0036470079135840195
0 0.3846671673065745 0.8254614537638362 0.003019445172020383 0.0038615377908536174
0 0.40477667215222995 0.8340426488546222 0.0024155561376162636 0.0038615377908536174
0 0.3120797053712057 0.8912148611469839 0.0030194451720203476 0.004076067668123358
0 0.3191452070737333 0.87823580357217 0.0024155561376162636 0.0042905975453928135
0 0.3322495991203016 0.9030140043968146 0.003019445172020383 0.003217948159044681
0 0.3312229877618147 0.8928238352265062 0.0028986673651394314 0.0038615377908536174
0 0.33913393411250786 0.9111661397330613 0.0027778895582586927 0.0053632469317412305
0 0.3968053368980964 0.9181383607443249 0.0021740005238546443 0.004290597545392956
0 0.40332733846966023 0.9200691296397516 0.001690889296331406 0.003432478036314421
0 0.40658833925544213 0.9103080202239826 0.0014493336825697866 0.004076067668123358
0 0.32162115211479 0.8143059001458144 0.0027778895582586927 0.003003418281775083
0 0.32627109767970125 0.808513593459534 0.0021740005238546443 0.002574358527235887
0 0.3401605454709948 0.8343644436705268 0.0021740005238545736 0.004505127422662554
0 0.34734682498040315 0.8267486330274543 0.0025363339444971445 0.0034324780363142794
0 0.34499165774622736 0.8180601729980332 0.0019324449100930963 0.0032179481590448233
0 0.3501851034421023 0.8159148742253369 0.0019324449100930252 0.0036470079135841617
0 0.30345423978804364 0.7841067014205688 0.0022947783307354186 0.0042905975453928135
0 0.3216916886270465 0.798051143443096 0.003019445172020312 0.0021452987726964068
0 0.3353999697080188 0.797407553811287 0.00410644543394767 0.0021452987726964068
0 0.3497121398233952 0.7863592651319001 0.003019445172020312 0.0040760676681235
0 0.355630252360555 0.7494601262415205 0.0027778895582586927 0.0040760676681235
0 0.39754015134819726 0.7127755172284103 0.0015701114894505252 0.0036470079135840195
0 0.4067796535745795 0.801161826663506 0.0012077780688081673 0.004934187177201892
0 0.3821409809708936 0.79569131479313 0.0028986673651394314 0.004290597545392956
0 0.3687950333105637 0.7935460160204335 0.003019445172020312 0.0047196572999321515
0 0.4159587668975213 0.7303669671645215 0.0019324449100930963 0.004934187177201892
0 0.4092555986156362 0.6809178304538673 0.0018116671032122156 0.00514871705447149
0 0.40762509822274523 0.6080849371208215 0.0021740005238546443 0.003217948159044681
0 0.3780949244403862 0.5926387859574067 0.0020532227169737637 0.004076067668123358
0 0.38038970277112183 0.5945695548528335 0.0018116671032121444 0.004076067668123358
0 0.36867425550368293 0.539220846517264 0.002294778330735454 0.004076067668123287
0 0.41607954470440217 0.5641063122805433 0.001690889296331406 0.002788888404505556
0 0.34180119347270194 0.49770931526558676 0.001932444910092954 0.003003418281775083
0 0.40569265331265214 0.4679969272637403 0.0019324449100930252 0.004076067668123429
0 0.31981963262039387 0.42391103748482734 0.00217400052385468 0.002145298772696478
0 0.33630580325962484 0.3938768546670764 0.0025363339444970023 0.004290597545393027
0 0.4023712636234299 0.38947899218304854 0.0025363339444971445 0.004934187177201963
0 0.4083497650640301 0.3776798489332178 0.003381778592662812 0.004505127422662625
0 0.4067192646711391 0.3308050707497995 0.001328555875688977 0.0038615377908536885
0 0.4179516007110547 0.3593017891743291 0.001328555875688906 0.0037900272861861595
0 0.3663794771729475 0.31943498725450803 0.0025363339444971445 0.002574358527235816
0 0.344337527417199 0.3251200290021538 0.002657111751377954 0.0036470079135840195
0 0.32054429946167873 0.10415425541441482 0.00217400052385468 0.0036470079135840373
0 0.38032931386768143 0.1274307470981718 0.002415556137616406 0.0038615377908536885
0 0.3968154845069124 0.13000510562540757 0.0020532227169737637 0.0038615377908536707
0 0.40587382002297345 0.10651408406438097 0.0022947783307355253 0.005792306686280533
0 0.41426787760119 0.12110211571871712 0.0033817785926627407 0.004076067668123358
0 0.4166230448353657 0.11348630507564458 0.0015701114894505252 0.0055777768090108995
0 0.4177100450972931 0.12045852608690819 0.0015701114894505252 0.004076067668123358
0 0.4268991392349004 0.8981783234248639 0.0015701114894505963 0.004462221447208776
0 0.43255154059692247 0.906963321899056 0.0025121783831208687 0.0030677772449560336
0 0.44550496038488974 0.9031983225529737 0.002983211829956147 0.0033466660854065823
0 0.4444843879167468 0.8847916590832378 0.0025121783831208687 0.005019999128109873
0 0.4538265512789777 0.8965049903821606 0.0023551672341758944 0.004462221447208776
0 0.4495872502574612 0.9190949864586548 0.0020411449362857325 0.0033466660854065823
0 0.42760568940515314 0.8856283256045893 0.0026691895320660563 0.006693332170813022
0 0.42281684936232894 0.8591338857617876 0.00251217838312094 0.005577776809010828
0 0.42509351102203224 0.8364044452650684 0.00392527872362642 0.004183332606758085
0 0.4297253399159115 0.828037780051552 0.0031402229789011214 0.005856665649461377
0 0.4472320830232853 0.7746305671052727 0.002983211829956076 0.005577776809010971
0 0.4511573617469118 0.800846118107624 0.002983211829956005 0.005019999128109731
0 0.4478601276190656 0.8143722268694753 0.0026691895320659852 0.005298887968560279
0 0.4476246108956479 0.8337550012807882 0.0018841337873407582 0.004462221447208634
0 0.43961704229945 0.834731112222365 0.0028262006810110306 0.0041833326067582275
0 0.4608920529815053 0.8550899975752547 0.0023551672341758944 0.004741110287659183
0 0.4676435323861428 0.8708472170607106 0.0026691895320659852 0.006693332170813165
0 0.47313892259921986 0.8806083264764797 0.0023551672341758233 0.005577776809010828
0 0.4684285881308681 0.8896722137911223 0.0020411449362857325 0.0041833326067582275
0 0.4831091305572309 0.9076605440001824 0.003768267574681303 0.004462221447208776
0 0.4645818149817142 0.7942922303570361 0.0012560891915603634 0.0036255549258569887
0 0.47054823864162637 0.7903877865907285 0.0028262006810111017 0.0041833326067582275
0 0.4745520229397253 0.8034955620919041 0.0036112564257363288 0.0052988879685604215
0 0.4838941863019563 0.8189738927369093 0.0015701114894505963 0.005577776809010971
0 0.4706267442160989 0.8193922259975852 0.0017271226383955708 0.004741110287659325
0 0.47415949506736266 0.8140933380290246 0.002198156085230778 0.0030677772449560336
0 0.4897035988129234 0.8139538936087996 0.0018841337873407582 0.003904443766307537
0 0.4930793385152421 0.7963838966604152 0.0023551672341758233 0.006135554489912067
0 0.5047766691116489 0.8301294463549311 0.0018841337873406162 0.004462221447208776
0 0.5136477990270447 0.8330577791796617 0.0023551672341758233 0.0036255549258571306
0 0.5153749216654403 0.7962444522401898 0.0023551672341758233 0.0036255549258571306
0 0.5193002003890667 0.790108897750278 0.0023551672341759655 0.0036255549258571306
0 0.5218123787721877 0.8000094515862723 0.0020411449362857325 0.004462221447208776
0 0.495591516898363 0.9140749873305449 0.002983211829956005 0.0039044437663076793
0 0.501950468430638 0.9086366549417594 0.0028262006810110306 0.005298887968560279
0 0.48821199289794537 0.902779989292298 0.0023551672341758233 0.0047411102876590405
0 0.4851502754935167 0.8853494367641389 0.0028262006810110306 0.006135554489911925
0 0.49182324932368165 0.8821422150989576 0.0017271226383955708 0.004741110287659325
0 0.4973186395367587 0.8874411030675179 0.0036112564257363288 0.005856665649461377
0 0.5069748251968796 0.884931103503463 0.00251217838312094 0.003625554925857273
0 0.5098795314523632 0.8701499949595842 0.0014131003405054797 0.0036255549258569887
0 0.5163169885591106 0.8817238818382819 0.0023551672341759655 0.005577776809010828
0 0.5381415382624735 0.863317218368546 0.0023551672341758233 0.004462221447208634
0 0.5298199473683854 0.8422611109145296 0.0020411449362857325 0.0036255549258571306
0 0.5308405198365285 0.7947105636177119 0.0028262006810109595 0.005019999128109873
0 0.5368069434964405 0.7863438984041957 0.00251217838312094 0.00334666608540644
0 0.5429303783052978 0.7739333450041463 0.002512178383121011 0.005298887968560279
0 0.5477192183481221 0.7930372305750086 0.0020411449362856614 0.007251109851714119
0 0.5463846235820892 0.8043322286132556 0.0028262006810110306 0.004741110287659183
0 0.5567473594124628 0.7981966741233438 0.0028262006810110306 0.004741110287659325
0 0.5634203332426279 0.7867622316648715 0.0023551672341758233 0.004741110287659325
0 0.5605941325616168 0.82190222556164 0.0026691895320661275 0.0064144433303626154
0 0.5553342590719573 0.8281772244717771 0.0028262006810110306 0.004462221447208634
0 0.5487397908162649 0.8322211126583102 0.0031402229789011925 0.0036255549258571306
0 0.5496818577099353 0.8138144491885743 0.00251217838312094 0.004741110287659325
0 0.5394761330285065 0.8366833341055188 0.002198156085230778 0.005298887968560279
0 0.5679878313087453 0.8011081941941888 0.0023551672341759655 0.00418333260675837
0 0.5729336825005147 0.7696867178154685 0.002198156085230778 0.006042590833844059
0 0.42455814674743536 0.7221826523466847 0.001884133787340687 0.0036255549258569887
0 0.42377309100271005 0.7319437617624536 0.00251217838312094 0.0041833326067582275
0 0.4443415515145126 0.7273420958950197 0.0028262006810111017 0.0039044437663076793
0 0.45729497130247976 0.7199515416230804 0.0020411449362858036 0.004741110287659325
0 0.4415153508335015 0.7443543151625029 0.001884133787340687 0.0033466660854065823
0 0.4404947783653587 0.7511870917535414 0.0020411449362858036 0.0019522218831538394
0 0.4642819674305349 0.761366534429986 0.00251217838312094 0.005577776809010971
0 0.48053262134634833 0.7249715407511901 0.0026691895320659852 0.005298887968560279
0 0.490581334878832 0.7171626532185749 0.0026691895320660563 0.0036255549258571306
0 0.49584120836849144 0.7174415420590253 0.0031402229789011925 0.0030677772449560336
0 0.5056544051775574 0.7237165409691626 0.002983211829956147 0.0039044437663076793
0 0.5187648361144699 0.7373820941512393 0.002198156085230778 0.0039044437663076793
0 0.5249667764977995 0.7298520954590745 0.0017271226383957128 0.003904443766307537
0 0.5253593043701622 0.7595537569670576 0.00251217838312094 0.005298887968560279
0 0.5333668729663602 0.7656893114569695 0.0015701114894505963 0.0030677772449560336
0 0.5442791478180417 0.7690359775423761 0.0023551672341758233 0.004741110287659183
0 0.552208210839767 0.7626215342120136 0.0028262006810110306 0.0041833326067582275
0 0.4306815815562926 0.6887159914926193 0.00251217838312094 0.00418333260675837
0 0.45125004206809505 0.6804887706993281 0.00251217838312094 0.003904443766307537
0 0.455096815217249 0.662360996070043 0.0023551672341758233 0.004462221447208634
0 0.4444200570889851 0.6694726615015315 0.0017271226383956417 0.0036255549258571306
0 0.4395527114716883 0.6599904409262132 0.0023551672341758233 0.004183332606758085
0 0.43287973764152343 0.7019632114140201 0.0028262006810109595 0.004462221447208776
0 0.435784443897007 0.7030787667758225 0.0023551672341758944 0.004462221447208634
0 0.44182937313139165 0.6983376564881629 0.0031402229789011925 0.003904443766307537
0 0.46231932806872167 0.7037759888769486 0.0020411449362857325 0.0041833326067582275
0 0.4540762427491062 0.6997321006904158 0.0018841337873407582 0.002231110723604388
0 0.466087595643403 0.6920626575780259 0.0026691895320659852 0.004741110287659183
0 0.4648315064518426 0.6169021150766041 0.0023551672341758944 0.005019999128109802
0 0.494742130325876 0.6474404431059387 0.0025121783831208687 0.0036255549258569887
0 0.49560569164507384 0.6546915529576529 0.0020411449362857325 0.0052988879685604215
0 0.49011030143199674 0.6672415507779274 0.0017271226383956417 0.0036255549258569887
0 0.4931720188364255 0.6673809951981525 0.0015701114894505963 0.00334666608540644
0 0.500394531687898 0.6930387685196027 0.0012560891915604343 0.00334666608540644
0 0.5171162190505468 0.7058676551803278 0.0020411449362858036 0.003904443766307679
0 0.5201779364549753 0.7086565435848331 0.0028262006810111017 0.002788888404505343
0 0.5234751705828216 0.7150709869151958 0.0015701114894505252 0.0027888884045054853
0 0.5251237876467446 0.6687754394004054 0.002983211829956005 0.005019999128109731
0 0.53273882837058 0.6951304348229818 0.0028262006810111017 0.005856665649461519
0 0.5389407687539096 0.712700431771366 0.0020411449362857325 0.004183332606758085
0 0.5387837576049646 0.7232982077084867 0.002983211829956076 0.0041833326067582275
0 0.5573110731804815 0.6994532118499651 0.0020411449362856614 0.003346666085406724
0 0.5691654149258334 0.6938754350409545 0.002198156085230778 0.005019999128109731
0 0.545064203562767 0.6898315468544215 0.0017271226383957128 0.003625554925857273
0 0.5411389248391406 0.6813254372206798 0.002983211829956076 0.005019999128109873
0 0.5507951104992616 0.6293126684766532 0.0018841337873406162 0.006972221011263571
0 0.4471677521955236 0.5110638001256225 0.0018841337873406162 0.0030677772449558913
0 0.46294737266450187 0.5135737996896773 0.0017271226383956417 0.0030677772449559625
0 0.4822597439847439 0.5163626880941828 0.0023551672341758944 0.0025099995640549366
0 0.5609223296062178 0.49056547035250747 0.0017271226383957128 0.004462221447208634
0 0.47896250985689776 0.5382554620695505 0.0023551672341758944 0.005577776809010971
0 0.44771729121683135 0.5746504557483465 0.002983211829956005 0.0036255549258571306
0 0.45517532079172157 0.5754871222696982 0.0015701114894505963 0.004183332606758156
0 0.4650670231752602 0.6043521172563296 0.001884133787340687 0.003904443766307608
0 0.4826522718571066 0.6061648947192582 0.0025121783831207976 0.0036255549258569176
0 0.4878336397722935 0.581483232339385 0.002198156085230778 0.003904443766307608
0 0.4975683310068871 0.5509449043100503 0.0025121783831207976 0.00529888796856035
0 0.5025926877731289 0.554849348076358 0.002198156085230778 0.0036255549258571306
0 0.5102862340714367 0.5625187911887479 0.002512178383120727 0.003904443766307608
0 0.520570464327338 0.528215463813331 0.002983211829956147 0.003904443766307608
0 0.5620999132233057 0.5227771314245453 0.0018841337873407582 0.005856665649461377
0 0.5359575569239535 0.5715826785033906 0.0023551672341758944 0.0030677772449561047
0 0.5357220402005359 0.5754871222696981 0.0025121783831208687 0.0025099995640548655
0 0.5607653184572726 0.563076568869649 0.0026691895320659852 0.0044622214472087056
0 0.5623354299467231 0.5770210108921762 0.0023551672341758944 0.0044622214472087056
0 0.5725411546281519 0.5800887881371323 0.0023551672341758233 0.004462221447208634
0 0.565711169649042 0.590268230813577 0.0015701114894505963 0.004741110287659325
0 0.5619429020743607 0.6018421176922747 0.00251217838312094 0.005019999128109802
0 0.56005876828702 0.6121610047889449 0.002826200681010889 0.0033466660854065823
0 0.5592737125422947 0.5865032314674947 0.0028262006810110306 0.005577776809010828
0 0.420946890321699 0.47787602811200786 0.0031402229789011925 0.0030677772449559625
0 0.46263335036661174 0.46225825304677737 0.002669189532065914 0.0036255549258571306
0 0.4735456252182933 0.4794099167344858 0.0028262006810111017 0.0044622214472087056
0 0.5238676984551842 0.4816410274580902 0.002983211829955934 0.003346666085406511
0 0.5689298982024157 0.4428754786354645 0.0020411449362857325 0.005019999128109802
0 0.49144489619802983 0.35586216041489466 0.0028262006810109595 0.0044622214472087056
0 0.5140545016461181 0.33745549694515864 0.0025121783831208687 0.0039044437663076793
0 0.5235536761572941 0.40355215213193774 0.002983211829956076 0.0055777768090108995
0 0.5474193707969428 0.3824960446779216 0.0023551672341758233 0.004183332606758085
0 0.5481259209671956 0.3656232698306637 0.0031402229789011214 0.004462221447208634
0 0.49128788504908477 0.3250449435451095 0.003768267574681374 0.0052988879685604215
0 0.4791195210058428 0.21279218526376537 0.0023551672341758944 0.003904443766307608
0 0.4971758031345244 0.21836996207277623 0.002983211829956076 0.003904443766307608
0 0.5329743450939975 0.20986385243903463 0.0017271226383955708 0.004183332606758156
0 0.4791195210058428 0.10430442632850358 0.002983211829956076 0.005019999128109785
0 0.5246527541999094 0.1317749771128822 0.003297234127846238 0.0036255549258570594
0 0.5466343150522175 0.10820887009481121 0.0020411449362857325 0.0044622214472087056
0 0.563356002414866 0.14042053116684908 0.0025121783831208687 0.004183332606758192
0 0.5608438240317452 0.15199441804554667 0.0031402229789011214 0.003904443766307608
0 0.5723056379047344 0.1253605337825197 0.002198156085230778 0.0058566656494614296
0 0.5949995574245753 0.7719187060218331 0.003424243668401132 0.005817818270805048
0 0.5798137811560138 0.7905621691169133 0.0019354420734440936 0.007140049695988182
0 0.5838568905761646 0.852700004356806 0.002642843067971015 0.003755450201703212
0 0.5842973644208265 0.8781275317641711 0.0019380849165122527 0.0029730647430150723
0 0.593238983467462 0.8259424216696707 0.002026179685444376 0.0040684043851784675
0 0.5978199114519449 0.8415118922975651 0.0020261796854444468 0.004224881476916238
0 0.6013877495937059 0.8516829032605112 0.001761895378647438 0.003598973109965584
0 0.6034139292791505 0.8651399331499476 0.002466653530106413 0.00391192729344084
0 0.6153507704694863 0.8694430531727326 0.002730937836903351 0.0021906792843269327
0 0.6186983716889164 0.8665482269755864 0.0013214215339854719 0.002034202192589305
0 0.6123995957102519 0.8643575476912596 0.0015857058407827652 0.0029730647430149305
0 0.6046472560442036 0.8805529266861043 0.0019380849165120395 0.0031295418347527006
0 0.6069377200364451 0.8785187244935153 0.0019380849165121815 0.0028165876512773027
0 0.6075984308034379 0.8840736612502014 0.0018499901475797032 0.003286018926490186
0 0.6114746006364622 0.8865772947180034 0.0011452319961207992 0.0023471563760644187
0 0.6156591021607496 0.8816482663282679 0.0028190326058356876 0.002190679284326791
0 0.6035901188170152 0.9025379580752418 0.002290463992241527 0.0029730647430147882
0 0.6057924880403243 0.9030073893504549 0.0014095163029178082 0.002347156376064561
0 0.61046151079374 0.8990172235111453 0.0014095163029178791 0.0028165876512774445
0 0.6124436430947182 0.9020685268000289 0.0018499901475797032 0.0029730647430150723
0 0.6145138701646289 0.9005037558826526 0.002290463992241527 0.0029730647430150723
0 0.6231031101355348 0.899956086061571 0.003611885526227141 0.0028165876512775867
0 0.6289173648850711 0.897843645323113 0.002026179685444518 0.003598973109965584
0 0.6350399513258707 0.8872032030849539 0.0015857058407825518 0.003286018926490186
0 0.6282126067336122 0.885012523800627 0.002026179685444518 0.004224881476916096
0 0.6318244922598392 0.876484522300926 0.0014976110718502155 0.002190679284326791
0 0.6336304350229527 0.8801617339567605 0.0021142744543768545 0.0032860189264904706
0 0.6395768319258877 0.8785969630393841 0.0025547482990386783 0.002347156376064561
0 0.6375946996249092 0.869677768810339 0.0012333267650532064 0.002347156376064561
0 0.6390482633122935 0.8656876029710293 0.0014976110718503577 0.004381358568653724
0 0.634863761788006 0.8534041512696252 0.001585705840782623 0.0026601105595398166
0 0.6294459334986652 0.8377564420958621 0.0020261796854444468 0.003911927293440982
0 0.6261423796637015 0.8443284799488425 0.001585705840782694 0.0026601105595398166
0 0.6244685790539866 0.847536260329464 0.0019380849165121106 0.0031295418347525583
0 0.6397530214637525 0.8940099565755412 0.0018499901475797743 0.0031295418347525583
0 0.6441137125259047 0.8972177369561624 0.0019380849165121106 0.0026601105595395326
0 0.6458315605200857 0.8929928554792462 0.0014976110718502866 0.003286018926490186
0 0.6469767925162065 0.8857949092593151 0.0022023692233091195 0.004850789843866466
0 0.6493553512773805 0.8913498460160012 0.0025547482990387494 0.0031295418347528424
0 0.6569755487900304 0.8889244510940678 0.001761895378647438 0.0029730647430150723
0 0.6603671973939265 0.8933058096627216 0.0023785587611739344 0.002034202192589163
0 0.6616445715434459 0.8886114969105925 0.0017618953786472957 0.003598973109965584
0 0.6649040779939436 0.8391386562072402 0.001585705840782623 0.003859767864919945
0 0.6582088755550835 0.8408859839306146 0.0019380849165122527 0.0029730647430149305
0 0.6567993592521657 0.8356440013574038 0.0021142744543767833 0.0031295418347525583
0 0.6576362595570231 0.8308714500594061 0.0016738006097149593 0.0026601105595398166
0 0.6442458546793032 0.8395559286508447 0.001849990147579632 0.0028165876512771604
0 0.6453029919064917 0.8465973977790381 0.0011452319961207992 0.003755450201703212
0 0.646844650362808 0.8531694356320187 0.0014095163029179503 0.0034424960182280985
0 0.6536279475706004 0.8567684087419843 0.0014095163029179503 0.0034424960182280985
0 0.6524386681900134 0.8473015446918576 0.0014976110718502866 0.0029730647430150723
0 0.648738687894854 0.8439372872194986 0.0011452319961207992 0.0025036334678020466
0 0.649487493430779 0.8375999650041243 0.0019380849165119684 0.003286018926490186
0 0.6478577402055302 0.8612280058565069 0.0009690424582561263 0.002347156376064561
0 0.6497958251220425 0.862479822590408 0.0014976110718502866 0.0032860189264900443
0 0.6499279672754409 0.8712425397277154 0.0008809476893235058 0.0032860189264903284
0 0.6486946405103877 0.8753891826587628 0.0017618953786472957 0.0021906792843269327
0 0.6540684214152621 0.873980888833124 0.001585705840782623 0.0028165876512774445
0 0.6531434263414724 0.8791446328604658 0.0009690424582561263 0.0028165876512774445
0 0.5805445272643077 0.8142285468567713 0.0024666535301063417 0.0035989731099654422
0 0.5873278244721 0.7961554427610747 0.0029952221437006443 0.003442496018227814
0 0.5989563339711726 0.7828548899633759 0.0021142744543768545 0.003755450201703212
0 0.5993968078158345 0.7568014541890601 0.002290463992241527 0.0032860189264903284
0 0.6031408354954602 0.7589138949275182 0.0022023692233091906 0.0031295418347527006
0 0.6055634416411002 0.7960772042152058 0.0021142744543767122 0.0029730647430149305
0 0.6084265216314022 0.8053875911735949 0.0020261796854444468 0.0040684043851784675
0 0.6190419412877526 0.8215829701684401 0.0019380849165120395 0.003598973109965584
0 0.6233585849654386 0.8248689890949302 0.0019380849165120395 0.0026601105595396744
0 0.6276752286431246 0.7984243605912704 0.0019380849165121106 0.0035989731099654422
0 0.6382466009150088 0.7997544158710403 0.0028190326058356876 0.003755450201703212
0 0.6355597104625715 0.8229912639940786 0.002026179685444518 0.003598973109965584
0 0.6362204212295645 0.8200964377969325 0.0019380849165121815 0.0028165876512774445
0 0.6412418230587094 0.8227565483564723 0.0019380849165121106 0.0034424960182279562
0 0.6479370254975695 0.8162627490493606 0.002466653530106271 0.003911927293440698
0 0.6569667393131371 0.801945095155367 0.0020261796854444468 0.004381358568653582
0 0.6627369466782074 0.7639211618631222 0.002466653530106271 0.003755450201703212
0 0.6524739060975864 0.7704149611702341 0.0014976110718502866 0.0026601105595395326
0 0.6500953473364125 0.78324608269272 0.0018499901475797743 0.0029730647430150723
0 0.65335485378691 0.7911481758254706 0.0009690424582561263 0.003755450201703212
0 0.6460429879655234 0.7992067460499586 0.0023785587611739344 0.0032860189264903284
0 0.6443251399713423 0.7900528361833071 0.002290463992241456 0.0031295418347525583
0 0.6462632248878544 0.7872362485320297 0.0019380849165121106 0.005007266935604093
0 0.6393918329111297 0.7856714776146532 0.0017618953786473668 0.0031295418347527006
0 0.6646309842102532 0.8066394079074959 0.0014976110718501446 0.003755450201703212
0 0.6645869368257871 0.8136808770356896 0.0010571372271884628 0.004381358568653724
0 0.6339740046217891 0.7690849058904641 0.002026179685444518 0.003755450201703212
0 0.6223895425071826 0.779021201215804 0.0021142744543767833 0.00391192729344084
0 0.6250323855751537 0.786610340165079 0.002290463992241527 0.004381358568653724
0 0.6285561763324483 0.7884098267200619 0.0021142744543768545 0.0029730647430150723
0 0.6236669166567019 0.7679895662483008 0.002202369223309333 0.004068404385178326
0 0.6261335701868082 0.7682242818859072 0.0013214215339855428 0.0042248814769159536
0 0.632035919705277 0.7540631050836515 0.0018499901475797743 0.00375545020170307
0 0.590939709998327 0.7445962410335247 0.002642843067971015 0.0026601105595396744
0 0.5936706478352305 0.7334863675201528 0.002290463992241527 0.004224881476916096
0 0.5989563339711726 0.742796754478542 0.002290463992241527 0.003755450201703212
0 0.6075896213265446 0.7352076155292668 0.0026428430679711567 0.004850789843866607
0 0.6398763541402577 0.7540631050836515 0.0014976110718502866 0.00375545020170307
0 0.6443691873558085 0.7579750323770924 0.0014976110718501446 0.0031295418347525583
0 0.6467917935014487 0.7558625916386343 0.0015857058407827652 0.0029730647430150723
0 0.6524298587131202 0.7480387370517527 0.001585705840782623 0.0029730647430150723
0 0.6556012703946854 0.7426402773868043 0.0017618953786471536 0.0021906792843269327
0 0.6561298390082797 0.7370071020842497 0.0022904639922415983 0.0028165876512774445
0 0.5790469161924573 0.7058681608284607 0.002642843067971015 0.003755450201703212
0 0.5822623752584888 0.6986702146085296 0.0029071273747680237 0.0031295418347525583
0 0.5806326220332401 0.6863867629071254 0.0033476012194299898 0.005789652394292233
0 0.6034491671867234 0.6576732165732699 0.0028190326058357583 0.003755450201703212
0 0.6064884367148901 0.6989049302461362 0.0022023692233091906 0.0054766982108172615
0 0.6169717142178419 0.7102495193971143 0.0014976110718502155 0.002503633467802189
0 0.6289526027926439 0.7055552066449855 0.0025547482990386783 0.002190679284326791
0 0.6295252187907044 0.6901422131088287 0.002290463992241527 0.0023471563760644187
0 0.6317716353984799 0.6848219919897494 0.0014976110718502866 0.003911927293440982
0 0.6332251990858638 0.6877168181868955 0.0021142744543768545 0.002190679284326791
0 0.6288645080237117 0.6763722290359171 0.002026179685444518 0.002347156376064561
0 0.6376739849169485 0.7075111702917058 0.0013214215339854007 0.002034202192589305
0 0.6392596907577311 0.7034427659065274 0.0018499901475797743 0.0029730647430150723
0 0.6437525239732819 0.7028168575395769 0.0014976110718502866 0.0029730647430150723
0 0.645426324582997 0.7064940691954112 0.0016738006097149593 0.0028165876512773027
0 0.6505358211810744 0.7014085637139382 0.002554748299038607 0.0042248814769159536
0 0.6494346365694196 0.6895163047418782 0.0028190326058357583 0.0042248814769159536
0 0.645426324582997 0.6650276398849385 0.00273093783690328 0.003755450201703212
0 0.6485977362645622 0.6775458072239492 0.0018499901475797743 0.0034424960182280985
0 0.6570107866976034 0.6858390930860437 0.0017618953786472957 0.0025036334678020466
0 0.6592131559209126 0.6766851832193923 0.001585705840782623 0.0029730647430150723
0 0.6574512605422652 0.660646281316285 0.001761895378647438 0.0040684043851784675
0 0.6078098582488756 0.6424949386747195 0.0023785587611740056 0.0015647709173762792
0 0.6056955837944987 0.60016788535969 0.0023785587611738633 0.003598973109965655
0 0.6088229480915979 0.589918635850875 0.002642843067971015 0.004068404385178539
0 0.6269264231071996 0.6002461239055588 0.002907127374768237 0.003755450201703212
0 0.6349870944645113 0.6266125138633498 0.0021142744543768545 0.0026601105595397455
0 0.6596095823811083 0.6150332090747651 0.0022023692233092617 0.003598973109965584
0 0.6544560383985646 0.638895965564754 0.0028190326058357583 0.003755450201703212
0 0.6451179928917335 0.6445291408673088 0.0028190326058357583 0.003755450201703212
0 0.6427394341305598 0.6398348281151798 0.0035237907572947336 0.0034424960182280273
0 0.6664259236043989 0.8170845227087782 0.0017652141005659416 0.003465482632817327
0 0.6727899849669647 0.8115562527945218 0.002415556137616193 0.003960551580362619
0 0.6773888322289651 0.8198074019202776 0.002136838121737412 0.0036305056153325666
0 0.6706066938425809 0.836474723154304 0.001951026111151606 0.004620643510423151
0 0.6677266076784997 0.8868892443126717 0.001951026111151606 0.003795528597847664
0 0.6690272917526009 0.8784730722044009 0.0023226501323233605 0.004125574562877717
0 0.666054299583227 0.8663438829895401 0.0023226501323232187 0.0026403677202416985
0 0.6786430633004196 0.8696443426398424 0.0014864960846868768 0.0029704136852721774
0 0.6806869954168642 0.8731923367639172 0.0016723080952728254 0.0031354366677869903
0 0.6818483204830258 0.877895491765598 0.0013935900793937606 0.002640367720241841
0 0.6836135345835914 0.8856515719438085 0.001951026111151748 0.002970413685272035
0 0.6827309275333086 0.8925825372094432 0.0018581201058586315 0.00330045965030223
0 0.6720002839219749 0.8951403934384271 0.004366582248767799 0.003135436667787275
0 0.6907208439885008 0.8905197499280044 0.0013006840741009284 0.003465482632817469
0 0.6935544771499355 0.885734083435066 0.001951026111151606 0.002475344737726601
0 0.6985714014357538 0.8805358594858399 0.001951026111151606 0.002640367720241841
0 0.6921608870705412 0.8707169920261906 0.0013935900793940448 0.0018152528076663544
0 0.6920679810652485 0.8287186429760938 0.002136838121737412 0.003960551580362619
0 0.6982462304172284 0.8480263319303621 0.0018581201058586315 0.002970413685272035
0 0.7024270006554104 0.8542972052659366 0.00204393211644458 0.0029704136852721774
0 0.6901634079567432 0.8549572971959969 0.001486496084687161 0.0036305056153325666
0 0.6832419105624197 0.8580102223725267 0.0017652141005657996 0.0024753447377267434
0 0.6844961416338742 0.8469536825440138 0.0016723080952728254 0.0037955285978475218
0 0.6686092147287828 0.8550398086872546 0.00204393211644458 0.002805390702756938
0 0.6713034888822779 0.849181492807968 0.0018581201058586315 0.003300459650302372
0 0.6726506259590254 0.8548747857047394 0.00102196605822229 0.003795528597847664
0 0.6748803700860557 0.8576801764074964 0.0015794020899798512 0.0021452987726964068
0 0.6752519941072275 0.8549572971959969 0.0013935900793939026 0.0019802757901813094
0 0.6793863113427631 0.8519043720194673 0.001486496084687019 0.0018152528076663544
0 0.6836599875862379 0.8697268541310998 0.0014864960846868768 0.003135436667787275
0 0.6868187917661978 0.8711295494824783 0.0018581201058586315 0.002970413685272035
0 0.6883981938561776 0.8703044345699027 0.0013006840741010706 0.0029704136852721774
0 0.6837528935915307 0.8646111416731311 0.0014864960846868768 0.002145298772696549
0 0.6864936207476724 0.8651062106206766 0.0017652141005657996 0.0018152528076662122
0 0.6955984092663801 0.8126289021808701 0.0021368381217375543 0.0037955285978475218
0 0.7162235424414112 0.8174970801650658 0.0017652141005656573 0.002640367720241841
0 0.7027986246765822 0.8112262068294916 0.0027871801587880897 0.003960551580362761
0 0.7026592656686429 0.8339168669253199 0.0012077780688080964 0.003465482632817327
0 0.7025199066607034 0.8391976023658034 0.0013006840741010706 0.003465482632817469
0 0.7057716168459561 0.8420029930685605 0.001486496084687019 0.002145298772696549
0 0.7073974719385825 0.8456334986838931 0.0012077780688080964 0.0031354366677871326
0 0.7103704641079562 0.8443958263150297 0.001951026111151606 0.002640367720241841
0 0.7118569601926432 0.8606505900927686 0.0023226501323232187 0.003465482632817327
0 0.6983391364225214 0.8733573597464322 0.0016723080952726831 0.002805390702756938
0 0.7011263165813094 0.8712945724649934 0.0024155561376163347 0.00330045965030223
0 0.7031702486977539 0.8750075895715835 0.0016723080952726831 0.002145298772696549
0 0.7058645228512489 0.8637860267605556 0.0014864960846868768 0.0037955285978475218
0 0.7029844366871681 0.8638685382518132 0.0018581201058586315 0.003960551580362619
0 0.7020089236315923 0.8670864864108581 0.0015794020899799932 0.003135436667787275
0 0.6996398204966225 0.8657663025507369 0.0014864960846867347 0.002145298772696549
0 0.6983391364225214 0.8611456590403139 0.0016723080952726831 0.003135436667787275
0 0.7004295215416124 0.8610631475490562 0.0015794020899798512 0.002640367720241841
0 0.7089768740285624 0.8740174516764928 0.002694274153494973 0.0024753447377267434
0 0.7110672591476532 0.8823511122935063 0.0014864960846868768 0.002310321755211504
0 0.7132040972693909 0.882928692732309 0.0014864960846868768 0.003465482632817327
0 0.7126466612376332 0.8891995660678833 0.0018581201058586315 0.003795528597847664
0 0.7168738844784616 0.8867242213301567 0.0010219660582221478 0.0018152528076663544
0 0.7227734158145629 0.8808659054508701 0.001486496084687019 0.0016502298251509727
0 0.7221695267801589 0.8772353998355377 0.0013935900793939026 0.003960551580362761
0 0.7243063649018963 0.8886219856290807 0.0013935900793939026 0.002310321755211646
0 0.7261644850077551 0.8865591983476415 0.0021368381217375543 0.0031354366677871326
0 0.7296949132088864 0.879793256064522 0.0017652141005656573 0.0021452987726964068
0 0.7256535019786438 0.8805358594858399 0.0013006840741012127 0.002970413685272035
0 0.7260251259998156 0.8769878653617649 0.002601368148202283 0.002145298772696549
0 0.7399145737911091 0.8859816179088387 0.0013935900793939026 0.003300459650302372
0 0.7398216677858162 0.8824336237847636 0.0023226501323233605 0.0031354366677871326
0 0.739403590761998 0.8228603270968071 0.0016723080952728254 0.003465482632817469
0 0.7398681207884628 0.8311939877138204 0.0016723080952728254 0.002970413685272035
0 0.7373132056429068 0.8349070048204105 0.001951026111151606 0.002805390702756938
0 0.7401932918069879 0.8368872806105918 0.002136838121737412 0.003465482632817469
0 0.7371273936323212 0.8425805735073634 0.0015794020899799932 0.00330045965030223
0 0.7399610267937555 0.8495115387729981 0.0024155561376163347 0.0029704136852718934
0 0.7355944445449878 0.8592478947413901 0.0013006840741010706 0.002970413685272035
0 0.7282084171241995 0.855699900617315 0.0013935900793939026 0.0024753447377267434
0 0.7303917082485835 0.8540496707921639 0.001486496084687019 0.002805390702756938
0 0.7325749993729674 0.8535546018446186 0.0015794020899798512 0.001155160877605823
0 0.7320640163438563 0.8500066077205436 0.0009290600529293158 0.002640367720242125
0 0.7292303831824217 0.8501716307030586 0.0012077780688082385 0.002640367720241983
0 0.7300200842274117 0.8477787974565895 0.0018581201058586315 0.0024753447377267434
0 0.72964846020624 0.8341644013990925 0.0018581201058586315 0.002640367720241841
0 0.7289052121638966 0.827563482098488 0.0022297441270303863 0.0029704136852721774
0 0.7330395293994321 0.8274809706072304 0.002508462142909167 0.003465482632817327
0 0.720497218684886 0.8720371758863114 0.0017652141005657996 0.002145298772696549
0 0.7210546547166437 0.8693968081660697 0.0021368381217375543 0.003465482632817469
0 0.7189178165949062 0.8688192277272667 0.001951026111151606 0.002640367720241841
0 0.719800423645189 0.8647761646556463 0.0011148720635152643 0.00280539070275708
0 0.7199862356557749 0.8606505900927686 0.0022297441270305285 0.002805390702756938
0 0.724770894928361 0.8606505900927686 0.0013935900793939026 0.0024753447377267434
0 0.726861280047452 0.8654362565857068 0.0011148720635151222 0.002805390702756796
0 0.7282084171241995 0.8613106820228289 0.0012077780688082385 0.002145298772696549
0 0.7271399980633307 0.8732748482551748 0.0011148720635152643 0.0019802757901813094
0 0.7329001703914926 0.8764927964142195 0.0018581201058586315 0.002145298772696549
0 0.7307633322697552 0.8682416472884639 0.0009290600529291737 0.0018152528076660701
0 0.7329001703914926 0.8644461186906162 0.0022297441270302445 0.0021452987726964068
0 0.7348511965026444 0.868571693253494 0.0014864960846868768 0.004125574562878
0 0.7338756834470683 0.8724497333425992 0.0008361540476364837 0.0029704136852721774
0 0.7212869197298759 0.8501716307030586 0.002415556137616477 0.002640367720241983
0 0.7186855515816738 0.8497590732467709 0.001486496084687019 0.003465482632817327
0 0.7159448244255323 0.8474487514915592 0.002694274153494973 0.002805390702756796
0 0.717802944531391 0.8460460561401808 0.0013935900793940448 0.002310321755211646
0 0.7177100385260979 0.8389500678920307 0.0015794020899799932 0.002640367720241983
0 0.718313927560502 0.8328442175389716 0.00204393211644458 0.004290597545392956
0 0.7514349184474329 0.8763277734317043 0.0023226501323232187 0.004125574562877859
0 0.7431662839763618 0.8740999631677505 0.002136838121737412 0.004620643510423151
0 0.7442811560398769 0.8632084463217528 0.0017652141005656573 0.003960551580362903
0 0.7475328662251297 0.8627133773742075 0.001951026111151606 0.004620643510423292
0 0.7546866286326854 0.8806183709770974 0.00102196605822229 0.0037955285978475218
0 0.7575667147967664 0.8814434858896729 0.0015794020899798512 0.002805390702756796
0 0.7449314980769276 0.8472837285090441 0.0013935900793940448 0.003465482632817469
0 0.7474399602198366 0.8429106194723937 0.001951026111151606 0.003300459650302372
0 0.7480903022568873 0.8514918145631796 0.0015794020899798512 0.003300459650302372
0 0.7511097474289076 0.8571025959686935 0.0013006840741010706 0.002970413685272035
0 0.7569628257623624 0.8660138370245097 0.0005574360317575611 0.002640367720242125
0 0.7584493218470493 0.8640335612343284 0.0005574360317575611 0.002310321755211646
0 0.7611435960005444 0.8712120609737357 0.0009290600529294579 0.003795528597847664
0 0.7632339811196354 0.8750901010628411 0.0023226501323233605 0.003300459650302372
0 0.7644417591884435 0.87005690009613 0.0015794020899798512 0.0024753447377267434
0 0.7675541103657568 0.8649411876381614 0.0011148720635152643 0.0024753447377268856
0 0.7627694510931707 0.8575976649162388 0.0017652141005657996 0.003960551580362761
0 0.7708058205510093 0.8481913549128773 0.0018581201058587738 0.001650229825151115
0 0.7743827017547875 0.8406828092084396 0.0017652141005656573 0.002805390702756938
0 0.7771698819135753 0.8386200219270006 0.0012077780688080964 0.002310321755211646
0 0.7766124458818178 0.8236854420093829 0.0017652141005659416 0.003795528597847664
0 0.7701554785139589 0.8204674938503379 0.0014864960846868768 0.0029704136852721774
0 0.7708522735536559 0.8354020737679559 0.00102196605822229 0.003135436667787275
0 0.7723387696383429 0.8313590106963354 0.0017652141005657996 0.002310321755211504
0 0.7694586834742619 0.8410128551734698 0.0012077780688080964 0.004455620527908053
0 0.7654172722440193 0.8408478321909547 0.0009290600529293158 0.0018152528076663544
0 0.7594712879052716 0.8388675564007733 0.0016723080952726831 0.0021452987726964068
0 0.7604932539634939 0.835567096750471 0.0022297441270305285 0.002805390702756938
0 0.7636056051408072 0.8357321197329861 0.0015794020899798512 0.002805390702756796
0 0.7495767983415742 0.8222827466580043 0.0017652141005657996 0.0019802757901814516
0 0.7498555163574531 0.8171670342000357 0.002136838121737412 0.002310321755211646
0 0.7560802187120795 0.8173320571825508 0.0017652141005657996 0.00330045965030223
0 0.7620726560534737 0.819889913411535 0.00204393211644458 0.002145298772696549
0 0.7637449641487466 0.822530281131777 0.0013006840741010706 0.002145298772696549
0 0.7638843231566861 0.8300388268362147 0.0023226501323232187 0.002310321755211646
0 0.7673218453525245 0.8346594703466379 0.0017652141005657996 0.002970413685272035
0 0.7682509054054537 0.831441522187593 0.0015794020899798512 0.002475344737726601
0 0.766160520286363 0.8248406028869886 0.0009290600529293158 0.002805390702756796
0 0.7649062892149082 0.8539671593009064 0.0017652141005657996 0.002640367720241841
0 0.7647669302069687 0.8604855671102533 0.0016723080952728254 0.003795528597847664
0 0.7259675253589813 0.7997013732682471 0.0031588041799597024 0.003960551580362619
0 0.7256888073431026 0.7944206378277633 0.002415556137616193 0.003960551580362761
0 0.7231803452001934 0.7837766554555385 0.0018581201058586315 0.002805390702756938
0 0.7260139783616278 0.7402930995628058 0.0023226501323232187 0.004290597545392956
0 0.7289869705310018 0.7462339269333498 0.002136838121737412 0.003960551580362761
0 0.7320528687056685 0.7457388579858045 0.0017652141005657996 0.00330045965030223
0 0.7302412016024564 0.7563828403580294 0.0016723080952728254 0.003465482632817469
0 0.7371162459941334 0.7723900696619955 0.0016723080952728254 0.003465482632817469
0 0.7317741506897897 0.7921103160725517 0.0013935900793939026 0.003300459650302372
0 0.7427835123170025 0.7790735004538577 0.0018581201058586315 0.004290597545393098
0 0.7417150932561336 0.800113930724535 0.0021368381217375543 0.003795528597847664
0 0.7512379587986593 0.8067148500251394 0.0024155561376163347 0.00280539070275708
0 0.7545361219865585 0.803414390374837 0.0032517101852525343 0.003135436667787275
0 0.7575555671585787 0.8023417409884889 0.0013006840741010706 0.0013201838601209204
0 0.7580200971850434 0.7992888158119594 0.0022297441270303863 0.0031354366677871326
0 0.753188984909811 0.7908726437036884 0.0005574360317577032 0.0008251149125757706
0 0.7503553517483763 0.7846017703681142 0.001579402089979709 0.003465482632817469
0 0.7588562512326799 0.7309693010507017 0.00204393211644458 0.0037955285978475218
0 0.7678216807434478 0.7350123641223221 0.003065898174666728 0.003960551580362903
0 0.7694939888387208 0.7487917831623341 0.0015794020899799932 0.00280539070275708
0 0.7747896311404179 0.7467289958808953 0.0013935900793939026 0.002640367720241841
0 0.7725598870133875 0.7566303748318021 0.0015794020899798512 0.002310321755211646
0 0.7752541611668826 0.76075594939468 0.0013935900793940448 0.003960551580362761
0 0.7654525776084781 0.7601783689558771 0.0022297441270302445 0.0037955285978475218
0 0.760064029301488 0.7666967767652241 0.0013006840741010706 0.003960551580362903
0 0.7586704392220941 0.7522572657951517 0.0018581201058587738 0.003135436667787275
0 0.7488688556636894 0.763148782641149 0.0015794020899798512 0.003465482632817327
0 0.7457565044863762 0.7647165009750426 0.0022297441270303863 0.0029704136852721774
0 0.7396247081370427 0.7520097313213787 0.0016723080952728254 0.0026403677202416985
0 0.7467784705445984 0.7542375415853328 0.002043932116444438 0.002475344737726601
0 0.7685184757831449 0.810345355640472 0.0011148720635151222 0.0018152528076663544
0 0.7700049718678318 0.80399197081364 0.0018581201058586315 0.0036305056153325666
0 0.7752541611668826 0.8023417409884889 0.001021966058222432 0.003300459650302372
0 0.7648486885740741 0.7997013732682471 0.0017652141005656573 0.002310321755211646
0 0.7667997146852256 0.7951632412490813 0.0021368381217375543 0.002145298772696549
0 0.7697727068545994 0.7858394427369774 0.0023226501323233605 0.002640367720241841
0 0.7749754431510039 0.7800636383489484 0.001951026111151606 0.002640367720241841
0 0.7755793321854079 0.7770932246636764 0.001486496084687019 0.003300459650302372
0 0.728011457475426 0.6643825276058527 0.0027871801587879474 0.00330045965030223
0 0.7342826128326989 0.6718910733102905 0.0023226501323233605 0.003795528597847664
0 0.7303805606103958 0.687650768140484 0.0028800861640807794 0.002970413685272035
0 0.7366981689703153 0.6959844287574972 0.002136838121737412 0.004455620527908053
0 0.7382775710602951 0.721728014029855 0.002508462142909025 0.002805390702756796
0 0.739671161139689 0.6676004757648976 0.0026942741534951155 0.004125574562877717
0 0.7449668034413864 0.6619896943593835 0.0015794020899799932 0.003135436667787275
0 0.7467320175419521 0.6760166478731685 0.0023226501323233605 0.003465482632817469
0 0.7564406950950635 0.6869906762104236 0.0027871801587880897 0.0029704136852721774
0 0.7482185136266389 0.6914462967383315 0.0013935900793939026 0.003960551580362761
0 0.7549541990103765 0.7175199279757197 0.0016723080952728254 0.003960551580362761
0 0.7651274065899528 0.6893835094568926 0.0017652141005657996 0.0031354366677871326
0 0.7727921520266199 0.7288240022780051 0.0016723080952728254 0.0031354366677871326
0 0.7707946729128219 0.687650768140484 0.001951026111151606 0.003960551580362619
0 0.7731637760477917 0.6902911358607259 0.0018581201058587738 0.0029704136852721774
0 0.7686113817884379 0.6748614869955625 0.0016723080952728254 0.00280539070275708
0 0.6675840951182553 0.7957118044130715 0.002904223151616492 0.003267104113203203
0 0.6689878029748699 0.7794622602710866 0.0026138008364549135 0.0037829626573932275
0 0.6718436224072929 0.7498863704041931 0.002516993398067626 0.0034390569612666867
0 0.6837509373289206 0.7659639616981149 0.002516993398067626 0.006018349682216524
0 0.6722792558800353 0.7860824449215248 0.002226571082906048 0.003267104113203345
0 0.6792009877247215 0.7835031522005749 0.0021297636445186184 0.003954915505456711
0 0.685929104692633 0.8069747159612197 0.0028074157132293464 0.0037829626573933693
0 0.6963359043192591 0.8045673760883331 0.0017425338909698952 0.002751245569013179
0 0.6944481592707084 0.7908971246672979 0.002420185959680481 0.004642726897709935
0 0.7018539283073305 0.7923587238758364 0.002129763644518903 0.002407339872886638
0 0.7034512510407196 0.8056850696007447 0.002226571082906048 0.004298821201583394
0 0.7130835911602478 0.7824714351121947 0.0017425338909698952 0.0029231984170766624
0 0.7061134555963681 0.7860824449215248 0.0025169933980677683 0.006018349682216808
0 0.7039352882326557 0.7816976472959098 0.0016457264525827498 0.0027512455690133207
0 0.6992885311900691 0.7850507278331448 0.0014521115758081749 0.0025792927209499794
0 0.7108570200773418 0.7723262170764582 0.0025169933980677683 0.003267104113203345
0 0.7101309642894376 0.7679414194508432 0.002226571082906048 0.002751245569013463
0 0.7098889456934694 0.7603754941360567 0.0017425338909698952 0.004126868353520052
0 0.6903338431392515 0.75590472008641 0.002710608274842059 0.0034390569612666867
0 0.6941093332363529 0.7616651404965314 0.001936148767744328 0.003954915505456711
0 0.6892689613169921 0.7670816552105265 0.001936148767744328 0.0034390569612665445
0 0.6931896625716744 0.7712085235640465 0.0014521115758081749 0.0034390569612666867
0 0.686413141884569 0.7724981699245216 0.0028074157132293464 0.0029231984170766624
0 0.6850578377471481 0.7761951561578831 0.0024201859596803387 0.0034390569612666867
0 0.6871391976724732 0.7814397180238147 0.0017425338909698952 0.0029231984170766624
0 0.6952226187778059 0.7768829675501365 0.0012584966990337421 0.004126868353520052
0 0.6741554332218598 0.633001472790895 0.00312705387583847 0.0044793430445943016
0 0.69513695600168 0.6381079238617324 0.003934035521216259 0.002150084661405316
0 0.7053755356274095 0.6193842699353282 0.0034296719928552477 0.0037626481574593385
0 0.7127896794943169 0.6347932100087326 0.0025218176418051997 0.0037626481574591962
0 0.7079982259748868 0.6418705720191917 0.0034296719928552477 0.0035834744356755266
0 0.7260040039373767 0.6500229763603533 0.0031270538758386124 0.0034043007138916436
0 0.736141710857434 0.6530689296306775 0.0030261811701663534 0.002329258383189199
0 0.7164715332513526 0.6151736874734096 0.0024209449361329407 0.0035834744356755266
0 0.720405568772569 0.6167862509694636 0.002824435758821977 0.003225126992107903
0 0.7303415302812817 0.615621621777869 0.001916581407771929 0.0034043007138916436
0 0.7369991288556477 0.6139194714209232 0.002521817641805342 0.0025084321049728686
0 0.7402270554371586 0.6141882320035988 0.002521817641805342 0.003045953270324233
0 0.6658838713567385 0.6626547237461093 0.0023200722304608234 0.002150084661405316
0 0.6682039435871994 0.6614900945545148 0.001916581407772071 0.003404300713891786
0 0.676122450982468 0.6541439719613801 0.002017454113444188 0.003045953270324162
0 0.6831331040266866 0.6625651368852173 0.001714835996427695 0.0034043007138916436
0 0.6759711419239597 0.6686570434258656 0.0015130905850833187 0.001970910939621433
0 0.6779381596845678 0.6732259733313518 0.0012104724680663992 0.002866779548540279
0 0.6740545605161876 0.6839763966383782 0.0015130905850831767 0.003225126992107903
0 0.6691622342910855 0.6743010156620545 0.0024209449361330825 0.003941821879242866
0 0.6840409583777367 0.6887245002656482 0.002118326819116447 0.0026876058267565383
0 0.6821243769699646 0.7008187264860527 0.0013113451737386582 0.002150084661405316
0 0.6879749938989529 0.6890828477092157 0.0017148359964275527 0.003045953270324162
0 0.6870167031950669 0.6765406871843516 0.0024209449361332247 0.0034043007138916436
0 0.6960448103527298 0.6681195222605143 0.0017148359964275527 0.00304595327032402
0 0.6984657552888629 0.6695529120347845 0.0025218176418051997 0.0034043007138916436
0 0.7000292822267822 0.647066609950921 0.0012104724680665412 0.0025084321049727975
0 0.703711135983818 0.6756448185754329 0.002521817641805342 0.0037626481574592674
0 0.7064851353898038 0.6743906025229464 0.0016139632907552937 0.0023292583831889145
0 0.7076956078578703 0.6779740769586218 0.001815708702099812 0.0037626481574592674
0 0.7106713526752005 0.6770782083497029 0.002118326819116447 0.0023292583831889145
0 0.6748888372999322 0.5889440235032598 0.0011095997623942822 0.003941821879243079
0 0.6689877840181078 0.6012174234454482 0.0026226903474774587 0.004837690488161783
0 0.6479053885326155 0.5697724352723961 0.0016139632907552937 0.0035834744356754555
0 0.6550673506353425 0.5190662720075885 0.001815708702099812 0.0035834744356755266
0 0.6560760776920646 0.5164682530417238 0.0016139632907554357 0.001970910939621433
0 0.7105473387550589 0.5923483242171514 0.003227926581510729 0.003941821879243008
0 0.7153892286273252 0.5959317986528267 0.0020174541134443304 0.00286677954854035
0 0.7072689758207121 0.5765810367001794 0.0023200722304608234 0.0032251269921078317
0 0.7093873026398285 0.5776560790308821 0.0013113451737388005 0.0025084321049727264
0 0.7131700291025365 0.5679806980545584 0.002017454113444188 0.0032251269921078317
0 0.7161457739198667 0.571474585629342 0.001916581407772071 0.0037626481574591962
0 0.724366899432152 0.5617992046530182 0.0016139632907552937 0.0023292583831890567
0 0.7275948260136628 0.5411046397869925 0.0024209449361330825 0.0035834744356755266
0 0.7385899509319338 0.5590220119653698 0.0016139632907554357 0.0035834744356753843
0 0.7472145672669079 0.539044141986479 0.002925308464494094 0.0037626481574591962
0 0.7368246785826702 0.5944088220176648 0.001916581407771929 0.0037626481574592674
0 0.7378334056393921 0.6071301562643125 0.0017148359964275527 0.0034043007138916436
0 0.7668847448729892 0.6116990861697988 0.0017148359964274107 0.003941821879242937
0 0.7633037638216257 0.6030987475241777 0.0024209449361330825 0.003941821879243079
0 0.7630515820574452 0.5953046906265835 0.00272356305314986 0.0037626481574591962
0 0.7494842031445327 0.5817770746319089 0.003631417404199624 0.004300169322810561
0 0.7598740918287706 0.58088120602299 0.003227926581510729 0.0046585167663781134
0 0.760126273592951 0.5730871491253958 0.002118326819116305 0.0044793430445943016
0 0.7522582025505185 0.5700411958550717 0.0023200722304608234 0.003045953270324233
0 0.749181585027516 0.55570729811237 0.0026226903474774587 0.0026876058267565383
0 0.755385256426357 0.5523029973984782 0.003934035521216401 0.003045953270324162
0 0.7589158011248844 0.5576782090519914 0.002925308464494236 0.0048376904881619965
0 0.7640098727613313 0.5581261433564508 0.0032279265815108715 0.003225126992107974
0 0.7645142362896923 0.5425380295612626 0.0016139632907554357 0.003225126992107974
0 0.7650690361708895 0.571474585629342 0.001916581407772071 0.0026876058267566094
0 0.7746015068569134 0.5677119374718828 0.0024209449361330825 0.0026876058267565383
0 0.7742988887398968 0.5606345754614237 0.0024209449361330825 0.0035834744356755266
0 0.7534686750185849 0.6362458860541755 0.002925308464494236 0.0028667795485404213
0 0.7573018378341291 0.635081256862581 0.001916581407772071 0.0034043007138916436
0 0.7575540195983096 0.6432336612037426 0.0024209449361330825 0.003941821879243008
0 0.7623959094705759 0.6532673896236341 0.001815708702099954 0.0032251269921077606
0 0.7676917265183669 0.6529090421800664 0.001714835996427695 0.0017917372178376922
0 0.7691039443977779 0.6493255677443909 0.002118326819116305 0.0025084321049727975
0 0.7720796892151082 0.6538944976498772 0.002824435758821835 0.00447934304459423
0 0.7749041249739301 0.647713004248337 0.0008069816453776468 0.0032251269921077606
0 0.7673386720485142 0.6324832378967163 0.0024209449361330825 0.0028667795485404213
0 0.5745083173425126 0.5231553077468412 0.0020496193982965137 0.0026697788843493696
0 0.5762163335077598 0.4996127121303051 0.0019129781050768457 0.004611436254785488
0 0.5868743543789017 0.5187865786633604 0.002459543277955731 0.004126021912176512
0 0.593091533220401 0.5295870477864105 0.002049619398296372 0.0048541434260899055
0 0.5957560384381866 0.5500958037616404 0.0032793910372745216 0.0055822649400034405
0 0.6194633028118162 0.556284836629905 0.0025961845711756125 0.004368729083480929
0 0.6428289639523964 0.5542218256738167 0.002322901984736063 0.00412602191217637
0 0.6329224701939633 0.5252183187029295 0.0019129781050767746 0.002912486055653929
0 0.6241774274278983 0.47048785157376566 0.0032793910372745216 0.004611436254785417
0 0.6311461333821063 0.46818213344637294 0.004099238796592956 0.003397900398262976
0 0.6428289639523964 0.4576243714946273 0.0031427497440544984 0.0036406075695673223
0 0.6117430697448993 0.4747352270715943 0.0024595432779558023 0.0038833147408719525
0 0.5980106197763128 0.5045882091420474 0.0017763368118570355 0.004368729083481
0 0.6674927173785644 0.48905495017855954 0.0024595432779558734 0.003397900398262976
0 0.5768995399738586 0.4220677708985187 0.0019129781050767037 0.003397900398262976
0 0.5751915238086116 0.3880887669158892 0.002322901984735992 0.003397900398262976
0 0.6402327793812209 0.36709459659805027 0.0025961845711756125 0.0036406075695674645
0 0.6259537642397552 0.41272354480329554 0.0019129781050767037 0.004126021912176441
0 0.6262953674728047 0.4560467748811481 0.0025961845711756125 0.004368729083480929
0 0.6511640828388023 0.4085975228911191 0.0025961845711753996 0.004611436254785417
0 0.6545117945226866 0.43565937249157044 0.0032793910372744504 0.004368729083480858
0 0.6720018800548169 0.43056252189417604 0.002459543277955731 0.004368729083480858
0 0.6635984405218012 0.3958553963976331 0.002322901984736063 0.0033979003982629054
0 0.6949555007922004 0.4737892339500208 0.0019324449100930963 0.0036470079135841617
0 0.7475542356887945 0.49470589698381173 0.002294778330735454 0.0034324780363143505
0 0.724304507864238 0.39934736653745256 0.0024155561376163347 0.0036470079135840195
0 0.7162727837066637 0.3556905365130788 0.002294778330735454 0.004290597545393027
0 0.736623844166081 0.39924010159881773 0.0028986673651395733 0.0034324780363143505
0 0.7425419567032406 0.37263839681738115 0.0031402229789011925 0.0038615377908537596
0 0.7515399033158613 0.3983819820897391 0.0027778895582586927 0.003003418281775083
0 0.771830574871838 0.37489096052871246 0.003019445172020312 0.002788888404505414
0 0.7123475049830374 0.331663190258878 0.0031402229789011925 0.0034324780363144923
0 0.7291960090429108 0.3156807144022891 0.0022947783307355964 0.004076067668123322
0 0.744957512840857 0.31696789366590705 0.002657111751377954 0.0032179481590447166
0 0.7671202404034864 0.2624773048394161 0.0015701114894504542 0.0036470079135840195
0 0.7659124623346781 0.30270165682747535 0.002294778330735312 0.003432478036314421
0 0.766637129175963 0.3461439569745794 0.0018116671032120735 0.0027888884045054853
0 0.6960425010541276 0.24113158205108598 0.0021740005238547154 0.003861537790853653
0 0.6920568334270607 0.1887862919972915 0.003381778592662812 0.0038615377908536885
0 0.7668786847897247 0.1570358701613834 0.0015701114894504542 0.004290597545392991
0 0.6890977771584808 0.11091194654840875 0.0018116671032123576 0.006435896318089469
0 0.577059498205343 0.32791339344538295 0.0023820825519311486 0.003173355420439208
0 0.5780272192420651 0.33743345970670047 0.0019354420734440936 0.004231140560585587
0 0.6290186738693432 0.30596435178734516 0.0017865619139485745 0.003702247990512433
0 0.6484475346835324 0.28877534325996623 0.0022332023924356292 0.003702247990512362
0 0.671077318926879 0.28930423583003945 0.0025309627114268097 0.0031733554204391723
0 0.6147261785577558 0.23813387967545752 0.0029776031899140776 0.00396669427554901
0 0.6242545087654807 0.22663046627636546 0.0023820825519312193 0.0042311405605855515
0 0.6145028583185121 0.18934354008620488 0.0013399214354611643 0.0026444628503660183
0 0.6019012162469117 0.132034252314702 0.0025522313056404755 0.0034000236647562685
0 0.6321026200303257 0.1418565429017757 0.0029776031899140776 0.004155584479146537
0 0.6468842930088275 0.12976756987153115 0.0019141734792304987 0.00491114529353684
0 0.6499682391698101 0.11956749887726233 0.0012761156528202377 0.004155584479146573
0 0.668684602077841 0.12202307152403076 0.0021268594213670155 0.004533364886341715
0 0.673682721718054 0.10917853767939593 0.0014888015949568968 0.004533364886341698
0 0.7249761151448607 0.21225587928783823 0.001092350529724513 0.001940272233196474
