0 0.16540459816218117 0.7332783006112902 0.004710890453986138 0.0017681174132312095
0 0.0019628710224942393 0.6188410946308985 0.0028788774996582173 0.002946862355385349
0 0.04514603351736749 0.5423700165086517 0.0044491743176536145 0.002652176119846814
0 0.2706144849678724 0.5959292398177782 0.004187458181321055 0.0025048330020773337
0 0.13530724252815457 0.4784967767716007 0.003664025908655919 0.0027995192376160105
0 0.1630491529351881 0.3996682069491219 0.004710890453986209 0.0030942054731545455
0 0.23253478713148415 0.3831657777589647 0.002355445226993069 0.002210146766538941
0 0.2945615114423021 0.3500135762608808 0.0034023097723233776 0.0030942054731545455
0 0.298225537350958 0.34353047907903334 0.00444917431765365 0.002210146766538941
0 0.3509613388219699 0.34861381664207286 0.0036640259086559014 0.002357489884308208
0 0.06870048578729836 0.3533287964106892 0.003402309772323333 0.002946862355385207
0 0.010599503521468889 0.3056632978123331 0.0039257420449884785 0.00250483300207744
0 0.02211501352010176 0.2937285052730229 0.003925742044988474 0.002799519237615975
0 0.02577903942875767 0.266175342250171 0.002878877499658219 0.00250483300207744
0 0.1022001512378667 0.2416427131415889 0.0028788774996582234 0.0026521761198467077
0 0.2994032599644546 0.2621234065115163 0.0052343227266512925 0.0017681174132311384
0 0.27231563985403406 0.2612393478049007 0.0044491743176536145 0.002652176119846672
0 0.27126877530870375 0.27457389996301884 0.003925742044988496 0.00250483300207744
0 0.3179851056440667 0.2974120832172544 0.00418745818132102 0.00250483300207744
0 0.2929912146243067 0.3141355270840656 0.0034023097723233065 0.0023574898843081726
0 0.34206299018666264 0.31000991978652626 0.004710890453986138 0.002946862355385207
0 0.31275078291741537 0.3110413216109111 0.004710890453986209 0.0020628036487697087
0 0.3715060555240763 0.2165207115619298 0.0034023097723233776 0.002799519237615975
0 0.031929368632572945 0.2129108051765829 0.0036640259086559144 0.002062803648769673
0 0.0458003238581989 0.2543142212697454 0.004187458181321038 0.0017681174132311384
0 0.3777872427960578 0.5478217118661144 0.0028788774996581167 0.002357489884308208
0 0.3789649654095544 0.5739751152701582 0.002617161363325664 0.0030942054731544744
0 0.41482007608711585 0.5795004821865056 0.0036640259086558303 0.002357489884308208
0 0.380666120295716 0.6049171700017033 0.0060194711356489706 0.0022101467665387987
0 0.42999961199440456 0.6038857681773184 0.005234322726651186 0.0027995192376160105
0 0.5019715494858599 0.6216406138685143 0.0041874581813209485 0.002652176119846672
0 0.49425092346404925 0.5423700165086518 0.002878877499658259 0.002652176119846672
0 0.36156084234343877 0.5059762664196442 0.006542903408314018 0.0032415485909237417
0 0.4061834435881411 0.48350644095983175 0.004710890453986209 0.0027995192376160105
0 0.4827354134654165 0.5327927138536497 0.004449174317653543 0.002946862355385349
0 0.5040652785765205 0.45948951276344213 0.004187458181321091 0.0027995192376160105
0 0.5273580147101188 0.46029989991117304 0.0031405936359907827 0.0017681174132311384
0 0.5022332656221924 0.4408506083656305 0.0036640259086559014 0.002357489884308137
0 0.4771085165342663 0.41182401416508596 0.0047108904539862806 0.002357489884308208
0 0.4835205618744141 0.4052672454243539 0.0034023097723233776 0.0025048330020774044
0 0.44413228335636307 0.3999628931846605 0.0031405936359907827 0.0019154605310004059
0 0.49804580744087146 0.33712105345607035 0.0036640259086559014 0.002946862355385207
0 0.5242174210741279 0.35715971747268993 0.004187458181321162 0.002357489884308208
0 0.4807725424429221 0.23103400866220214 0.0036640259086559014 0.0023574898843081726
0 0.5802073173225654 0.23788546363847274 0.004710890453986209 0.0016207742954619064
0 0.5824319044813923 0.24716808005793622 0.003925742044988496 0.002210146766538941
0 0.5853107819810505 0.2527671185331682 0.004972606590318733 0.0022101467665389053
0 0.7325261086681184 0.24650503602797458 0.0041874581813209485 0.002062803648769673
0 0.6932686882182335 0.20554364928811986 0.0036640259086559014 0.0023574898843081726
0 0.6292790928849213 0.2860666631490213 0.003925742044988425 0.003388891708692974
0 0.6769114296974483 0.2938021768319075 0.004972606590318662 0.0023574898843081726
0 0.6954932753770605 0.2882031383566756 0.00549603886298371 0.002946862355385278
0 0.7819904584349732 0.24171638470047355 0.005757754999316518 0.0045676366508470775
0 0.7942911168426038 0.26079731845159293 0.006804619544646755 0.0023574898843081726
0 0.8237341821800173 0.2964543529517542 0.0034023097723232354 0.0017681174132311384
0 0.8089645774039589 0.3029374501336017 0.0047108904539862806 0.0023574898843081726
0 0.7053249874162631 0.30153769051479373 0.005234322726651328 0.003388891708693045
0 0.70296954218927 0.3215763545314133 0.003140593635990854 0.0022101467665387987
0 0.8143297581987764 0.34559328272780293 0.004972606590318804 0.0030942054731545455
0 0.7519104596834597 0.3690945100120001 0.0047108904539862806 0.002652176119846672
0 0.5994608102697405 0.3660739760977303 0.003925742044988496 0.002210146766538941
0 0.7638185438865915 0.40710903439646967 0.003925742044988425 0.0026521761198467432
0 0.6644972701483829 0.37992422916804086 0.0041874581813209485 0.0027995192376159394
0 0.7864569896793583 0.4799702061333695 0.004710890453986138 0.0030942054731545455
0 0.8411556622613011 0.4812226208184843 0.004187458181321091 0.0026521761198467432
0 0.711737032756411 0.4871900189040633 0.0034023097723232354 0.0019154605310004059
0 0.7952244802464993 0.49883012520783504 0.0034023097723232354 0.0019154605310004059
0 0.5565393639111998 0.5078917269506446 0.0044491743176536145 0.002652176119846672
0 0.5841504162942855 0.5080390700684138 0.00418745818132102 0.0017681174132311384
0 0.5981522295880777 0.5259412588773791 0.003925742044988354 0.0019154605310003348
0 0.7878964284291874 0.5109122608649144 0.005496038862983994 0.0027995192376160105
0 0.5455472861852321 0.602780694794049 0.0065429034083142315 0.0017681174132310672
0 0.7202428071872194 0.5579147154333088 0.005757754999316518 0.0025048330020774044
0 0.8321264554693909 0.5412649431253823 0.003925742044988567 0.0022101467665390116
0 0.7788672217257138 0.6124316690079356 0.0062811872719815654 0.003683577944231473
0 0.8327807458102224 0.6584027217519451 0.0041874581813209485 0.0033888917086929383
0 0.8586732863804147 0.6697481418201784 0.004710890453986138 0.0027995192376158683
0 0.9385140648885786 0.48814774916956355 0.0062811872719815654 0.002946862355385278
0 0.9065846962560056 0.4320836928583594 0.0062811872719815654 0.0030942054731544744
0 0.8831611020542411 0.30721040054891036 0.0065429034083142315 0.0020628036487697087
0 0.8984714960296961 0.29579130892179256 0.002617161363325664 0.00309420547315451
0 0.8933680313712111 0.26624901380905563 0.004972606590318804 0.002946862355385207
0 0.9052761155743428 0.24532629108582046 0.0041874581813209485 0.0032415485909237417
