0.0 0.019095668062896295 0.9781225529994659 0.007072469652924557 0.008015465606647964
0.0 0.039841579044808326 0.9399312168736733 0.007072469652924551 0.008958461560371233
0.0 0.04644255072087124 0.8517610952005471 0.005186477745478013 0.008015465606647964
0.0 0.18411995996446923 0.7732566820530844 0.005186477745478024 0.008486963583509421
0.0 0.5393936855297128 0.838794900836852 0.00942995953723269 0.005657975722339614
0.0 0.4905936449245332 0.8359659129756822 0.008015465606647787 0.008486963583509421
0.0 0.4887076530170866 0.8786364798816603 0.007072469652924518 0.008015465606647964
0.0 0.5728700418868888 0.951718666295214 0.007543967629786152 0.008015465606647964
0.0 0.6162478557581594 0.992031743316884 0.008486963583509421 0.00942995953723269
0.0 0.5634400823496561 0.9953322291549155 0.008486963583509598 0.006600971676063239
0.0 0.6692913781550937 0.6928662769981754 0.006129473699201249 0.008958461560371056
0.0 0.057522753177119704 0.6813145765650652 0.006600971676062928 0.006600971676062883
0.0 0.08251214595078646 0.8138055080631853 0.007543967629786175 0.005657975722339614
0.0 0.8661417834948268 0.7393088277190468 0.006600971676062883 0.007543967629786152
