0 0.11124471415640176 0.6385071616487159 0.019714253141640815 0.006976447338042107
0 0.14053446168112527 0.6421539409390562 0.01408160938688633 0.00856200355123363
0 0.1278610132329276 0.612662595373696 0.020277517517116265 0.009830448521786722
0 0.2061547614240154 0.6448493865014814 0.014644873762361748 0.011416004734978032
0 0.05914275942492245 0.6245542669726316 0.014644873762361748 0.0069764473380420355
0 0.16813441607942242 0.600136701289484 0.019714253141640797 0.005073779882212506
0 0.2830403486764146 0.6475448320639069 0.014081609386886313 0.006025113610127306
0 0.29008115336985774 0.6410440515898221 0.01577140251331265 0.00824489230859527
0 0.3878075225148487 0.609174371704675 0.012955080635935446 0.00919622603651007
0 0.24164041707896888 0.5857081397494424 0.013518345011410844 0.007293558580680326
0 0.2286853364430335 0.578414581168762 0.011265287509509002 0.007293558580680397
0 0.42582786785944166 0.6232858220020784 0.013518345011410915 0.00824489230859527
0 0.4551176153841652 0.6399341622405881 0.014644873762361782 0.007293558580680326
0 0.19517110610224406 0.5417882326440407 0.016334666888788086 0.006976447338042178
0 0.16165687576145468 0.5904648083890166 0.013518345011410826 0.006025113610127377
0 0.13630997886505938 0.5798415817606342 0.014644873762361765 0.007610669823318617
0 0.15095485262742112 0.5841225835362509 0.012391816260459923 0.008562003551233488
0 0.055481540984332015 0.5532042373790187 0.01633466688878811 0.007610669823318688
0 0.08702434601095732 0.5639860196287202 0.011828551884984488 0.006342224852765454
0 0.07913864475430099 0.5428981219932747 0.014081609386886304 0.01046467100706323
0 0.12448142698007487 0.5501916805739551 0.018024460015214423 0.01173311597761625
0 0.29120768212080866 0.5606563515810182 0.018024460015214495 0.009830448521786722
0 0.23910572738932934 0.525139892405531 0.01295508063593541 0.0053908911248507965
0 0.25318733677621563 0.5127725539426382 0.018587724390689928 0.011098893492339883
0 0.26191793459608514 0.5482890131181254 0.01577140251331265 0.007927781065956907
0 0.33288924590599206 0.5446422338277852 0.01577140251331265 0.008244892308595127
0 0.3531667634231084 0.5766704693342514 0.01577140251331258 0.011416004734978103
0 0.3596443037410761 0.5501916805739551 0.018587724390689928 0.00919622603651014
0 0.12335489822912397 0.5192733344167229 0.011265287509509036 0.009513337279148359
0 0.1039222772752209 0.5218102243578291 0.010702023134033567 0.004439557396935996
0 0.09519167945535138 0.517212111339574 0.009012230007607229 0.0060251136101272355
0 0.10533043821390953 0.5092843302736171 0.013518345011410844 0.0060251136101272355
0 0.13152223167351804 0.5092843302736171 0.016334666888788103 0.006659336095403816
0 0.39259526970639 0.5582780172612312 0.009012230007607229 0.01014755976442494
0 0.4584972016370179 0.5622419077942097 0.010138758758558027 0.007927781065956907
0 0.4001993387753086 0.546544901283615 0.01633466688878812 0.006976447338042107
0 0.40132586752625954 0.5543141267282526 0.00844896563213176 0.006659336095404029
0 0.46215842007760827 0.5281524492105948 0.009575494383082628 0.00824489230859527
0 0.4424441669359675 0.5030969864456302 0.015208138137837182 0.006659336095403816
0 0.4179421666027854 0.48961975863350327 0.014644873762361782 0.007610669823318688
0 0.4004809709630463 0.47550830833609986 0.013518345011410844 0.006025113610127306
0 0.06787335724479196 0.4942178716517583 0.012955080635935392 0.0053908911248507965
0 0.09772636914499092 0.5024627639603536 0.014081609386886296 0.006659336095403887
0 0.114061036033779 0.4702759728325682 0.02084078189259172 0.006976447338042178
0 0.08054680569298962 0.45806718999099444 0.011265287509509036 0.004756668639574215
0 0.09519167945535138 0.45061507578899496 0.014644873762361765 0.0063422248527655965
0 0.10673859915259815 0.44221162785908047 0.014081609386886296 0.006659336095403816
0 0.11772225447436944 0.4593356349615476 0.013518345011410861 0.005390891124850725
0 0.12955080635935395 0.4493466308184418 0.013518345011410826 0.0069764473380420355
0 0.17714664608702965 0.49596198348626885 0.020840781892591736 0.007610669823318688
0 0.22361595706375442 0.46488508170771753 0.018024460015214457 0.0063422248527655965
0 0.2568485552168061 0.4921566485746095 0.016897931264263553 0.007610669823318617
0 0.33852188966074664 0.4804235325969931 0.018024460015214457 0.006976447338042178
0 0.36020756811655147 0.4544204107006543 0.014081609386886313 0.006976447338042178
0 0.26614241741215106 0.4507736314103141 0.0095754943830827 0.0060251136101272355
0 0.13377528917541984 0.4782037538985252 0.0095754943830827 0.005073779882212506
0 0.1334936569876821 0.4978646509420986 0.016897931264263553 0.0063422248527655965
0 0.1292691741716162 0.4877170911776736 0.00844896563213176 0.0063422248527655965
0 0.1388446685546989 0.4851802012365674 0.00844896563213176 0.006342224852765668
0 0.15208138137837202 0.4493466308184418 0.012391816260459976 0.0063422248527655965
0 0.2557220264658552 0.4460169627707398 0.009012230007607194 0.006659336095403887
0 0.23797919863837844 0.4304785118814642 0.01746119563973906 0.007927781065956907
0 0.2644526242857247 0.4399918491606125 0.014081609386886313 0.0072935585806804685
0 0.1672895195162092 0.4471268521199738 0.009012230007607229 0.007610669823318758
0 0.15264464575384748 0.4412602941311657 0.011265287509509073 0.006025113610127377
0 0.1467303698113552 0.43158840123069814 0.012955080635935392 0.00824489230859527
0 0.14616710543587977 0.4122446154297631 0.014081609386886261 0.00824489230859527
0 0.12335489822912399 0.4111347260805291 0.01577140251331265 0.007293558580680326
0 0.0932202541411873 0.3979746095110406 0.012955080635935392 0.005708002367489016
0 0.11237124290735266 0.42270928643682615 0.010702023134033584 0.006342224852765525
0 0.11011818540545086 0.4287344000469537 0.011828551884984505 0.005708002367489016
0 0.12222836947817306 0.4276245106977196 0.011265287509509019 0.006025113610127306
0 0.3176811077681549 0.4618725249026538 0.014644873762361782 0.008562003551233488
0 0.3275382343389753 0.4558474112925265 0.00957549438308277 0.00919622603651014
0 0.38470956844973364 0.436027958627634 0.011265287509508965 0.006976447338042178
0 0.44751354631524665 0.42096517460231575 0.0095754943830827 0.0072935585806804685
0 0.45793393726154236 0.4569573006417605 0.013518345011410915 0.006342224852765668
0 0.4001993387753086 0.42841728880431534 0.012955080635935375 0.0063422248527655965
0 0.38189324657235646 0.42540473199925166 0.012391816260459976 0.006659336095403887
0 0.2790974980480864 0.42825873318299623 0.006195908130229988 0.006025113610127306
0 0.2222077961250658 0.42112373022363486 0.010702023134033567 0.007610669823318688
0 0.2453016355195593 0.41795261779725207 0.010702023134033532 0.006342224852765668
0 0.23995062395254252 0.41192750418712476 0.01239181626045994 0.006976447338042107
0 0.2861383027415296 0.42889295566827274 0.007885701256656325 0.007293558580680397
0 0.2934607396227104 0.43475951365708093 0.00450611500380365 0.006976447338042107
0 0.28388524523962777 0.43697929235554883 0.009012230007607194 0.0063422248527655965
0 0.19207315203712913 0.4309541787454216 0.010138758758558169 0.006976447338042107
0 0.18531397953142367 0.4239777314073794 0.013518345011410809 0.005708002367489016
0 0.15799565732086424 0.42588039886320916 0.014081609386886296 0.00824489230859527
0 0.16672625514073375 0.4170012840693373 0.018024460015214495 0.006342224852765525
0 0.17320379545870146 0.4271488438337622 0.01182855188498447 0.006342224852765525
0 0.1799629679644069 0.437137847976868 0.0095754943830827 0.00983044852178665
0 0.17010584139358648 0.4379306260834637 0.013518345011410844 0.0063422248527655965
0 0.1650364620143074 0.4093906142460186 0.01577140251331265 0.006976447338042178
0 0.1864405082823746 0.4063780574409549 0.01577140251331265 0.00919622603651014
0 0.15123648481515883 0.39734038702576396 0.012955080635935357 0.006976447338042178
0 0.21235066955424536 0.40685372430491235 0.013518345011410809 0.006976447338042107
0 0.28106892336225053 0.4105005035952526 0.015771402513312688 0.006025113610127306
0 0.301064808691629 0.4128788379150396 0.012955080635935375 0.00824489230859527
0 0.28501177399057864 0.42096517460231575 0.005632643754754518 0.005390891124850725
0 0.3038811305690063 0.4231849533007837 0.007322436881180785 0.006025113610127306
0 0.3137382571398268 0.42064806335967747 0.009012230007607194 0.0060251136101272355
0 0.3300729240286148 0.4125617266724014 0.0191509887661654 0.006976447338042107
0 0.3337341424692053 0.4011457219374233 0.010702023134033638 0.009513337279148359
0 0.3554198209250102 0.4016213888013807 0.011265287509508965 0.006659336095403958
0 0.3731626487524869 0.39353505211410456 0.010702023134033567 0.00824489230859527
0 0.33514230340789397 0.3841802704562754 0.01577140251331265 0.00983044852178665
0 0.3633055221816665 0.3844973816989136 0.013518345011410844 0.007293558580680397
0 0.3714728556260606 0.4173183953119755 0.012955080635935375 0.006976447338042178
0 0.3596443037410761 0.4124031710510822 0.010702023134033638 0.007927781065956978
0 0.3771054993808151 0.4116103929444865 0.00844896563213176 0.006342224852765525
0 0.3934401662696031 0.3971818314044448 0.015208138137837111 0.007927781065956978
0 0.39879117783662 0.4093906142460186 0.012391816260460048 0.006976447338042178
0 0.4086483044074404 0.4154157278561459 0.00844896563213183 0.005073779882212435
0 0.4075217756564895 0.42112373022363486 0.01633466688878812 0.005073779882212435
0 0.1258895879187635 0.3892540503384878 0.010702023134033602 0.007927781065957049
0 0.1332120247999444 0.38164338051516905 0.012955080635935392 0.007927781065956978
0 0.16531809420204513 0.39496205270597684 0.011828551884984488 0.006025113610127306
0 0.2557220264658552 0.40003583258818937 0.015771402513312688 0.011098893492339812
0 0.24051388832801798 0.38354604797099884 0.010138758758558169 0.006659336095403887
0 0.269240371477266 0.3878270497466156 0.009012230007607194 0.007610669823318688
0 0.3143015215153022 0.39416927459938106 0.011265287509509036 0.00824489230859527
0 0.2999382799406781 0.379930979321049 0.014081609386886242 0.00818147102781431
0 0.2976852224387764 0.3948034970846577 0.010702023134033567 0.00951333727914843
0 0.2799423946112996 0.3978160538897214 0.011265287509509036 0.006659336095403887
0 0.28923625680664455 0.3981331651323597 0.00844896563213176 0.006025113610127306
0 0.4432890634991806 0.3773623787395524 0.01577140251331258 0.007610669823318688
0 0.4700441213342647 0.3635680396847873 0.011828551884984434 0.007293558580680397
0 0.4472319141275088 0.36753193021776576 0.01577140251331265 0.007610669823318688
0 0.41399931597445716 0.36166537222895756 0.0090122300076073 0.004756668639574215
0 0.4092115687829158 0.35405470240563885 0.015208138137837182 0.005390891124850725
0 0.4111829940970799 0.3353451390899804 0.014644873762361782 0.00856200355123363
0 0.43765641974442615 0.3236120231123641 0.011265287509509107 0.006659336095403816
0 0.37062795906284735 0.37276426572129734 0.012391816260459834 0.006659336095403887
0 0.3731626487524869 0.3532619242990432 0.00844896563213176 0.008879114793871849
0 0.3114851996379249 0.350725034357937 0.016897931264263553 0.006342224852765668
0 0.3044443949444818 0.3562744811041069 0.01295508063593541 0.008562003551233488
0 0.10533043821390951 0.382594714243084 0.007885701256656325 0.004756668639574215
0 0.09068556445154777 0.37894793495274387 0.013518345011410844 0.005708002367489016
0 0.09688147258177773 0.38687571601870074 0.013518345011410844 0.007610669823318758
0 0.134620185738633 0.3643608177913829 0.011265287509509036 0.006976447338042178
0 0.11856715103758261 0.34691969944627765 0.010702023134033584 0.006342224852765525
0 0.12645285229423897 0.3559573698614686 0.01633466688878812 0.006659336095403816
0 0.13687324324053482 0.3451755876117671 0.012391816260459923 0.007927781065957049
0 0.3424647402890748 0.34359003139857563 0.01577140251331258 0.00919622603651014
0 0.351476970296682 0.32789302488798083 0.00788570125665629 0.006976447338042178
0 0.339085154036222 0.3297956923438105 0.011265287509509036 0.00824489230859527
0 0.33288924590599206 0.33455236098338476 0.020277517517116338 0.006342224852765525
0 0.3185260043313681 0.32424624559764065 0.009575494383082663 0.004756668639574144
0 0.32415864808612255 0.3147646189588827 0.019714253141640867 0.004693247358793222
0 0.2982484868142518 0.3324911379062359 0.00844896563213183 0.007927781065956907
0 0.3044443949444818 0.341687363942746 0.01295508063593541 0.007293558580680397
0 0.2613546702206097 0.3691174864309572 0.01239181626045994 0.01014755976442494
0 0.251779175837527 0.37783804560350986 0.012391816260459905 0.006659336095403816
0 0.2441751067686084 0.3699102645375528 0.01746119563973899 0.007293558580680397
0 0.2782526014848733 0.3676904858390849 0.013518345011410844 0.007927781065957049
0 0.28106892336225053 0.37989926868065865 0.011265287509509073 0.006342224852765525
0 0.3024729696303177 0.36895893080963804 0.01351834501141088 0.004122446154297635
0 0.286701567117005 0.3622995947142341 0.005632643754754554 0.006659336095403887
0 0.2948689005613991 0.36610492962589347 0.01295508063593541 0.009830448521786722
0 0.3478157518560916 0.35373759116300063 0.014081609386886313 0.0072935585806804685
0 0.3810483500091432 0.3263074686747895 0.007322436881180891 0.010781782249701522
0 0.3931585340818654 0.3245633568402789 0.013518345011410773 0.007927781065957049
0 0.38499120063747144 0.3432729201559374 0.006195908130230024 0.006659336095403816
0 0.37513407406665095 0.34755392193155416 0.010138758758558098 0.006342224852765525
0 0.39231363751865234 0.3483467000381498 0.012955080635935375 0.0072935585806804685
0 0.4390645806831148 0.3369306953031718 0.011828551884984505 0.006025113610127306
0 0.4410360059972788 0.341687363942746 0.01577140251331258 0.004122446154297635
0 0.46919922477105147 0.31837968760883245 0.010138758758558027 0.00507377988221247
0 0.4638482132040347 0.33566225033261865 0.01070202313403371 0.006659336095403887
0 0.38921568345353735 0.3684832639456806 0.011265287509509036 0.007610669823318688
0 0.4035789250281613 0.3773623787395525 0.010702023134033567 0.006976447338042178
0 0.39428506283281634 0.3772038231182333 0.010138758758558169 0.005390891124850725
0 0.4123095228480308 0.38592438229078596 0.010138758758558169 0.005708002367489016
0 0.4049870859668499 0.38687571601870074 0.0056326437547544825 0.005073779882212435
0 0.4032972928404236 0.39210805152223244 0.005632643754754554 0.0053908911248507965
0 0.41118299409707987 0.3909981621729985 0.007885701256656361 0.003171112426382834
0 0.2286853364430335 0.39940161010291275 0.010138758758558132 0.007927781065956978
0 0.21854657768447538 0.4025727225292956 0.011265287509509073 0.006025113610127306
0 0.21798331330899992 0.3902053840664027 0.009012230007607229 0.006659336095403816
0 0.21995473862316398 0.3849730485628712 0.014081609386886313 0.0063422248527655965
0 0.22474248581470532 0.3775209343608716 0.01577140251331265 0.006025113610127306
0 0.20643639361175312 0.36118970536500017 0.009575494383082663 0.00824489230859527
0 0.21488535924388494 0.354213258026958 0.01633466688878812 0.005708002367489016
0 0.21235066955424536 0.3686418195669998 0.013518345011410809 0.006025113610127377
0 0.2202363708109017 0.3627752615781915 0.01577140251331265 0.007610669823318758
0 0.2354445089487389 0.349615145008703 0.011265287509509073 0.007927781065956907
0 0.2453016355195593 0.3591284822878514 0.009575494383082663 0.006025113610127306
0 0.24924448614788747 0.35437181364827713 0.011828551884984505 0.0072935585806804685
0 0.237415934262903 0.33407669411942725 0.009575494383082663 0.006025113610127306
0 0.22615064675339397 0.33566225033261865 0.01295508063593541 0.006659336095403887
0 0.2743097508565451 0.3548474805122346 0.011265287509509073 0.0044395573969359245
0 0.26191793459608514 0.3481881444168307 0.013518345011410809 0.006342224852765525
0 0.26952200366500373 0.3407360302148312 0.014081609386886242 0.006025113610127306
0 0.2914893143085464 0.3481881444168307 0.007322436881180821 0.003805334911659344
0 0.286701567117005 0.3453341432330862 0.012391816260459976 0.0031711124263827627
0 0.2968403258755632 0.32202646689917264 0.011265287509509107 0.007293558580680433
0 0.15405280669253613 0.3767281562542759 0.008448965632131796 0.005708002367489016
0 0.14194262261981389 0.35643303672542603 0.010138758758558132 0.006976447338042178
0 0.07237947224859557 0.3699102645375528 0.016334666888788103 0.008562003551233559
0 0.09406515070440047 0.3630923728208299 0.006759172505705422 0.005708002367489016
0 0.1008243232101059 0.37181293199338256 0.014644873762361765 0.00983044852178665
0 0.1073018635280736 0.36150681660763845 0.010702023134033602 0.0044395573969359245
0 0.1118079785318772 0.3654707071406169 0.012955080635935392 0.0034882236690210533
0 0.07716721944013692 0.35754292607466 0.013518345011410844 0.0053908911248507965
0 0.07716721944013692 0.3640437065487447 0.018024460015214468 0.0044395573969359245
0 0.1075834957158113 0.34121169707878857 0.014644873762361748 0.006976447338042107
0 0.11884878322532036 0.3343938053620656 0.011265287509509036 0.004122446154297635
0 0.14250588699528932 0.33296680477019336 0.013518345011410826 0.0063422248527655965
0 0.1734787617958419 0.3892587413332015 0.008998898306412534 0.00431571513649736
0 0.1808111974529188 0.3862565047165078 0.015664748903755167 0.006192113021930936
0 0.19664259262160755 0.3794076524346751 0.00733243565707685 0.0056291936563007995
0 0.1593138292764888 0.37040094258459383 0.007999020716811156 0.004878634502127284
0 0.1578140128920867 0.3612065929459692 0.008998898306412534 0.005629193656300871
0 0.15864724421675455 0.3516369637302577 0.00999877589601395 0.006004473233387557
0 0.16497980228423004 0.34309935335153485 0.011331946015482472 0.004690994713584046
0 0.16464650975436293 0.33390500371291026 0.01066536095574822 0.005066274290670734
0 0.16914595890756917 0.3390650978978526 0.012331823605083869 0.0045033549250406675
0 0.1851440003411915 0.3431931732458065 0.008998898306412534 0.006004473233387557
0 0.20664136851762144 0.3365319607525173 0.008665605776545427 0.007693231330277755
0 0.19197649720346768 0.34929146637346575 0.00866560577654539 0.005066274290670734
0 0.19480948370733828 0.3643964693512063 0.0063325580674754535 0.0056291936563007995
0 0.1913099121437334 0.37068240226740884 0.005999265537608381 0.003940435559410602
0 0.18297759889705514 0.3779065341263282 0.012665116134950978 0.004878634502127355
0 0.1811444899827859 0.3708700420559522 0.008998898306412534 0.007317951753191067
0 0.17864479600878244 0.36064367358033905 0.00866560577654539 0.004128075347953981
0 0.17931138106851668 0.3504173051047259 0.017331211553090854 0.008068510907364513
0 0.18531064660612503 0.33587522149261545 0.007332435657076886 0.0045033549250406675
0 0.17581180950491182 0.3248044739685572 0.009665483366146858 0.006379752810474244
0 0.1879769868450621 0.3306213074134014 0.007999020716811139 0.006379752810474244
0 0.19530942250213904 0.3279005304795227 0.007999020716811139 0.0058168334448442495
0 0.23847080511993252 0.3218960572461351 0.011665238545349581 0.0031898764052370864
0 0.2506359824600828 0.32471065407428557 0.007999020716811103 0.00431571513649736
0 0.2493028123406143 0.3314656864618465 0.009998775896013968 0.005066274290670734
0 0.2643009761846352 0.32921400899932624 0.00933219083627968 0.005066274290670734
0 0.28396523544679597 0.3324038854045633 0.008665605776545427 0.006192113021930936
0 0.27613286099491835 0.3343741031842686 0.012998408664818157 0.006004473233387486
0 0.08207119410698904 0.3509791639509411 0.008374611643570314 0.0033887684047827805
0 0.08992239252283621 0.34434896489810535 0.0057575455049545705 0.002504741864404565
0 0.0891372726812515 0.3475903955461584 0.008898024871293462 0.004272794945160783
0 0.09882041739412965 0.3458960113437671 0.008898024871293462 0.004125457188431127
0 0.08730532638422048 0.33108856679243376 0.008374611643570323 0.0033887684047827094
0 0.07997754119609646 0.3354350306159594 0.005757545504954589 0.0035361061615124356
0 0.07722962175054995 0.34427529601974044 0.011776797623770756 0.006188185782646727
0 0.08848300614659756 0.33757142808853985 0.003925599207923582 0.0051568214855389274
0 0.1908102921664723 0.3162811222411004 0.009159731485155049 0.006482861296106073
0 0.16764925683972315 0.29911627358209236 0.009944851326739758 0.005451496998998309
0 0.17798666808725522 0.2980112404066197 0.0054958388910930365 0.0038307816749718173
0 0.18387506689914065 0.30147367768976724 0.007851198415847164 0.003978119431701437
0 0.20441903608727405 0.31016660533681867 0.009159731485155049 0.006335523539376453
0 0.22993543093877736 0.29918994246045716 0.008374611643570305 0.005893510269187381
0 0.22548641850313064 0.3155444334574521 0.007851198415847164 0.005009483728809272
0 0.24066540210710183 0.3099455987017241 0.010991677782186002 0.005893510269187381
0 0.24537612115661012 0.3144541338328328 0.006280958732677746 0.0030646257896165706
0 0.13807640947336547 0.3212906059699098 0.007851198415847164 0.007661563349943563
0 0.14671272773079735 0.3181965130785864 0.009421438099016601 0.005009483728809201
0 0.15063832693872098 0.3059674792700226 0.0073277851881240075 0.005893510269187345
0 0.13611360986940368 0.30338906852725317 0.008112905029708753 0.005451496998998273
0 0.13441251687930347 0.29764289601479554 0.0120385042376323 0.0039781194317015075
0 0.14396480828525082 0.3011053332979431 0.004972425663369897 0.0067775368095655255
0 0.09803529755254495 0.3336669775352032 0.0052341322772314494 0.0035361061615124356
0 0.10169919014660696 0.331456911184258 0.0026170661386157156 0.003241430648053054
0 0.11386854769117008 0.3284364871712995 0.007066078574262438 0.004272794945160854
0 0.12014950642384781 0.3284364871712995 0.0054958388910930365 0.00574617251245769
0 0.09450225826541372 0.3151760890656279 0.004972425663369862 0.004272794945160854
0 0.08848300614659756 0.31362904261996616 0.008112905029708753 0.005009483728809201
0 0.0946331115723445 0.30906157216134594 0.0036638925940620302 0.004125457188431163
0 0.08848300614659756 0.30574647263492805 0.011253384396047608 0.0051568214855389274
0 0.09083836567135173 0.3224693080237472 0.008112905029708753 0.0035361061615125067
0 0.08782873961194364 0.3265947652121784 0.005234132277231431 0.00471480821534982
0 0.10353113644363794 0.32445836773959796 0.0052341322772314494 0.0030940928913233278
0 0.11216745470106985 0.3248267121314221 0.006804371960400886 0.004125457188431127
0 0.09581079133472159 0.32917317595494794 0.006019252118816177 0.0036834439182421618
0 0.09515652480006764 0.32600541418525963 0.006280958732677728 0.003830781674971746
0 0.1060173492753229 0.3139973870117904 0.010729971168324432 0.003978119431701437
0 0.10614820258225369 0.32025924167280195 0.006280958732677728 0.003830781674971675
0 0.11282172123572379 0.3184911885920457 0.011776797623770747 0.005009483728809236
0 0.1596672051169452 0.3153234268223576 0.008112905029708734 0.005746172512457654
0 0.17065888289913123 0.3187121952271403 0.009683144712878188 0.005156821485538963
0 0.16778011014665395 0.31215566505266934 0.010206557940601293 0.007661563349943599
0 0.0934292611485813 0.29298112925697667 0.0073277851881240075 0.002799417377863982
0 0.09225158138620422 0.29585421551320545 0.007589491801985578 0.0020627285942155993
0 0.09107390162382714 0.3014530502689335 0.009421438099016601 0.003830781674971746
0 0.11187957742582214 0.29194976495986885 0.004972425663369862 0.00574617251245769
0 0.1037666723961134 0.3010110369987444 0.0054958388910930365 0.005009483728809201
0 0.09879424673274353 0.3011583747554741 0.006019252118816158 0.005304159242268618
0 0.09565376736640467 0.305431169700635 0.003925599207923582 0.0029467551345936727
0 0.10232728601987474 0.306315196241013 0.0073277851881240075 0.0026520796211342555
0 0.14105986487138744 0.2856879102988573 0.009421438099016638 0.003241430648053019
0 0.13805023881197936 0.290034374122383 0.007589491801985613 0.0033887684047827094
0 0.13163842677237084 0.2929074603786118 0.00680437196040085 0.003536106161512471
0 0.12404893497038523 0.29231810935169306 0.007851198415847164 0.003536106161512471
0 0.08165246352481054 0.2852458970286682 0.013608743920801762 0.0038307816749718173
0 0.0802130771485719 0.2791313801243864 0.00968314471287817 0.004272794945160818
0 0.09303670122778893 0.28384618833973624 0.007066078574262438 0.004862145972079581
0 0.15676226170308177 0.27942605563784567 0.006804371960400921 0.004272794945160818
0 0.15532287532684314 0.2725011810715505 0.012300210851493904 0.0036834439182421262
0 0.09670059382185095 0.23596141740258894 0.008112905029708734 0.004862145972079545
0 0.09264414130699658 0.239202848050642 0.010468264554462899 0.0045674704586202
0 0.08256843667332603 0.2523895772779487 0.00968314471287817 0.00442013270189058
0 0.08754086233669593 0.2624822136139321 0.009159731485155032 0.003978119431701472
0 0.09591547398026623 0.27647930050325203 0.007066078574262438 0.004272794945160854
0 0.08911110201986534 0.2748585851792255 0.00863631825743191 0.004272794945160854
0 0.10599117861393675 0.27286952546337484 0.006280958732677711 0.004714808215349855
0 0.0914664615446195 0.26704968407255225 0.004972425663369862 0.004862145972079581
0 0.09670059382185095 0.2680073794912952 0.005495838891093019 0.004420132701890544
0 0.09499950083175072 0.2604931538980813 0.0052341322772314494 0.004714808215349855
0 0.10128045956442847 0.25909344520914934 0.0052341322772314494 0.005451496998998273
0 0.10311240586145948 0.24774843794096366 0.006804371960400886 0.0051568214855389986
0 0.13059160031692454 0.24391765626599188 0.007327785188123989 0.0051568214855389274
0 0.15977188776248988 0.25305259718323225 0.010729971168324469 0.003978119431701472
0 0.16461346011892894 0.26808104836966 0.00837461164357034 0.0039781194317015075
0 0.16395919358427502 0.2787630357325621 0.008636318257431892 0.005893510269187381
0 0.10586032530700598 0.2558520145610963 0.010729971168324469 0.0051568214855389986
0 0.10769227160403698 0.28458287712338465 0.00758949180198556 0.004272794945160854
0 0.11449664356443785 0.28310949955608783 0.009683144712878154 0.003978119431701437
0 0.12143186883176953 0.2853195659070331 0.008898024871293462 0.003388768404782816
0 0.12287125520800819 0.2884136587983565 0.008112905029708734 0.002799417377863982
0 0.11606688324760729 0.27382722088211775 0.007589491801985613 0.0030940928913233278
0 0.12012333576246165 0.27043845247733495 0.005234132277231431 0.0048621459720796165
0 0.11541261671295339 0.27051212135569985 0.008898024871293462 0.003536106161512471
0 0.11619773655453808 0.27846836021910276 0.007851198415847164 0.004125457188431163
0 0.11122531089116822 0.27994173778639964 0.00837461164357034 0.004714808215349926
0 0.1189456560000846 0.25592568343946115 0.009159731485155032 0.006482861296106038
0 0.1757359912080458 0.26343990903267495 0.007589491801985595 0.004714808215349926
0 0.1879053487526089 0.257841074276947 0.006804371960400886 0.005304159242268689
0 0.19601825378231763 0.26425026669468826 0.005234132277231467 0.004862145972079581
0 0.18201694994072348 0.2737535520037529 0.006542665346539316 0.0038307816749717817
0 0.18921388182191673 0.28178345974552066 0.007327785188124025 0.004272794945160854
0 0.19340118764370193 0.29047638739257203 0.007851198415847164 0.00574617251245769
0 0.1538834889506045 0.26594465089707964 0.006804371960400868 0.004714808215349891
0 0.14747167691099594 0.26690234631582255 0.006542665346539333 0.005746172512457654
0 0.13647999912880993 0.27021744584224044 0.01020655794060133 0.006482861296106143
0 0.1660528464951676 0.2408972322530334 0.005495838891093001 0.006188185782646762
0 0.20962699770311935 0.2893713542170994 0.011515091009909178 0.00471480821534982
0 0.20517798526747263 0.2859089169339518 0.009421438099016619 0.003978119431701472
0 0.21944099572292836 0.2836988505830066 0.009159731485155049 0.0051568214855389274
0 0.19889702653479488 0.2733852076119287 0.008898024871293408 0.005746172512457654
0 0.19379374756449422 0.2780263469489137 0.008112905029708734 0.003830781674971746
0 0.1910458281189477 0.2728695254633748 0.010468264554462899 0.008545589890321708
0 0.2258528077625369 0.29091840066276103 0.009421438099016619 0.005451496998998309
0 0.2385455785348231 0.2921707715949634 0.011253384396047608 0.004125457188431163
0 0.24050837813878487 0.2859089169339518 0.010991677782186002 0.00574617251245769
0 0.17351148499022245 0.23831882151026387 0.0057575455049545705 0.0051568214855389274
0 0.17717537758428442 0.23332407133230804 0.012561917465355493 0.0018859237357791159
0 0.2105429708516349 0.24774843794096366 0.011253384396047571 0.0051568214855389986
0 0.20792590471301917 0.2561466900745557 0.005495838891093001 0.005451496998998273
0 0.21551539651500476 0.258283087547136 0.011253384396047608 0.005304159242268618
0 0.23252632641600696 0.26999643920714594 0.0081129050297087 0.004862145972079581
0 0.23736789877244605 0.2639555911812289 0.008374611643570305 0.004567470458620271
0 0.2297784069704604 0.2514318818592058 0.007327785188123989 0.0039781194317015075
0 0.21957184902985913 0.24244427869869503 0.010991677782186073 0.004272794945160818
0 0.24037752483185415 0.24266528533378956 0.005495838891093001 0.003830781674971746
0 0.23946155168333863 0.24723275579240978 0.007327785188124025 0.005009483728809272
0 0.2470510434853242 0.2638229869753526 0.004187305821785117 0.0066596661545425566
0 0.22546024784174448 0.23632976179441315 0.014393863762386517 0.005893510269187381
0 0.4866009699354757 0.513695956378337 0.011982286302604095 0.006071298093853627
0 0.48480362699008495 0.5357887355531932 0.014378743563124843 0.008432358463685645
0 0.5186535857949415 0.4816529942163317 0.019770772399296702 0.006745886770948459
0 0.5414199297698892 0.487892939479459 0.01617608650851544 0.007757769786590671
0 0.5306358720975455 0.5281996129358761 0.0245636869203382 0.010793418833517521
0 0.5887499606651752 0.5430405638319628 0.012581400617734247 0.01079341883351745
0 0.644467591972284 0.5405108562928571 0.018572543769036328 0.009106947140780548
0 0.6953923087583513 0.5384870902615725 0.0185725437690364 0.007083181109495911
0 0.5812610317260476 0.5646274014989978 0.014378743563124843 0.008769652802233026
0 0.5761685600474409 0.5782878222101685 0.01377962924799462 0.005059415078211416
0 0.5650849452175322 0.5806488825800005 0.017973429453906106 0.005734003755306247
0 0.6306879627242893 0.5690122279001143 0.01617608650851551 0.008769652802233097
0 0.6130140904279483 0.6430483352112739 0.027559258495989312 0.0057340037553061055
0 0.6055251614888207 0.6069578409866997 0.023365458290078037 0.007757769786590671
0 0.5944415466589121 0.6012238372313934 0.019171658084166553 0.007757769786590814
0 0.6546525353294974 0.5804802354107268 0.014977857878255065 0.004722120739663893
0 0.6597450070081041 0.5985254825230139 0.017973429453906106 0.006408592432401008
0 0.8820164179214092 0.5524848053112907 0.026361029865728795 0.010793418833517593
0 0.9048622962931754 0.6009366521642744 0.016640054640737388 0.008146222401821604
0 0.9558676811702184 0.6078609412058227 0.01446961273107604 0.0073316001616395
0 0.5053512246328301 0.47146262150542556 0.01953397718695271 0.004480422321001853
0 0.5158416938628603 0.44763492098009733 0.01736353527729122 0.008146222401821675
0 0.48581724744587745 0.40608918673080724 0.016640054640737388 0.009775466882185953
0 0.49413727476624614 0.3875565307666631 0.014469612731075969 0.008553533521912656
0 0.4937755344479693 0.37248601932329306 0.0209809384600603 0.010997400242459179
0 0.640280363350114 0.45903963234264766 0.01736353527729122 0.0065169779214573256
0 0.6677726275391584 0.4637237102236951 0.020257457823506398 0.008553533521912727
0 0.6782630967691887 0.45068975438078057 0.012299170821414549 0.008553533521912656
0 0.7267362994182932 0.3863345974063898 0.01374613209452221 0.008553533521912656
0 0.7245658575086318 0.37717009720434047 0.012299170821414549 0.008960844642003777
0 0.6388334020770065 0.3733006415634752 0.020257457823506398 0.006924289041548306
0 0.6413655843049447 0.36658000808197244 0.01085220954830703 0.007331600161639429
0 0.5227147599101214 0.382261486205479 0.0151930933676298 0.008553533521912656
0 0.5675705593764571 0.3602666857205607 0.01808701591384498 0.008553533521912656
0 0.520182577682183 0.3745225749237484 0.00578784509243043 0.011812022482641354
0 0.5140329922714757 0.37554085272397614 0.00940524827519937 0.008960844642003706
0 0.4937755344479693 0.3533423966790123 0.01374613209452228 0.00773891128173048
0 0.5697410012861184 0.34010478527605215 0.01808701591384505 0.008146222401821604
0 0.7119049463689404 0.42380722045476915 0.02315138036972158 0.00773891128173048
0 0.7281832606914008 0.4368411762976838 0.00940524827519937 0.006924289041548448
0 0.7448233153321382 0.4598542545828298 0.01808701591384505 0.0065169779214572544
0 0.8544306317700392 0.4519116877410538 0.01302265145796838 0.006109666801366202
0 0.8504514882689932 0.4321570984166363 0.02098093846006023 0.0065169779214572544
0 0.858409775271085 0.41464272025272 0.01374613209452221 0.008146222401821675
0 0.8815611556408068 0.41830852033353966 0.023874861006275408 0.008146222401821604
0 0.9249699938340348 0.43073150949631756 0.02532182227938307 0.012626644722823457
0 0.6048298121589778 0.3368462963153235 0.013022651457968451 0.008960844642003777
0 0.5487600628260582 0.3266635183130465 0.01953397718695271 0.0073316001616395
0 0.4923285731748617 0.3274781405532287 0.02242789973316775 0.008960844642003848
0 0.5411635161422432 0.3117966624297221 0.0159165740041837 0.010182778002277076
0 0.4489197349816337 0.30935279570917557 0.01808701591384498 0.007738911281730587
0 0.4214274707925892 0.31261128466990423 0.00795828700209185 0.005295044561183992
0 0.41202222251738974 0.30996376238931217 0.01664005464073746 0.01059008912236802
0 0.40442567583357486 0.29591152874616994 0.01881049655039881 0.00855353352191269
0 0.6164055023438386 0.303854095587946 0.01881049655039881 0.008146222401821604
0 0.6337690376211298 0.2975407732265342 0.01591657400418356 0.008553533521912762
0 0.5947010832472246 0.26597416141947555 0.01591657400418356 0.012219333602732405
0 0.6355777392125144 0.26271567245874683 0.00795828700209185 0.009775466882185953
0 0.6699430694488199 0.31016741794935776 0.02749226418904442 0.009368155762094866
0 0.6985205545926951 0.33236587399432166 0.00795828700209185 0.0073316001616395
0 0.8515367092238239 0.3559899189596043 0.01736353527729108 0.010590089122368055
0 0.6713900307219274 0.33216221843427607 0.01591657400418356 0.008553533521912656
0 0.7115432060506635 0.2845068173836197 0.018087015913844907 0.0077389112817305514
0 0.7506111604245688 0.2806373617427544 0.02532182227938307 0.013033955842914615
0 0.7415676524676462 0.29224572866535026 0.01736353527729122 0.0093681557620949
0 0.7925730373446892 0.2875616507843028 0.013746132094522351 0.0073316001616393935
0 0.8316409917185945 0.28532143962380185 0.016640054640737388 0.00936815576209483
0 0.5317582678670438 0.27717521722198024 0.014469612731075897 0.006924289041548412
0 0.5321200081853208 0.29285669534548686 0.019533977186952642 0.016292444803643242
0 0.5469513612346737 0.2769715616619347 0.0159165740041837 0.008960844642003743
0 0.4952224957210769 0.2997809843870352 0.01808701591384505 0.008960844642003814
0 0.4724328556696321 0.2820629506630732 0.01446961273107604 0.006109666801366238
0 0.45145191720957184 0.28389585070348305 0.01591657400418363 0.009775466882185953
0 0.46664501057720176 0.28837627302448493 0.010128728911753199 0.00570235568127508
0 0.7133519076420479 0.18777042636198807 0.01302265145796838 0.012219333602732405
0 0.6486003906704829 0.20956157128686087 0.012299170821414549 0.008553533521912656
0 0.6229168280728228 0.23013078285146044 0.01157569018486086 0.008146222401821604
0 0.6117028782062388 0.21954069372909232 0.01664005464073732 0.011404711362550266
0 0.614958541070731 0.19754589324417401 0.02170441909661406 0.011404711362550266
0 0.6308751150749147 0.2122090935674529 0.020257457823506256 0.009775466882185882
0 0.6489621309887597 0.17656937055948332 0.015916574004183844 0.012626644722823493
0 0.5780610286064871 0.18471559296130496 0.020257457823506398 0.00936815576209483
0 0.5737201447871643 0.16801583703757067 0.01881049655039881 0.00936815576209483
0 0.5842106140171945 0.15314898115424622 0.023874861006275408 0.008960844642003777
0 0.6124263588427926 0.17738399279966552 0.01953397718695257 0.011812022482641318
0 0.6355777392125144 0.1543709145145195 0.01953397718695257 0.009775466882185916
0 0.6062767734320853 0.16475734807684206 0.01591657400418363 0.009368155762094866
0 0.6120646185245158 0.15620381455492935 0.02170441909661399 0.007738911281730516
0 0.9130325633308971 0.25680966121742616 0.021704419096613917 0.010182778002277005
0 0.8884342216880678 0.2299271272914149 0.017363535277291363 0.010182778002277005
0 0.9119473423760663 0.21139447132727077 0.02242789973316775 0.008146222401821604
0 0.8717941670473305 0.19367643760330872 0.011575690184860718 0.00855353352191269
0 0.8490045269958857 0.17371819271884584 0.012299170821414691 0.00855353352191269
0 0.9072447182384668 0.18104979288048526 0.013022651457968238 0.006924289041548377
0 0.8692619848193921 0.15600015899488381 0.00940524827519937 0.008960844642003743
0 0.8924133651891136 0.16129520355606786 0.013746132094522068 0.009775466882185916
0 0.2749683005522197 0.31594763163957235 0.009412117867313156 0.004352677764426609
0 0.26169049141797446 0.314812150483635 0.007731382533864348 0.005866652639009686
0 0.2542952559507998 0.31197344759379153 0.009075970800623381 0.004731171483072316
0 0.3322813754228231 0.3024164811979853 0.009748264934002932 0.006055899498332629
0 0.3233734781555445 0.3067691589624119 0.011429000267451599 0.008705355528853112
0 0.24824460875038426 0.2742186991588741 0.0077313825338643834 0.0056774057796867795
0 0.2522783735506613 0.25832196297575094 0.009748264934002897 0.0052989120610410015
0 0.284380418419533 0.2523606869070798 0.009412117867313156 0.004731171483072351
0 0.34001275795668745 0.25330692120369425 0.013109735600900478 0.004731171483072387
0 0.34707184635717225 0.26409399218509927 0.009075970800623381 0.00510966520171813
0 0.3418615668234811 0.2732724648622596 0.006722941333795021 0.005677405779686815
0 0.32707109588913186 0.2704337619724162 0.011429000267451741 0.006434393216978371
0 0.32488613995564847 0.28320792497671154 0.007731382533864348 0.00397418404578076
0 0.32488613995564847 0.2872767324521538 0.010420559067382413 0.005677405779686886
0 0.3512736846907943 0.2815047032428055 0.014790470934349216 0.00397418404578076
0 0.3679129644919371 0.29740143942592867 0.011765147334141446 0.005866652639009722
0 0.3711063616254899 0.27298859457327523 0.0073952354671745725 0.00473117148307228
0 0.37883774415935423 0.24933273715791343 0.00537835306703613 0.004352677764426573
0 0.38102270009283756 0.2732724648622596 0.009075970800623381 0.0052989120610410015
0 0.3990065681607395 0.2524553103367413 0.009412117867313228 0.006055899498332629
0 0.4104355684281911 0.2479323101101563 0.012101294400831152 0.0075320255785868186
0 0.42220071576233265 0.2780982597749934 0.008067529600554124 0.006623640076301207
0 0.3699298468920756 0.310175602430224 0.01512661800103892 0.0071913806542699635
0 0.39346014156035847 0.286046627866555 0.009075970800623381 0.00397418404578076
0 0.3857287590264942 0.28216706725043567 0.005714500133725906 0.005677405779686815
0 0.4043849212277756 0.2795176112199151 0.012773588534210702 0.004920418342395258
0 0.2618585649513194 0.2827348078284043 0.007395235467174608 0.004541924623749409
0 0.2534548882840755 0.29304876166150207 0.010084412000692673 0.007002133794947127
0 0.26858150628511446 0.29636058169965274 0.008067529600554124 0.004920418342395294
0 0.2781616976857725 0.2839649124140032 0.0077313825338643834 0.003974184045780831
0 0.2816912418860149 0.2905885524903045 0.0067229413337951275 0.003974184045780795
0 0.29849859522050265 0.29181865707590326 0.010084412000692601 0.004920418342395223
0 0.27849784475246225 0.2981584268632202 0.006386794267105351 0.004731171483072387
0 0.27631288881897886 0.30345733892426124 0.007395235467174644 0.0047311714830724225
0 0.28975877148656903 0.3088508744149638 0.008739823733933677 0.00454192462374948
0 0.28101894775263536 0.30752614639970355 0.008739823733933606 0.0034064434678120746
0 0.29396060982019095 0.30260572805730823 0.007731382533864348 0.004163430905103702
0 0.29933896288722706 0.3017541171903552 0.006386794267105351 0.003217196608489239
0 0.3011877717540207 0.30563367780647455 0.007395235467174644 0.0037849371864578886
0 0.30690227188774655 0.3092293681336096 0.009412117867313156 0.003027949749166332
0 0.30354080122084903 0.3123519413124373 0.013445882667590218 0.0032171966084891678
0 0.4410249514969589 0.24554779997145557 0.006722941333795092 0.0062451463576555
0 0.4574961577647569 0.23088116837393124 0.007395235467174573 0.005677405779686886
0 0.46674020209872524 0.23589621014598797 0.009075970800623381 0.005866652639009722
0 0.25748865308435254 0.23987039419176873 0.010084412000692638 0.00510966520171813
0 0.2516060794172818 0.2465886576977315 0.009075970800623381 0.006434393216978371
0 0.2665646238849759 0.2313542855222385 0.0067229413337951275 0.005109665201718166
0 0.2722791240187018 0.23703169130192536 0.010756706134072154 0.003974184045780795
0 0.28286775661942903 0.24498005939348688 0.01781579453455702 0.005866652639009722
0 0.30135584528736553 0.24602091711976282 0.015126618001038991 0.005677405779686851
0 0.2853888596196022 0.2643778624740836 0.009412117867313156 0.006434393216978442
0 0.29513712455360513 0.2750703100258271 0.006050647200415576 0.005866652639009757
0 0.29967510995391683 0.2504682183138508 0.0084036766672439 0.0035956903271350525
0 0.3356428460897206 0.245642423401117 0.008403676667243828 0.006434393216978407
0 0.31312099262150705 0.25008972459520507 0.010420559067382413 0.004352677764426609
0 0.3011877717540207 0.2624853938808547 0.006722941333795092 0.004163430905103667
0 0.296649786353709 0.2637154984664534 0.010420559067382413 0.00397418404578076
0 0.29480097748691536 0.2677843059418957 0.009412117867313156 0.004163430905103738
0 0.3082468601545056 0.2690144105274945 0.009412117867313156 0.004352677764426538
0 0.30202813942074513 0.27223160713598366 0.007059088400484903 0.004352677764426609
0 0.3134571396881967 0.2726101008546295 0.009748264934002897 0.003974184045780795
0 0.4522858782310658 0.2580380926867666 0.009075970800623381 0.005866652639009722
0 0.4610257019649993 0.25027897145452793 0.011092853200761966 0.007002133794947057
0 0.464219099098552 0.25974131442067266 0.012773588534210702 0.005488158920363908
0 0.4788414964995564 0.25747035210879793 0.013782029734279888 0.0070021337949470915
0 0.4899343497003183 0.26560796705968237 0.0084036766672439 0.007002133794947021
0 0.5057332618347368 0.27073655665856505 0.011092853200761966 0.00817546374521349
0 0.5671489279593568 0.23567905180690066 0.012744919729423786 0.007175240453137519
0 0.488228463481002 0.2300216506803884 0.015686055051598587 0.007451211239796613
0 0.5142084921602119 0.23140150461368406 0.009803784407249055 0.0063473280931600935
0 0.5352866286357973 0.24078451136009463 0.007843027525799328 0.00579538651984187
0 0.5318553040932602 0.19704314167462186 0.010784162847973846 0.004967474159864374
0 0.5196005735841989 0.19745709785461055 0.012744919729423643 0.006899269666478318
0 0.5384728585681535 0.18407251470164254 0.01617624427196084 0.007727182026455743
0 0.5227868035165548 0.18683222256823387 0.006372459864711786 0.0077271820264557785
0 0.5350415340256159 0.19041984279480267 0.017156622712685775 0.00331164943990963
0 0.4659248539545105 0.19759508324794012 0.010293973627611521 0.008279123599774073
0 0.4843069497181024 0.20159665965449758 0.010784162847973846 0.005243444946523539
0 0.47450316531085335 0.20766801696099854 0.010784162847973846 0.0063473280931600935
0 0.4892088419217269 0.20877190010763505 0.013725298170148718 0.008003152813114945
0 0.4046512014092041 0.2304356068603771 0.008333216746161654 0.004415532586546185
0 0.3958277954426799 0.23788681810017373 0.012254730509061318 0.006071357306500928
0 0.3642105907293017 0.23140150461368406 0.009803784407248984 0.007451211239796613
0 0.35661265781368373 0.23333330012029802 0.012254730509061318 0.008003152813114837
0 0.3715634290347385 0.22312238101391002 0.014705676610873582 0.004139561799886984
0 0.38872005174742424 0.21373937426749948 0.016666433492323378 0.007451211239796613
0 0.40514139062956644 0.22326036640723962 0.010293973627611593 0.005519415733182633
0 0.3948474170019549 0.2269859720271379 0.011274352068336385 0.004691503373205314
0 0.39435722778159243 0.23112553382702494 0.00735283830543672 0.003587620226568724
0 0.5146986813805745 0.2639936540970298 0.01470567661087351 0.006402521408295918
0 0.5245024657878234 0.25610089001967656 0.02058794725522297 0.006071357306500928
0 0.5887172536553047 0.24395817540667472 0.013725298170148647 0.006623298879819224
0 0.5874917806043984 0.2493396057465278 0.009313595186886445 0.004691503373205314
0 0.3629851176783956 0.19621522931464447 0.013235108949786252 0.006623298879819224
0 0.3548969955424151 0.21166959336755597 0.007843027525799186 0.004415532586546185
0 0.350485292559153 0.21594714056077258 0.012744919729423786 0.0057953865198417985
0 0.33455414289737334 0.20214860122781586 0.010293973627611521 0.004139561799886984
0 0.33210319679556116 0.2079715844052256 0.007352838305436791 0.0068440763513425654
0 0.34166188659262886 0.17579339110186853 0.010784162847973917 0.004967474159864409
0 0.3531813332711466 0.15964910008230915 0.01029397362761145 0.006347328093160112
0 0.3316130075751987 0.15608907651330833 0.009313595186886587 0.008610287701568957
0 0.42867047320696416 0.19759508324794012 0.011274352068336314 0.006071357306500893
0 0.4360233115124009 0.2071160753876803 0.009313595186886587 0.007451211239796613
0 0.4149451750368155 0.2141533304474882 0.009313595186886516 0.003863591013227854
0 0.41077856666373463 0.21001376864760118 0.013725298170148647 0.004415532586546185
0 0.3985238361546733 0.19166171133476873 0.01176454128869878 0.006899269666478354
0 0.4335723654105887 0.18586632481492693 0.019117379594135713 0.005795386519841834
0 0.38332797032343735 0.19842299560791754 0.009803784407249055 0.008279123599774039
0 0.39435722778159243 0.20021680572120193 0.005392081423986994 0.004691503373205279
0 0.4009747822564856 0.20187263044115672 0.007843027525799186 0.00855509438643317
0 0.5264632226692733 0.15799327536235436 0.018627190373773105 0.01186674382634278
0 0.4267097163255143 0.17813914278847115 0.015195865831235977 0.005795386519841834
0 0.44778785280109973 0.1728956978419476 0.018137001153410638 0.007451211239796649
0 0.3629851176783956 0.18572833942159736 0.011274352068336385 0.006071357306500999
0 0.36175964462748944 0.17510346413522068 0.009803784407249055 0.006899269666478389
0 0.3791613619503565 0.16765225289542407 0.013235108949786181 0.004691503373205279
0 0.37474965896709445 0.17165382930198153 0.008333216746161725 0.0038635910132278893
0 0.3757300374078193 0.1767592888551755 0.010293973627611521 0.0063473280931600935
0 0.3843083487641622 0.16158089558892313 0.015686055051598514 0.007451211239796613
0 0.39754345771394844 0.16158089558892313 0.005882270644349461 0.0063473280931600935
0 0.3980336469343109 0.1748274933485616 0.011764541288698851 0.005243444946523575
0 0.4029355391379354 0.18020892368841465 0.009803784407249055 0.003863591013227854
0 0.39607289005286106 0.17993295290175554 0.010784162847973846 0.004967474159864444
0 0.4137197019859093 0.16737628210876493 0.011764541288698851 0.004139561799887019
0 0.4551406911065365 0.15813126075568396 0.015195865831235977 0.009383006746410558
0 0.4872480850402771 0.17248174166195893 0.017646811933048383 0.005519415733182669
0 0.4982773424984323 0.16144291019559354 0.013235108949786252 0.007727182026455761
0 0.4911695988031767 0.16599642817546925 0.012744919729423643 0.006347328093160059
0 0.3987689307648546 0.15357774277580824 0.012254730509061246 0.007451211239796613
0 0.4117589451044596 0.15288781580916036 0.007843027525799257 0.0071752404531374835
0 0.41224913432482196 0.1625467933422301 0.010784162847973917 0.005519415733182686
0 0.4186215941895338 0.1574413337890361 0.007843027525799186 0.006899269666478354
0 0.4279351893764205 0.15799327536235436 0.006862649085074324 0.008003152813114874
0 0.11841989898640193 0.2260275094518277 0.011843212287336993 0.005715076911537196
0 0.09557941814653771 0.22078868894958525 0.010151324817717402 0.007143846139421477
0 0.10192399615761111 0.22852785560062522 0.009305381082907634 0.004048179479005504
0 0.1374536330196221 0.22876598380527255 0.010997268552527225 0.007381974344068887
0 0.08733146673214229 0.20328626590800256 0.012266184154741885 0.0054769487068898216
0 0.09494496034543037 0.19447552233604937 0.014804015359171262 0.0097632563905427
0 0.10996046163830407 0.18304536851297495 0.01691887469619573 0.005953205116184606
0 0.11207532097532852 0.1925704966988703 0.014381043491766388 0.0064294615254793545
0 0.10128953835650378 0.20923947102418716 0.011420240419932117 0.007381974344068851
0 0.14443266883180284 0.21126356076368993 0.0114202404199321 0.005238820502242447
0 0.15246913431249579 0.2272181504750646 0.013958071624361442 0.008096358958011009
0 0.18694134150599453 0.230551945340128 0.012689156022146797 0.005715076911537196
0 0.16177451539540344 0.20185749668011826 0.010574296685122313 0.004524435888300289
0 0.16558126220204744 0.21054917614974777 0.010574296685122348 0.005715076911537267
0 0.13047459720744137 0.18602197107106724 0.012266184154741904 0.005238820502242412
0 0.12603339259969 0.18078315056882485 0.01015132481771742 0.005238820502242447
0 0.16156302946170098 0.17685403519214302 0.010151324817717437 0.005953205116184606
0 0.18461499623526761 0.17078176597363473 0.010574296685122313 0.006191333320831945
0 0.18271162283194559 0.19411833002907833 0.015226987226576156 0.00619133332083198
0 0.19138254611374592 0.18399788133156447 0.00888240921550274 0.0054769487068898216
0 0.19413186325187767 0.1910226633686623 0.009305381082907651 0.006667589730126728
0 0.23325676098683026 0.18018783005720634 0.008036465480692954 0.00785823075336367
0 0.19857306785962905 0.1767349710898193 0.009728352950312526 0.005715076911537196
0 0.12370704732896307 0.17232959930384276 0.008882409215502722 0.00595320511618457
0 0.12476447699747531 0.16030412496914984 0.009305381082907634 0.007143846139421495
0 0.13322391434557315 0.1611375736854157 0.005921606143668487 0.007381974344068905
0 0.15373804991471046 0.1581609711273234 0.008882409215502757 0.0057150769115372315
0 0.15458399364952022 0.14815958653213332 0.009728352950312508 0.009048871776600577
0 0.14591307036771994 0.15054086857860713 0.007613493613288061 0.006667589730126746
0 0.12984013940633404 0.15065993268093084 0.011843212287337028 0.0064294615254793545
0 0.17509812921865753 0.1568512660017628 0.008459437348097829 0.006429461525479336
0 0.18101973536232602 0.16411417624350796 0.01184321228733701 0.004286307683652914
0 0.22881555637907888 0.17042457366666366 0.012689156022146797 0.004524435888300289
0 0.20999330827956114 0.16637639418765815 0.015649959093981033 0.005953205116184606
0 0.20216832873257065 0.17078176597363473 0.01691887469619573 0.0047625640929476985
0 0.13999146422405145 0.164114176243508 0.0042297186740489325 0.009048871776600525
0 0.13195499874335848 0.16649545828998183 0.012689156022146762 0.0038100512743581305
0 0.15796776858875938 0.16792422751786615 0.008036465480692917 0.006191333320831945
0 0.15014278904176886 0.16756703521089505 0.010997268552527225 0.005953205116184606
0 0.2116851957491807 0.22436061201929597 0.009728352950312562 0.004762564092947663
0 0.21189668168288323 0.2326950991819544 0.012689156022146797 0.006191333320831945
0 0.2089358786110489 0.21495454793572435 0.010151324817717402 0.005000692297595073
0 0.204706159937 0.22043149664261413 0.008459437348097865 0.004524435888300253
0 0.1956122647877948 0.22186026587049845 0.018187790298410392 0.00595320511618457
0 0.2220480065006006 0.21947898382402464 0.008459437348097865 0.006905717934774102
0 0.23981282493160613 0.22638470175879874 0.010151324817717402 0.004524435888300289
0 0.26582559477700696 0.22507499663323813 0.0114202404199321 0.00619133332083198
0 0.23050744384869848 0.2070963171823607 0.01099726855252726 0.004524435888300289
0 0.3172166766667015 0.19197517618725185 0.010151324817717473 0.004762564092947663
0 0.3125639861252476 0.18221191979670912 0.013535099756956619 0.007143846139421548
0 0.32461868434628705 0.18173566338741437 0.008882409215502776 0.0057150769115372315
0 0.2577891292963141 0.1984046377127312 0.009728352950312526 0.004286307683652914
0 0.2964910551638617 0.1984046377127312 0.011843212287336974 0.005715076911537196
0 0.24277362800344038 0.20078591975920504 0.007613493613288114 0.006191333320831945
0 0.2592695308322312 0.20483409923821058 0.005075662408858647 0.0038100512743581305
0 0.24996414974932357 0.20376252231729733 0.005921606143668505 0.00404817947900554
0 0.3057964362467694 0.2166214453682561 0.01184321228733694 0.0054769487068898216
0 0.3140443876611647 0.22305090689373538 0.007190521745883131 0.0035719230697107206
0 0.31214101425784274 0.22852785560062522 0.009305381082907687 0.004048179479005504
0 0.30621940811417425 0.2224555863821169 0.010997268552527225 0.005238820502242412
0 0.3182741063352137 0.2153117402426954 0.005498634276263594 0.0057150769115372315
0 0.29501065362794454 0.2294803684192147 0.013112127889551673 0.004048179479005504
0 0.29056944902019316 0.22531312483788551 0.012689156022146762 0.005238820502242447
0 0.289089047484276 0.21507361203804806 0.013112127889551637 0.0033337948650633466
0 0.2840133850754174 0.2126923299915742 0.008036465480692954 0.005238820502242447
0 0.24700334667748927 0.15316027882972835 0.007613493613288078 0.005238820502242412
0 0.260115474567041 0.15566062497852587 0.010997268552527188 0.004524435888300289
0 0.2493296919482162 0.16673358649462922 0.0071905217458832025 0.0066675897301267635
0 0.26053844643444585 0.16899580443877935 0.0084594373480979 0.005476948706889786
0 0.2681519400477339 0.16375698393653693 0.00930538108290758 0.0064294615254793545
0 0.18947917271042386 0.1598278685598551 0.008459437348097829 0.005715076911537213
0 0.2351601343901523 0.15732752241105757 0.01184321228733701 0.00404817947900554
0 0.2338912187879376 0.16280447111794735 0.016072930961385873 0.00595320511618457
0 0.21866423156136147 0.16089944548076832 0.007613493613288043 0.005476948706889803
0 0.20957033641215628 0.16006599676450248 0.008036465480692954 0.0038100512743581127
0 0.2089358786110489 0.1555415608762022 0.006767549878478257 0.004286307683652897
0 0.19941901159443884 0.1581609711273234 0.0114202404199321 0.00904887177660056
0 0.299451858235696 0.19090359926633862 0.010997268552527188 0.005000692297595037
0 0.30029780197050576 0.1867363556850094 0.008459437348097829 0.0038100512743581305
0 0.2964910551638617 0.1837597531269171 0.007613493613288114 0.004524435888300289
0 0.2943761958268373 0.1809022146711485 0.008459437348097865 0.003571923069710756
0 0.2865512162798467 0.17899718903396944 0.010574296685122385 0.0035719230697107206
0 0.28205221398251795 0.1663569859882189 0.005525510870539101 0.00410059718967986
0 0.2873265652680325 0.16699328555213472 0.005023191700490024 0.005938795929881166
0 0.2959915709513779 0.16798308487378155 0.005274351285514598 0.0045247968989570704
0 0.30277287974703954 0.16706398550368093 0.0077859471357595925 0.003252197771125438
0 0.3246237636441714 0.16798308487378158 0.008790585475857711 0.0025451982556633722
0 0.3177168750559975 0.16536718666657202 0.005525510870539136 0.003534997577310257
0 0.3192238325661445 0.1607716898160687 0.008037106720784094 0.004807596705141943
0 0.2809219958499077 0.16070098986452253 0.006278989625612574 0.004383396995864644
0 0.2868242460979835 0.15815579160885915 0.006027830040588036 0.005231796414419118
0 0.2910939590434001 0.15822649156040536 0.004520872530441089 0.005090396511326709
0 0.31533085899826474 0.15143929621196975 0.008288266305808598 0.003676397480402631
0 0.3082983906175786 0.15440869417691033 0.005274351285514634 0.003110797868032975
0 0.30239614036950274 0.1556105933531958 0.007534787550735124 0.0032521977711254023
0 0.301014762651868 0.1588627911243212 0.008288266305808634 0.0035349975773102216
