0 0.2960606620874442 0.7407541720661421 0.0045184299603827326 0.004113794441542496
0 0.6512296032818505 0.7983974930464296 0.004032246418973671 0.0045840275078857925
0 0.7215599639477013 0.7226813955060598 0.005094293344057803 0.0035331389321692085
0 0.6429933273876932 0.6394850210155312 0.004334385816710409 0.00401626575676822
0 0.8251842204542641 0.8845935810359569 0.004074366019127496 0.005218047708707018
0 0.8227677014907744 0.7065468387398856 0.004796627513546099 0.004014568679815795
0 0.8389856458398489 0.6802439549570185 0.0037374577869331914 0.004533397871187503
0 0.8182646520836282 0.6731809726165418 0.003904863309053894 0.004846624460061122
0 0.7863186871259359 0.6270345351461706 0.003049080651120306 0.004732427260593113
0 0.7898918285139678 0.6277650440521682 0.003525499502858054 0.005050039828418065
0 0.7959105866742524 0.6295119131752059 0.004891233544505696 0.0035890220164230867
0 0.7963421916246557 0.6232583585338536 0.003071879562363051 0.004306654680567661
0 0.7453679320802243 0.6091491350420323 0.004079550434085064 0.003258812476931894
0 0.8287290541293517 0.6197655890215252 0.004672985162757186 0.0037851179818332525
0 0.8414124042554064 0.6103988325446916 0.0037096245373376747 0.0041330055986643546
0 0.8414989337697929 0.5954189971910246 0.0041999925808642044 0.004349104743498344
0 0.8238599664529133 0.6283711122137464 0.004217291022533942 0.003255452719149048
0 0.827670447535285 0.6372635917794585 0.0019398144277182894 0.0026518982049816486
0 0.7572916137375674 0.592736748181583 0.002803466425037442 0.0026134009046958084
0 0.8251989956238737 0.5801240678997088 0.004346242563761251 0.003959909891426818
0 0.8251523609291391 0.5372686526955738 0.004594338881044138 0.0036754711048350686
0 0.80608606425692 0.5061567614405105 0.0032419841134898775 0.004356416152501907
0 0.8151770705185498 0.5023384013979602 0.002954781222451146 0.0043639845746969285
0 0.8034766747728134 0.46712614334349367 0.0023234200743495136 0.003884758364312191
0 0.8259033521434026 0.43946026581964953 0.003414701433977001 0.002923545748268026
0 0.8205494390481115 0.43357024714166953 0.004182156133828983 0.0033828996282527866
0 0.8222503535559307 0.4093038193288309 0.004123537536501516 0.003615156196385101
0 0.822931235704454 0.3890362915725241 0.0047803715243894375 0.003149421239597672
0 0.8178337599992191 0.3740882953164521 0.003928222774215442 0.003069594845425172
0 0.8019035960339074 0.3572687630468249 0.0031487752775467472 0.004048425356846011
0 0.8271010118272415 0.33137311345224113 0.0035855975770563474 0.003329483464409293
0 0.7876370151077701 0.3245114281649215 0.004152751599834517 0.00245279480458052
0 0.7956156032644486 0.2597446446486942 0.0033159553167284627 0.004144944145910614
0 0.8187303718370282 0.26423488147023655 0.003438661710037252 0.004014869888475836
0 0.8139743427868911 0.2590594879000488 0.001747211895910823 0.002323420074349407
0 0.8249102394470088 0.22073324024461038 0.0044269499138573564 0.004664107944956868
0 0.820246131502052 0.21747231731699224 0.003004001727260288 0.004387423575340748
0 0.7956728829247532 0.21218199514786193 0.0036355042259761205 0.004010298476076706
0 0.8179687624273646 0.20491874973246638 0.003433020365260262 0.003855928671125675
0 0.7128274989006727 0.197184262431614 0.004069328991041346 0.005142558615052337
0 0.6475266828586177 0.45814456286164074 0.0022151200839076067 0.0021424931959104754
0 0.6664180251770742 0.454544299051971 0.002383817099119625 0.0021719222458645502
0 0.6662697053270483 0.4062956132152879 0.0037844520207936973 0.0034661385403297303
0 0.6669621141504084 0.4008464434908273 0.0030661994779839575 0.002699588670833748
0 0.6396325462136232 0.3571963824576506 0.0025692120035780875 0.003438791450942773
0 0.7153251469979207 0.2401458966084523 0.004165398043182477 0.004074845911808964
0 0.7066434691943054 0.26098148000845056 0.0032351855346320233 0.003829403285890933
0 0.2393258960051479 0.319852199179402 0.0021853409020535252 0.001761319532998371
0 0.29360216363663655 0.30654262323032433 0.0014077342221498056 0.0012353586031109741
0 0.29374241947693114 0.3192683757295845 0.001695026920547562 0.0012066293332712163
0 0.23635630569836252 0.35776789369364326 0.001306956854766561 0.001974339078477172
0 0.22133995350615657 0.3506832264503845 0.0014073729885856069 0.0018626995437161754
0 0.24662670545319837 0.3480479493934236 0.0013284522611868965 0.0017511416170191297
0 0.28499233386616696 0.15310143719526628 0.0020562910796434863 0.002964884812509201
0 0.47658186016506177 0.1948009761312656 0.0031018596373304772 0.003408974452907714
0 0.4797033575552061 0.2210882567760282 0.003523647630818303 0.0037857371240196613
0 0.48333310221599485 0.18508857017437166 0.0026563696365425925 0.0015076692531728142
0 0.5000650557620818 0.16153345724907062 0.0018401486988847181 0.001431226765799245
0 0.7679665677098092 0.6066975589572648 0.0009882246218683123 0.0013256671756770545
0 0.7589952325552701 0.6015625421827342 0.002263128506444758 0.001987137225171125
0 0.7541653851329794 0.6061991957081335 0.0020423354814258234 0.0017111459438972788
0 0.3294778887000392 0.2969905472014106 0.001766344200152119 0.001545551175133113
