0.0 0.4839347305019217 0.9548719777485747 0.01290318854071586 0.01466888802523485
0.0 0.7089918846326441 0.7125804656193914 0.01630173870098517 0.011306044582941155
0.0 0.4575786476406183 0.4463520672496998 0.013870034613473336 0.012852050421658134
0.0 0.9162197988029949 0.40651051246774583 0.00975705808358498 0.015143767233897876
0.0 0.9276538512446969 0.4088481409669381 0.011281598409145489 0.016160127450937978
0.0 0.9469138773576077 0.414438122160659 0.01565194734241828 0.01148487045255422
0.0 0.9482950131988982 0.3944267473083315 0.009830014599561565 0.013781294977816572
0.0 0.7851773826567179 0.3492772321345033 0.013054561389072461 0.010428199926182203
0.0 0.8233331639602156 0.29675759418106545 0.008971092560119586 0.008362882895026758
0.0 0.979475405622144 0.019701636609633512 0.01037434916316755 0.01394053168800582
0.0 0.8574930166713894 0.34143218866324754 0.003162318789978258 0.004242134962166233
0.0 0.8287847441768644 0.32500013498474944 0.007242011220623112 0.006358839120547799
0.0 0.813329232425534 0.33983742626602725 0.0065354735405627196 0.005475667020471064
