0.0 0.9010051165121862 0.1754850925600966 0.016075012155365442 0.012860009724292354
0.0 0.5618223600339786 0.0593431297375826 0.012860009724291998 0.015271261547596993
0.0 0.3544547032297663 0.5102472206955792 0.01929001458643853 0.01687876276313318
0.0 0.289350904000537 0.5411916190946571 0.01929001458643853 0.01929001458643782
0.0 0.26041588212087935 0.5363691154480474 0.02089751580197472 0.017682513370901633
0.0 0.3982591113531367 0.5198922279887984 0.015271261547596993 0.01687876276313389
0.0 0.06510448443319117 0.763026786838698 0.017682513370901633 0.017682513370901633
0.0 0.3947752784475256 0.9782989048912473 0.018486263978670082 0.02009376519420698
0.0 0.08257200675657898 0.18301459821806176 0.015217422120572621 0.018486263978670082
0.0 0.3043533350735956 0.2910921352493812 0.01607501215536509 0.02009376519420698
0.0 0.26939018363567635 0.1962495635327258 0.020093765194206626 0.018486263978670082
0.0 0.44420594082527354 0.1564639084481964 0.017682513370901987 0.017682513370901633
0.0 0.43978531248254826 0.12230450761804548 0.02170126640974317 0.015271261547596993
0.0 0.29821070287449275 0.09590089900793367 0.018747779518597695 0.014623268024506331
0.0 0.135854932243436 0.12777212418954953 0.020247601880085498 0.013873356843762253
0.0 0.05917651401237141 0.056905517609249404 0.016873001566737857 0.014623268024506331
0.0 0.958417799387114 0.07606967474167874 0.02126132959533038 0.020861827405393284
0.0 0.37241928816698466 0.08188689520690887 0.015096743196248496 0.01449287346839867
0.0 0.6984818671069967 0.1319087077905728 0.013973844941981995 0.01547104261433745
0.0 0.7097108496496606 0.13939469615234898 0.014472910832767028 0.014472910832766672
