0.0 0.7070330747694562 0.9039512884687209 0.017682513370901633 0.017682513370901633
0.0 0.27943775143674116 0.9023437872531843 0.016075012155365442 0.014467510939828543
0.0 0.2501008542531995 0.8360343621123025 0.018486263978670082 0.01687876276313389
0.0 0.10100511651218617 0.9754850925600966 0.016075012155365442 0.012860009724292354
0.0 0.944354240609805 0.12125026583006235 0.016469174395907515 0.0153712294361803
0.0 0.9696069746835292 0.06360815544438622 0.015371229436179589 0.015371229436179589
0.0 0.07320991221137767 0.0683747664170351 0.014613647413968778 0.017270674216508297
0.0 0.36647924554169864 0.14443215863973452 0.01660641751587306 0.01660641751587306
0.0 0.13996771062518648 0.20022972149306834 0.016606417515871642 0.017934930917143176
0.0 0.2940752651724914 0.24274215033370386 0.015277904114602591 0.015277904114603303
0.0 0.016083835956773384 0.16037431945497288 0.014613647413968778 0.01660641751587342
0.0 0.06789585860629828 0.24473492043560868 0.014613647413968778 0.013949390713333542
0.0 0.00604914787648223 0.4752319955559292 0.01209829575296446 0.01660641751587342
0.0 0.09479825498201286 0.28359393742275235 0.015277904114603303 0.017270674216508297
0.0 0.15841779938711403 0.8760696747416787 0.02126132959533038 0.020861827405393284
0.0 0.12120396590551011 0.001484020702948463 0.0238594415860085 0.002968041405896926
0.0 0.38230611757387434 0.0808311408155152 0.018466061652317477 0.025852486313243973
0.0 0.3195215079559972 0.422453281383377 0.025852486313243616 0.022159273982780548
0.0 0.9505086586913191 0.7676735678599593 0.017361746104487707 0.018656194495804003
0.0 0.22903780585964456 0.28765103132146397 0.029545698643707395 0.018466061652317123
0.0 0.018681144554134832 0.3779330126573015 0.016827829087119283 0.016827829087119283
0.0 0.06440687978471615 0.19655842974455418 0.012837504707275117 0.014977088825154184
0.0 0.06922094404994432 0.2660949135756255 0.016046880884093184 0.012837504707274405
