0.0 0.33851470549179 0.9654106372335262 0.016186193667373328 0.01674433827659314
0.0 0.3293053194396639 0.910433393225379 0.01674433827659314 0.01618619366737306
0.0 0.2185136145095397 0.7720135301388762 0.015069904448933791 0.016186193667373238
0.0 0.19507154092230933 0.6972221525034272 0.011721036793615159 0.016186193667373415
0.0 0.23163001282620427 0.7028035985956248 0.013395470621274441 0.017302482885812865
0.0 0.2807467384375439 0.7156409246076796 0.01339547062127453 0.015069904448933613
0.0 0.36977080360809716 0.6988965863310864 0.017302482885812865 0.013953615230494164
0.0 0.263723327856341 0.6366634624030821 0.015069904448933791 0.015628049058153515
0.0 0.2653977616840003 0.42121964324425115 0.015069904448933791 0.013395470621274441
0.0 0.20204834853755646 0.4468942952683606 0.013395470621274419 0.014511759839714066
0.0 0.3396309947102296 0.18149653358436033 0.016186193667373328 0.01395361523049421
0.0 0.3092121135077522 0.22475274079889243 0.013395470621274441 0.014511759839714066
0.0 0.445120325852766 0.24093893446626574 0.017302482885812865 0.013395470621274441
0.0 0.3960036002414262 0.5325694927835952 0.015069904448933746 0.015069904448933968
0.0 0.4783299301013423 0.588663026010182 0.01674433827659314 0.012279181402834993
0.0 0.4213991799609258 0.6924779233250591 0.01674433827659314 0.011162892184395368
0.0 0.43479465058220024 0.7254084552690255 0.01674433827659314 0.01562804905815369
0.0 0.515167474309847 0.7212223706998772 0.01674433827659314 0.013953615230494343
0.0 0.5469817170353738 0.6316401609201043 0.01786062749503259 0.012279181402834993
0.0 0.6466105297811027 0.5914537490562809 0.015069904448933791 0.013395470621274441
0.0 0.6920993154325139 0.6654079097779004 0.015628049058153515 0.016186193667373238
0.0 0.5134930404821878 0.3838239544265267 0.01674433827659314 0.01674433827659305
0.0 0.6033543225665705 0.33945145799355514 0.014511759839714245 0.013953615230494255
0.0 0.670052603368333 0.3581493024024173 0.016186193667373415 0.014511759839713978
0.0 0.8062398880179569 0.33275372268291775 0.012837326012054718 0.012837326012054718
0.0 0.9281944851324765 0.31489309518788516 0.014511759839713534 0.015069904448933701
0.0 0.8213097924668904 0.23703192220172736 0.010604747575175466 0.013395470621274441
0.0 0.8062398880179569 0.3023348414804403 0.013953615230494255 0.014511759839713978
0.0 0.9975859191194243 0.25377626047832047 0.004828161761151329 0.01674433827659314
0.0 0.8684629193921604 0.48343800839909334 0.013949390713333187 0.017934930917143176
0.0 0.8535171436278745 0.4824416233481411 0.017270674216508297 0.017270674216508297
0.0 0.7847665751121594 0.5956973908063966 0.015277904114603303 0.01527790411460348
0.0 0.7761312380039053 0.6335600227425875 0.017934930917143176 0.01527790411460348
0.0 0.7339509375135872 0.6478415418062385 0.019927701019047818 0.013285134012698485
0.0 0.8133296132394612 0.6405347180992542 0.01660641751587342 0.011956620611428725
0.0 0.9890255105574001 0.5976901609083013 0.014613647413968422 0.017934930917143176
0.0 0.9355528461562883 0.5319287475454433 0.013949390713333542 0.01660641751587324
0.0 0.9978340387818747 0.5598275289721104 0.004331922436250579 0.013949390713333542
0.0 0.48186551962263147 0.7876675772898911 0.015277904114603303 0.01660641751587306
0.0 0.7668316441950163 0.722570420627668 0.01660641751587324 0.01527790411460348
0.0 0.7983838374751754 0.6913503556978263 0.019927701019047905 0.013949390713333542
0.0 0.7465718148256508 0.8278551076783043 0.01727067421650812 0.015942160815238537
0.0 0.7914091421185085 0.8604036860094159 0.013949390713333721 0.009299593808889029
0.0 0.8013729926280325 0.8946129060921146 0.017934930917142912 0.012620877312063784
0.0 0.9335600760543834 0.8843169272322735 0.01660641751587306 0.019927701019047818
0.0 0.5310205154696164 0.9550602658498933 0.015277904114603303 0.015277904114603303
0.0 0.9259211239970819 0.9401144900856074 0.019927701019047818 0.019927701019048172
0.0 0.8576887889240743 0.8316580297947163 0.016643471739505245 0.017786432665129227
0.0 0.6545962847722908 0.8457456236761132 0.01477284932185352 0.014772849321853698
0.0 0.5105610038842192 0.30099680493276515 0.01477284932185352 0.011079636991390186
0.0 0.7660636363414322 0.1420151990297391 0.018292585959218854 0.01535558269120645
0.0 0.9064256051375266 0.23717024602102676 0.01734862741844765 0.012100175607426777
0.0 0.8458704780224868 0.8033443590842262 0.011690917931174738 0.010960235560476405
0.0 0.839294336686201 0.7540232990620828 0.014613647413968422 0.011690917931174738
0.0 0.9927154054129428 0.71821986289786 0.01456918917411425 0.014613647413968422
0.0 0.8414863837982963 0.6276152489312555 0.014613647413968422 0.013152282672571758
0.0 0.9996568879345779 0.8091898180498136 0.0006862241308443374 0.016805694526063418
0.0 0.7357971472933114 0.1958228753471772 0.014613647413968422 0.011690917931174804
0.0 0.7803687719059151 0.24477859418397152 0.011690917931174915 0.011690917931174738
0.0 0.9484257171665524 0.2535467826323526 0.014613647413968422 0.011690917931174738
0.0 0.9564632232442349 0.12494668538943024 0.01753637689676211 0.018997741638158993
0.0 0.8345359243441364 0.5347114015758595 0.01591426203381161 0.010609508022541191
0.0 0.7041273882337353 0.5988105125453785 0.013261885028176223 0.0167983877023568
0.0 0.8694447810795779 0.9695185332575779 0.02706573909117118 0.02235865403183652
