0.0 0.8651044844331912 0.763026786838698 0.017682513370901633 0.017682513370901633
0.0 0.10087070127491722 0.8384462991395694 0.02170126640974317 0.023308767625279357
0.0 0.5851304424552966 0.8577363137260082 0.019290014586438354 0.018486263978670082
0.0 0.4135296876967722 0.7717349986948033 0.013663760332060449 0.01687876276313389
0.0 0.1627594980730736 0.26095148745807106 0.018486263978670037 0.02089751580197472
0.0 0.32793024796945164 0.3509715555281165 0.024112518233047987 0.01929001458643853
0.0 0.48827849421922076 0.40964534989519985 0.018486263978670082 0.02089751580197472
0.0 0.4509040909579965 0.2388483457444437 0.024112518233047987 0.018486263978670082
0.0 0.5469522885863041 0.405626596856359 0.020093765194206626 0.016075012155365442
0.0 0.564634801957206 0.2304089643628771 0.02170126640974317 0.02250501701751162
0.0 0.674346759917574 0.2456802259104741 0.022505017017511265 0.017682513370901633
0.0 0.6892161461612869 0.27421337248624766 0.01687876276313318 0.02170126640974317
0.0 0.6928330238962441 0.1190895051869724 0.020897515801974898 0.018486263978670082
0.0 0.7848624684857104 0.15967891087926986 0.018486263978670082 0.016075012155365442
0.0 0.882572006756579 0.18301459821806176 0.015217422120572621 0.018486263978670082
0.0 0.935854932243436 0.12777212418954953 0.020247601880085498 0.013873356843762253
0.0 0.8591765140123714 0.056905517609249404 0.016873001566737857 0.014623268024506331
0.0 0.75625120445527 0.08090267539305493 0.019497690699341597 0.010873712120786649
0.0 0.47334721151963055 0.03815773809065206 0.02212237983194516 0.016123090385993778
0.0 0.5375484064754156 0.6477048843819737 0.01591426203381161 0.016798387702356622
