0 0.2523025629992247 0.9926931762930153 0.006850147225297486 0.006850147225297233
0 0.1661048770808953 0.9172273876943191 0.007078485466140998 0.007991838429514177
0 0.22935456979447744 0.8990744975472803 0.006165132502767925 0.008676853152043789
0 0.5493818074688764 0.9130031302387193 0.006393470743611047 0.008220176670357232
0 0.5634246092807367 0.9230500128358224 0.00616513250276796 0.008220176670357232
0 0.6680345769191647 0.9251358973511077 0.005926407453072781 0.0073300302709058095
0 0.8825996696909714 0.9285415475281026 0.006279301623189466 0.008288678142609928
0 0.9509184713512739 0.9534075819559333 0.005776957493334294 0.008288678142610166
0 0.8878516730098344 0.8425151152904056 0.005776957493334436 0.006530473688117269
0 0.9375837418654959 0.7410416010596623 0.005776957493334436 0.007535161947827476
0 0.8644926709715692 0.7277294816185004 0.007283989882899959 0.005525785428406777
0 0.8382451901866367 0.6425821516080498 0.006530473688117127 0.005525785428406919
0 0.9745060354098503 0.6360516779199327 0.006781645753044927 0.005525785428406777
0 0.9014149645159237 0.5574348215975993 0.0052746133634792615 0.006530473688117127
0 0.6949515271454507 0.12265597720795358 0.005776957493334294 0.004521097168696482
0 0.7018587589309593 0.14413118875926187 0.0045210971686965706 0.00426992510376893
0 0.6722204552695046 0.1239118375325915 0.004521097168696428 0.0050234412985516565
0 0.6526290342051531 0.11399054096795197 0.004521097168696428 0.004269925103768913
0 0.6516243459454426 0.122404805143026 0.004521097168696428 0.004018753038841325
0 0.7209478358654551 0.5324847776464753 0.005525785428406776 0.005525785428406838
0 0.5873242973239816 0.5319824335166201 0.005023441298551674 0.0045210971686964994
0 0.5781565169541248 0.5112607381600945 0.005776957493334436 0.0052746133634792615
0 0.5315640989100582 0.5548390914250302 0.005023441298551603 0.004018753038841254
0 0.46588260393149533 0.49154373106327937 0.004772269233624087 0.005023441298551674
0 0.4255694875106183 0.5185447280429946 0.004018753038841254 0.004772269233624087
0 0.36076709475930197 0.6594522564673685 0.006028129558262016 0.005274613363479186
0 0.3404221575001678 0.6691223809670803 0.006028129558262018 0.00602812955826181
0 0.3313799631627748 0.6676153485775148 0.006530473688117127 0.005525785428406777
0 0.3744559722978552 0.6624663212464995 0.004772269233624087 0.0052746133634792615
0 0.27034515138537224 0.7384458708870931 0.005525785428406813 0.005525785428406777
0 0.03152209414841163 0.7620144684811154 0.0067816457530447405 0.007283989882899817
0 0.18285326326728019 0.7680425980393776 0.006028129558261988 0.005776957493334436
0 0.1292280274052413 0.741167187092126 0.0042699251037688945 0.0052746133634792615
0 0.37336727451485174 0.8057184077785148 0.005776957493334436 0.00627930162318961
0 0.3712323119629673 0.8281983075895334 0.006028129558261952 0.007032817817972301
0 0.0508623431478355 0.5815473398306472 0.005776957493334392 0.006530473688117127
0 0.10247820249045364 0.6096786111025364 0.007535161947827488 0.006028129558261951
0 0.1525870294435065 0.62801417184225 0.005776957493334411 0.006530473688117128
0 0.1409075284243739 0.5746401080451387 0.007535161947827493 0.005776957493334365
0 0.17092259018322004 0.6267583115176122 0.006279301623189575 0.005023441298551603
0 0.17644837561162685 0.5720028013633991 0.006781645753044714 0.007032817817972372
0 0.21073336247424188 0.5767750705970232 0.007032817817972266 0.005525785428406777
0 0.21538004567540217 0.5856916789019524 0.005274613363479137 0.006781645753044765
0 0.2165103199675763 0.5372154703709289 0.006530473688117162 0.005776957493334365
0 0.2452695214017845 0.5498996596497718 0.0057769574933344 0.005023441298551603
0 0.27580375211143093 0.5571920619431443 0.0047554444126789545 0.0057769574933344385
0 0.3451104172104986 0.5909662922654316 0.005023441298551603 0.00627930162318961
0 0.33418443238614887 0.5613279886039768 0.006279301623189539 0.005776957493334365
0 0.388814356507898 0.5488949713900614 0.005525785428406848 0.005525785428406848
0 0.38743291015079634 0.5382201586306392 0.006781645753044714 0.004772269233624016
0 0.343190844648279 0.5299690309399793 0.005858681099561807 0.004569771257658175
0 0.43013367216577564 0.4702690705354445 0.0060930283435443044 0.004686944879649459
0 0.43077812708672736 0.4570284512504349 0.005038465745623171 0.005155639367614384
0 0.44823699676342144 0.443670658343434 0.004804118501640673 0.005155639367614384
0 0.3912906164756809 0.4661094069547556 0.004804118501640673 0.005272812989605597
0 0.40136754796692714 0.4727297165972604 0.0050384657456230995 0.004452597635667033
0 0.3776984763246976 0.4840369711194147 0.0059758547215529485 0.004569771257658175
0 0.37336305231102185 0.4928249927687574 0.005038465745623171 0.004569771257658317
0 0.38431878596720237 0.4781197032088573 0.005389986611596882 0.004218250391684464
0 0.3113782062776583 0.46083659396515003 0.006444549209517909 0.004101076769693322
0 0.3396756359885417 0.43921806070776703 0.005155639367614313 0.005155639367614384
0 0.29245466632607375 0.5399287888092342 0.006327375587526695 0.004335424013675748
0 0.26849266062886606 0.5177829742528904 0.005272812989605633 0.004569771257658246
0 0.2363285013922719 0.5252820860603297 0.006093028343544233 0.003398035037745828
0 0.14792100359988455 0.5119242931533288 0.006913243697482887 0.0050384657456230995
0 0.1502165833927641 0.4813419778136164 0.006327375587526714 0.005507160233587953
0 0.19409810482848186 0.4898956522189765 0.00644454920951798 0.006210201965535518
0 0.18443128101420492 0.46030931266618963 0.006796070075491695 0.006093028343544232
0 0.24799797094445025 0.4781782900198529 0.0050384657456230995 0.005507160233588096
0 0.24741210283449405 0.46148104888610186 0.005272812989605633 0.005858681099561807
0 0.2644022780232232 0.48122480419162506 0.00644454920951798 0.0038667295257107524
0 0.26862052841490763 0.4932351004457267 0.005741507477570593 0.005155639367614455
0 0.2769398555762854 0.4938209685556828 0.0050384657456230995 0.004686944879649459
0 0.04308178702415094 0.49468676479225027 0.006976807615247118 0.006802387424865941
0 0.050843485496113366 0.4621573992861606 0.007848908567153012 0.004534924949910603
0 0.07979723709938889 0.4450642206288052 0.007151227805628313 0.004883765330672958
0 0.025029297319699023 0.42936640349449917 0.006453547044103582 0.005232605711435312
0 0.0868612548098266 0.39509283608459767 0.006976807615247118 0.004360504759529462
0 0.13378028602236344 0.40198243360465424 0.006627967234484782 0.0038372441883858955
0 0.03540729864737911 0.34154583763757607 0.005581446092197697 0.004011664378767108
0 0.04534924949910625 0.34224351839910083 0.0055814460921976925 0.004709345140291888
0 0.11066961079685739 0.3724182113350446 0.006104706663341233 0.00505818552105417
0 0.11145450165357268 0.35297036010754324 0.005930286472960038 0.004883765330672887
0 0.12209413326682451 0.3701507488600893 0.005581446092197684 0.00505818552105417
0 0.14703622049133297 0.3609936888650775 0.004883765330672976 0.0038372441883860377
0 0.14101872392318232 0.36378441191117633 0.004709345140291781 0.004186084569148321
0 0.1136347540333374 0.3211386753629783 0.005755866282578879 0.00505818552105417
0 0.10578584546618439 0.30169082413547693 0.00505818552105417 0.005232605711435312
0 0.23293816425406308 0.43599437072898406 0.0054070259018165244 0.004186084569148321
0 0.24663014919898554 0.4004126518912237 0.006279126853722374 0.004883765330672958
0 0.2766304219445481 0.4181163012149133 0.005581446092197737 0.0047093451402918166
0 0.21610661588227942 0.38767997799339765 0.005581446092197701 0.005232605711435383
0 0.26538031966496217 0.37660429590419287 0.006802387424865941 0.004709345140291888
0 0.10290791232489496 0.2845104353829309 0.005232605711435348 0.0050581855210541345
0 0.06828550453423116 0.2412542281683988 0.004709345140291798 0.0050581855210541345
0 0.06095985653822167 0.217881922657321 0.003662823998004736 0.005058185521054206
0 0.07238437900818884 0.21962612456113276 0.004186084569148267 0.0054070259018165244
0 0.08773335576173247 0.22363778893989988 0.004186084569148285 0.004709345140291781
0 0.11555337612753036 0.2184051832284645 0.0054070259018165244 0.004360504759529427
0 0.08241353995510656 0.19895733200096316 0.0047093451402918166 0.004883765330672993
0 0.08293680052625009 0.1316311385138285 0.0047093451402918166 0.004186084569148267
0 0.0631401089179864 0.1396544672713627 0.00418608456914825 0.004534924949910657
0 0.10613468584694676 0.056717666745112603 0.00505818552105417 0.004360504759529444
0 0.09662878547117255 0.07023523149965388 0.00418608456914825 0.0045349249499106485
0 0.13910010182898938 0.07529341702070805 0.0054070259018165244 0.004186084569148267
0 0.12375112507544571 0.1664279664948735 0.004709345140291798 0.004709345140291852
0 0.14947810315666946 0.18395719562818186 0.0052326057114353295 0.003837244188385931
0 0.1316872437377893 0.21639935103908095 0.0052326057114353295 0.0034884038076235767
0 0.13587332830693757 0.22669014227157047 0.0052326057114353295 0.004883765330673029
0 0.16098983572182718 0.2253819908437116 0.005232605711435348 0.004360504759529462
0 0.17093178657355432 0.1973875502875326 0.005581446092197701 0.003837244188385931
0 0.2020657905565946 0.1848292965800878 0.0047093451402918166 0.00418608456914825
0 0.21628103607266058 0.20793997180559387 0.004883765330672958 0.0050581855210541345
0 0.1604665751506837 0.1199449857582896 0.005232605711435348 0.0052326057114353295
0 0.1885482258020533 0.10607858062298597 0.0045349249499106745 0.004360504759529444
0 0.2093914385526041 0.11192165700075542 0.00505818552105417 0.004534924949910622
0 0.2519499650056115 0.1039855383384118 0.004011664378767072 0.0040116643787670905
0 0.2900607766038989 0.09840409224621412 0.004534924949910532 0.004709345140291781
0 0.25665931014590326 0.0740724756880398 0.0033139836172423644 0.0041860845691482585
0 0.2519499650056115 0.0944796379626376 0.004360504759529462 0.004534924949910622
0 0.3147412335428355 0.07930508139947515 0.007500068186390649 0.005232605711435348
0 0.3521543643795982 0.1072123118604636 0.008023328757534216 0.005232605711435365
0 0.33988755808823207 0.13100471003506273 0.004210868453499046 0.003742994180888015
0 0.34464427985977736 0.13498164135225627 0.004990658907850687 0.004210868453499028
0 0.7486090817650477 0.2192528326726426 0.005095150828733779 0.0050951508287338495
0 0.7185099500175274 0.22264959989179844 0.004906441538780655 0.005095150828733814
0 0.7951107001905641 0.2878907080718945 0.005146616998721072 0.004803509198806317
0 0.8030021795886029 0.2698775485763707 0.004803509198806184 0.004803509198806069
0 0.39345183105171844 0.15169711828156196 0.007265307663194562 0.00601982634950403
0 0.37819468495900993 0.10976591405398206 0.004566764816865145 0.005189505473710394
0 0.41524775404130204 0.1979875071070586 0.0051895054737103406 0.0047743450358135675
0 0.3984337563064804 0.2058755554270984 0.004359184597916723 0.005189505473710412
0 0.3904419178769664 0.20691345652184048 0.00498192525476199 0.003944024160019879
0 0.35162441693361274 0.2084703081639536 0.005397085692658763 0.004566764816865181
0 0.3653247113842082 0.2234160839282395 0.004151604378968301 0.004151604378968301
0 0.35380400923257116 0.23047381137248565 0.005189505473710412 0.0045667648168651095
0 0.39718827499278986 0.2342102553135571 0.004359184597916723 0.005397085692658799
0 0.4653783769173444 0.18895776758280253 0.00498192525476199 0.00498192525476199
0 0.2713946623100501 0.15107437762471668 0.004359184597916652 0.0056046659116072385
0 0.2667241073837108 0.1507630072962941 0.005397085692658834 0.005397085692658816
0 0.24523955472254982 0.18615543462699893 0.004774345035813532 0.0047743450358135675
0 0.2425410118762204 0.1979875071070586 0.00560466591160722 0.0047743450358135675
0 0.229359667972996 0.20245048181444955 0.006227406568452416 0.004151604378968301
0 0.25416550413733163 0.20016709940601693 0.005189505473710412 0.0037364439410714923
0 0.30907047204918753 0.18677817528384416 0.0045667648168651095 0.00560466591160722
0 0.2923602644238401 0.16622773360795104 0.004359184597916759 0.005189505473710412
0 0.31374102697552686 0.1749461028037845 0.005189505473710376 0.004359184597916723
0 0.3199684335439794 0.2083665180544794 0.004774345035813532 0.0047743450358135675
0 0.3330459873377295 0.21282949276187033 0.004359184597916723 0.0049819252547619545
0 0.15058297488207234 0.246146117903091 0.004774345035813532 0.0051895054737103406
0 0.23963488881094258 0.22580325644614624 0.005189505473710376 0.004774345035813603
0 0.2494949492109923 0.21604698615557072 0.006227406568452487 0.004359184597916723
0 0.23330369213301588 0.2587047211494701 0.005397085692658799 0.00498192525476199
0 0.24731535691203393 0.26887615187794245 0.0043591845979167945 0.0029061230652778036
0 0.25042906019626016 0.2795665331537858 0.005604665911607185 0.003944024160019879
0 0.2917375237669948 0.27634903976008546 0.0051895054737103406 0.006227406568452487
0 0.31498650828921737 0.2708481639579524 0.004774345035813639 0.004774345035813532
0 0.32059117420082456 0.27333912658533344 0.004359184597916723 0.005604665911607256
0 0.31747747091659834 0.18304173134277268 0.00601982634950403 0.007265307663194491
0 0.47036030217210645 0.09284812620968619 0.004151604378968301 0.00498192525476199
0 0.4983836317301425 0.11537057996558925 0.004566764816865145 0.005189505473710394
0 0.5560909325978021 0.15086679740576833 0.004151604378968301 0.004359184597916723
0 0.5416641073808871 0.19601549502704865 0.004359184597916723 0.00498192525476199
0 0.583076361061096 0.20566797520815 0.004566764816865145 0.003944024160019879
0 0.5983335071538045 0.21220675210502507 0.004359184597916723 0.0049819252547619545
0 0.609127678539122 0.22787905863563046 0.005189505473710412 0.005189505473710376
0 0.5256804305218591 0.24541958713677153 0.0047743450358135675 0.004566764816865145
0 0.5228780975660555 0.27136711450532347 0.004566764816865145 0.005397085692658799
0 0.6145247642317808 0.29513504957491704 0.0051895054737103406 0.005189505473710376
0 0.5437399095703708 0.31257178796658386 0.005189505473709861 0.005604665911607238
0 0.5918985203664036 0.32585692197928245 0.00477434503581332 0.0047743450358135025
0 0.5050261987364917 0.30011697482967903 0.004566764816865145 0.005189505473710412
0 0.5212174558144682 0.3264796626361277 0.004566764816865145 0.004359184597916723
0 0.4887311515490411 0.33550940216038383 0.004359184597916723 0.004151604378968301
0 0.48893873176798947 0.3494172768299277 0.004359184597916723 0.005397085692658834
0 0.48146584388584673 0.36498579325105884 0.006850147225297718 0.005812246130555678
0 0.44441277480355446 0.2922289265096392 0.005397085692658834 0.003944024160019808
0 0.4870705097974539 0.4183339095208016 0.0047743450358135675 0.005812246130555678
0 0.5013935449048945 0.3985099986112279 0.00477434503581371 0.005189505473710412
0 0.4462809967740903 0.4053601458365257 0.004151604378968372 0.00601982634950403
0 0.4777293999447752 0.35201202956678285 0.005604665911607185 0.005604665911607256
0 0.529624454681879 0.3386231054446101 0.004774345035813496 0.005397085692658834
0 0.41701218590236344 0.4335910556135098 0.004566764816865278 0.005189505473710336
0 0.39314046072329584 0.43774265999247847 0.004151604378968301 0.004774345035813496
0 0.3773643640832163 0.42362720510398616 0.004566764816865145 0.004359184597916723
0 0.3804780673674425 0.37723302616901533 0.006227406568452451 0.005397085692658834
0 0.3568139224073231 0.3925939623711981 0.004566764816865145 0.00498192525476199
0 0.2568640469836611 0.4408563632767047 0.004359184597916723 0.005189505473710412
0 0.24565471516044668 0.3798277789058706 0.006019826349504065 0.0047743450358135675
0 0.22053750866768837 0.3538802515373186 0.006434986787400874 0.004359184597916652
0 0.2180465460403073 0.34765284496886617 0.004774345035813385 0.004774345035813455
0 0.23216200092879966 0.3442277713562173 0.005189505473710412 0.004566764816865145
0 0.22199057020032734 0.3264796626361277 0.00560466591160722 0.0047743450358135675
0 0.2008173878675889 0.33322601975195126 0.004359184597916688 0.004566764816865145
0 0.17009551546322343 0.337585204349868 0.006019826349504065 0.00498192525476199
0 0.1737281692948207 0.31962951541083007 0.006227406568452451 0.005189505473710483
0 0.16594391108425513 0.29845633307809166 0.004774345035813532 0.004774345035813532
0 0.06703193675533517 0.3186954044255622 0.0049819252547619545 0.0037364439410714923
0 0.2893503512490881 0.29378577815175233 0.006227406568452451 0.0062274065684525225
0 0.3076174105165487 0.31651581212660385 0.005397085692658799 0.006019826349504101
0 0.31965706321555665 0.31309073851395497 0.005397085692658834 0.00498192525476199
0 0.3193456928871341 0.33934963621092945 0.006850147225297611 0.0047743450358135675
0 0.3093818423776102 0.350558968034144 0.005604665911607256 0.004359184597916723
0 0.3249503587987414 0.36031523832471946 0.006019826349504101 0.0051895054737103406
0 0.27305530406163747 0.3148551703750164 0.006434986787400909 0.004359184597916688
0 0.3760150926600515 0.3450580922320109 0.004359184597916723 0.004566764816865145
0 0.4095392980202206 0.3557484735078543 0.006227406568452451 0.0039440241600199495
0 0.4174273463402604 0.322120478038211 0.004566764816865145 0.006019826349504065
0 0.4031043112328197 0.30136245614336943 0.00498192525476206 0.006434986787400909
0 0.3595124652536525 0.31962951541083 0.005812246130555678 0.00601982634950403
0 0.4609154022099534 0.3150627505939649 0.0051895054737103406 0.003944024160019879
0 0.4618495131952213 0.30042834515810163 0.0037364439410714568 0.0041516043789683365
0 0.4751346472079199 0.15574493255105606 0.004151604378968301 0.005397085692658799
0 0.5495055623084731 0.5237717733567746 0.006644165498540674 0.0065193210641855
0 0.4237458479078841 0.24517998570445318 0.003910141925733306 0.005026957831846946
0 0.2680277465387732 0.2598931343108488 0.005201084918595336 0.005558260207852921
0 0.3754267097461765 0.07972149919304072 0.005725491103537134 0.005829031857014419
0 0.20456133899134088 0.2642955073987854 0.004616515413079228 0.004616515413079228
0 0.1595503137138185 0.09406150154148911 0.004616515413079228 0.0034623865598094206
0 0.23939488635669753 0.04437974969679347 0.005716433112255871 0.0047986195910020134
0 0.28325800160547704 0.07411570188157086 0.005421446068264888 0.00378130487732087
0 0.5378762393454719 0.2478347393178445 0.007456075495627637 0.00618554724299662
0 0.6194706617418357 0.2752597315048485 0.005770644266349123 0.008078901972888701
0 0.5998504712362491 0.3820166504323053 0.00807890197288863 0.006924773119618877
0 0.7970339558410372 0.4898979899562373 0.005425545657652433 0.005830060779938719
0 0.5715743143311389 0.3398909472879575 0.009233030826158596 0.005770644266349052
0 0.3697185190237528 0.3134945249467263 0.004854181467438323 0.005258696589724714
0 0.3850900936706405 0.30702228299014195 0.005663211712011246 0.005258696589724749
0 0.3711343219517556 0.26353690734434093 0.005258696589724749 0.004854181467438323
0 0.38064042732548886 0.2954936020049761 0.004854181467438323 0.005663211712011282
0 0.3367505365574013 0.26232336197748135 0.00525869658972482 0.005663211712011353
0 0.5058378576731671 0.3681040664554067 0.00525869658972482 0.00525869658972482
0 0.4466626096953679 0.22569956748021916 0.005251779539394832 0.0047951030577084094
0 0.4680122352142124 0.21302679511341835 0.005480117780238203 0.006393470743611154
0 0.4400408007109134 0.19144883135373061 0.0057084560210814315 0.004338426576021916
0 0.5332028029749623 0.23734481776322527 0.005251779539394903 0.004795103057708374
0 0.26433452438202715 0.2510451122138207 0.0036534118534920523 0.0034250736126488946
0 0.2622794802144378 0.23563228095690086 0.0045667648168651095 0.0036534118534921234
0 0.3110296946344732 0.22444370715558126 0.006165132502767889 0.004566764816865145
0 0.2629644949369676 0.19612976529101736 0.0045667648168651095 0.004110088335178652
0 0.3150256138492302 0.25287181814056675 0.005480117780238203 0.005251779539394867
0 0.22993660852915979 0.06119464854599288 0.0045667648168651095 0.0036534118534921234
0 0.24386524122059847 0.0764933106824911 0.003653411853492159 0.0036534118534921056
0 0.2963830366145476 0.07923336957261018 0.004566764816865145 0.0036534118534921143
0 0.2988947572638234 0.03904583918419695 0.005480117780238203 0.005936794261924687
0 0.562250212253469 0.18689402743423997 0.004680340257860607 0.004346030239441987
0 0.6068805997123539 0.14761260027005296 0.004346030239441916 0.005348960294697793
0 0.7661793234888228 0.09546023739674936 0.004680340257860536 0.005348960294697793
0 0.8380559774488244 0.15814336585023925 0.005348960294697633 0.004346030239441987
0 0.5201271499327238 0.3114245092951732 0.004011720221023367 0.004680340257860642
0 0.5216315450156076 0.33315466049238296 0.005014650276279156 0.004011720221023296
0 0.3663810275521827 0.525589654752159 0.004717732248827602 0.004529022958874478
0 0.4894242924339641 0.4514845494278291 0.0044604013988915146 0.004631955298849034
0 0.2607924763575426 0.1670973129924561 0.004973206885566128 0.003315471257044109
0 0.2200398088230423 0.18712828517043079 0.004144339071305083 0.005249496156986488
0 0.16798387702356737 0.7024077763693668 0.004973206885566128 0.005249496156986453
0 0.46827558347093645 0.541221471184554 0.00436682654436936 0.004834700816980373
0 0.47178464051551894 0.5435608425476091 0.0045227846352396735 0.0045227846352396735
0 0.48290565880209213 0.39208514662764943 0.005103667485088508 0.004639697713716941
0 0.4037322947741025 0.07023185151403191 0.00622061828952404 0.006220618289523969
0 0.4203206102128331 0.08756071674913443 0.00385085894113395 0.0065168382080727305
0 0.4149886516789553 0.09703975414269475 0.006813058126621527 0.0053319585338776855
0 0.24448865858809307 0.33386478734487296 0.005516115303907157 0.004780633263386207
0 0.2717014940873681 0.3029745416429931 0.008458043465990954 0.006987079384948949
0 0.2711498825569774 0.3187874055141935 0.006619338364688545 0.0055161153039070855
0 0.36492384272339834 0.29782616735934647 0.005148374283646646 0.006251597344428035
