0.0 0.17524368336949897 0.43457979701528265 0.006368105129770996 0.00651449835114537
0.0 0.1788580702546973 0.475554031796903 0.00792038567268456 0.007333690437670804
0.0 0.2661947994939419 0.4070059706513751 0.00662404870624087 0.007695585996955856
0.0 0.3011750380517505 0.42367123287671227 0.0064779299847792515 0.009595129375951217
0.0 0.2843990527726419 0.285788785407307 0.005698685715047702 0.00632036052032543
0.0 0.5648557087477115 0.22107340494220282 0.005067438548108072 0.007370819706338771
0.0 0.5347381493916432 0.3124930565531039 0.006136986301369873 0.005796042617960495
0.0 0.7639733429137514 0.26196166183228786 0.0051384020702293755 0.007326980729771293
0.0 0.7615944530664234 0.26924106476511267 0.0076124475114507815 0.00666089157251939
0.0 0.8142018823025893 0.35397448299583717 0.007439077367037328 0.00786416750229657
0.0 0.5072400905574159 0.43121459982441673 0.006575342465753309 0.00891324200913246
0.0 0.4929083551173402 0.4993792764624881 0.007514750393469427 0.006660801485120338
0.0 0.4715098997977016 0.505946384367425 0.008645717136624853 0.006435164459646892
0.0 0.23298625304881176 0.5176153928115726 0.00905936073059337 0.006867579908675836
0.0 0.14848659464335262 0.6309635656555184 0.007905979508119287 0.006393531254392393
0.0 0.1734778622377812 0.6462744560972429 0.006287984107116884 0.008245564064993082
0.0 0.21261496564593063 0.6844890966093043 0.009994666423413534 0.009703559634382053
0.0 0.376679239343483 0.6662358876119835 0.0061133021913871485 0.007462992285589642
0.0 0.4843618730001552 0.6959200461928216 0.00643358677880812 0.008531495511028452
0.0 0.5179214069712235 0.5306989312078508 0.0076002748202178335 0.007812869920084075
0.0 0.6337134104344931 0.5109211919223371 0.007716552627006834 0.006320224056405799
0.0 0.6329552997432538 0.5351359505701613 0.009411479973959658 0.007496353235072384
0.0 0.7900807027499631 0.5195265355204115 0.007590455851157784 0.006957917863561569
0.0 0.7475767832931254 0.5797554715898297 0.010293218549353255 0.00966067439268894
0.0 0.8419113861608547 0.5719031836083375 0.008939347579374157 0.006586887690065523
0.0 0.9528097273364601 0.5678934729973772 0.009191704722435644 0.009089574669964406
0.0 0.9870684235249965 0.23811539282662256 0.007341704670076865 0.005072450499326031
0.0 0.19118720554110738 0.8579769182407357 0.009624670705537141 0.007244944432189726
0.0 0.20783001605323753 0.9381591492407482 0.006136986301369873 0.00969254185692563
0.0 0.20251181946442803 0.9742535222277139 0.007757741209775304 0.005582673580866171
0.0 0.41885941552511613 0.744322502744837 0.00789041095890397 0.0062343987823439305
0.0 0.588420641425242 0.7109727432785784 0.004286149162861364 0.006624048706240515
0.0 0.6751890288084944 0.7351436996993581 0.007913259884032086 0.007913259884031909
0.0 0.8086580558353557 0.6757722763006995 0.00738544434861268 0.0056304872756753
0.0 0.7911245178579238 0.6592788737336356 0.008555415730572235 0.006581089023516817
0.0 0.8968060445222058 0.688716823228878 0.0038964992389651345 0.005503805175038146
0.0 0.5011168329919009 0.8049479014084076 0.00859345598708643 0.006187288310702499
0.0 0.6010253907492128 0.8362970773313299 0.007695585996955856 0.006429223744292401
0.0 0.6453072217021527 0.807232209809978 0.0058541044163668236 0.008288997403705523
0.0 0.8071009963325715 0.7392898621392482 0.008381044995761044 0.00658108902351664
0.0 0.8564106412350168 0.729834918066506 0.005861069150390819 0.007278030923012935
0.0 0.8737594007140472 0.7208790431483882 0.0040964682229741815 0.004804499767685755
0.0 0.8739888664252853 0.7287920410761805 0.005765399721223474 0.007737773310062579
0.0 0.8882381957054417 0.7536819728508941 0.006429223744292045 0.007890410958904148
0.0 0.915449359895155 0.718264994939202 0.007476986495544935 0.00698669229911566
0.0 0.9214248204141355 0.7220954183488051 0.007905993917420062 0.005944817131703672
0.0 0.954970616658601 0.6959302107843339 0.007343947226848968 0.007854830512194867
0.0 0.9927290476602029 0.8494050638094052 0.00977555517152453 0.005993053924251157
0.0 0.9063108467859525 0.8461457244256272 0.010596287120744563 0.00838872730392346
0.0 0.9270826010085752 0.8702359948456632 0.008038037691964206 0.008791603725586229
0.0 0.6531318373901094 0.9211115311274402 0.005549729191990593 0.007642927525729704
0.0 0.3691087687528748 0.8420862411852663 0.008124707601494663 0.007552545094346996
0.0 0.35235214282986005 0.9204509992480723 0.00457838660578389 0.00433485540334857
0.0 0.753350899303124 0.9900490445635839 0.0064088545718227865 0.008355848365794217
0.0 0.8968170999774301 0.9528082298492919 0.009984962863778434 0.005841542899898045
0.0 0.9328573481854747 0.9474316130189026 0.012559433893694915 0.007703119454799534
0.0 0.9536095843537968 0.8933209878950896 0.005016742770167326 0.007598173515981799
0.0 0.943162095769322 0.8900089635419695 0.008085235920852085 0.004773211567732005
0.0 0.9621199686372502 0.9961323691689209 0.004938864596304882 0.007735261662157988
0.0 0.9777237102650644 0.9969945797491014 0.007341518048082918 0.006010840501796899
