0 0.30476365105296843 0.24122382488272412 0.001990032853053485 0.0036160268384501392
0 0.3058931469545929 0.26396754583696264 0.0024751205227139294 0.004070738837909253
0 0.33318587484185685 0.2259183184881874 0.0020700152207002278 0.004271617552516673
0 0.344117199391172 0.235168767598522 0.0020243531202435603 0.005326004163580933
0 0.3388747039914506 0.15863384445852252 0.0017808392859523536 0.0035082660303627656
0 0.42651740898365986 0.12271203743539445 0.001583574546283728 0.004091348319216675
0 0.4171056716848885 0.17345668360276364 0.0019178082191780986 0.0032172309414524847
0 0.48874166966054733 0.14540803432147809 0.0016057506469466887 0.00406701445538042
0 0.4879982665832573 0.14944863959208335 0.002378889847328409 0.0036972858685276576
0 0.5044380882195592 0.19648193331945862 0.002324711677199076 0.00436519271593216
0 0.4085125282991925 0.23935589235700494 0.002054794520547958 0.0049475064057629935
0 0.4040338609741688 0.2771923130407566 0.0023483594979591517 0.003697235863379902
0 0.39734684368678175 0.28083754205997574 0.0027017866051952666 0.0035719906801162083
0 0.3228082040777537 0.28731470199428144 0.0028310502283104455 0.0038120131323091753
0 0.2964020608260477 0.3502312940325514 0.0024706185962873307 0.0035488811819697473
0 0.3042118319493066 0.35872996695770637 0.0019649950334740753 0.004576895925061208
0 0.3164421767643533 0.3799419096530397 0.003123333257316716 0.005386190950567666
0 0.36771226229483844 0.36981003301966126 0.0019104069348085061 0.0041425108957306375
0 0.4013630853125485 0.3862869293698229 0.0020104958683775462 0.00473560895668534
0 0.4118504396785073 0.29457703033219823 0.0023750858813180995 0.0043367187761091585
0 0.4480354407607791 0.28359892699938916 0.002411422695939649 0.0035081902828271085
0 0.4477985311697668 0.2970399031785804 0.002941087491862362 0.004161028682087036
0 0.4969002196093635 0.2883755270885198 0.0023720174534868476 0.0038621573570506128
0 0.4836177447791017 0.32180702672809275 0.003216630796672888 0.00536238647989677
0 0.5130973081752671 0.317448428021974 0.002793546118554531 0.0036562082581456322
0 0.5477530397926438 0.3152227430341036 0.0028724077257611213 0.005045384031896951
0 0.5679412231730969 0.28944552016217406 0.003065411195636045 0.004263056098986446
0 0.5722335435990344 0.29979615215593486 0.0032436595578406013 0.004705961751732523
0 0.5863220162975631 0.28938001004426583 0.0026906284620613974 0.003797165360613768
0 0.5882939152389368 0.29010016209541667 0.0014743169655131538 0.003011544941176467
0 0.5865223255325178 0.3219576718724613 0.002207597946240938 0.004901518423570721
0 0.5584588823515614 0.1321715970590099 0.002294282709399127 0.002815583971872204
0 0.5654751357382058 0.1570032548711934 0.0019777007614286647 0.003397054430655988
0 0.5685425150404251 0.14726056585726774 0.0024941269521955435 0.003430874122452181
0 0.5855238874225902 0.15874611407314124 0.002176560121765618 0.003893119794698734
0 0.5924170715510323 0.13905142350475874 0.003013698630137043 0.003676835361659947
0 0.6105331625748951 0.17186540979409848 0.0016226593267617063 0.0023613415864546993
0 0.6109437149346781 0.17387949526489813 0.0009970557309016926 0.0016668293551445501
0 0.6279337979967722 0.17495164254700404 0.002100456621004554 0.0032442664955823373
0 0.5898622645139526 0.12250203697578704 0.0019569662482992103 0.0031284303459368523
0 0.6404227468146899 0.19952802836241965 0.0015179921660840989 0.0038043856940493726
0 0.6519240409942774 0.19841979891742426 0.0022816024936165038 0.004603026088006992
0 0.6553464447347019 0.1925659505228936 0.0019154193773570681 0.0038024998118319077
0 0.6398936439522847 0.1267043621345995 0.002243984368987384 0.003728694279800102
0 0.6831445396130491 0.20308441545141726 0.0020434375255268832 0.004048430232706828
0 0.6900646608049564 0.18785730843929138 0.0029072428494147573 0.0032729255097182987
0 0.7043203534030923 0.19973723818891298 0.0024849770435362473 0.003872577424111938
0 0.7051408646910524 0.2031309485121939 0.0016410225759202035 0.003331249397085543
0 0.703948530619537 0.20587522100233818 0.0016475587578017325 0.0038229202817458585
0 0.7135203729324772 0.14707689964679843 0.0030766846233005653 0.004107857600273537
0 0.7472801701752296 0.1685322463440415 0.0017351598173516436 0.0042175464442570035
0 0.759390391422791 0.21007878955412337 0.002130898021308951 0.004109404227737557
0 0.7428748423907748 0.2566819044135708 0.0016894977168949764 0.0025143065340762407
0 0.7491557509361718 0.3000790576641476 0.0019634703196346947 0.003703870915789764
0 0.7504676552451124 0.3210205786451263 0.0018194511195612506 0.004150278713919065
0 0.6656960253380569 0.24208361274087195 0.002085235920852284 0.004460866431425643
0 0.6212861491628615 0.2255305925512296 0.0018417047184171764 0.00437975976903612
0 0.6240337915582621 0.21495954444592463 0.0021156773211568236 0.003974226457088328
0 0.30974600173159605 0.4762404403070866 0.003007709595480321 0.0040214782624470756
0 0.31494688001663673 0.5207474896045784 0.0019178082191780633 0.0053800752718407095
0 0.31328494358263376 0.5407825275158169 0.002424294128054747 0.0030987953961443535
0 0.3808935673515988 0.4131538610205513 0.002465753424657535 0.003460550928621089
0 0.4338814504453881 0.3946422859482135 0.0013394216133941939 0.0036768353616599826
0 0.4609965715026545 0.40805894866226294 0.002472893713759987 0.004392442606921421
0 0.5027056424485487 0.37510343177142036 0.0023079513589415513 0.0031253355216237823
0 0.4972264118306012 0.36594837744104664 0.002673567415803788 0.0036529895707291616
0 0.5302518889131893 0.3822886095979895 0.0012176560121765333 0.003055017616673368
0 0.5708643842591885 0.35684343292357085 0.0017960426179604383 0.004433830877295719
0 0.40659901030996903 0.44680542662739015 0.0026854549959645624 0.0034344011438417255
0 0.437820434609129 0.4642065303487 0.0024048706240487406 0.0035686931451405714
0 0.4516585067819227 0.44807338619114134 0.0018294076301145878 0.004601004629983905
0 0.5022190613539286 0.4103603744745177 0.0026190765611752197 0.0036529895707290904
0 0.5176283253859427 0.4051121834887805 0.0018315841094972286 0.0040398437040141035
0 0.5230498127231398 0.4001410126756014 0.0012801463196795027 0.002666851562288741
0 0.5231215207579016 0.40453330987749825 0.0018016874128822735 0.004295034621370419
0 0.5275744361579505 0.418349056916368 0.0020091324200913617 0.0043797597690361555
0 0.5360779249672359 0.3986900232099647 0.0023365582798577835 0.0038781292900555544
0 0.5379452563794174 0.4008161905838988 0.0024706230991938583 0.003299811764345506
0 0.5484283177058128 0.3862925714674533 0.0022949835083903025 0.004360009998096004
0 0.6141918427835418 0.2954791522074801 0.002181822049324822 0.003875430665236088
0 0.6032019790491661 0.36409009140639254 0.002221147586069946 0.0036895693672198433
0 0.6352986141498611 0.3252492655386952 0.001978564016038433 0.003908534367693974
0 0.6244623782305105 0.3358359760993238 0.0011263318112633414 0.0030009465084136623
0 0.6354309891477434 0.3106569354574357 0.001972668055945448 0.0037760732561066845
0 0.6368424329156752 0.3137789651037723 0.0019459896090923223 0.0045091067155429345
0 0.6376222117311545 0.3097303705429064 0.0011415525114154689 0.0025683776423360526
0 0.6597408829420018 0.31488492780981775 0.0010197869101978086 0.0027035554129852812
0 0.6828563994349763 0.314289278986856 0.0015829528158295147 0.0033524087121017485
0 0.699985996384139 0.31381548086603195 0.0016286149162860397 0.003487586482750977
0 0.7056012176560122 0.31654578552937807 0.0019482496194825672 0.003433515374491236
0 0.7259714793705315 0.33957088052251067 0.0024203224840897517 0.002803737196396412
0 0.7066491299856272 0.3300902838534813 0.002215157995054966 0.0029775678035777985
0 0.7027676143996976 0.33001938938196757 0.0014767719967032633 0.004537246176880387
0 0.7147947483900645 0.3456262908957284 0.0021594198358414474 0.0029832748160954024
0 0.704550717773476 0.35364101943571113 0.0016742770167427069 0.004379759769036084
0 0.7559165986051624 0.3805159616850937 0.0021648898736697218 0.0029940933048875707
0 0.7504961109825384 0.3782703917064279 0.0013716477825543904 0.0030234471608179803
0 0.7492401443382724 0.3776539607318924 0.0010411302445893966 0.0034931088557022603
0 0.7372662999760473 0.36588336498472557 0.0019430445133268393 0.0034223028655144816
0 0.7319386565212236 0.3688347245334991 0.0017808219178080266 0.003622764253400206
0 0.7153441699484676 0.376241359181796 0.0014003044140029886 0.004136439781867409
0 0.7080050632303417 0.3723978106205405 0.0009436834094368863 0.00248727097994653
0 0.6499030732989698 0.345062709408524 0.0018650632499445407 0.0046546828689429985
0 0.6522573039821623 0.35331944065646964 0.0015153471167207045 0.004190353550234889
0 0.6464424189692016 0.3594748645937733 0.001812419672094876 0.002842251532376494
0 0.6342980296881986 0.3761642096628539 0.002935079745296818 0.004130612194221755
0 0.6443441403485628 0.3800967315708508 0.0015809231812478686 0.002106069389762908
0 0.6522832336663982 0.38754556118279426 0.0019487694093244556 0.004290785724606891
0 0.624356244182403 0.4072441073046987 0.002034496735437017 0.004818328203729294
0 0.5900710361889455 0.41002872101438403 0.001532823285200351 0.0035554681065048045
0 0.5957213334597651 0.4240112225780736 0.002251654117933484 0.0038444507187682577
0 0.6088797692555877 0.44060144730033207 0.002876650501402196 0.0038412670249573467
0 0.6156157772849798 0.4365477457315455 0.002514882355868622 0.002783299781508646
0 0.6327991948809393 0.4246965889222101 0.002689792364736192 0.004496664262419188
0 0.6350459626208955 0.4177267593154605 0.0016771646509531734 0.002810415164011957
0 0.6533141005852015 0.41048397745589255 0.0018475106062831514 0.003312868149314667
0 0.6600957783322161 0.42244452499362284 0.0027434908739859053 0.0046627379199696865
0 0.6704016957230757 0.402988989761389 0.0013546423135464636 0.0026494843047255045
0 0.6744951429904631 0.42095484282279727 0.0026238400355779847 0.0032657930863625494
0 0.6878897958021245 0.40826586195626324 0.002146118721461221 0.0030820531708032205
0 0.7093789826337047 0.4113089020695799 0.002359033859313513 0.0035739946679338884
0 0.7442940695312226 0.4089497622956776 0.001796042617960296 0.0017032399101807273
0 0.7449713906879956 0.4103961644416247 0.0013850837138507188 0.0027035554129852812
0 0.7261978997473173 0.45145197822504385 0.00183756141402867 0.004011568677610527
0 0.7518100148022324 0.472056110689916 0.0023935596502748526 0.0036703826717386077
0 0.7434949122946897 0.46452242949622347 0.0012572640968585348 0.003683325965426647
0 0.7383873492218873 0.4660434730017654 0.003077061303955162 0.0030906591877170085
0 0.6786383398199655 0.43104450218407964 0.0018569254185690908 0.0034064798203614546
0 0.6773298559313014 0.417930802740667 0.0010150315601573823 0.0033241623340457245
0 0.6715435123875629 0.4381046145624765 0.0016286149162860397 0.0030820531708031494
0 0.6805670706950128 0.43949807667092755 0.002116308933805584 0.00415708244951567
0 0.6494361812551607 0.43975952114996636 0.002669564729716285 0.0036450392528797693
0 0.6411462177303434 0.43558980138932685 0.0021826164436858165 0.003515003138635038
0 0.6235874764539995 0.4618705283511266 0.0015677321156773872 0.004136439781867409
0 0.6224611446427362 0.4644389059934625 0.002480974124809734 0.0032713020497121903
0 0.576385188748485 0.46774718476711447 0.0026812963867220672 0.004130839469357426
0 0.5602278273938134 0.4714824291743446 0.003054860991101407 0.003326586740260922
0 0.5332221396206102 0.46967325553547384 0.0033113397252327557 0.0046563620767657455
0 0.5397133128151798 0.4830451315708798 0.002511886778738912 0.004879988191132085
0 0.4541036991844092 0.5112848047888653 0.0017342903724971138 0.004242388218965232
0 0.3653464902352734 0.4674199430690117 0.002538971125467029 0.004192219306489164
0 0.36011004463433127 0.5109181609009248 0.001430745814307457 0.002406164317556829
0 0.3295146881637577 0.5826356421061429 0.001452193490453908 0.002841120359015079
0 0.36428988860701045 0.5792657423700395 0.0013259287271306164 0.0022634026475721923
0 0.3649356331169767 0.5816667843678017 0.0012053897519368917 0.0026610274370104745
0 0.33902635037502793 0.9090050828405734 0.00255730658587801 0.004225469564031669
0 0.3370637662509819 0.9030630162661538 0.0024383620935115855 0.003538830759876532
0 0.3271978609145886 0.9006116971077236 0.0017171489642932869 0.0026293634887046835
0 0.3310959864369785 0.8983329154175127 0.0016974116198762346 0.00515355243786118
0 0.3301650000240791 0.8842770408828087 0.001899621541939851 0.005725874409367009
0 0.35356258503795274 0.9121421171463012 0.0023069848340027477 0.0032372219450387263
0 0.3145550843797173 0.8961063261006126 0.0029375203699801133 0.0051622213997518426
0 0.31082068348383834 0.8890290870848239 0.003156271886893478 0.004551636072899328
0 0.37165554668386974 0.9114956385347693 0.00142581437797908 0.0024641345130127943
0 0.37015266125843227 0.9118892155750424 0.0011946012356041536 0.0027037031462226937
0 0.37678077133984883 0.9074229717702061 0.0011946012356041536 0.002737927236681088
0 0.3624563174573805 0.9012834592784777 0.0009436834094368151 0.002568377642336088
0 0.3635522078683394 0.901580850373906 0.0008219178082192257 0.001865453234959915
0 0.3509776598065318 0.8879199976783869 0.0024048706240486694 0.0026765198588553575
0 0.36357568193347617 0.8844736264051563 0.002243038492312337 0.005191488390942851
0 0.3592028897211905 0.8817169058254692 0.001971155038698669 0.003863433221166872
0 0.3191497526671682 0.8669398050837427 0.0020243531202435248 0.004569008647945055
0 0.31187942532258245 0.8560622855546883 0.004329743998796829 0.004174922524623525
0 0.3053594663452847 0.8417553829276155 0.003009421852741312 0.005760175810492711
0 0.30625341786495597 0.8248236375340784 0.0027379567222567402 0.0035786231049452512
0 0.29992640151827143 0.8098208275023967 0.0022300551780199385 0.004644053059661104
0 0.2998082094533997 0.7922728432868291 0.001933028919330262 0.003298337603842043
0 0.32714775574457283 0.8569185053040562 0.0018768107875797569 0.0048615856191715065
0 0.32925310118531514 0.8595835726096993 0.0015131759395979572 0.002064509335290694
0 0.3327479809805435 0.8514999425733987 0.0014981272631217025 0.004465632250615244
0 0.3389126670243009 0.8501673132592222 0.001661188762158403 0.003533933744577098
0 0.33208953069376024 0.8380900768243434 0.0011722492187337963 0.0033000765451441792
0 0.3281566994619824 0.8129186710976932 0.0017199391171993739 0.004433830877295719
0 0.3140344294762007 0.8134370086790277 0.0018960595877534558 0.0044904654937485584
0 0.30923736731749074 0.7265600981312396 0.0016313166315633865 0.0028317485579515277
0 0.3115003291716531 0.7211026005561777 0.0010397206617015087 0.002812801969461418
0 0.3186586943290552 0.7321205402212759 0.0021811410701396737 0.004310070957681092
0 0.3232817688486367 0.713008199108566 0.0018277614618364168 0.0032786794529278043
0 0.3326307341342819 0.7197978762547211 0.001278538812785328 0.0029198398460239614
0 0.3404660467207981 0.7295435249660522 0.0015896257149851322 0.002925606306533126
0 0.33901048582514903 0.7298837117458816 0.001168279139928927 0.0023132701028400504
0 0.3153805175038052 0.6703465646496929 0.0012633181126332005 0.003730906469919688
0 0.31435312024353124 0.6721309112222633 0.0014003044140030241 0.0017843465725702857
0 0.32284090265920584 0.6750610126044978 0.0010654490106545467 0.002325057655167342
0 0.34231492545873043 0.7702609633622888 0.0021700624731390405 0.004132347776295688
0 0.3506714103359894 0.7099983042627985 0.002602739726027394 0.0041364397818672675
0 0.36568434109948555 0.6992270423202569 0.0026484018264840616 0.003730906469919546
0 0.36359969558599703 0.6806741463272965 0.002328767123287676 0.003730906469919688
0 0.35967020579866643 0.6535450691192017 0.0023702660058622627 0.004086323599311186
0 0.3668196443938517 0.6244379548213594 0.0019568384503161696 0.0045545053550680595
0 0.37206143015941245 0.6141028824487724 0.0017808219178081686 0.004866399743373506
0 0.39257342390598565 0.6228228817597856 0.0020395738203957594 0.003784977578179323
0 0.41176165679812543 0.5883113688723298 0.0028059766687045596 0.003714839635737519
0 0.3636558727934057 0.8586334761307003 0.003151407129156496 0.0035749649568822405
0 0.35691379302260445 0.8434872663576464 0.00297744630293856 0.004715179281946007
0 0.36394796947545677 0.8283423062877937 0.002690463526751756 0.003950555614603388
0 0.3603535693748306 0.7860955535316435 0.0027976944090121235 0.0056843818490108335
0 0.3683674632548477 0.7668691283517893 0.0027586917381204044 0.006132273020036791
0 0.37329679446407843 0.7364300728374101 0.0022958939603604732 0.0049217836252843485
0 0.36560275826644273 0.7989063400563657 0.0026876040957910874 0.005058823010197955
0 0.3699726849875809 0.8020785009561355 0.0013071568607877992 0.002573582452086214
0 0.37749367644742476 0.8228724632132456 0.0022678843226788814 0.003622764253400419
0 0.37768645357686453 0.8154869369958061 0.0022526636225266117 0.005055648622282405
0 0.38304899936878656 0.7996242916806957 0.0017763052302756676 0.003915750546036918
0 0.3829071537290716 0.7237147485020219 0.001430745814307528 0.003568693145140429
0 0.38185692541856925 0.7260398061571891 0.001187214611872136 0.0019465598973495445
0 0.38736105849863783 0.8080484865936107 0.002230838593752793 0.005293646480925816
0 0.3902587519025876 0.8088226729027974 0.001674277016742849 0.003027982062543515
0 0.3954414003044141 0.8164737347215457 0.002572298325722997 0.0044338308772958615
0 0.3887366818873669 0.7990087667536611 0.002678843226788459 0.003622764253400277
0 0.3910025383116496 0.7705235948147492 0.002439089119322162 0.006231987421185608
0 0.40703978464833823 0.7207472400478906 0.0032010623551897766 0.005762161919112287
0 0.4038590432972917 0.7025690371490633 0.0028810537056653375 0.0036183855838888236
0 0.3950430392578712 0.6791390947710546 0.001993911719939092 0.004893435297503288
0 0.4067664512026488 0.6471540485998969 0.002663622526636189 0.0038120131323091753
0 0.3965168877732761 0.8874072509482624 0.0019391756460419884 0.003981638622101258
0 0.4005643051234711 0.8850613851414053 0.0017612696234692749 0.004866447204790774
0 0.39895112468329397 0.8661613557522049 0.002146118721461079 0.004109404227737486
0 0.39937192393617577 0.8530792838108769 0.0018439513742075774 0.004912938960594744
0 0.3964010059061062 0.7838267197339036 0.002749988934401557 0.004792466274329996
0 0.4027036791224418 0.7700885191544063 0.0019900984804478838 0.0034513831723248247
0 0.41290405484809617 0.8909540469653191 0.002463347475044131 0.002687798687179992
0 0.40967629188894183 0.870328978526842 0.0008523592085235521 0.00259541319646587
0 0.42469554871714527 0.8966364478743509 0.0020617828565698913 0.0037467253426109438
0 0.4176624715146804 0.8824669233556349 0.0015068493150685214 0.00346055092862116
0 0.4173668188736681 0.8778985137045706 0.0018569254185693037 0.004433830877295719
0 0.4147270501976334 0.8430935097741857 0.0016208436657733926 0.0025075167541227473
0 0.4137423440996097 0.8395798906187175 0.001045705590821626 0.0022908177753716073
0 0.4149623339555682 0.8384963957249607 0.0013942741210954067 0.0016716778360817842
0 0.41491876288928403 0.8399513745822912 0.0013419888415543823 0.001547849848224132
0 0.4126278834721305 0.8300000920819117 0.002465753424657535 0.003757942024049328
0 0.4210343128108487 0.7101529679515557 0.0014465594006365023 0.0034362266630571982
0 0.4295932475523784 0.6472588570259465 0.001339421613394336 0.004758257526854095
0 0.42935091972657236 0.6007372666913112 0.001095890410958944 0.002676519858855428
0 0.43048486188791174 0.6017375821941158 0.0014459665144597267 0.0017573110184402906
0 0.42308750249598326 0.8395979819580331 0.0022905931989424745 0.004953119514316598
0 0.42358545753923166 0.8259547911529737 0.0012946831124457249 0.0033168211033370197
0 0.4224277120636792 0.8273036317349974 0.001070603342984029 0.0022996626316469813
0 0.4290266512708633 0.7960690866370611 0.0023962521502453172 0.003258278008260049
0 0.4463948210847152 0.8957115978262391 0.0017047184170472462 0.004460866431425785
0 0.4448118682688871 0.8915075691590479 0.002100456621004552 0.005731537475530546
0 0.44770720941446557 0.8896762826196365 0.0015829528158295147 0.00289280429189418
0 0.44653458712865884 0.8782267861345301 0.0024424196916289277 0.0050707561027816435
0 0.44243133816086827 0.845737644297402 0.0021483639967716074 0.007086859503165499
0 0.4336605799540712 0.8107745902083385 0.0029141290706167665 0.0048400650616333965
0 0.43104921754014186 0.8100351358239226 0.0018165999401247746 0.006117304452897798
0 0.43471615025506016 0.8057363865102357 0.002497824917671494 0.0037644950479371175
0 0.427640518489955 0.750104218334005 0.002066759509156526 0.003582236664836813
0 0.43252538822268916 0.7598600340976697 0.0024118430791027377 0.003686234517882383
0 0.4497394402456688 0.8866699291805705 0.002045583274210827 0.004881566176669736
0 0.44761336732862955 0.8688058727549194 0.001559123700293057 0.0051968452818351805
0 0.4500290466420468 0.868857157412306 0.0014628814965713132 0.0029061305852367525
0 0.4544823674777405 0.8681014039764975 0.0027507812843629155 0.0036645273658122337
0 0.44875190258751907 0.8375749847198954 0.002130898021308951 0.003866084240569023
0 0.4474243179866349 0.8283013220174448 0.0017199391171993739 0.0019195243432194786
0 0.44600879287247963 0.8294908863991582 0.0013242009132420662 0.0030009465084137334
0 0.45020239948846547 0.8011051674467731 0.0018648416369651955 0.0047054635386005825
0 0.4400480844288869 0.7781188603269661 0.002342679252608093 0.005064346572585237
0 0.4468103410994834 0.7918670689413392 0.0026507164122498493 0.005479484356093706
0 0.4491029673185271 0.7803782703026707 0.001735144612429309 0.006129029301965972
0 0.45381478137658304 0.779559624278987 0.0018517114074037267 0.005827385165967059
0 0.45944157905321154 0.7795828713550756 0.0021448659677169245 0.0036493758220792925
0 0.456450055466659 0.7730861803311541 0.0024383739422466277 0.0036493758220792925
0 0.4360837507031499 0.7107404757904928 0.002147734064610276 0.006216845331989447
0 0.44150537814486357 0.7099063314813097 0.0013161331862425385 0.002773617145834919
0 0.44216344473798475 0.7115705017688108 0.0014722845812204354 0.002218893716668049
0 0.4442017182959279 0.7030434279146851 0.0017047184170471041 0.0028116976295046925
0 0.4393680206870407 0.700063104244349 0.0019025875190259 0.003947190902958368
0 0.4526844297897998 0.6955002544847915 0.0018780986218781238 0.0038211747471291347
0 0.43679075289167985 0.6592065594579773 0.001976494877029964 0.0041212813726100705
0 0.4419331453796202 0.6506052908213147 0.00126056285166257 0.0032598035725254705
0 0.4419106991082183 0.6387733273253521 0.0018723065884988443 0.00273296663151136
0 0.4345325911907304 0.6175365503354382 0.001948249619482496 0.0039471909029584395
0 0.44620039942035605 0.5782540314874752 0.002410561457721769 0.0036566563534888986
0 0.45858817715017125 0.5795666561943736 0.0026694633193122285 0.0032175119774835535
0 0.48542215603222627 0.549550206869639 0.002002767053694612 0.0046381118422448965
0 0.4464161374438706 0.6185321431206883 0.0011719939117199375 0.0026494843047255756
0 0.44767945555650385 0.6178157009362472 0.0010197869101978797 0.0025683776423359463
0 0.4539217285497715 0.6125507458379524 0.001476407914763982 0.0031090887249331446
0 0.45834511051085625 0.6093425178648871 0.002441528208441497 0.002881044452200641
0 0.4636860508201293 0.6185316648857073 0.0024353120243530667 0.003433515374491307
0 0.4581085950247145 0.6363689613721896 0.0017254142248556547 0.004829291526458661
0 0.4396981727468487 0.6946864539267514 0.0023662562881539627 0.005165168638859399
0 0.46326814284608503 0.7243793954898489 0.002569464811251543 0.00471899335779958
0 0.47594989635868584 0.7366440281741383 0.0014639878271503193 0.002940914711625453
0 0.4602706379188042 0.8143304125979804 0.002155288860053446 0.003438381868417224
0 0.4627651852105328 0.8155356186137145 0.0013969464833679978 0.003438381868417082
0 0.46295594148229324 0.8046055893305567 0.0011111111111112137 0.002460235425816393
0 0.4619361545720953 0.8062953114636724 0.0009589041095890139 0.003027982062543515
0 0.457330650339846 0.8877622518777514 0.001494410589610311 0.0039500383155767335
0 0.4630539997160342 0.8952726760406244 0.002464612724227848 0.003317861266843778
0 0.46417737749351673 0.8855003069954265 0.0014009377590347327 0.003410024079811791
0 0.46294507113140293 0.8863758537186213 0.0012193347161969824 0.0025805587631006687
0 0.46764080695335275 0.8875048481774779 0.0026202724752316443 0.002995291421456159
0 0.46907954441189104 0.8953875818270751 0.0021466313711099617 0.0031566007837808743
0 0.46628282333270105 0.8768070291084584 0.0012088500721435481 0.0033584455670326464
0 0.4746242198541004 0.8447755123018342 0.002005302201863941 0.003940143555305155
0 0.4785263562297199 0.8380968460037647 0.001960013591544225 0.003535844120045084
0 0.4823744292237444 0.8284369674240054 0.001765601217656112 0.00483936418924344
0 0.4750901511717107 0.8131330889744756 0.0017128657577656981 0.00439465528907732
0 0.47388761513580546 0.8039661956279054 0.002389649923896542 0.0037849775781792516
0 0.47044677473446883 0.7911428298287693 0.001856925418569233 0.003866084240569023
0 0.46879533572619886 0.7962599362312437 0.0010654490106544756 0.0031631598331928502
0 0.4758133319727908 0.7983365521586927 0.0009589041095890849 0.002433199871686611
0 0.4811854239831944 0.8037602846876254 0.0020739827551294354 0.0025075167541227473
0 0.48096385466078934 0.7991123572508915 0.0011111111111111428 0.002054702113868814
0 0.4873978601626198 0.8064876362075023 0.001690557371828163 0.002259860778406875
0 0.47849720189784767 0.8807912411025651 0.00231721112437981 0.00474153246912806
0 0.48144815999314244 0.892238092711098 0.0013756304139432983 0.003210571944941023
0 0.4802646060837242 0.8869312301332926 0.0020309078986388584 0.004342855048249987
0 0.48402354902259576 0.8841768606479323 0.001983976507932539 0.003983663829495612
0 0.4855854386371672 0.8698176753863838 0.0027603151414714233 0.005005116093468587
0 0.4858574889275525 0.8769151971200081 0.0013713104068207116 0.004125095681430082
0 0.485001525818779 0.8793721827170872 0.0014155462263956053 0.0020821911534838478
0 0.4941390815133987 0.8926063176886487 0.0011909030242963326 0.002203463242409782
0 0.49278691037122896 0.8942368804880322 0.0007195039105123869 0.0020271861830170224
0 0.4941412264485291 0.8944672151977077 0.0009741248097413546 0.0015139910312718997
0 0.5006523088331889 0.8926738146426066 0.002283821010354359 0.002845257591005179
0 0.5051713708416082 0.9010144975015806 0.002615083816864896 0.0032256984538759064
0 0.4985788906295663 0.8751040845101389 0.0020319427246936785 0.0034256904936226817
0 0.5006797127686563 0.87906503914339 0.002169701553486547 0.004251526594763817
0 0.4960180484775719 0.8815194198510742 0.0012316690915540817 0.0030969233805181774
0 0.48589039919625393 0.8577387567298231 0.0025479021229332234 0.0024859342848773734
0 0.4863891323761264 0.848882816380878 0.0020993278055154007 0.003378320951243552
0 0.4904980731236735 0.8505241704279445 0.0023505294232693073 0.0031552242846521494
0 0.48960989597518617 0.8412019168596544 0.0026196740137199724 0.0035058047607243736
0 0.5019900893139223 0.8476604229518978 0.002085235920852284 0.0033794442662315304
0 0.5106024155512864 0.8355471912216204 0.0015195525213377436 0.0031539855055669357
0 0.5165346220630955 0.8317290955461226 0.0023365582798577835 0.003639998544174858
0 0.5103333087426357 0.811494763276773 0.0015829528158295147 0.0025143065340760985
0 0.5084687729739903 0.814603852001706 0.0020852359208524264 0.001973595451479184
0 0.5048748734394617 0.793666905631222 0.001811263318112495 0.002865768737764398
0 0.5063038212349334 0.7731586908711731 0.0019330289193303684 0.002757626521244987
0 0.5023537912084726 0.7660960491813643 0.0013146690353147506 0.00369986761229967
0 0.5125203255923448 0.7587377663677753 0.0016438356164383094 0.005082684176412471
0 0.5175616482076871 0.7513365642042069 0.0022983257229832786 0.003947190902958368
0 0.5140182648401828 0.7473438228115128 0.002283105022831009 0.00432568866077645
0 0.5151902587519026 0.7408823253744781 0.0020700152207001566 0.00432568866077645
0 0.48449019133640575 0.7711997066653149 0.0018941654223310423 0.005061105092982387
0 0.4810800613928332 0.7101199381757004 0.003654572973307566 0.004892057309417766
0 0.46338346021817345 0.6692197243246979 0.0023349190370231553 0.004727418365075096
0 0.4681542503894427 0.6245766358880299 0.001106299288611794 0.003087933387913253
0 0.46701634254972757 0.6232572461677396 0.0013275591463342807 0.0025264909537472844
0 0.4693354226716309 0.5996746724792996 0.0022514867344084165 0.004219598360300551
0 0.4700377443522655 0.6119992099435935 0.0013296181502411742 0.0018893724001346611
0 0.47048095040234583 0.6142034777437505 0.0014005311182540936 0.0023302259601659615
0 0.47513236127087777 0.587946554381272 0.0018050756383477307 0.004673502609712301
0 0.4759184547666092 0.6075249841705194 0.001339421613394265 0.0029468754001538856
0 0.47724505327245054 0.6130176721173406 0.001339421613394265 0.0030009465084136623
0 0.477291317326693 0.6154368180509786 0.0009589041095890849 0.0016221332477910977
0 0.4879197586746723 0.609156936423718 0.002328767123287676 0.0038390486864390283
0 0.48102264302798026 0.5768139286929018 0.0026316924035675983 0.004488764559849372
0 0.4975663293948495 0.5757353958467408 0.0022000773752353098 0.0030032600346278572
0 0.5027472982199661 0.5776589655307824 0.0020565903198489365 0.0035312232517047447
0 0.5088287968001484 0.5772967614525399 0.0022117909787429113 0.005379245650509858
0 0.47579966418368413 0.6397610938373769 0.001811474478513091 0.0047219412905398885
0 0.4818999679786204 0.6539480649176268 0.0013434834186340082 0.0038828639800490804
0 0.48502332072492826 0.6567882744516944 0.0008371385083714245 0.0022439509927778545
0 0.483539302460088 0.6580994988269923 0.0009436834094368151 0.002487270979946459
0 0.49958064327087953 0.8037342976705725 0.0011111111111111428 0.0026765198588554993
0 0.500951293759513 0.7980354868049863 0.0016894977168949764 0.0029739109542839515
0 0.5063015067804222 0.7848723913178023 0.0010045662100456809 0.0017302754643104378
0 0.48457993723447346 0.7023759840593274 0.001050228310502277 0.003298337603842043
0 0.4875031813680467 0.6965000780154205 0.0021854238509126846 0.0032449658566891058
0 0.49538737031960184 0.695342260761834 0.0015981735159817133 0.0028116976295046925
0 0.49670661045938064 0.703322948917796 0.0012633181126331294 0.0035416575910105054
0 0.5009420029466134 0.6926064723374239 0.0016662341831774085 0.004660558883663413
0 0.4800226730872144 0.8225249335386968 0.002191411240816805 0.003892463331477103
0 0.5028170249279713 0.8242057321843964 0.0013004247177430272 0.0028954596600715378
0 0.5133469058407818 0.8864622614565176 0.0024110409124374144 0.003715765720264699
0 0.5125388029305724 0.8656158721767991 0.0019178082191779566 0.0026494843047255756
0 0.5163590186749885 0.8648524930686192 0.0011719939117200084 0.0033524087121017485
0 0.5181838901136657 0.8748312092269761 0.0023135464231354066 0.0029468754001538856
0 0.5221256928629838 0.868748774315439 0.003546060335014545 0.00469898516784582
0 0.5221773716827093 0.8944937266288278 0.00271496549042574 0.003312792312130739
0 0.5265417187324001 0.8885485153729852 0.0018934925187788566 0.0042193994293729985
0 0.5238433121043599 0.877268177011363 0.001996773928894129 0.004280550145740704
0 0.5263392795154779 0.8730487775819902 0.001824638245368746 0.004402851578476117
0 0.5257694594083615 0.854904090921444 0.002054794520547887 0.005353039717710715
0 0.531593015975518 0.8443497210451375 0.0020617828565698913 0.0030030144475362876
0 0.5350963104681757 0.8880066651331012 0.002100456621004554 0.003595728699270211
0 0.5450538268136742 0.8973867910796355 0.0011872146118722781 0.002757626521245129
0 0.5463019242261552 0.8973327199713758 0.0013089802130896544 0.002541342088206022
0 0.5349861923744007 0.873284658963658 0.0020700152207001566 0.0036497998075300585
0 0.5355479452054794 0.8693552785995371 0.001050228310502348 0.003027982062543515
0 0.535524851021478 0.8603609790050561 0.002851295180487625 0.005216206797668405
0 0.5360722569214319 0.8518591639700355 0.0018996984899926162 0.004241108584133429
0 0.5396183932920158 0.8574718998691927 0.002033211686544618 0.004549055115082012
0 0.5300944318375813 0.8328380870051711 0.0023818501498274 0.0034792169075855382
0 0.5228599378437423 0.8096751449753153 0.0021308980213090222 0.004298653106646526
0 0.5204742584003823 0.8041666560448507 0.002054794520547958 0.003947190902958653
0 0.5185443280690801 0.7672670106152737 0.001993911719939021 0.0027846620753747687
0 0.5182819883381267 0.7729630992263244 0.0013546423135463214 0.0017032399101806562
0 0.5292368177158098 0.7590278987016013 0.0018780974053386416 0.0030293911322951837
0 0.5328730049954609 0.7576469201734929 0.0016003107620784364 0.004249995468751422
0 0.5101970647612043 0.7189979391108232 0.002252663622526754 0.004677150864464607
0 0.5124266025927724 0.7042497508804612 0.0014003044140030597 0.0020817376679985954
0 0.5128071200965776 0.7064261129879142 0.0009132420091323468 0.002865768737764398
0 0.5091300818678232 0.6904306182571993 0.0011111111111110716 0.0023791287634270476
0 0.508155957058082 0.6923906959316136 0.0007458143074581614 0.002622448750595652
0 0.49572234226484796 0.632814024577407 0.0018264840182647647 0.0030009465084136614
0 0.49757656731237804 0.6176704501626434 0.002191780821917746 0.004569008647945125
0 0.5009769359354931 0.6026706729169499 0.0018474132104514497 0.0034671836600215044
0 0.5126354956005834 0.6195087208089776 0.002133797375693973 0.0036810590978296888
0 0.5046166034179662 0.6120702323381036 0.001385083713850932 0.0025954131964657278
0 0.5232685671422044 0.5762747562962661 0.0018125563574241 0.002937819011929008
0 0.5325945330718561 0.5668924382892578 0.0029474035693039012 0.0030266485915488063
0 0.538001703368013 0.5647207163502085 0.0022000773752353098 0.00398022414227782
0 0.5302553437429469 0.528878809283215 0.00312030089493085 0.0032424869522417765
0 0.5415179213079608 0.525894390574239 0.003924823091779573 0.004275799176991839
0 0.5480029951105615 0.4958590045558173 0.001567732115677316 0.004217546444257039
0 0.5447381549279131 0.4940205868749874 0.002526636225266259 0.0026494843047254334
0 0.5578983700029873 0.8925204901925144 0.0016422094391322162 0.0022224391401927334
0 0.5609318241378837 0.8844439637677709 0.0016031092143911252 0.003368384321854592
0 0.5548961747897129 0.880039485780826 0.0023439878234399456 0.0032442664955823373
0 0.5496960840252447 0.879956584704116 0.0016438356164383094 0.0035146220368808658
0 0.549718915075473 0.8759282871387678 0.0019634703196346236 0.002487270979946459
0 0.5428229404492778 0.8833548549890935 0.002030063120314907 0.004422826156314983
0 0.5408690827507956 0.8766914738700768 0.0017763052302757387 0.004028434014987568
0 0.5547780272396564 0.8562270470980552 0.0024080563480296745 0.004403078389540554
0 0.5467521606988643 0.8501666056012678 0.0020243531202435603 0.004109404227737628
0 0.5501623388246486 0.8456058932208456 0.0014155251141552583 0.0035686931451405714
0 0.551036687985592 0.8413254790674368 0.0027853881278539203 0.003947190902958368
0 0.5356765689863294 0.8278108170445145 0.0010943309007949154 0.0029297701927184505
0 0.5367867597552517 0.8287545410969767 0.0009991716920300319 0.002845257591005179
0 0.540953453757076 0.8250809278594966 0.0018721461187214317 0.0036768353616601244
0 0.5405022831050229 0.820096498974946 0.0022526636225266828 0.0034064798203614546
0 0.5310310460083673 0.8023590986965503 0.0017047184170472462 0.004785293080983877
0 0.5276216091742728 0.8069010717903654 0.0009741248097413546 0.0025143065340763825
0 0.548565504392064 0.8100884324247776 0.0022267254850955 0.0038087012505337724
0 0.5464109413069483 0.806737507766856 0.002123636342266977 0.0031128808297630427
0 0.5424972636441533 0.8015464146110169 0.0016894977168948344 0.003163159833192708
0 0.5374156972562818 0.7673987444875925 0.001613394216133983 0.004433830877295719
0 0.5296357995442088 0.7566629989579821 0.0022791019287137005 0.0042523347478680765
0 0.5313173369204427 0.7517630847372035 0.0021052882637884805 0.004479595727517562
0 0.5312980591946933 0.7321912754370203 0.00198274314298196 0.0030673912328101948
0 0.5176564834947499 0.7115447275181963 0.001632810515400891 0.004350384998535333
0 0.5200403868472351 0.7119362621680643 0.002057341249405056 0.0028132489657194527
0 0.5195097234297299 0.7068028078697927 0.0017797634617868852 0.0035093105654853216
0 0.5238425062588941 0.7129745953432586 0.0020243531202435603 0.0033524087121017485
0 0.530181149561038 0.7146682768331041 0.0014205255030932307 0.0035876585125822653
0 0.5257609039768952 0.7042061137554646 0.0019754182777390384 0.0035482336937627677
0 0.5191436083761541 0.6971961218432852 0.001050228310502277 0.0029198398460241037
0 0.5199350847840689 0.6952225263918056 0.0009284627092846166 0.002541342088206022
0 0.523021308980213 0.6865408615734745 0.0017808219178081686 0.00281169762950455
0 0.525528605053606 0.6824576384205921 0.0017199391171993739 0.004109404227737628
0 0.5269974026182941 0.6821602473251639 0.0009436834094368151 0.0021087732221285196
0 0.4957218982913809 0.6531829703754091 0.0013942741210954067 0.0032814416782348133
0 0.5251271848243049 0.676053479277179 0.0012024353120243347 0.0021087732221283773
0 0.5259414922824479 0.674215061596349 0.0011567732115676677 0.002162844330388083
0 0.5254109857404098 0.6111691955083858 0.001126050637049616 0.002619890653103809
0 0.5241342663561492 0.6122678593306552 0.0009833118239025397 0.002394523715202297
0 0.5256911889528155 0.6073638976442811 0.0010784710326673518 0.002028302441112615
0 0.5260163162494286 0.6050257156635541 0.0012846493183243978 0.0018029355032113158
0 0.5405142120053135 0.5936063525727984 0.0016894977168950475 0.004136439781867409
0 0.5369168781140621 0.6340488480836591 0.0020700152207001566 0.004190510890126973
0 0.5385159817351598 0.6385797885471162 0.0020852359208523553 0.004379759769036013
0 0.5506624901991407 0.552977276295186 0.0015433951863453644 0.004394392076549209
0 0.5555386594578327 0.5535201102621969 0.002294224390025903 0.003565698271401843
0 0.5710652266750048 0.5227544294507281 0.002058974059920402 0.0032801902888956393
0 0.5753113956008759 0.49987648288241415 0.0025350527371747235 0.0034149143736382113
0 0.5666869272797632 0.4781336466783808 0.0018873668188735594 0.002162844330388225
0 0.579178190053855 0.48195306739682553 0.0023268692238431754 0.004603924588557291
0 0.5899390371393176 0.4834111306066389 0.0025969235125810285 0.0037095532219573357
0 0.6016707738884617 0.4840310610640273 0.0016977121604851676 0.004136404381441423
0 0.5998027692184809 0.49488062493366075 0.0022581472442765003 0.004290839581048616
0 0.621825673928558 0.4938618367349142 0.0022503332795216126 0.004601004629983905
0 0.6242151536242918 0.4960450507255036 0.002015793775499972 0.0028386146394107927
0 0.6864239568748178 0.46825572382689173 0.0019939117199392342 0.0036497998075301296
0 0.7021450544840597 0.45855594861068705 0.002054794520547887 0.003730906469919688
0 0.7545892647122706 0.49642309330804607 0.0014003044140031306 0.0035957286992702817
0 0.7423139907651455 0.4947832523589974 0.0018762223994785642 0.003698834868306875
0 0.7313532664895813 0.4838417857504592 0.0015372907153729898 0.0037849775781792516
0 0.7533785841935918 0.5357538179227816 0.001796042617960296 0.0036497998075301296
0 0.7547900368617837 0.5054840227595512 0.0017763052302755967 0.002310011113489452
0 0.7186042450481586 0.5100440135194054 0.0017610804545286384 0.00250247546981754
0 0.7091428823167454 0.501476126338262 0.0015372907153728477 0.0034064798203613834
0 0.6892517329414164 0.5060450453641987 0.0022202671617067436 0.0030399494876678546
0 0.6815310326900836 0.5103824150888058 0.0012633181126332715 0.0040012620112180744
0 0.7007017994400502 0.5169169150663173 0.0023592085235920024 0.003325373157971896
0 0.6715144596651446 0.5220565502474518 0.0012328767123287322 0.003893119794698734
0 0.6696118721461187 0.5220971035786467 0.0014459665144595135 0.0033794442662316015
0 0.6940978716931139 0.5276097496012387 0.0012633181126331294 0.003055017616673368
0 0.7093300775864144 0.5230532258660988 0.001993911719939092 0.0034064798203614546
0 0.6578780651902459 0.5302410980431048 0.002710243811311983 0.003639878135353598
0 0.6586103887109016 0.5374778517919101 0.0031506849315067597 0.0036497998075300585
0 0.6840575789732316 0.5190648403453745 0.0018112633181125658 0.002838733183634616
0 0.6722150782083749 0.5496803393373039 0.002721553370672325 0.003918567632760812
0 0.6700004484240698 0.5583477608547802 0.003007709595480321 0.0035434297515827494
0 0.6985299842680719 0.5522883962515825 0.0030844353150035887 0.0033947678557289863
0 0.6976758394177958 0.5655381998594029 0.003427107785071968 0.0041113528557586675
0 0.7162794395774887 0.5563261300084299 0.002054555821707993 0.0047441885687032935
0 0.7405129198036291 0.5458514130972589 0.0016133942161340542 0.003163159833192708
0 0.7389527980380278 0.54933899958001 0.001476407914764195 0.003000946508413591
0 0.72967989610817 0.5593671892169373 0.0014155251141552583 0.002325057655167342
0 0.7308442796698138 0.5623546179482861 0.0020091324200913617 0.002892804291894251
0 0.752092461471033 0.5806697019169126 0.003093644155351143 0.0038923212963539555
0 0.7452389906179238 0.5883777180970161 0.0019178082191780277 0.0030820531708032205
0 0.7369413089928533 0.6007944991347127 0.0014916286149161805 0.0027576265212448446
0 0.7223974213378989 0.6080860845710181 0.0015337015332049476 0.004024409605382147
0 0.722444102367485 0.5878179995960591 0.0016133942161340542 0.003568693145140642
0 0.7176515925873416 0.5933210023992413 0.0019330289193302975 0.004190510890127186
0 0.7124465250583077 0.5919646505137574 0.0015525114155251175 0.004136439781867409
0 0.6937337861225292 0.5767129296102493 0.002587519025875338 0.0032172309414524136
0 0.7063110887090065 0.5907031130613729 0.001683088046179506 0.004541833697502682
0 0.7006012176560122 0.5982832951165711 0.0018417047184169633 0.00289280429189418
0 0.6660771272746266 0.5897673613220987 0.00249780055692014 0.003902637855789806
0 0.6293733639978941 0.5739591786594471 0.002836282086307591 0.0037853879954531777
0 0.6333919340861722 0.568921548728389 0.0013632958094406432 0.0038410554659744633
0 0.6128018677253518 0.5636629719898005 0.003014419413047591 0.004143223808128979
0 0.5921211381135486 0.5715897535753169 0.003160855110320103 0.004692054628387724
0 0.5616670549420566 0.5736333105637386 0.0023744292237443433 0.004650115310334613
0 0.5679538088713624 0.5851312947360864 0.0035571418514448536 0.005030512006727648
0 0.5768764702487861 0.5843497506121388 0.0015068493150684503 0.004109404227737486
0 0.5519448631906303 0.5938640284003209 0.000958563458253181 0.0038077106266307934
0 0.5510647276516888 0.5957524052151542 0.0009759918847667137 0.0020122048026910023
0 0.5444456703028397 0.6011650827989418 0.0017199391171993739 0.0023520932092971946
0 0.5446499238964992 0.6029874815351655 0.001567732115677316 0.001432884368882128
0 0.5865156556502018 0.6013011515061032 0.0012633181126332005 0.0031631598331928502
0 0.5773119670165304 0.6078523100786546 0.002248267020266255 0.004457807562884853
0 0.5487790052932343 0.640434438414904 0.0030482819652770843 0.005219702847716121
0 0.5565417739151088 0.6401599179267279 0.00152207001522072 0.0038660842405688813
0 0.5331414803796249 0.6525245058358606 0.0020700152207002278 0.0043797597690361555
0 0.5438793640754581 0.6484606949072564 0.0016742770167427069 0.00259541319646587
0 0.542037659357041 0.6485012482384512 0.0012176560121765333 0.0034335153744913783
0 0.5316392705873848 0.6852083322350828 0.0022791019287137005 0.005068783019458465
0 0.5381738709002701 0.6932871139231858 0.001995637833382915 0.0040121596516029005
0 0.5347418124285732 0.693988268037058 0.0019298475751394761 0.0033110055377304094
0 0.5404311911542896 0.7065954235208741 0.0025785072410196364 0.003545835209987871
0 0.5477649517142337 0.6915848236950393 0.0030475226503391185 0.004616095477348239
0 0.5505507239528871 0.6927637545543621 0.0016265918440460324 0.0025239083185500987
0 0.5432240549126887 0.7508575068218536 0.002162241809352565 0.004829334114581485
0 0.544039306734362 0.7449913331167068 0.0024619584957973474 0.003840651539942712
0 0.5646932539055052 0.8811811612613516 0.0022797613395520956 0.00387522646749332
0 0.5609794491426865 0.8784815652952327 0.0013727595162894347 0.003265640281595523
0 0.5693332642279088 0.8734554738473845 0.001765601217656112 0.0033524087121017485
0 0.5673135464231355 0.867760180905876 0.001385083713850932 0.0034064798203613123
0 0.5679528158295281 0.8708557518537441 0.002054794520547887 0.002460235425816677
0 0.5702051611318021 0.8468160731336654 0.0018264840182647647 0.004217546444257039
0 0.5597150584514404 0.83530446085629 0.002397136786469929 0.0037059329690411857
0 0.5658574558728007 0.8316074157709602 0.0011097855492916153 0.003587658512582408
0 0.5665122293468827 0.8263442024585456 0.002419332497455713 0.002838586955010243
0 0.5668451650116703 0.8170793700359426 0.0012651555261924585 0.003390534418484492
0 0.5644813217916792 0.814063371396244 0.0012429598152066035 0.0031145606867474386
0 0.5644369303697074 0.8184198138758082 0.001820048300838124 0.0031539855055669357
0 0.5723101666658111 0.824884363095579 0.0018132181820604387 0.004744786024670731
0 0.5442407627408965 0.7774787741762117 0.0018721461187215028 0.0032172309414524136
0 0.5469633791877073 0.7874336928534467 0.0029832572298325033 0.002757626521244987
0 0.5494291326123649 0.7908942437820679 0.0012176560121766045 0.003298337603842043
0 0.5569314209010443 0.7839870326871656 0.0012548467089858648 0.002507516754122867
0 0.5556678599788015 0.7842811241583277 0.0012374182824721914 0.002848043720731965
0 0.555685972265252 0.7734967150592844 0.0017503805175037711 0.0021898798845180066
0 0.5548183923565762 0.7745105483391539 0.001232876712328803 0.002325057655167484
0 0.554124809741248 0.7697833327392903 0.0012176560121764624 0.0027035554129852812
0 0.5547945205479452 0.7661335329317603 0.0011263318112632703 0.0034064798203614546
0 0.5520891803730759 0.7569629206893864 0.002206107656529852 0.0033692357216260405
0 0.5530542107557416 0.7359249393101348 0.003030664675729824 0.00628037131992798
0 0.5556448186255456 0.7177838823286359 0.0020754633467182514 0.004998060241719884
0 0.5548641333516185 0.6957149732035337 0.0018264840182649067 0.0034875864827509416
0 0.5573326205900847 0.6825195522676026 0.002492749079947387 0.003730194396007107
0 0.5524352024756238 0.6726740762134413 0.0019634703196346236 0.003000946508413449
0 0.5750156820317354 0.8666431825134253 0.001829915267175579 0.003969191084556342
0 0.5772013147309778 0.8783633778313742 0.0022162251322631475 0.0039007519413812018
0 0.5821978950291711 0.8808863412430015 0.0017326851034057 0.003149230925151727
0 0.5839878234398783 0.8834002489699957 0.0012176560121766045 0.0034335153744913783
0 0.5807364590454618 0.8639796578254717 0.002410699955374014 0.004929901766593332
0 0.5765891035301308 0.8646135023383194 0.0011894901095595857 0.0031551371306196073
0 0.5833493094592405 0.8669600380344724 0.0023135464231354066 0.0029198398460241037
0 0.5904581545623935 0.877764635063068 0.0014611872146119964 0.00346055092862116
0 0.5883369636093145 0.8641054983017818 0.0019786910197868933 0.0036768353616598404
0 0.5826107909916111 0.8569800910789047 0.0019786910197868933 0.0034875864827509416
0 0.5872412694378129 0.8561227162123347 0.0023135464231354066 0.0032172309414524136
0 0.5855442192752037 0.8451073730934868 0.00204592298844247 0.004591851359740957
0 0.5755391861783535 0.8381007501678096 0.0022309933812629623 0.0032582780082601914
0 0.5671158745718339 0.7899341054405202 0.0016894977168949764 0.0044879019855554245
0 0.5693609278442844 0.7888391654982613 0.0019178082191780277 0.0036497998075302007
0 0.5644500606177055 0.7858382180570564 0.0015525114155251884 0.0025143065340760985
0 0.563369390906899 0.7886769512406908 0.0016438356164383094 0.0035416575910106472
0 0.5635508237621035 0.7754059640748596 0.0018873668188737014 0.0036768353616598404
0 0.5714819370691864 0.7765800089976677 0.00220610765652971 0.003955189760169588
0 0.5728280675154072 0.7523130117610033 0.0018963608999502668 0.004410152668819762
0 0.5636091190571794 0.7305725882480177 0.0014611872146118544 0.004190510890127115
0 0.5670781694209387 0.7225420230558964 0.002267884322678739 0.0032172309414524136
0 0.5712715222410139 0.7168191647606548 0.002100456621004554 0.0025683776423359463
0 0.5624823692142458 0.7034359637141593 0.0013394216133941939 0.004812328635113943
0 0.5634495665025314 0.6897790127351721 0.001966623647805221 0.00405660488222523
0 0.5683438309165183 0.6839557857391708 0.001339421613394265 0.0035416575910106472
0 0.566537290715373 0.6512189101028221 0.001628614916286182 0.004190510890127115
0 0.5704334405790924 0.6254199487587839 0.0020700152207001566 0.0030550176166732257
0 0.6077917620557671 0.8900629728465904 0.001476407914763982 0.0034875864827509416
0 0.6101509705793592 0.8864537263702553 0.0015068493150684503 0.0035146220368808658
0 0.6066033811945083 0.8641411042012725 0.0019783505522124756 0.0029906530094893926
0 0.6085291160405449 0.8656738138686358 0.001915211704801365 0.0033644846356759217
0 0.6011444500129897 0.8648220948058711 0.00188867164551354 0.005241759987548562
0 0.6104705284472033 0.8567248904410499 0.0024176674453134693 0.004771497473260098
0 0.6209562250565541 0.8848509219026 0.0015892347245658556 0.003687924488554444
0 0.6187646191057412 0.8837809685015995 0.001922461360361964 0.003369214964852176
0 0.6218265352136312 0.87699754936461 0.002614547450092246 0.003915574148341676
0 0.6175971202208346 0.8755633565079503 0.003178469449131924 0.004325343535958837
0 0.5859169669688908 0.8657812541011394 0.0026442133425378244 0.00521860742557351
0 0.5937694793194565 0.8649984629873022 0.0010950782529702246 0.003653025197899751
0 0.603018940589775 0.8500273419880473 0.0015246288122765606 0.0034953389402491548
0 0.6009092797913924 0.8517435219181698 0.001737367716315319 0.003841723880273804
0 0.6002516818658866 0.8460924503202683 0.0016841829903055583 0.00453449376032296
0 0.6029906952553834 0.8435260528100854 0.0017728242003214945 0.004628962380329824
0 0.5928582909804198 0.8426042170748923 0.001948249619482496 0.00424458199838682
0 0.5870950991463028 0.832016340779068 0.0023789802191191 0.00439465528907732
0 0.590084684288329 0.8327910396281041 0.0016970058896383477 0.0034650166702338936
0 0.5993551700283433 0.8306168728396228 0.002100456621004554 0.004217546444257039
0 0.5844824961950401 0.8161329429936061 0.002237442922374484 0.003325373157971825
0 0.583285525489589 0.8080344521568469 0.002130898021308951 0.0030820531708033627
0 0.5913397347113815 0.8051333988435411 0.0017960426179603672 0.003974226457088435
0 0.5882855348744584 0.7939677358885855 0.002283105022831009 0.0033794442662315304
0 0.5902946672945498 0.7909803071572367 0.0015829528158294436 0.002757626521244987
0 0.5859665144596652 0.7967107446526235 0.0016438356164383806 0.0027035554129852812
0 0.5940404777639422 0.7946634417562253 0.0016438356164383094 0.0038120131323091753
0 0.5944520547945207 0.7891813428274597 0.002207001522070016 0.003163159833192708
0 0.59044346553575 0.7807839669406507 0.002663622526636189 0.003947190902958368
0 0.5919863013698631 0.7739603258523526 0.002633181126331792 0.005217861947061522
0 0.5858568101986802 0.7663667815341739 0.002035346697400797 0.00422239809557766
0 0.5901372530622979 0.7684779805819627 0.0015847737643883164 0.003311684780845212
0 0.5791090628006639 0.7498390997201188 0.0018873668188736303 0.004001262011218358
0 0.581179078021364 0.7495822619558852 0.002100456621004554 0.003271302049712119
0 0.5896280811355404 0.7525626317735464 0.0016286149162861108 0.004298653106646384
0 0.5896479844312128 0.7413709119954445 0.001522070015220578 0.003055017616673439
0 0.5834772360793798 0.730010795227411 0.001430745814307457 0.0031901953873226317
0 0.5780805803156904 0.7163495217641586 0.0010467512964123672 0.0032959914668079194
0 0.578004963971245 0.7087085925318182 0.0019824835159325716 0.003465016670233893
0 0.5766381762140065 0.6940161538839793 0.0019500534739926678 0.00396277055058647
0 0.5800831223785377 0.6862516554929478 0.0016133942161340542 0.0033794442662315304
0 0.5827469230032203 0.6756299600228257 0.0021156773211567525 0.0032442664955823373
0 0.5859544463796152 0.6945017134409648 0.002827587917581553 0.004656241913427124
0 0.5929497810715489 0.6889822356671832 0.0023857773054595556 0.004603924588557362
0 0.5934652267856912 0.6959927571997588 0.0015905182036395616 0.003766847390637764
0 0.6413853011450681 0.881973011072283 0.0013724364503816843 0.0034378820417417444
0 0.6446932248972699 0.8807384988845663 0.00207625001468017 0.00303158689135401
0 0.6394344961199225 0.8768538740625789 0.001476407914764195 0.0032713020497122615
0 0.6375342465753424 0.8749651560814817 0.001522070015220578 0.0023520932092971234
0 0.6356621004566211 0.8703555941023419 0.0013698630136985911 0.003027982062543373
0 0.6396575342465753 0.8700582030069134 0.0016894977168951187 0.004163475335997475
0 0.6171153128075428 0.8537739826712386 0.002100456621004554 0.0040823686736075615
0 0.6203418974322447 0.8435670445775426 0.0017199391171993739 0.004866399743373222
0 0.6102112619732104 0.8373117932583628 0.002207001522070087 0.003595728699270211
0 0.6200869508580221 0.8332395684284041 0.0021156773211567525 0.003893119794698663
0 0.6242770167427704 0.8215023477896983 0.0018264840182649067 0.004758257526853953
0 0.6032749063558664 0.8190523362468481 0.0017808219178082397 0.004298653106646668
0 0.6063799291869166 0.8177816652027451 0.002420091324200939 0.003595728699270353
0 0.6081640674560665 0.8089451884261945 0.0024657534246574644 0.004433830877295719
0 0.6137454650176455 0.8136446327408534 0.0016133942161340542 0.003271302049712119
0 0.5992312710841992 0.7844461548170136 0.001792165098403089 0.004169288351175879
0 0.6076304204803271 0.7774136480575913 0.0017193187487606564 0.004035531455398455
0 0.6016611554065642 0.773630282883611 0.0016438356164384515 0.003947190902958511
0 0.5996196590326491 0.7521273785621468 0.002146118721461079 0.0032172309414524136
0 0.6149437884253635 0.7644645268663279 0.0013071319885270328 0.0031576136903768764
0 0.5922025997404649 0.7058647138810628 0.0020762211674443167 0.004148840910487053
0 0.5972421909901883 0.7145759583928174 0.0012480974124810017 0.0033524087121017485
0 0.604243517475139 0.7261855667187876 0.001948249619482496 0.004487901985555567
0 0.610695542817419 0.7042682441293979 0.0023789802191191 0.003943921413274581
0 0.6104303714840253 0.6927308402800763 0.001993911719939092 0.00346055092862116
0 0.5976248282913985 0.6737506152485995 0.0019178082191781698 0.003433515374491236
0 0.6052076146132711 0.671196176047601 0.001811263318112637 0.0048123286351138
0 0.5839635299431847 0.6538441020276459 0.0020109722900414793 0.0037760732561068267
0 0.5927456831857705 0.5954779663055169 0.0028767123287670414 0.004244581998386891
0 0.6009991544561565 0.594539177675241 0.0024535215993181226 0.0046876323083492365
0 0.6031403474295111 0.6084298438506396 0.002130898021308951 0.004406795323165937
0 0.6117104227074411 0.6160695598129022 0.002673520627200503 0.003943921413274651
0 0.6069770635734207 0.6076157802206802 0.0027853881278539203 0.004487901985555567
0 0.6146084650390535 0.5995555889152087 0.0029223744292238506 0.0032442664955824084
0 0.6182587363901423 0.5898645985683575 0.0019178082191780277 0.0033794442662316015
0 0.6227990341767639 0.585105106293307 0.0015366261451730168 0.004973592528009476
0 0.6201016037383326 0.5810508762334565 0.002009132420091433 0.003703870915789835
0 0.6473770075868667 0.5915117713411573 0.002435312024353209 0.0033524087121017485
0 0.6443082108150601 0.5985371024866305 0.0015981735159817845 0.004001262011218216
0 0.6487474805938944 0.6069908096322871 0.0017351598173515016 0.003622764253400206
0 0.6466214071741946 0.6146271498734658 0.0011567732115676677 0.0030550176166732968
0 0.6603652252465563 0.6053155093807787 0.0014459665144595135 0.0033794442662316015
0 0.6578717312555443 0.6191169181526387 0.0018721461187216448 0.0036768353616599826
0 0.6517965414400951 0.6295964604262956 0.0012937595129375269 0.003271302049712119
0 0.6592224464175922 0.6329640413429521 0.001856925418569375 0.0036768353616598404
0 0.6236484856203302 0.6439193601605302 0.0018721461187212896 0.004487901985555567
0 0.6190764846085753 0.6357248679396004 0.0010350076103501492 0.0019195243432196208
0 0.6277187286876698 0.6528441218801853 0.0020243531202434896 0.00346055092862116
0 0.6373774874347886 0.6663567292492724 0.0015981735159817845 0.003893119794698663
0 0.6334458996102831 0.676230685274281 0.0013698630136985911 0.0026765198588553575
0 0.642890328671985 0.6652572358702449 0.0019786910197868222 0.003893119794698805
0 0.6525680488650704 0.6626801186239617 0.0015525114155251175 0.004109404227737628
0 0.6591251234804898 0.6718866275061397 0.0014155251141552583 0.003136124279062926
0 0.64117148165566 0.6796243122106546 0.002230838593752651 0.0031266566934124284
0 0.6450537619297169 0.6759002887551184 0.0016438356164384515 0.0027846620753747687
0 0.6460583281397626 0.6721017933998741 0.0023135464231354773 0.0030820531708030787
0 0.6110010838669016 0.8436585225957398 0.002671656147577153 0.004918684702007426
0 0.620451856937023 0.8602939825798994 0.002200459045874581 0.0036786205813589845
0 0.6319320686852471 0.8642508584135278 0.0017708999929737246 0.003488119299531718
0 0.6481278538812787 0.876708949322857 0.0015829528158295147 0.004325688660776308
0 0.6503551429136161 0.8688313762801496 0.0014003044140029886 0.004082368673607846
0 0.6374940705932777 0.8520172735968875 0.0015829528158293727 0.004758257526854095
0 0.6403245222416615 0.8556271001782858 0.0014611872146118544 0.0035416575910106472
0 0.6464575106365423 0.8570992883668821 0.0019634703196345525 0.003703870915789764
0 0.6528213305062459 0.8612604598824463 0.0017808219178081686 0.0034875864827509416
0 0.652496194824962 0.8562700704006886 0.0017960426179604383 0.0029739109542838093
0 0.6511872146118722 0.8482540286011875 0.0014003044140029886 0.0037038709157896223
0 0.6463861709067189 0.8457431981022875 0.002326592737551607 0.0033987553763242316
0 0.6561056751467711 0.8468246202674814 0.0018047401609045722 0.003167022055211248
0 0.6579698408660809 0.8517741098996151 0.0015372907153728477 0.0025143065340763825
0 0.6577491407138738 0.854356005319016 0.0016438356164383094 0.002000631005609108
0 0.6400230410268697 0.8386691978224934 0.00176560121765597 0.0039742264570882925
0 0.6416057838660579 0.8413194089668801 0.0017808219178081688 0.003730906469919546
0 0.6138565177463028 0.7923407134981213 0.0016286149162861821 0.004569008647945055
0 0.6155671783896647 0.8006060366962717 0.0014764079147642662 0.0032172309414524136
0 0.6127285178112781 0.801106194447674 0.0011567732115677386 0.002325057655167342
0 0.6174753317390258 0.7970192129904288 0.001856925418569162 0.0026765198588553575
0 0.6194256082025837 0.7906016522046595 0.0018721461187214317 0.004001262011218216
0 0.6163774733637748 0.7863966807520848 0.0015525114155249752 0.00440679532316608
0 0.6206827735708802 0.7688225779079529 0.0010806697108066742 0.002541342088206022
0 0.6223863624039443 0.7604686368040592 0.0022222222222222855 0.004271617552516744
0 0.6163363982459543 0.7459322801158299 0.0018417047184170344 0.003622764253400277
0 0.6142936034588845 0.7340474846981491 0.002557077625570656 0.0037038709157899063
0 0.6159073104945995 0.7291048827154037 0.002663622526636189 0.002730590967114921
0 0.6164962422549283 0.7242956311832591 0.0015372907153729186 0.0034064798203614546
0 0.6218802142221719 0.7295550248642871 0.0018873668188737014 0.004001262011218358
0 0.6181207012845767 0.731433995876312 0.0016742770167426358 0.0030009465084137334
0 0.6169413609579597 0.7160295355319586 0.00149884468017774 0.004364936571991222
0 0.6140628558700029 0.6971108065200249 0.0024961948249620034 0.005109719730542111
0 0.6184479843829717 0.7012979215849012 0.0016561415120197865 0.004033462233080769
0 0.6678316473786486 0.657086808111966 0.0021613394216133484 0.004758257526854095
0 0.6551284517100612 0.6793836473338759 0.0015677321156773872 0.003893119794698805
0 0.6582796159781448 0.6785211082987068 0.0011719939117199375 0.003163159833192708
0 0.6252636469170636 0.6968634023492681 0.002435312024353209 0.004812328635113658
0 0.6255146095429482 0.7217312448632263 0.002672363602694219 0.003449671646713881
0 0.6252374829015616 0.7487619055956283 0.0017351598173516436 0.0022709865469076364
0 0.6268406326708051 0.7766837034603157 0.0022974151830350564 0.004342337964207275
0 0.6273608718150395 0.806898607267131 0.0017047184170471041 0.003893119794698663
0 0.6296270828123893 0.8022279953828313 0.0014604777828677129 0.004387982334619948
0 0.6278527561982817 0.7989152201504282 0.0017960426179605095 0.002054702113868814
0 0.6264905035346591 0.7969956958072086 0.0010197869101978797 0.0032442664955821955
0 0.633731918532508 0.7807038502243876 0.001839744702785495 0.0034650166702341776
0 0.6389475869210358 0.7813185255472616 0.001628614916286324 0.004487901985555567
0 0.639041095890411 0.7739873614064824 0.0016438356164384515 0.003000946508413449
0 0.6345193140295705 0.7534646674641678 0.002237442922374413 0.004055333119477922
0 0.6653374654325093 0.8829317448944038 0.002435312024353209 0.0033794442662316727
0 0.6666590563165906 0.876357487119169 0.0017199391171993739 0.002865768737764398
0 0.6623211567732115 0.8736539317061838 0.0021156773211566814 0.0034064798203615964
0 0.6741582187345242 0.8810638135049235 0.0025169936257933047 0.006071422098216317
0 0.6825765259756467 0.8813002930153356 0.0023135464231356195 0.003433515374491236
0 0.6846973375844584 0.8799069631102437 0.0014611872146119253 0.0030820531708030787
0 0.6833942161339422 0.8759384360301564 0.0016133942161339122 0.0038660842405688813
0 0.692776915340267 0.8797287273347582 0.0027397260273971822 0.0035416575910106472
0 0.7127995399542558 0.8773023410711442 0.0023135464231356195 0.003271302049712119
0 0.7106534212327946 0.8743960190021851 0.0020395738203957594 0.0033524087121017485
0 0.715848265629871 0.866717816368406 0.0021463984250034685 0.003509242114710531
0 0.718421504650756 0.8700754245645794 0.0012927172332406656 0.0038125099517843353
0 0.724722486926471 0.8682399799524956 0.0017351598173515016 0.004514937539685206
0 0.7279188339584344 0.8704163420599486 0.0024657534246574644 0.0026494843047255756
0 0.7302704321319504 0.8712274086838443 0.0015372907153728477 0.002865768737764398
0 0.7290714809598796 0.8638614773198536 0.0031202435312023625 0.0036768353616599826
0 0.7473796835608372 0.8645374742231907 0.0018996984899926873 0.004426850565920404
0 0.7456891261890088 0.8646458237125663 0.001272275135499683 0.0039005816175243526
0 0.7353406615195734 0.8683769909967932 0.002146118721461221 0.0044879019855554245
0 0.6556282458007469 0.8695762895591659 0.0022287128102507834 0.0046185063382129955
0 0.6678386605783867 0.8699230252362641 0.001856925418569233 0.0036768353616599826
0 0.6623135464231354 0.8652458743717996 0.0012480974124810017 0.0030820531708033627
0 0.6623896499238966 0.8562159992924289 0.0017047184170471041 0.002865768737764256
0 0.6696668495677371 0.8570839898898472 0.001460477782867855 0.0035048663930614056
0 0.666801329865266 0.8533107785311429 0.0014294037874876154 0.003587658512582408
0 0.6753695904011342 0.8685907400144158 0.0024748365649443827 0.003219527684305774
0 0.675430589893932 0.8652473843422521 0.002143696461184277 0.0029718717085900435
0 0.6836666890661052 0.8717923522775411 0.0026484018264841323 0.0035146220368807235
0 0.6895060292105526 0.8619001957003078 0.0029680365296802336 0.003568693145140429
0 0.6743614236278845 0.8602637651061742 0.0015981735159817845 0.0036497998075302007
0 0.6754109589041096 0.8532826416693399 0.0017503805175037711 0.004298653106646668
0 0.6809447000721124 0.8504342855657661 0.0017047184170472462 0.002919839846024388
0 0.672917884686918 0.8480286998170844 0.0019482496194825672 0.0036497998075299166
0 0.6716818873668189 0.8421169578137109 0.0014155251141552583 0.003703870915789764
0 0.6683875285304955 0.8337468326314115 0.001948249619482425 0.004514937539685349
0 0.6634896519368405 0.8325571356660572 0.002807535482597814 0.00513035167299293
0 0.6579158929405133 0.8285707628452673 0.0019025875190259 0.0038120131323091753
0 0.6572602739726028 0.8226648766172819 0.0015829528158295147 0.0028116976295044084
0 0.6513810966847765 0.8358821017963061 0.0024353120243530667 0.003487586482751084
0 0.6497817851897776 0.8219705775054291 0.002374429223744272 0.003298337603842043
0 0.6426219950053593 0.8158519495807695 0.0018349867423471267 0.004651010180940034
0 0.6383571156160194 0.8065009175821402 0.001963470319634837 0.0044879019855554245
0 0.6335550002211734 0.7908130798508953 0.0021308980213090934 0.0028928042918943218
0 0.6357772224433957 0.7901777443288438 0.0014611872146119964 0.004109404227737628
0 0.6400326160267318 0.7643139450939338 0.0024323188650977557 0.004558502849714472
0 0.6476924831491894 0.7684464959538508 0.0019939117199392342 0.00397422645708815
0 0.649283046315095 0.7711906046980307 0.0014307458143073858 0.002757626521245129
0 0.6481508988680941 0.7515349233783162 0.0018417047184169633 0.0046771508644647495
0 0.6456944237735595 0.7399388437547916 0.0017199391171993739 0.0036768353616599826
0 0.6345786148949069 0.7256892271244965 0.0028408335217320513 0.005293646480925816
0 0.6361201393232875 0.7194251309559967 0.002300552299807421 0.004426850565920404
0 0.6373922271635076 0.7124066583249111 0.0018721461187214317 0.0042175464442571805
0 0.6301837499526803 0.7028588131649692 0.002678843226788459 0.00432568866077645
0 0.633455098934551 0.7056820338974102 0.0018264840182649067 0.004163475335997191
0 0.7587797026686194 0.82343930137718 0.0015963020183434652 0.0036337279905598054
0 0.7591129113423513 0.8273207835489143 0.0023247116771992183 0.0023123723576289022
0 0.7545449427448205 0.8179236484819121 0.0015472444128263874 0.004508399752384093
0 0.7526909449183339 0.810245897964421 0.0019470940925454272 0.00413784634807854
0 0.7564034105501346 0.7941432791861729 0.0018417047184169633 0.00289280429189418
0 0.751936135055462 0.7941838325173676 0.0011872146118722072 0.003947190902958368
0 0.7597847094165744 0.7788381780435286 0.0026122644467940857 0.0041244425842029385
0 0.7598908855360298 0.7545695492371494 0.0021308980213090934 0.0026494843047255756
0 0.7568570778561587 0.7524075323989777 0.0020829821079011877 0.003002351587029892
0 0.7557468854437439 0.7581695926843672 0.0014683316498320664 0.0036392140448850796
0 0.7515319984656884 0.7648115203810033 0.0022070015220698735 0.003920155348828729
0 0.7511476607055891 0.7732606331343859 0.0026642358072595583 0.003199309050448278
0 0.754563055841291 0.7132882449692943 0.002658815282404561 0.00298640259463383
0 0.7551915157085682 0.7015615304580095 0.0018572606752091758 0.003889268495337035
0 0.7579749517677098 0.6841526217831257 0.002191780821917746 0.0034875864827509416
0 0.7522380103385157 0.6673083743029821 0.0016133942161339122 0.003947190902958511
0 0.75720700152207 0.6750642688453522 0.002724505327245197 0.0036497998075302007
0 0.7553419266209851 0.6326663949995076 0.001690557371828163 0.0027861297268031394
0 0.7559480310101372 0.6012401549599596 0.0010502283105035587 0.0022709865469076355
0 0.7555751238564077 0.6031596793031777 0.0013089802130897964 0.0015680621395313921
0 0.7496779971556063 0.5955243668503524 0.0017351598173516436 0.00278466207537484
0 0.712769855871121 0.8411071317637095 0.0020303220189271088 0.003438594551831784
0 0.7167478705244839 0.8337267337012415 0.001345678547428406 0.00427727614983965
0 0.6939248226179413 0.8601216529850774 0.0018721461187216448 0.003595728699270353
0 0.6968873668188738 0.8556482526557019 0.002085235920852284 0.003730906469919688
0 0.6846595168500507 0.8445102459822297 0.0019178082191780277 0.0033794442662316727
0 0.6885179643386351 0.8487277924264868 0.0016894977168949764 0.004406795323165795
0 0.6755906239905789 0.833769893143992 0.0018714644390404088 0.004817218297642541
0 0.6676777281762919 0.8169009234648424 0.0019786910197868222 0.0038120131323090335
0 0.6556624777536979 0.8029060942409003 0.0020547945205480287 0.0036768353616599826
0 0.6698476516550451 0.8061926466141648 0.002404587937182896 0.003583848221214652
0 0.6635118978220188 0.7838913428703858 0.0023135464231354773 0.0027035554129852812
0 0.6629646753236238 0.7789061625801827 0.0017073623835253216 0.00369986761229967
0 0.6596097082399962 0.7786028947431092 0.001929319493383872 0.004124442584203081
0 0.6681496365250026 0.7809850168082044 0.0012831918422170929 0.0034358864762771193
0 0.6743637498488811 0.7860648028981062 0.0017808219178081686 0.003974226457088435
0 0.6696424572118339 0.789545058979624 0.002283938660442004 0.003449671646713881
0 0.7129150899987107 0.8527240658026207 0.002710243811311983 0.0036692319912839367
0 0.7111911123159029 0.8608605328670561 0.0017517429512137995 0.003346339576050923
0 0.7227233883271917 0.8616138018414726 0.0018908442774937838 0.003753713204726523
0 0.7291038786425683 0.8574448050706 0.001247664794041725 0.0029548626749898686
0 0.7317431695530412 0.856919180460145 0.0014076218189188693 0.0037219904848427633
0 0.7321878994802674 0.8390529686377096 0.0019687370250350967 0.004015006785693487
0 0.7357441477557449 0.8440937336566827 0.0015585267695135486 0.002353064527640072
0 0.7229031487159316 0.8366416336887377 0.0016761416641799087 0.004793833656972453
0 0.7201332535929222 0.8330084123908216 0.0022159160984074333 0.005197524912296529
0 0.7327888174386606 0.8170453919685156 0.0024324996923259334 0.0037178058590473027
0 0.719928174273818 0.8217150618632434 0.0020989385718250732 0.0034040178776366756
0 0.7171849700050751 0.812492578392582 0.001993911719939092 0.003595728699270495
0 0.7267985562310685 0.8078145376133395 0.0019088311447815443 0.004494429345432848
0 0.7378876148041295 0.7966590463593025 0.0023702660058621916 0.004333979575026916
0 0.7373792973678451 0.7910286649348354 0.0021959817407254433 0.0038077106266308646
0 0.6961434555560686 0.8657136173668818 0.0016438356164384515 0.003703870915789764
0 0.6885090762044481 0.8390459372402072 0.0017503805175037711 0.0027035554129852812
0 0.6961037631380198 0.8376130532714808 0.001775656878866414 0.004367056853861726
0 0.7008381111895627 0.8308932200146515 0.0017073623835257479 0.003881828314543867
0 0.7034728522693525 0.8254375113211441 0.0018125563574241709 0.0036838826387727863
0 0.6895504765176536 0.8142466096497859 0.0027598214420066825 0.004226955253958949
0 0.6893356401179764 0.8085959923832087 0.0015699583053331878 0.0039040628387259344
0 0.7049831435024396 0.8031899482674867 0.002085235920852284 0.0035686931451405714
0 0.7020379380229875 0.8059070214575368 0.0016438356164383094 0.003325373157971825
0 0.7018797564687976 0.7982652890150901 0.0018417047184172476 0.004352724214906231
0 0.7035844748858449 0.7972379379581557 0.001476407914764053 0.00289280429189418
0 0.7001445966514461 0.793912564800184 0.0017199391171993739 0.0038660842405688813
0 0.6992009132420091 0.7883567584264991 0.0017808219178080266 0.004217546444257039
0 0.7030517503805176 0.7883026873182394 0.001811263318112708 0.0032442664955823373
0 0.7105569798023111 0.7913907982260113 0.002207001522070016 0.0038660842405688813
0 0.7205714480167006 0.7966609117680545 0.0026027397260271813 0.0031090887249331446
0 0.7222678843226789 0.7899383383430956 0.0014916286149163228 0.0033794442662316727
0 0.7258478224438661 0.7950636937514622 0.0012785388127853992 0.002757626521245129
0 0.68629118077861 0.7764692319663083 0.0015511299597187644 0.0038077106266308646
0 0.6896548670957526 0.7773669848782783 0.0017602710778830044 0.003126656693412286
0 0.6854510905457171 0.7669138157857143 0.002419521906988109 0.002464823908919982
0 0.6866074796924394 0.7694576404609457 0.001814641430241153 0.00344443341118307
0 0.6875445101354276 0.7608721804996701 0.0016189448054112177 0.004550444139544538
0 0.6857120781029293 0.7567167401916833 0.001547782396382047 0.003254831572035357
0 0.6832658702925554 0.7616147877029985 0.0019213850437846246 0.003697235863379973
0 0.682153957651476 0.7648696192750338 0.0019391756460419175 0.0034444334111829278
0 0.6745622227054824 0.7440770676614028 0.0025418569254185286 0.004217546444256897
0 0.6549015886983643 0.7292351645200603 0.002949935471707761 0.003634041873660152
0 0.6687791492610958 0.7182522648759837 0.001955011237062081 0.004960801652215708
0 0.6828991156206876 0.7248261698244123 0.002168909612419441 0.005037878248448635
0 0.6654036029633885 0.6808355779769525 0.002526636225266259 0.004785293080983877
0 0.667235984947165 0.6735175814003757 0.0019430569311215606 0.003917723095739944
0 0.6678530368104267 0.6772021066927977 0.001706739196255711 0.002518536275832872
0 0.6787546340163954 0.6604164055735288 0.0024048706240486694 0.0029739109542838093
0 0.6840942097043134 0.6455535434840644 0.0016590563165905792 0.0029468754001537433
0 0.6796573756099451 0.6474460322731541 0.0020091324200913617 0.0033794442662315304
0 0.6825272493360092 0.6232631293497959 0.0027853881278538497 0.0032442664955822666
0 0.6869262652330841 0.6093634243470043 0.002484365930644259 0.0033006458315758633
0 0.7463797308618577 0.8297351366390265 0.001366413055824296 0.002996385102018451
0 0.7511138829272022 0.8239909211295656 0.0015013674317081894 0.003325987463240523
0 0.7439044395256675 0.8371626279074789 0.001476407914764053 0.002703555412985139
0 0.7509207513062424 0.8505564738236123 0.001674277016742849 0.0029739109542838093
0 0.7441187750983213 0.8552298807144132 0.0020420054106965323 0.0031934103243865765
0 0.7212756199020366 0.7833257679241656 0.002343987823439875 0.003298337603841901
0 0.7247716894977168 0.7804623766205822 0.001476407914764053 0.0040012620112180744
0 0.7152468986874305 0.7771983494598282 0.0020664206927810368 0.003311684780845354
0 0.7201222470601139 0.775649587480255 0.0017604453621481752 0.0025072071841530886
0 0.7109960295717549 0.7730861608835023 0.001993911719939092 0.003866084240569023
0 0.7130279930420746 0.7733159630936061 0.0014611872146117833 0.003730906469919688
0 0.7292076816181847 0.7656579133541755 0.0030514386277232576 0.0036622127408978146
0 0.7368793614906093 0.7705545330408649 0.0011567732115676677 0.0025143065340763825
0 0.743044581439452 0.7600348167666431 0.0018268777503723755 0.0037908479634218397
0 0.7492045878886529 0.7436581471583907 0.0017047184170472462 0.0039201553488285865
0 0.7527804110323778 0.749541153361504 0.001980540364889691 0.003912155098251162
0 0.74369376494715 0.7337612165272711 0.001415525114155116 0.0035146220368808658
0 0.7444140030441402 0.7060740494322928 0.002191780821917746 0.0035416575910106472
0 0.749241380749269 0.6962849616757373 0.0015981735159817845 0.0038660842405688813
0 0.7469506653763619 0.6971771349620224 0.0016438356164383094 0.003325373157971967
0 0.7429486749104575 0.6886920758923657 0.0016438356164384515 0.0037038709157896223
0 0.7470278225512491 0.6871780848610939 0.0013698630136985911 0.001865453234959915
0 0.7392442772518204 0.688313965258868 0.0016286149162860397 0.00173027546431058
0 0.7391780821917808 0.6929347701251848 0.0015829528158295147 0.0015410265854016814
0 0.73896499238965 0.6942324767234175 0.0016133942161339122 0.001595097693661245
0 0.7302531375183576 0.6905281074459836 0.0017047184170472462 0.0031090887249330024
0 0.7367222462091835 0.6729902075254395 0.0032765441845744193 0.003157613690376735
0 0.7410444959845793 0.6681918729959455 0.0015337015332049476 0.0026003877450160927
0 0.7266591159773641 0.6570263211519733 0.0016761960853932578 0.004235342069939065
0 0.7170160578682905 0.6416994735549848 0.0015525114155251175 0.0034875864827510128
0 0.7115883734430661 0.6328562557101276 0.001993911719939092 0.0029739109542838093
0 0.7394793985583077 0.6263917052823342 0.002527121844485407 0.003157613690376664
0 0.7455270867629963 0.6202234341833254 0.0016557005188008135 0.003652925641808409
0 0.7436622451260311 0.6155179706447248 0.0015162731066912726 0.0035290976539506147
0 0.7379021501632557 0.6155798846386538 0.00149884468017774 0.004086323599311328
0 0.7513522384365305 0.6103604606005331 0.0024505327245053364 0.002595413196465799
0 0.7501141552511416 0.6064750680179164 0.0016894977168948344 0.0034875864827509416
0 0.7537290715372907 0.606164159145423 0.0019178082191783118 0.0022169154386478596
0 0.7041673098263488 0.7511717076613798 0.0021156773211568236 0.0038660842405688813
0 0.6951254920855823 0.7511738325339808 0.0016868740349232781 0.004376154888974071
0 0.6865943439238933 0.7472470847324358 0.0020700152207001566 0.002433199871686611
0 0.6962696137239226 0.7410758930988925 0.0024961948249618616 0.00346055092862116
0 0.7009523829056085 0.7354558408729776 0.002326515775353499 0.004299071536539856
0 0.7084652599107366 0.7265785007404714 0.0027575433498762437 0.0030336294263629783
0 0.6973542472603256 0.719998631293013 0.001995637833382915 0.0038283014617427114
0 0.6797672897109619 0.7010440112747099 0.0031831447950551707 0.0042618211658505345
0 0.6831444618453051 0.7060985307581433 0.0024313467781325927 0.004773239705752843
0 0.6670379035308943 0.6992423771206832 0.0021834314169315405 0.0028421051225151926
0 0.7297823788671198 0.7585471261059109 0.002735723324427681 0.0048592899986363135
0 0.7250840714186464 0.7524730136076152 0.0029141400629771395 0.004859289998636456
0 0.7375827995432885 0.7378676215145622 0.0018264840182648356 0.0034335153744913783
0 0.7062717375274283 0.7600626924886437 0.00200913242009122 0.004731221972724029
0 0.7216683214492872 0.7428694564453175 0.0020700152207001566 0.002162844330388225
0 0.7192880985071494 0.7357772563487274 0.0015536997690081477 0.004636358693183525
0 0.7142912406001204 0.7320295197184413 0.002146118721461221 0.0032172309414524136
0 0.7242590800399168 0.7303906392694017 0.0019330289193304395 0.0038660842405688813
0 0.7313377355842985 0.7284657193676495 0.0021613394216133484 0.004217546444257039
0 0.7244279501958013 0.7214630913057083 0.0019786910197869645 0.004677150864464466
0 0.7167049426375496 0.7164206738263639 0.0014916286149161805 0.0037579420240494697
0 0.7386505547278972 0.7218736720112716 0.0016494262852559415 0.004535509625265774
0 0.7331416819432122 0.7165291345205853 0.0015981735159816424 0.0037849775781792516
0 0.6828080652762538 0.6665988937157883 0.0015829528158295147 0.0038120131323091753
0 0.6851369863013699 0.673617866699405 0.0020547945205480287 0.004271617552516602
0 0.6891251268393903 0.6930845581637165 0.0024203268953274914 0.0033326135942169798
0 0.6826020379632838 0.6852050200513122 0.0012328767123287322 0.0032442664955823373
0 0.6947945925459513 0.6924215499890508 0.0024051228588898256 0.004117280596275492
0 0.6998409018492557 0.6828706851333535 0.00199391171993895 0.004163475335997191
0 0.6964529807549065 0.7000006116071475 0.0023592085235921447 0.0037849775781792516
0 0.7018101498039314 0.7014073157914421 0.00200913242009122 0.003460550928621018
0 0.7096861298135377 0.702555349424413 0.0012529295820694131 0.0037748962098483217
0 0.704066717608556 0.6936111059170568 0.0015372907153728477 0.0033524087121016067
0 0.7040106544901065 0.6970306565758574 0.0013850837138507188 0.0028116976295046925
0 0.7059208523592087 0.6945704211500408 0.0011567732115676677 0.003893119794698805
0 0.7114992058170233 0.6820572865018956 0.0016494262852559415 0.005388684461606772
0 0.7253245487321629 0.6996752629871429 0.0014568156183695181 0.002445859267224648
0 0.7272104264847096 0.7010222579459043 0.0017162485367092017 0.003863748697499716
0 0.7268312552963668 0.705417715179757 0.0020355505900505476 0.002516753738738373
0 0.7241870351671347 0.709086504080594 0.0016563794017078236 0.0033320401611466365
0 0.7224508302520914 0.7092460166415 0.001616466645040049 0.00287122609630714
0 0.7171371742093668 0.6990246816987887 0.0015068493150685925 0.0034064798203613123
0 0.7184385440723805 0.7002277638575671 0.00152207001522072 0.0025143065340763825
0 0.7188470805932562 0.6697402181086093 0.0019519837695337117 0.0037457966327019677
0 0.7261319488471152 0.6700238935388877 0.0016438356164383094 0.003947190902958368
0 0.7263546423135463 0.6749966799600275 0.0016894977168949764 0.0023791287634270476
0 0.7307048558772722 0.6685405540036357 0.0016438356164383094 0.0032172309414524136
0 0.7122996634069193 0.6885804574697741 0.0022831050228309378 0.003649799807530343
0 0.7085010662719609 0.8194798769467277 0.002832849596300804 0.003187854256887732
0 0.6835988214024045 0.8110746231701507 0.0015981735159816424 0.003136124279062926
0 0.6751640626011981 0.8030181560778621 0.0015829528158295147 0.0034064798203613123
0 0.6980348723814259 0.8652368547199255 0.002149148435950822 0.004287166030366785
0 0.686748792034237 0.8348936066463701 0.0018229951251906584 0.005215297615171579
0 0.6828253508097949 0.7968494970116947 0.0015829528158295147 0.002865768737764398
