0.0 0.014201882302589296 0.35397448299583717 0.007439077367037328 0.00786416750229657
0.0 0.04191138616085475 0.5719031836083375 0.008939347579374157 0.006586887690065523
0.0 0.1528097273364601 0.5678934729973772 0.009191704722435644 0.009089574669964406
0.0 0.21741191415391015 0.5214541949171667 0.009809315826035458 0.00768016200333026
0.0 0.23114733951691022 0.5401015053684264 0.010379710585090152 0.008478084218355697
0.0 0.2762304521522019 0.5213361743453727 0.008610011078596358 0.006840830719980673
0.0 0.2825405287645978 0.522633573275024 0.004717814289642064 0.005425486433088267
0.0 0.27687144170405703 0.5800268682327311 0.007064313427971314 0.008830391784964142
0.0 0.18706842352499642 0.23811539282662256 0.007341704670076865 0.005072450499326031
0.0 0.2095204343622587 0.28285117635388435 0.006328642436571386 0.006120005872728651
0.0 0.21933604812936025 0.26529911317723387 0.007981206247026052 0.006180934161230223
0.0 0.27367643975228867 0.2859910461348935 0.006964992389649894 0.007013698630136922
0.0 0.2957346289633033 0.25050983015779194 0.009643835616438423 0.006624048706240515
0.0 0.3537061202396643 0.30962627733218057 0.005192509845637261 0.004254104451847329
0.0 0.35501988779097005 0.31325477818816805 0.003190578338885075 0.0030028972601275684
0.0 0.40938815358967096 0.315186318526087 0.006721461187214573 0.0058447488584475234
0.0 0.2875592464446484 0.22069507598919133 0.0062622919945575 0.005636062795101893
0.0 0.4493527898070077 0.35946221359667163 0.004857574931469344 0.0068538386019358025
0.0 0.48615693118168757 0.35746566898717214 0.007301127979572897 0.00829263918667511
0.0 0.4971086231510462 0.3469195952389005 0.00612934200754296 0.00685044106725341
0.0 0.4476596606473109 0.22826582740811446 0.00718074998075977 0.006717475788452365
0.0 0.5860625267617572 0.3658692672116939 0.006539000081686197 0.007293500091110872
0.0 0.6082069145758606 0.3384366822351609 0.009303177118127337 0.005896379863601897
0.0 0.6538251308898954 0.35983911817471353 0.007951926539315934 0.006976690265626662
0.0 0.6564507670113677 0.36595309942899934 0.005251272242944793 0.006001453991936944
0.0 0.6526352979825184 0.3708970778370249 0.005272188024965629 0.006887229820082741
0.0 0.6832651933839269 0.2649682270199353 0.009845390794561837 0.0074005622079927665
0.0 0.7912965445607348 0.30362137505418724 0.005552511415525175 0.007598173515981799
0.0 0.830049252552931 0.3784700693061004 0.006818873668188985 0.007403348554033418
0.0 0.7771994956504795 0.46242849342007364 0.005406392694064266 0.004529680365296685
0.0 0.7972984029957498 0.540611177323066 0.006283105022831137 0.006672754946727544
0.0 0.8014964967843596 0.5783386362153603 0.005822243582596087 0.007476986495544758
0.0 0.5302272810817822 0.4361287585784771 0.006672754946727366 0.008036529680365233
0.0 0.3881156773211568 0.40630745814307456 0.005893455098934908 0.007890410958904148
0.0 0.39690813298643873 0.3872630542908611 0.006770167427701779 0.007159817351598185
0.0 0.008658055835355682 0.6757722763006995 0.00738544434861268 0.0056304872756753
0.0 0.09680604452220579 0.688716823228878 0.0038964992389651345 0.005503805175038146
0.0 0.22676602962940323 0.6428757471263706 0.005747336377473289 0.007987823439878028
0.0 0.007100996332571441 0.7392898621392482 0.008381044995761044 0.00658108902351664
0.0 0.05641064123501671 0.729834918066506 0.005861069150390819 0.007278030923012935
0.0 0.07375940071404727 0.7208790431483882 0.0040964682229741815 0.004804499767685755
0.0 0.07398886642528524 0.7287920410761805 0.005765399721223474 0.007737773310062579
0.0 0.08823819570544167 0.7536819728508941 0.006429223744292045 0.007890410958904148
0.0 0.11544935989515501 0.718264994939202 0.007476986495544935 0.00698669229911566
0.0 0.12142482041413558 0.7220954183488051 0.007905993917420062 0.005944817131703672
0.0 0.15497061665860096 0.6959302107843339 0.007343947226848968 0.007854830512194867
0.0 0.36541389690733367 0.5323241601487884 0.0069818305578394305 0.0069818305578394305
0.0 0.3302463329573314 0.655931055299329 0.007107672275423482 0.0066469898131320095
0.0 0.43295556527955553 0.5859568799470556 0.006331404851322731 0.007041468946798623
0.0 0.3982796103376337 0.605029500691438 0.003604261796042607 0.005406392694063911
0.0 0.433379165272779 0.5596678852850365 0.006312537779025717 0.006802831975454638
0.0 0.4378957853301607 0.5652924168197647 0.006227166749095403 0.008123437567220292
0.0 0.4403910775396945 0.5579986206812049 0.0036529680365298134 0.004627092846271097
0.0 0.5111708254144058 0.5672848777573748 0.003263318112632874 0.00487062404870624
0.0 0.5851404781919243 0.5662117791747577 0.0050654490106545325 0.006039573820395816
0.0 0.6399551884292449 0.5653582022477106 0.005211567732115441 0.006283105022831137
0.0 0.6579238964992392 0.5702770167427702 0.0062343987823439305 0.006185692541856902
0.0 0.7231087339857009 0.6117581644413356 0.007745031949087178 0.005051107792882981
0.0 0.6612772159540071 0.5946782770047874 0.007088505584175664 0.00536427449613317
0.0 0.6488563660790323 0.594550556183451 0.004725670389450443 0.008174132565536141
0.0 0.6873431948482065 0.6226673646918357 0.006910143474692631 0.005374556035871869
0.0 0.6545622968751232 0.6371063990771483 0.005357686453576349 0.007890410958904148
0.0 0.8189331155365196 0.6855232872233017 0.006927647595743025 0.005394046219586457
0.0 0.8015875551441229 0.6814777525586115 0.00438927290417439 0.005446929025661085
0.0 0.7975684618824715 0.6803672136310499 0.0033316167826860977 0.006293053922851044
0.0 0.7592521599233514 0.6591617497302946 0.0062177424426458575 0.006165492506153392
0.0 0.7422037008679154 0.6644788084173819 0.005698630136985372 0.00652663622526628
0.0 0.6891013438350964 0.6778223236509544 0.004480974124809478 0.007452054794520535
0.0 0.6656162023370935 0.6708979306960675 0.003019786910198263 0.004480974124809833
0.0 0.47968983455670333 0.621652037418794 0.0059682023998227866 0.008385702106080117
0.0 0.4872233727429194 0.6365270548076711 0.004849110773506027 0.007549183817845062
0.0 0.4686157407014452 0.6476164357447197 0.0057997429507032905 0.005120493776296975
0.0 0.4297536950022355 0.6776833339707353 0.009392255184949506 0.007441556031152707
0.0 0.461901249115401 0.6847680179706108 0.005058954179992981 0.0037942156349947353
0.0 0.48730634773247417 0.6981875500683777 0.006236062109838514 0.007730118656987095
0.0 0.3979399813836896 0.7336757120661213 0.00651038955339871 0.008680519404531139
0.0 0.2882273158046257 0.7386923677024761 0.004905034512641038 0.006405398010624985
0.0 0.30630826707124825 0.7638827181758108 0.007205293177386806 0.0069260182480309854
0.0 0.3484152616178807 0.7937710449020046 0.00920528160448697 0.006920282624649765
0.0 0.3699704873119355 0.7864680481694875 0.008047623538779903 0.005014288512624176
0.0 0.4249574236190057 0.7651174484801693 0.008607335567155872 0.008101021710264611
0.0 0.43214708038686567 0.7525608648292593 0.005366926883050382 0.005063138568915271
0.0 0.49060512187264466 0.7395125406353814 0.005912033940106198 0.005968339025249669
0.0 0.5123064906630915 0.7610602145588237 0.008779170796754698 0.008400213783945353
0.0 0.5452854263138424 0.7260098518670024 0.00433485540334857 0.004773211567732005
0.0 0.5583844575694819 0.7583764590229457 0.008396288113849692 0.0058835303571500575
0.0 0.6012473465667985 0.7355164669305805 0.006867579908676191 0.005552511415525175
0.0 0.670012744427855 0.7409986938847275 0.0075489083498034406 0.006438774768949607
0.0 0.7817410224999122 0.7367485561358067 0.005747336377473289 0.0030684931506849366
0.0 0.7839084502015858 0.7393543400018645 0.004432267884322272 0.00487062404870624
0.0 0.7238332791914154 0.8133189545210555 0.005880196524891801 0.007227091695757792
0.0 0.8057920473671437 0.8504385869148019 0.007659390880879613 0.006612423782054222
0.0 0.7791837193430069 0.83686618938929 0.004023245109947027 0.006635741934588779
0.0 0.7628395175100394 0.839606444329743 0.009846596172656773 0.005568015692871598
0.0 0.5716426874238895 0.776553610966006 0.005942161339421404 0.006136986301369873
0.0 0.5674555389801643 0.752928461812483 0.0032481009925035666 0.005988686204929294
0.0 0.5489392396402014 0.7892728446727115 0.005211567732115441 0.005552511415524997
0.0 0.5778146262240409 0.7917832537524678 0.006772188588178097 0.007489243850455551
0.0 0.47819578001651414 0.7922542623217363 0.008542607135092339 0.0065667660290161575
0.0 0.45166789673709895 0.7847422515654592 0.006984372619794499 0.006332497841947138
0.0 0.39547992465279835 0.8320886237325764 0.005016742770167326 0.007452054794520535
0.0 0.39187566285675574 0.8367157165788474 0.007939117199391176 0.005893455098934552
0.0 0.24443260399515196 0.8426757875570047 0.00858014843751036 0.0074419654815141454
0.0 0.19272904766020282 0.8494050638094052 0.00977555517152453 0.005993053924251157
0.0 0.10631084678595251 0.8461457244256272 0.010596287120744563 0.00838872730392346
0.0 0.1270826010085752 0.8702359948456632 0.008038037691964206 0.008791603725586229
0.0 0.09681709997743013 0.9528082298492919 0.009984962863778434 0.005841542899898045
0.0 0.13285734818547468 0.9474316130189026 0.012559433893694915 0.007703119454799534
0.0 0.1536095843537968 0.8933209878950896 0.005016742770167326 0.007598173515981799
0.0 0.14316209576932196 0.8900089635419695 0.008085235920852085 0.004773211567732005
0.0 0.16211996863725026 0.9961323691689209 0.004938864596304882 0.007735261662157988
0.0 0.17772371026506448 0.9969945797491014 0.007341518048082918 0.006010840501796899
0.0 0.22740872536001538 0.9417747768073275 0.0065887169917452585 0.0059094678173384095
0.0 0.24099646592280272 0.9005587261928494 0.00811216875895937 0.0061521816762574845
0.0 0.2133981672952423 0.8613876478440204 0.0060395738203951055 0.0038964992389651345
0.0 0.25337020817233585 0.8682685729820936 0.007445981516298161 0.008294257891572699
0.0 0.2878049188458164 0.8708953649835228 0.008310155240259576 0.006682991976432362
0.0 0.3253464764430774 0.8720122084481619 0.0054326789135522805 0.007451991018440652
0.0 0.31936886149913873 0.8915583758570482 0.007226071181684546 0.007730215682732933
0.0 0.3898421565713857 0.8897229652427437 0.007201066494469189 0.008288997403705523
0.0 0.3974884915977338 0.893656161697665 0.006450540081599598 0.005113941686313339
0.0 0.596556661999417 0.8435919524568847 0.00638051750380555 0.0065753424657536644
0.0 0.6468641743489911 0.8261172011689408 0.006575342465752953 0.006721461187214573
0.0 0.8146856470792659 0.8943372290377768 0.004480974124810189 0.0064779299847792515
0.0 0.7754047704484656 0.8913829530780063 0.006003911678331519 0.006663682192434095
0.0 0.7403304527666602 0.8716712171410617 0.004919330289193624 0.00681887366818863
0.0 0.8108114694194939 0.9651939876015113 0.005747336377473289 0.0065753424657536644
0.0 0.8153281179577079 0.9106610597527538 0.0056841767368815965 0.00416162939664595
0.0 0.6995335841541074 0.9188761681060539 0.005635457454491899 0.004508365963593164
0.0 0.6692572234135852 0.9034405838562751 0.004919330289192914 0.006136986301369873
0.0 0.6056055454125324 0.9116717770389393 0.007104854917461267 0.005476658998876616
0.0 0.5808993046082677 0.9194858196834266 0.004042617960426753 0.007208523592085214
0.0 0.6422457582081605 0.9312581297991622 0.0075494672754942375 0.005990867579908609
0.0 0.5488462709284626 0.9405175038051748 0.00394520547945163 0.007013698630137099
0.0 0.5427579908675799 0.9405905631659056 0.004627092846270386 0.006088280060883022
0.0 0.6211131894179645 0.9505219395159816 0.004042617960426043 0.005503805175037968
0.0 0.6698562482765261 0.9423130772243937 0.006380517503804839 0.006136986301369873
0.0 0.5052098086087871 0.955262478193281 0.00867278019619846 0.00655746795322294
0.0 0.5075532438748851 0.968299942368863 0.01008219178082186 0.006575342465753309
0.0 0.5889842527143412 0.9351277514347137 0.005796042617960495 0.005114155251141739
0.0 0.5510882502667996 0.9902834863373615 0.008708970786151581 0.007059544500895498
0.0 0.6352959496578301 0.9949820638719917 0.009870193008011795 0.0061158864650867175
0.0 0.692094206647964 0.9989914087420798 0.006574578629465577 0.0020171825158403324
0.0 0.7696413433716132 0.9833854364080306 0.005162861491628945 0.005698630136986083
0.0 0.7646489537216891 0.9896685414308617 0.00472450532724551 0.005406392694063911
