0 0.1488762175522553 0.6012165909284982 0.004227722202295308 0.0023801580562726344
0 0.17867159307319347 0.5962295930963079 0.0038250819925528747 0.0019267946169826899
0 0.1416286937598849 0.5882957352368399 0.008254124299719336 0.0019267946169826899
0 0.22859897908125204 0.6103972005741214 0.003019801573068044 0.002153476336627662
0 0.25326069192797457 0.5986097511525805 0.0032211216779392516 0.001926794616982619
0 0.27057422094689815 0.588919107637756 0.0036237618876817025 0.0027201806357401636
0 0.28144550652490785 0.603030046082523 0.004026402097424046 0.0026068397759176774
0 0.3066105197188436 0.6001965231900956 0.0032211216779391805 0.002153476336627662
0 0.16508248599438724 0.5430727298395511 0.003221121677939287 0.0019267946169826899
0 0.15411054027890664 0.5499865222887244 0.004227722202295308 0.0023801580562727766
0 0.1676996473577129 0.5698778431875746 0.0024158412584544564 0.0018134537571601328
0 0.1630692849456752 0.5769049764965701 0.004429042307166462 0.002266817196450148
0 0.24842900941106572 0.5394458223252309 0.004429042307166533 0.002153476336627662
0 0.2768151441979054 0.5476063642324516 0.0032211216779393227 0.0017001128973375757
0 0.2601055754935955 0.5668743104022781 0.004429042307166462 0.0017001128973375757
0 0.3444586994346299 0.5616606308504427 0.004026402097424082 0.002153476336627662
0 0.3471765208503912 0.5793984754126653 0.003422441782810495 0.002266817196450148
0 0.35371942425870534 0.5892024597873123 0.003623761887681667 0.0026068397759176774
0 0.35975902740484145 0.5980430468534681 0.004429042307166497 0.0019267946169826899
0 0.1547145005935202 0.5332120750349929 0.0038250819925528747 0.001926794616982761
0 0.1582376024287663 0.5342888132033068 0.0036237618876816848 0.002040135476805105
0 0.153506579964293 0.5172310138000192 0.0038250819925528924 0.002153476336627662
0 0.17967819359754955 0.5304352239693415 0.003019801573068044 0.0024934989160951206
0 0.16991416851129615 0.501816656864158 0.005234322726651221 0.002833521495562721
0 0.22145211535832438 0.5007965891257554 0.0040264020974241175 0.0017001128973376466
0 0.2095742291709233 0.5330420637452592 0.004026402097424082 0.002040135476805176
0 0.2984570554715598 0.517627706809398 0.0030198015730680794 0.002266817196450148
0 0.31093890197357454 0.530321883109519 0.004630362412037705 0.002266817196450006
0 0.31184484244549493 0.5140574697249889 0.004429042307166462 0.0026068397759178197
0 0.3515049031051221 0.5327587115957029 0.003623761887681667 0.0023801580562726344
0 0.23202142086406255 0.4675877171977604 0.005033002621780049 0.0014734311776926036
0 0.3186897260111159 0.46396080968344 0.004831682516908842 0.0023801580562727055
0 0.35512866499280377 0.4610706177579661 0.005636962936393672 0.002266817196450148
0 0.3322788330899221 0.47603161125453725 0.004227722202295325 0.002040135476805176
0 0.3334867537191494 0.442142694167607 0.004227722202295183 0.0024934989160951913
0 0.2720841217334321 0.4264449850821896 0.00624092325100726 0.0019267946169826899
0 0.14344057472073282 0.4194745222031052 0.005033002621780103 0.002040135476805105
0 0.15018479823391814 0.4198712152124841 0.002818481468196854 0.0017001128973376466
0 0.1369983313648543 0.4382324345037305 0.004630362412037688 0.0017001128973376466
0 0.15682836169466788 0.4446361930837023 0.004831682516908913 0.0022668171964502193
0 0.17132340924539455 0.43687234418586046 0.004831682516908913 0.002153476336627591
0 0.18813363800214006 0.4385157866532867 0.005838283041264951 0.0024934989160951913
0 0.17404123066115582 0.42661499637192335 0.002617161363325664 0.002040135476805247
0 0.1676996473577129 0.41579094425887375 0.004831682516908877 0.0023801580562726344
0 0.17394057060872023 0.40808376579094313 0.0036237618876816314 0.0019267946169826899
0 0.32704451036327087 0.3990164970051424 0.0034224417828104237 0.002153476336627591
0 0.3501963224234593 0.42134464639017666 0.0030198015730680794 0.0017001128973376466
0 0.3541220644684478 0.4227614071379581 0.0028184814681969073 0.0018134537571601328
0 0.36620127076071995 0.42451819046520695 0.003623761887681667 0.0017001128973376466
0 0.1612574040018344 0.39561627121046716 0.0036237618876816848 0.002153476336627591
0 0.30600655940423 0.3600272412261994 0.0032211216779391805 0.002153476336627662
0 0.3242260288950739 0.3678477605539526 0.0030198015730680794 0.002153476336627662
0 0.32664187015352836 0.3659209659369699 0.002617161363325593 0.002153476336627591
0 0.3624768488206027 0.39278274971490446 0.004227722202295183 0.002153476336627662
0 0.3569405459366446 0.36093396810477946 0.004026402097424011 0.0023801580562727055
0 0.3579471464610006 0.3587804917681518 0.0044290423071665684 0.0023801580562727055
0 0.3416402179664331 0.3388325004393903 0.003623761887681667 0.002153476336627662
0 0.36469136997418594 0.3367356945326739 0.0046303624120376695 0.002946862355385278
0 0.37596529584697336 0.3414960106452192 0.003825081992552839 0.0015867720375150895
0 0.3725428540641629 0.35475689124445275 0.0034224417828104237 0.0015867720375150895
0 0.15904288284825113 0.3681877831334201 0.0032211216779392516 0.0017001128973375757
0 0.17142406929783013 0.36104730896460197 0.0034224417828104593 0.0023801580562727766
0 0.13921285251843754 0.35339680092658265 0.0038250819925528747 0.002040135476805176
0 0.1469636765559789 0.34931652997297236 0.00442904230716648 0.002040135476805176
0 0.15521780085569822 0.34104264720592914 0.0036237618876816848 0.002266817196450148
0 0.32019962679764985 0.31950788383965245 0.003019801573068115 0.002266817196450255
0 0.3352986346629902 0.32092464458743386 0.0030198015730680794 0.0014734311776926745
0 0.3420428581761755 0.31525760159630845 0.0032211216779391805 0.002153476336627591
0 0.35251150362947814 0.30313012959529995 0.0032211216779393227 0.0026068397759176774
0 0.29181349201081014 0.28737575007997124 0.005435642831522536 0.00238015805627267
0 0.26060887575577346 0.2835221608460059 0.005838283041264951 0.0021534763366276265
0 0.21863363389012747 0.2757583119481641 0.004026402097424046 0.0013600903178700818
0 0.22104947514858198 0.27150802970481996 0.004831682516908913 0.0014734311776926036
0 0.1439438749829108 0.277741776995058 0.003221121677939234 0.002153476336627662
0 0.154412520317164 0.28833914925094867 0.006039603146136123 0.002040135476805176
0 0.19809898319326472 0.3057369693712177 0.0052343227266512925 0.0023801580562727055
0 0.21682175294628664 0.3205846220079663 0.003221121677939216 0.0026068397759176774
0 0.16719634709553488 0.32693171015802674 0.005033002621780085 0.0026068397759177486
0 0.16256598471751132 0.32528826955308654 0.0046303624120376695 0.0015867720375150895
0 0.17867159307319352 0.3217747010361027 0.004227722202295254 0.002040135476805176
0 0.3576451663036938 0.28482558073396474 0.003422441782810495 0.002266817196450255
0 0.3684157919143032 0.2781384700044367 0.004429042307166355 0.0020401354768051407
0 0.34616992039406347 0.28142535447366807 0.0054356428315225 0.0013600903178701174
0 0.3452639798541148 0.27689172054638916 0.004831682516908913 0.002266817196450148
0 0.3258365897340436 0.2713946888449975 0.003422441782810495 0.002153476336627733
0 0.32754781062544885 0.2529767991238398 0.004429042307166497 0.002040135476805176
0 0.3432507788054028 0.25167337923588096 0.004026402097424082 0.00238015805627267
0 0.14646037629380085 0.25728375179709506 0.0034224417828104415 0.0018134537571601328
0 0.14213199403906998 0.25858717168505396 0.004429042307166497 0.0014734311776926036
0 0.13669635120754747 0.24736642656262556 0.004026402097424065 0.002153476336627662
0 0.16095542384452755 0.24277612173981397 0.004227722202295325 0.0022668171964501838
0 0.1736385904514134 0.21347750947569544 0.00422772220229529 0.0019267946169826543
0 0.22507587724600606 0.22804180996288778 0.004831682516908877 0.0020401354768051407
0 0.22497521719357041 0.23098867231827305 0.005033002621780085 0.002266817196450148
0 0.22718973834715367 0.21659438312081442 0.0046303624120376695 0.0018134537571601328
0 0.17192736956000815 0.22469825459812384 0.0036237618876817025 0.0017001128973376113
0 0.17293397008436417 0.23274545564552196 0.004026402097424082 0.0017001128973376466
0 0.2656418783775536 0.21846450730788583 0.003825081992552839 0.002153476336627662
0 0.3111402220784457 0.23212208091649814 0.00422772220229529 0.002493498916095227
0 0.3445593594870655 0.21495094065338805 0.0046303624120376695 0.0023801580562727055
0 0.14162869377689197 0.19811982296974548 0.004630362412037688 0.002040135476805105
0 0.16941086824911814 0.1872957708566959 0.0034224417828104593 0.0019267946169826899
0 0.17716169228665948 0.19024263321208112 0.004026402097424046 0.0019267946169826899
0 0.2499389101975997 0.19545631276391653 0.0034224417828104237 0.0019267946169825834
0 0.295135273741185 0.19171606438977373 0.0036237618876816314 0.0012467494580475603
0 0.3141600236515138 0.19596634663311782 0.0034224417828104237 0.002040135476805176
0 0.3342920341386342 0.19296281384782132 0.004227722202295254 0.0017001128973376113
0 0.3729454942739053 0.15040332098446926 0.005033002621780156 0.0018134537571601328
0 0.36690589112776917 0.15471027365772458 0.0030198015730680794 0.0018134537571601684
0 0.3457672801162929 0.15539031881665966 0.0034224417828104237 0.0018134537571601861
0 0.3515049031051221 0.16536431448104044 0.0024158412584543497 0.0024934989160951913
0 0.35744384619882263 0.1762450370240013 0.004227722202295325 0.002266817196450148
0 0.2242705968265212 0.17686841175302503 0.0028184814681968717 0.001473431177692639
0 0.22648511798010443 0.1698979488739408 0.004831682516908913 0.002040135476805176
0 0.20444056649670764 0.16406089459308157 0.00422772220229529 0.001473431177692639
0 0.17172604945513698 0.15624037526532844 0.005234322726651328 0.0017001128973376466
0 0.15551978101300507 0.1302286479360627 0.0038250819925529102 0.002040135476805176
0 0.2027293456053024 0.124731616234671 0.0032211216779392516 0.0019267946169826543
0 0.19578380198724582 0.1349322936186968 0.003019801573068044 0.002606839775917731
0 0.18642241711073484 0.14416957369423128 0.005234322726651328 0.0015867720375151073
0 0.24742240888670963 0.1258650248328961 0.004831682516908948 0.0019267946169826543
0 0.33690919550195986 0.13073868180526396 0.0034224417828104237 0.002380158056272652
0 0.3304669521460813 0.13821917855354957 0.002617161363325664 0.00215347633662768
0 0.32472932915725194 0.143886221544675 0.0032211216779392516 0.002833521495562703
0 0.32221282784636185 0.09707644643797884 0.004227722202295254 0.0019267946169826543
0 0.33942569681284984 0.1033668641581281 0.003623761887681667 0.002040135476805158
0 0.3658992906034132 0.11424758670108894 0.0030198015730680794 0.0013600903178700996
0 0.3743547350080037 0.11288749638321884 0.004227722202295254 0.001586772037515125
0 0.22779369866176727 0.10438693189653067 0.003422441782810495 0.0018134537571601328
0 0.21742571326090027 0.10382022759741812 0.004026402097424082 0.002493498916095209
0 0.13649503110267627 0.09509298139108495 0.004429042307166462 0.0018134537571601506
0 0.17736301239153068 0.0899359722691608 0.004026402097424082 0.00215347633662768
0 0.23333000154572534 0.08585570131555047 0.003623761887681667 0.0012467494580475956
0 0.24852966946350125 0.08268215724052022 0.0030198015730680794 0.002153476336627662
0 0.2438993070514636 0.09089936957765213 0.0046303624120376695 0.001586772037515125
0 0.37707255642376497 0.0786018862869099 0.002415841258454492 0.002153476336627671
0 0.43893863359052815 0.595397648973639 0.003146613115101218 0.0017715063094296112
0 0.4134510673582081 0.5780368871412292 0.0033563873227746652 0.002007707150686926
0 0.4031721311822107 0.5445554178930107 0.004615032568815138 0.001889606730058233
0 0.4076822766471891 0.5305605180485171 0.004405258361141691 0.0027163096744587277
0 0.4819423461635786 0.5627428826698206 0.0031466131151012887 0.0016534058888009184
0 0.5023953314117366 0.5567788114280746 0.003775935738121419 0.0017715063094296112
0 0.4930603791702696 0.5838828579623468 0.003985709945795009 0.001889606730058233
0 0.4977802988429215 0.5794540921887729 0.0033563873227745946 0.002007707150686926
0 0.5699426262825767 0.5879573224740348 0.005454129399508716 0.0015353054681722965
0 0.5793824656278805 0.5798083934506588 0.0033563873227746652 0.0027163096744587277
0 0.6165125003860753 0.5995311636956413 0.004195484153468385 0.0017715063094295403
0 0.6509154704445156 0.614116565643278 0.0033563873227745946 0.0021258075713154767
0 0.5219043327253644 0.5426658111629524 0.0050345809841621045 0.0023620084125728622
0 0.5538948993955605 0.5505194891347568 0.0027270646997544644 0.002480108833201413
0 0.5472870118538478 0.5618571295151059 0.004195484153468385 0.002007707150686855
0 0.6036113866141601 0.5501651878728708 0.0027270646997543226 0.002480108833201342
0 0.5839974981966957 0.5284347104772017 0.0054541293995087866 0.002952510515715829
0 0.39080934889557495 0.48598323088684253 0.004195484153468314 0.002598209253830035
0 0.44577019130601014 0.4933054569658182 0.003775935738121419 0.003070610936344593
0 0.4045495594981838 0.5029896914573664 0.00524435519183541 0.001889606730058162
0 0.43391794857246213 0.5201733026588331 0.004405258361141691 0.0022439079919440983
0 0.5053460662852605 0.5068870053381115 0.005873677814855611 0.0028344100950873498
0 0.5571602955805943 0.4925968544420464 0.005454129399508858 0.0028344100950872786
0 0.5653414896798575 0.4957265155887052 0.003775935738121419 0.0017715063094295403
0 0.6466289951533064 0.501454385989194 0.003146613115101218 0.0023620084125727204
0 0.6510342535144482 0.5066508044968542 0.002307516284407569 0.002598209253830035
0 0.4467141752405405 0.45403706710679614 0.003985709945794938 0.002716309674458657
0 0.4611885955700062 0.45982398771759947 0.00608345202252913 0.0022439079919441694
0 0.4744043706534315 0.4832078710020697 0.003985709945794938 0.002716309674458657
0 0.39657813960659394 0.4553952219440255 0.004824806776488515 0.002598209253830035
0 0.5388050524091704 0.45793438098754125 0.003985709945794938 0.0029525105157159714
0 0.5636632960184703 0.45758007972565534 0.005034580984161962 0.002716309674458657
0 0.5815989907745474 0.46992157368134796 0.003985709945794938 0.003306811777601837
0 0.6006884436728283 0.46047354003105695 0.004824806776488515 0.001889606730058162
0 0.6113869282641725 0.4514979080632805 0.004405258361141833 0.0023620084125727204
0 0.6150579768984572 0.46590615937997426 0.00377593573812149 0.003779213460116395
0 0.6109673798488257 0.4672052640068893 0.004405258361141691 0.003070610936344593
0 0.6303714940586166 0.47866100480786705 0.004195484153468243 0.0021258075713154767
0 0.400144301137042 0.4015414301373669 0.004824806776488657 0.0021258075713154055
0 0.4232194639811179 0.4082731541131992 0.0035661615304480422 0.001889606730058233
0 0.39343152649149266 0.42598821720749486 0.0039857099457948665 0.001889606730058162
0 0.4469239494482139 0.4284683260406962 0.004824806776488586 0.0021258075713154767
0 0.5141565830075439 0.42516151426309434 0.004195484153468314 0.0016534058888009184
0 0.5342949069441919 0.4352591002268429 0.0037759357381215606 0.002716309674458657
0 0.5480351175468007 0.4380935103219301 0.003566161530448113 0.0015353054681722256
0 0.5747813290251613 0.42752352267566707 0.0037759357381215606 0.0021258075713154767
0 0.6254418001782913 0.42770067330661 0.003985709945794795 0.0022439079919440983
0 0.5576847310997778 0.4178983383944332 0.003985709945794938 0.0017715063094296112
0 0.5583140537227981 0.42043749743794884 0.003985709945794938 0.0021258075713154767
0 0.5265332613666027 0.4124066678648524 0.0033563873227747364 0.0023620084125727915
0 0.5398539234475375 0.41022181105357175 0.003985709945794938 0.002007707150686784
0 0.4551051435474771 0.37939760126949734 0.004405258361141691 0.0015353054681722256
0 0.4939133719670592 0.38347206578118537 0.003566161530448113 0.0023620084125727204
0 0.5126881635538301 0.37874804895603986 0.005034580984162033 0.0021258075713154767
0 0.5116392925154629 0.38105100715829826 0.002936838907427841 0.0017715063094296112
0 0.46811114442322904 0.39687646352253564 0.003985709945794938 0.0015353054681722965
0 0.46779648311171884 0.4000061246691946 0.004615032568815209 0.001889606730058162
0 0.5556918761268804 0.3936287019552482 0.004615032568815351 0.0023620084125727915
0 0.5896752977699738 0.3948687563718489 0.0037759357381216318 0.002480108833201342
0 0.6033106212687459 0.3960497605781353 0.004195484153468385 0.002480108833201342
0 0.5578945053074513 0.3870741286103588 0.004824806776488515 0.002716309674458799
0 0.5634535218107968 0.3755593375990667 0.002936838907427912 0.00401541430137371
0 0.5762497484788751 0.37685844222598164 0.004615032568815138 0.001889606730058162
0 0.5818087649822208 0.3690638144644916 0.0031466131151012887 0.0028344100950872786
0 0.5908290559121777 0.3626863917505452 0.005663903607182306 0.0030706109363445224
0 0.6062474600698462 0.3615053885146079 0.00377593573812149 0.0028344100950873498
0 0.6063523472800104 0.3733744798174369 0.00314661311510136 0.0022439079919440983
0 0.6139042187562535 0.380991956947984 0.004824806776488657 0.002598209253830035
0 0.6224000741847481 0.3838854162830366 0.0033563873227746652 0.002007707150686926
0 0.45342694988608984 0.3372357511050738 0.003566161530448113 0.002480108833201413
0 0.442938239502419 0.3401292114104754 0.003985709945795009 0.002598209253830035
0 0.43633035196070635 0.35205735389396786 0.0067127746455493305 0.0023620084125727204
0 0.4475532720180703 0.3570175725307196 0.004405258361141761 0.0023620084125727204
0 0.48457841972559224 0.3556594167231413 0.004615032568815209 0.0017715063094295403
0 0.4852077423486124 0.36044248375860105 0.004615032568815138 0.0021258075713154767
0 0.5067095986351375 0.35394696062402603 0.00524435519183541 0.0021258075713155478
0 0.5082829051926882 0.3568404209294276 0.004195484153468243 0.0015353054681722965
0 0.5333509230096616 0.3686504629922914 0.003985709945794938 0.0022439079919440983
0 0.5569505213906422 0.36776471226344926 0.002936838907427912 0.0028344100950872786
0 0.5650268283683474 0.35365170957245445 0.003566161530447971 0.002007707150686855
0 0.549713311208188 0.34839624085448007 0.004405258361141833 0.001889606730058233
0 0.5743617806098144 0.35430126188591193 0.0054541293995087866 0.002598209253830106
0 0.5861091362395258 0.3521164041042822 0.004195484153468385 0.0022439079919440983
0 0.587472668589403 0.34951819485045216 0.003985709945794938 0.002007707150686855
0 0.6035203954764193 0.34573898139033576 0.005454129399508858 0.002716309674458586
0 0.6167361705598445 0.35489176398905514 0.004195484153468243 0.0016534058888009184
0 0.6174703802867015 0.35217545431459657 0.005244355191835268 0.0023620084125727915
0 0.6307910424739636 0.3557775171437699 0.004615032568815138 0.002480108833201342
0 0.6277493164626989 0.3521164041042822 0.005244355191835339 0.0022439079919440983
0 0.6298470585394331 0.3501677471639095 0.00398570994579508 0.0023620084125727915
0 0.46391566026976067 0.33694050005350235 0.003985709945794938 0.001889606730058233
0 0.4652791926196379 0.3345784916409296 0.005034580984161962 0.0016534058888009184
0 0.4516438691208657 0.3002112692379961 0.004195484153468314 0.0023620084125727915
0 0.4905569846442846 0.2888145786473326 0.004405258361141762 0.002243907991944063
0 0.49685021087448705 0.3111946083564594 0.0039857099457948665 0.002362008412572756
0 0.5071291470504845 0.33091737860144177 0.00524435519183541 0.0023620084125727915
0 0.5174080832264818 0.33386988911715776 0.004824806776488515 0.0023620084125727204
0 0.537126858747783 0.31904828632826376 0.004405258361141691 0.002716309674458657
0 0.544364068912516 0.314088068661861 0.0029368389074277703 0.002716309674458657
0 0.5564260858537373 0.294070047365307 0.004405258361141833 0.0028344100950872786
0 0.5240159707681946 0.29011368327424764 0.0033563873227746652 0.0020077071506868194
0 0.5230719868336641 0.2936566958931068 0.003985709945794795 0.002243907991944134
0 0.5332460359058249 0.2947195996787645 0.0037759357381215606 0.002243907991944063
0 0.5519159403887588 0.3002112692379961 0.0029368389074277703 0.0016534058888009184
0 0.5533843598424728 0.30310472954339773 0.002936838907427912 0.0015353054681723321
0 0.5615655539417361 0.32087884284800766 0.0037759357381216318 0.0021258075713155478
0 0.5807598939438536 0.3231818010502661 0.003985709945794938 0.0022439079919441694
0 0.5927170237812385 0.3261933617762963 0.003985709945794938 0.0021258075713154055
0 0.594290330338789 0.3290868220816979 0.005034580984162033 0.0022439079919441694
0 0.6153726382099673 0.3372948013153882 0.0018879678690608159 0.0025982092538299638
0 0.5460422625739032 0.3257209600937819 0.0033563873227746652 0.0023620084125727915
0 0.5493986498966779 0.3320393325974139 0.002517290492080875 0.002007707150686855
0 0.5534892469463095 0.33003162544672704 0.003985709945795009 0.0017715063094295403
0 0.5566358600614107 0.3351099435337585 0.003985709945794938 0.0022439079919441694
0 0.5618802152532462 0.3385939059423032 0.004405258361141762 0.002598209253830035
0 0.5745715548174878 0.34331792276744877 0.002936838907427841 0.0035430126188591513
0 0.6113869282641725 0.3174539306497771 0.004405258361141833 0.0016534058888009184
0 0.6310008166816368 0.31101745772551637 0.0029368389074277703 0.0024801088332013776
0 0.5928219108850751 0.30759254552728593 0.0050345809841621045 0.0017715063094295048
0 0.5983809273884207 0.3037542818568552 0.003985709945794938 0.0023620084125727204
0 0.5912486043275245 0.30015221902768174 0.006083452022528988 0.0024801088332013776
0 0.6117015895756825 0.2949558005200217 0.0025172904920809456 0.0017715063094295048
0 0.625232025970618 0.3002112692379961 0.003985709945794795 0.001889606730058162
0 0.623448945205394 0.3065886919519425 0.004615032568815209 0.0016534058888009184
0 0.6412797528576343 0.2944833988375071 0.0033563873227747364 0.0020077071506868194
0 0.6516635761374684 0.3015103738649111 0.003566161530447971 0.0014172050475436038
0 0.6323643490315141 0.2926528423177633 0.003566161530448113 0.0023620084125727204
0 0.6268053325724717 0.2849763137639654 0.004615032692863894 0.002598207798306522
0 0.637398930015676 0.27989799688987044 0.004405258361141691 0.002598209253830035
0 0.6509293664106116 0.2803113483620707 0.0033563873227747364 0.002480108833201413
0 0.38661386474210657 0.2423420631299638 0.0033563873227746652 0.002362008412572756
0 0.42940780310748367 0.25545120981974256 0.0037759357381215606 0.001889606730058162
0 0.43370817436478865 0.256277912764143 0.0027270646997544644 0.0016534058888009896
0 0.4468190623443772 0.23738184546356103 0.003775935738121419 0.002834410095087314
0 0.4699991122214048 0.2511405459223209 0.004824806776488657 0.002480108833201413
0 0.45080477229017213 0.2541521051928275 0.004615032568815138 0.001889606730058162
0 0.45122432070551893 0.25810846928388687 0.00377593573812149 0.0017715063094295757
0 0.4908716459557947 0.24860138542328158 0.004195484153468385 0.0018896067300581975
0 0.5054509533890971 0.2462393770107088 0.0039857099457948665 0.0018896067300581975
0 0.5267430354679489 0.2807837500445853 0.004195484153468385 0.0017715063094295403
0 0.5459373754700665 0.2826143065643291 0.004824806776488515 0.002125807571315441
0 0.5573700697882678 0.2677927037754351 0.0033563873227746652 0.0017715063094295757
0 0.5761448613750385 0.27033186281895083 0.004824806776488515 0.0014172050475436038
0 0.5736275708829575 0.2752920804853536 0.003566161530447971 0.0016534058888009184
0 0.5694320867294891 0.2825552563540148 0.004405258361141691 0.0017715063094295403
0 0.5823332005014044 0.27954369562798453 0.002936838907427912 0.002362008412572756
0 0.5848504909934853 0.27611878342975404 0.002936838907427841 0.0011810042062864311
0 0.5985907015960942 0.28048849899301365 0.004405258361141691 0.002362008412572756
0 0.5959685240001764 0.2884602773854466 0.004615032568815138 0.0012991046269150174
0 0.6063523472800104 0.28987748243299033 0.003985709945794938 0.002480108833201413
0 0.5852700394088322 0.2921213904249344 0.0033563873227746652 0.0024801088332013776
0 0.5822283133975676 0.28568491750067365 0.0027270646997544644 0.0021258075713154767
0 0.5862140233433625 0.2882240765441894 0.003566161530448113 0.0024801088332013776
0 0.6525026729681622 0.2692099088229788 0.003566161530448255 0.0017715063094296468
0 0.6489365114377139 0.2613562308511744 0.003146613115101218 0.0023620084125727204
0 0.5956538626886662 0.2652535447319194 0.0027270646997545355 0.001889606730058233
0 0.575620425855855 0.26383633968437575 0.0037759357381216318 0.0023620084125727204
0 0.584221168370465 0.2556874106609998 0.0025172904920809456 0.002598209253830035
0 0.5828576360205878 0.24535362385599405 0.0027270646997543933 0.0020077071506868194
0 0.5850602652011587 0.23838569903890444 0.00377593573812149 0.0024801088332013776
0 0.5895704106661371 0.23248067800747257 0.003146613115101218 0.002952510515715936
0 0.6047790407224598 0.24417261964970766 0.0033563873227747364 0.002007707150686855
0 0.6130651219255597 0.23944860282456215 0.00524435519183541 0.002007707150686855
0 0.6239733807245774 0.24588507574882293 0.00230751628440764 0.002362008412572756
0 0.6153726382099675 0.25533310939911386 0.003566161530447971 0.0025982092538299638
0 0.6185192513250686 0.2594075739108019 0.003146613115101218 0.0024801088332013776
0 0.6474680919840001 0.25078624320491133 0.003566161530447971 0.002007707150686855
0 0.6379233655348596 0.24824708416139563 0.0033563873227746652 0.0016534058888009184
0 0.6423286238960014 0.24665272848290903 0.0033563873227745946 0.0017715063094296112
0 0.6489365114377139 0.2448812221734795 0.003566161530448113 0.002243907991944134
0 0.6151628640022939 0.23082727211867166 0.003985709945794938 0.0024801088332013776
0 0.6332034458622079 0.23360263200344464 0.003146613115101218 0.0021258075713154767
0 0.484997968140939 0.23732279525324668 0.0037759357381215606 0.0015353054681722965
0 0.4556295790666607 0.23070917169804303 0.004195484153468385 0.0020077071506868194
0 0.4685306928385758 0.22421364856346798 0.004824806776488515 0.002243907991944063
0 0.4591957405971088 0.22161543930963795 0.0037759357381215606 0.001299104626915053
0 0.4451408686829899 0.22309169456749595 0.004195484153468314 0.0014172050475436393
0 0.4463995139290304 0.216064719540092 0.0054541293995087866 0.0015353054681722965
0 0.4814318065218848 0.21689142345484147 0.0033563873227746652 0.0017715063094295403
0 0.5289456646485198 0.2326578286384155 0.003146613115101218 0.002834410095087314
0 0.537126858747783 0.2431097158640499 0.003566161530447971 0.002243907991944063
0 0.5237013094566845 0.24387736859813608 0.00524435519183541 0.0018896067300581975
0 0.5270576967794589 0.24535362385599402 0.003985709945794938 0.0015353054681722965
0 0.5635584089146335 0.24370021796719307 0.004824806776488444 0.002243907991944134
0 0.5523354888041057 0.22923291644018506 0.00377593573812149 0.0028344100950872786
0 0.556530972957574 0.23005961938458552 0.002936838907427912 0.002598209253830035
0 0.5647121670568374 0.22911481601955644 0.006712774645549473 0.002125807571315441
0 0.5978564918692371 0.2221468912024668 0.0025172904920809456 0.002362008412572756
0 0.6071914441107041 0.22350504603969618 0.004405258361141691 0.0024801088332013776
0 0.5675441188604284 0.22055253552398021 0.0023075162844074983 0.0022439079919440983
0 0.6454752370111027 0.23360263200344464 0.0033563873227745946 0.0016534058888009184
0 0.6518733503451418 0.23295307968998713 0.0027270646997544644 0.0024801088332013776
0 0.6507195922029381 0.2242726987737823 0.004195484153468101 0.0016534058888009184
0 0.5072340341543211 0.21635997059166356 0.005034580984162033 0.0014172050475436749
0 0.514471244319054 0.2014793175924553 0.003146613115101218 0.002362008412572756
0 0.5354486650863958 0.20496328000100006 0.003566161530447971 0.0022439079919440983
0 0.534609568255702 0.2000030623345973 0.00524435519183541 0.002007707150686855
0 0.5416370042127615 0.20171551843371252 0.002936838907427912 0.0016534058888009184
0 0.5423712139396184 0.19829060623548206 0.00230751628440764 0.001889606730058162
0 0.5482448917544741 0.19262178604530747 0.003566161530448113 0.0018896067300581975
0 0.5725786998445904 0.19829060623548206 0.003566161530448113 0.0016534058888009184
0 0.5599922473841854 0.20206981969559842 0.003566161530448113 0.002362008412572756
0 0.564817054160674 0.20998254787771714 0.004405258361141691 0.002362008412572756
0 0.5749911032328346 0.21122260229431786 0.004615032568815138 0.0017715063094295403
0 0.6214560902324965 0.21305315881406173 0.003985709945795009 0.0018896067300581975
0 0.46234235371221005 0.1907912295255636 0.004195484153468314 0.0017715063094295403
0 0.44314801371009244 0.19758200371171028 0.0039857099457948665 0.002362008412572756
0 0.42856870627679 0.19581049740228068 0.0033563873227746652 0.001889606730058162
0 0.499682162678078 0.1782135347286137 0.004195484153468314 0.002598209253830035
0 0.5024092273778326 0.18317375239501651 0.0025172904920809456 0.0033068117776018724
0 0.4969550979783237 0.18441380681161718 0.004615032568815209 0.0020077071506868194
0 0.5141565830075439 0.1807526937721294 0.008390968306936699 0.0024801088332013776
0 0.5492937627928411 0.18246514987124468 0.004405258361141762 0.0014172050475436749
0 0.5636632960184702 0.18777966879953334 0.0025172904920809456 0.001889606730058162
0 0.5713200545099436 0.184472857507106 0.0052443551918354816 0.0018896067300581975
0 0.6461045596341229 0.19793630497359616 0.005034580984162176 0.002362008412572756
0 0.6271199938396788 0.19569239698165206 0.0035661615304480422 0.002125807571315441
0 0.631000816681637 0.19096838015650655 0.0033563873227745234 0.001889606730058162
0 0.6216658644401698 0.185299559966332 0.00314661311510136 0.002362008412572756
0 0.583172297332098 0.18506335912507466 0.004615032568815138 0.0025982092538300704
0 0.6416993011843749 0.1925627377756913 0.0037759357381215606 0.002243907991944134
0 0.6490413985592717 0.1911455293319259 0.0025172904920808038 0.0015353054681722612
0 0.3951079969987281 0.13958190104561763 0.0043716665290992295 0.002092017471603391
0 0.41303182976803504 0.13355196833334906 0.003060166570369489 0.0020920174716033556
0 0.41631057966485946 0.1467193724193233 0.003934499876189363 0.0020920174716033734
0 0.44341491214527484 0.14358134621191823 0.0034973332232794974 0.00319955613304046
0 0.4546719534577055 0.14155085866595024 0.002404416591004619 0.0023381371741449364
0 0.4735794111960597 0.15041116795744688 0.004371666529099301 0.002338137174144972
0 0.5116129099992233 0.16364010196905654 0.002622999917459623 0.0022150773228741373
0 0.5216677430161516 0.1674549573584509 0.003497333223279355 0.0017228379177910114
0 0.522214201332289 0.15668722037225705 0.004153083202644296 0.00258425687668657
0 0.542870325682283 0.17059298356585598 0.002622999917459552 0.0018458977690617928
0 0.5654936999703715 0.1630248027127026 0.002841583243914485 0.002707316727957334
0 0.5724883664169303 0.1686240259455234 0.004590249855554234 0.0028303765792280443
0 0.5782808245679868 0.17674597612939533 0.004808833182009167 0.00159977806652023
0 0.5991555322444357 0.16917779527624194 0.0037159165497343593 0.002707316727957334
0 0.6041829487528999 0.1733618302194487 0.004590249855554234 0.0024611970254157
0 0.5988276572547533 0.15951759695148518 0.00306016657036956 0.0025842568766865524
0 0.5929259074958655 0.15730251861751376 0.0043716665290992295 0.0028303765792281332
0 0.6059316153645397 0.15342613431358118 0.0037159165497343593 0.00319955613304046
0 0.6187187399621549 0.15834852836441266 0.0034973332232794262 0.002215077322874208
0 0.6241833231235289 0.1502881081061761 0.0034973332232794262 0.002338137174144972
0 0.6434186558515657 0.15896382762076658 0.0043716665290992295 0.002707316727957334
0 0.6478996140438924 0.14431970531954297 0.005027416508464171 0.0024611970254157533
0 0.6128169901478709 0.14604254323733395 0.003060166570369418 0.0014767182152494484
0 0.6124891151581885 0.14351981628628283 0.005027416508464171 0.00159977806652023
0 0.5743463246917976 0.14961127892418677 0.003497333223279355 0.001968957620332592
0 0.5811224078119014 0.1507188175856239 0.004371666529099301 0.0017228379177910114
0 0.6247297814396664 0.17483854843469815 0.004153083202644296 0.0019689576203325743
0 0.6339102811507747 0.1787764636753633 0.0032787498968246355 0.0017228379177910114
0 0.6394841559753763 0.17157746237602228 0.003934499876189292 0.0020920174716033556
0 0.6261505730616236 0.16930085512751272 0.003934499876189363 0.002461197025415771
0 0.6496482806555322 0.1817299001058622 0.003278749896824422 0.00319955613304046
0 0.6489925306761674 0.17705362575757227 0.004153083202644296 0.0019689576203325743
0 0.656424363775636 0.18117613077514363 0.0024044165910045477 0.002584256876686517
0 0.543088909008738 0.15201094602396711 0.0026229999174594808 0.00159977806652023
0 0.5384986591531837 0.14918056944473904 0.003060166570369489 0.0025842568766865346
0 0.5530344503624387 0.14585795346042776 0.004153083202644296 0.0028303765792281155
0 0.5419959923764631 0.13742835364837885 0.004371666529099301 0.002215077322874173
0 0.5060390351746217 0.14032026015324237 0.0024044165910045477 0.00159977806652023
0 0.6034179071103075 0.13152148078738107 0.00568316648782897 0.00196895762033261
0 0.6271341980306708 0.12616837725710184 0.002841583243914485 0.0028303765792280977
0 0.6413421142502438 0.13059853190285017 0.0024044165910045477 0.0020920174716033734
0 0.6456044891161153 0.1310292413822979 0.0017486666116397487 0.0014767182152494484
0 0.6484460723600298 0.128383454579976 0.003060166570369347 0.00159977806652023
0 0.6540199471846313 0.11207802428659672 0.0037159165497344304 0.001968957620332592
0 0.4601179021876964 0.12164466298117305 0.003497333223279355 0.002092017471603391
0 0.4754187350395438 0.11401495220238424 0.005245999834919175 0.0018458977690618105
0 0.4851456930667895 0.11789133751741403 0.004590249855554234 0.00196895762033261
0 0.5016487342141392 0.10712360053122015 0.003934499876189221 0.0028303765792280977
0 0.5079876506813332 0.09967847952933752 0.004371666529099301 0.0017228379177910292
0 0.506348275732921 0.09364854681706897 0.004153083202644296 0.00196895762033261
0 0.49683990103213005 0.08964910165076839 0.004808833182009238 0.002338137174144954
0 0.4985885676437698 0.080050433251647 0.004808833182009167 0.002092017471603391
0 0.46897052690912233 0.08435752804612456 0.003278749896824493 0.0015997780665202477
0 0.4679869019400751 0.08140409161562565 0.003060166570369418 0.0018458977690617928
0 0.5223048585641333 0.12472115926294272 0.004153083202644296 0.0020920174716033734
0 0.5153101921175743 0.12416738993222416 0.004590249855554234 0.002215077322874155
0 0.5593547323982494 0.12502880889111967 0.0043716665290992295 0.0024611970254157355
0 0.5807758983908358 0.11782980759177863 0.0043716665290992295 0.0025842568766865346
0 0.5500649410239136 0.11961417543520506 0.0037159165497343593 0.0017228379177910114
0 0.5355291498146585 0.11826051707122637 0.0026229999174594808 0.0017228379177910292
0 0.544053899546402 0.1151224908638213 0.0048088331820090955 0.00159977806652023
0 0.5455839828315868 0.1133996529460303 0.003934499876189292 0.0020920174716033734
0 0.5467861911270891 0.09764799198336956 0.0037159165497343593 0.0023381371741449364
0 0.5517043159723258 0.08872615276623748 0.003934499876189363 0.002215077322874155
0 0.5308296082958768 0.0857727163357386 0.0037159165497343593 0.0024611970254157355
0 0.5768413985146463 0.09432537599905831 0.004371666529099301 0.0030764962817696963
0 0.5856940232360724 0.09592515406557854 0.004153083202644296 0.0018458977690617928
0 0.5961860229059106 0.09690963287574483 0.0037159165497343593 0.0020920174716033556
0 0.5972789395381853 0.10090907804204541 0.003278749896824422 0.0019689576203325743
0 0.6048200643008816 0.09894012042171281 0.003060166570369418 0.0024611970254157355
0 0.5393543580276204 0.07525109905208631 0.0037159165497343593 0.0018458977690618105
0 0.5456932744948142 0.07925054421838688 0.004590249855554234 0.002215077322874173
0 0.6209952304585488 0.106631361126137 0.003497333223279355 0.0018458977690617928
0 0.6396841048704482 0.1047854633570752 0.003278749896824422 0.0020920174716033734
0 0.6429628547672727 0.10035530871132686 0.003715916549734288 0.0030764962817696785
0 0.6462416046640971 0.08903380239441447 0.003715916549734288 0.0028303765792280977
0 0.6514876044990161 0.0828192799052397 0.002841583243914556 0.002707316727957334
0 0.6568428959971626 0.08903380239441447 0.003497333223279355 0.0020920174716033734
0 0.6365146466368512 0.09426384607342289 0.0026229999174594808 0.0024611970254157533
0 0.6241646886921457 0.09574056428867235 0.0037159165497343593 0.0024611970254157355
0 0.6195744388365916 0.09389466651961055 0.004153083202644296 0.0017228379177910292
0 0.6343288133723015 0.08626495574082174 0.0030601665703696313 0.0027073167279573164
0 0.6383726049117184 0.0857727163357386 0.002404416591004619 0.0024611970254157355
0 0.599464772802735 0.09303324756071504 0.003278749896824422 0.001968957620332592
0 0.6129076473797153 0.08011196317728238 0.004808833182009238 0.002215077322874173
0 0.6048200643008816 0.08078879235927172 0.004808833182009167 0.002584256876686526
0 0.6625922870555061 0.1363949372572054 0.004035384488399245 0.0017985670570346102
0 0.6959682795949754 0.13592163013693312 0.004203525508749379 0.0014199213608167582
0 0.7172381186692468 0.13492768518436138 0.0043716665290992295 0.0017039056329801383
0 0.7226186313204459 0.13795685075410383 0.0043716665290992295 0.0017039056329801205
0 0.6924373181676262 0.128774692620822 0.0038672434680495373 0.001703905632980156
0 0.6804993057227782 0.12683413342770578 0.004539807549449364 0.0021772127532523554
0 0.6676365176660053 0.12550887349094345 0.004035384488399387 0.001987889905143483
0 0.6709993380730048 0.11732066031023336 0.005044230610499056 0.0018932284810890287
0 0.6731011008273794 0.11183029771507519 0.004203525508749379 0.0024611970254157355
0 0.6863001709248522 0.10775985648073377 0.004035384488399245 0.002271874177306845
0 0.687477158067302 0.11831460526280513 0.004035384488399245 0.0016092442089256664
0 0.6989107474511 0.11878791238307737 0.0043716665290992295 0.002745181297579098
0 0.7109328304061231 0.09961897401205093 0.00453980754944908 0.002082551329197937
0 0.7104284073450731 0.0937026350086477 0.004539807549449222 0.0017985670570346102
0 0.7359017719280936 0.09488590280932836 0.0033628204069994184 0.0018932284810890287
0 0.6734373828680793 0.09966630472407814 0.003867243468049395 0.0017985670570345924
0 0.6663754600133805 0.10146487178111274 0.0028583973459495836 0.0017985670570345746
0 0.6728488892968545 0.10373674595841959 0.003362820406999276 0.002934504145688006
0 0.6602383127706065 0.07529098803005686 0.004035384488399387 0.002082551329197937
0 0.6689816458288049 0.07708955508709145 0.0033628204069994184 0.0017039056329801472
0 0.6662913895032055 0.08963219377430627 0.0036991024476992606 0.0016092442089256664
0 0.6795745301108533 0.09280335148013041 0.004035384488399245 0.0017039056329801205
0 0.6773046263361288 0.08551442182793764 0.004203525508749238 0.0018932284810890465
0 0.6815081518448781 0.08537242969185595 0.0025221153052497414 0.001419921360816776
0 0.7032824139801991 0.08333720907468525 0.0033628204069994184 0.001703905632980156
0 0.7062248818363238 0.08111266560940564 0.003194679386649426 0.0016092442089256664
0 0.7171540481590719 0.08059202777710615 0.0035309614273494106 0.00151458278487123
0 0.7268221568291952 0.0713152082197699 0.0033628204069994184 0.0017039056329801294
0 0.7563309059006151 0.12229038507309209 0.0028583973459495836 0.0019878899051435184
0 0.7576760341628443 0.11504878574404298 0.005548653671549033 0.002839842721633552
0 0.751118534269766 0.10880113214533273 0.00453980754944908 0.0017039056329801027
0 0.7751627001798118 0.1245149285383717 0.003194679386649426 0.002082551329197937
0 0.7835697511973106 0.12484624352256228 0.003194679386649426 0.0019878899051435184
0 0.792565295786034 0.13180385819056448 0.0033628204069994184 0.0018932284810890287
0 0.8071094940463067 0.12768608624419583 0.004876089590149064 0.0017985670570345746
0 0.8417465442384006 0.12318966860160938 0.0035309614273492684 0.0024611970254157355
0 0.7878573472162348 0.11282424266764693 0.0033628204069995602 0.0023665356013612814
0 0.7493530535560913 0.0815859727296779 0.0026902563255995914 0.0021772127532523732
0 0.7610388544704145 0.08428382331522977 0.003194679386649426 0.0011359370886534137
0 0.7756671232408618 0.08314788622657636 0.003867243468049395 0.0018932284810890465
0 0.7850830203804603 0.07779951576749983 0.003194679386649568 0.0021772127532523732
0 0.7945829880302336 0.07084190109949765 0.003699102447699545 0.0018932284810890287
0 0.8001316417017827 0.0861770517963188 0.0033628204069995602 0.001703905632980156
0 0.8139192053704803 0.09157275296742252 0.0036991024476992606 0.0024611970254157355
0 0.8415784032180507 0.09379729643270217 0.003194679386649568 0.0023665356013612814
0 0.8443527300538252 0.10515666731923634 0.0033628204069995602 0.0021772127532524088
0 0.8171138847571298 0.10884846285735997 0.003699102447699545 0.001987889905143465
0 0.8082024106785813 0.10600862013572641 0.004035384488399245 0.0025558584494701896
0 0.7845785973194103 0.10359475382233789 0.004203525508749379 0.00302916556974246
0 0.7800387897699611 0.10487268304707299 0.0035309614273494106 0.001419921360816776
0 0.7694459054879129 0.09786773766704357 0.0035309614273494106 0.0029345041456879883
0 0.7649060979384638 0.09247203649593985 0.004203525508749379 0.0025558584494701896
0 0.7544813546767654 0.09209339079972204 0.004203525508749379 0.0017985670570345568
0 0.745485810088042 0.08849625668565286 0.0026902563255995914 0.0017985670570346102
0 0.6772720299696842 0.18203391845671044 0.003362820406999276 0.0017039056329800671
0 0.6818118375191335 0.17483965022857212 0.003699102447699403 0.0017039056329801738
0 0.7019887599611301 0.177963477222369 0.003026538366299434 0.0017039056329801383
0 0.7095551058768786 0.18075598923197533 0.003026538366299576 0.0019878899051434472
0 0.7098913879175786 0.1849210918903712 0.0033628204069994184 0.0019878899051435184
0 0.6991303626151805 0.18870754885254926 0.002353974284899465 0.0017985670570346102
0 0.696356035779406 0.1982683526820489 0.003867243468049395 0.0016092442089256664
0 0.6813088730178074 0.20044096351731666 0.002693173445047421 0.0017893632210653721
0 0.6709667417065603 0.19755839200164046 0.0035309614273494106 0.002082551329197919
0 0.6604593864944109 0.20077227850150728 0.0023568914043475787 0.0013160561007931548
0 0.6568428959971626 0.19372460432743516 0.0018495512238497725 0.0012305985127078855
0 0.6595331523227621 0.19164205299823728 0.002522115305249599 0.0019878899051435184
0 0.6669313572181609 0.1788627607508863 0.0028583973459495836 0.001987889905143483
0 0.6600375753838121 0.1790994143110224 0.0035309614273495524 0.0018932284810890465
0 0.6581039536497875 0.16594147636745366 0.0033628204069994184 0.0020825513291979547
0 0.6675198507893859 0.16944394905746837 0.003026538366299434 0.0017039056329801383
0 0.6751702672153095 0.16849733481692383 0.004203525508749379 0.0018932284810890465
0 0.6750021261949596 0.1649002007028547 0.003194679386649568 0.002271874177306863
0 0.6791215811935339 0.16357494076609236 0.003026538366299434 0.00151458278487123
0 0.684165811804033 0.1664147834877259 0.003026538366299576 0.0015145827848711945
0 0.7042586637358546 0.16627279135164422 0.0048760895901492065 0.0014199213608167937
0 0.7160285351603526 0.16608346850353534 0.002522115305249599 0.0017985670570346102
0 0.7219134708726016 0.16035645234824103 0.0038672434680495373 0.0026505198735246437
0 0.7105639519989785 0.1604984444843227 0.004707948569799214 0.0023665356013612814
0 0.6974489524116808 0.15297286127199378 0.004035384488399245 0.0015145827848712478
0 0.6821481195598333 0.1526415462878032 0.0043716665290992295 0.0021772127532524266
0 0.666511004667286 0.16021446021215932 0.003026538366299434 0.0017985670570345568
0 0.6599535048736371 0.1585105545791792 0.003026538366299434 0.0029345041456879883
0 0.6593650113024122 0.15103230207887752 0.0038672434680495373 0.001987889905143465
0 0.6615508445669619 0.1475298293888628 0.0035309614273494106 0.002366535601361299
0 0.6797941452749336 0.1477191522369717 0.0033628204069994184 0.0017985670570345746
0 0.685090587415958 0.14738783725278112 0.0028583973459494418 0.002082551329197937
0 0.7116568686312533 0.13990958475247947 0.003194679386649568 0.0018932284810890287
0 0.7648735015720192 0.14539994734763761 0.003026538366299434 0.002271874177306845
0 0.7708425077944432 0.15235756201563985 0.003194679386649568 0.001987889905143483
0 0.7803424754442166 0.1551974047372734 0.003699102447699545 0.0016092442089256842
0 0.7571390147069412 0.17881543159439325 0.0033628204069995602 0.0024611970254157355
0 0.7823601676884162 0.1867196589474058 0.0036991024476992606 0.0016092442089256664
0 0.8020326670693629 0.18302786340928215 0.0033628204069994184 0.0016092442089256664
0 0.8176697819619102 0.18548906043469793 0.0026902563255995914 0.001609244208925702
0 0.8167450063499854 0.19126340730201946 0.0028583973459495836 0.0017985670570345746
0 0.7614266106548447 0.1961384706408237 0.005884935712249018 0.0013252599367623219
0 0.7837893663613911 0.19400858859959855 0.003194679386649284 0.001609244208925702
0 0.7885813854413652 0.19424524215973465 0.0033628204069994184 0.0015145827848712656
0 0.8190149101247098 0.198505006242185 0.0043716665290992295 0.0015145827848711945
0 0.8357449416495322 0.19874165980232114 0.004876089590149064 0.0016092442089256664
0 0.8394440440972315 0.1948605414160886 0.002522115305249599 0.001987889905143483
0 0.8327184032832327 0.1935826121913535 0.003867243468049253 0.002082551329197919
0 0.8555015115406536 0.19793703769785828 0.004035384488399387 0.0017039056329801383
0 0.7289753937273004 0.19334595863121742 0.003194679386649284 0.001798567057034539
0 0.7090506828158287 0.19145273015012834 0.003026538366299576 0.0014199213608167937
0 0.7080418366937289 0.19438723429581636 0.002353974284899607 0.0021772127532524266
0 0.7124135032228281 0.2003509040112468 0.0020176922441994803 0.0016092442089256308
0 0.7159444646501776 0.20025624258719238 0.0026902563255995914 0.0014199213608167582
0 0.7266214194424007 0.18458977690618064 0.003867243468049395 0.002271874177306863
0 0.7300683103595752 0.18690898179551468 0.0026902563255995914 0.0016092442089256664
0 0.7384753613628696 0.18444778282568117 0.0026902563255995914 0.002366535601361299
0 0.7426788868858231 0.1918787065583734 0.002353974284899607 0.0015145827848712656
0 0.7753823153438923 0.16774004342448823 0.004203525508749238 0.0017039056329801383
0 0.7826123792189412 0.16456888571866413 0.003194679386649426 0.0017985670570345746
0 0.7974928595199137 0.16802402769665156 0.0036991024476992606 0.002082551329197919
0 0.7996786927844632 0.16281764937365675 0.0026902563255995914 0.0020825513291979547
0 0.7958955198265889 0.16007246807607764 0.004203525508749238 0.002082551329197919
0 0.7972406479893887 0.15638067253795407 0.0038672434680495373 0.0026505198735246615
0 0.8043866413542625 0.15358816052834773 0.004035384488399387 0.0017985670570345568
0 0.813718467983686 0.1507956485187414 0.0028583973459495836 0.0024611970254157355
0 0.8328865443035824 0.15188425489536758 0.005212371630849191 0.001987889905143483
0 0.8309529225695579 0.15969382237985985 0.004035384488399245 0.0013252599367622863
0 0.8090105194138866 0.13990958475247947 0.003867243468049395 0.0024611970254157177
0 0.8199396857366348 0.14038289187275171 0.0021858332645496147 0.002082551329197937
0 0.6597853638532871 0.211284298489536 0.003699102447699403 0.002650519873524608
0 0.6670154277283359 0.210858322081291 0.004035384488399245 0.0016092442089256664
0 0.67197558782866 0.20262277818855368 0.0028583973459494418 0.001609244208925702
0 0.6853427989464828 0.21568605470806798 0.0040353844883995295 0.0025558584494701363
0 0.6976170934320308 0.21724796820496642 0.003699102447699403 0.0022718741773068273
0 0.7093028943463537 0.21455011761941456 0.0035309614273495524 0.0019878899051435184
0 0.6567588254869876 0.23064255970867137 0.0033628204069995602 0.001987889905143483
0 0.6571791780378626 0.2458357182694108 0.004203525508749379 0.0017039056329801383
0 0.6561703319157628 0.2502374744879428 0.0035309614273492684 0.002366535601361299
0 0.6634844663009867 0.27655335037508033 0.0033628204069994184 0.0017985670570345746
0 0.6732366454812848 0.27707398820737983 0.0033628204069994184 0.0015145827848711945
0 0.6707986006862103 0.2709683263558677 0.003194679386649426 0.0017985670570346102
0 0.6805507798665087 0.26803382221017974 0.0021858332645494725 0.0014199213608167937
0 0.6946746255759061 0.2721515941565483 0.0025221153052494573 0.001893228481089011
0 0.67197558782866 0.2647206723682739 0.0028583973459494418 0.0016092442089257375
0 0.6807189208868587 0.2640580423998927 0.003194679386649426 0.0016092442089256664
0 0.683745459253158 0.25970361689338795 0.0028583973459494418 0.002366535601361299
0 0.6764313248679343 0.25880433336487074 0.003699102447699403 0.00151458278487123
0 0.6918162282299568 0.26278011317515765 0.003194679386649426 0.0020825513291978836
0 0.6981215164930806 0.2661879244411179 0.0036991024476992606 0.0013252599367622863
0 0.724940009238901 0.2685544600424792 0.003194679386649426 0.002650519873524608
0 0.7285550411764254 0.26798649149815246 0.0033628204069995602 0.002271874177306863
0 0.7378027972956738 0.275417413286427 0.0033628204069994184 0.0014199213608167582
0 0.7648735015720192 0.2731928698211473 0.003026538366299434 0.00151458278487123
0 0.7729442705488176 0.26997438140329594 0.003699102447699403 0.001893228481089011
0 0.7794176998322917 0.27721598034346157 0.003194679386649426 0.0017985670570345746
0 0.7408293356619733 0.2589936562129796 0.003362820406999276 0.0020825513291978836
0 0.7343559063784995 0.2571477584439178 0.00453980754944908 0.0017985670570346102
0 0.7391479254584737 0.2419545998831783 0.0033628204069994184 0.002271874177306863
0 0.7328426371953498 0.23400304026260435 0.004203525508749379 0.0018932284810890465
0 0.7340196243377994 0.21705864535685757 0.0021858332645494725 0.00151458278487123
0 0.7354488230107742 0.21961450380632772 0.003026538366299434 0.0020825513291979547
0 0.7369620921939238 0.22529418924959482 0.0033628204069994184 0.0020825513291979547
0 0.7436877330079227 0.2269034334585205 0.0026902563255994496 0.0020825513291978836
0 0.725780714340651 0.22652478776230267 0.004539807549449364 0.0020825513291978836
0 0.7243515156676762 0.24488910402886632 0.004707948569799214 0.0022718741773068273
0 0.7575593671867955 0.2445104583326485 0.004203525508749379 0.0026505198735246437
0 0.7762230204456422 0.24664034037387367 0.005212371630849191 0.0017985670570346102
0 0.7792495588119418 0.2576683962762173 0.0048760895901492065 0.0024611970254157355
0 0.783369013810516 0.2605555697098781 0.0043716665290992295 0.0016092442089256664
0 0.6941702025148561 0.25430791572228423 0.0035309614273494106 0.0019878899051435184
0 0.6959356832285308 0.2522726951051135 0.003026538366299434 0.0017039056329800671
0 0.6864357155787576 0.2451257575890024 0.003867243468049111 0.001609244208925702
0 0.6889578308840072 0.2432325291079134 0.003867243468049395 0.0023665356013612636
0 0.6908914526180319 0.24133930062682438 0.0030265383662992917 0.002366535601361299
0 0.6964401062895809 0.2351389773512578 0.003699102447699403 0.00151458278487123
0 0.6861835040482327 0.23447634738287662 0.004035384488399387 0.001893228481089011
0 0.6696216135437605 0.23509164663923054 0.0035309614273492684 0.002177212753252391
0 0.8113644936987864 0.2660932630170635 0.003194679386649284 0.002461197025415771
0 0.8169972178805103 0.25705309701986334 0.003026538366299434 0.0019878899051435184
0 0.7945503916637893 0.24223858415534166 0.0035309614273494106 0.0026505198735246437
0 0.8074131797205619 0.24304320625980444 0.004035384488399245 0.0021772127532523554
0 0.8208644613485597 0.24001404069006205 0.0033628204069994184 0.0033131498419058047
0 0.7990061287030633 0.23419236311071326 0.00605307673259901 0.001893228481089011
0 0.8064043335984621 0.22680877203446606 0.0033628204069994184 0.002082551329197919
0 0.8259086919590588 0.22704542559460214 0.0026902563255995914 0.001798567057034539
0 0.8479351656249051 0.23324574887016877 0.003699102447699403 0.001893228481089011
0 0.8576032742950284 0.23201515035746087 0.0035309614273494106 0.0022718741773068273
0 0.7737009051403928 0.22444223643310476 0.0035309614273494106 0.0022718741773068273
0 0.7673115463670938 0.22112908659119895 0.003867243468049253 0.0018932284810890465
0 0.778072571669492 0.2080184793596574 0.004539807549449222 0.0025558584494702074
0 0.8023689491100628 0.21696398393280306 0.004035384488399387 0.0018932284810890465
0 0.7851344945241908 0.22250167723998848 0.004539807549449364 0.0023665356013612636
0 0.7867318342175155 0.21980382665443662 0.0036991024476992606 0.0018932284810890465
0 0.8025370901304129 0.20323807744490757 0.003026538366299434 0.002082551329197919
0 0.8266653265506336 0.2043266838215338 0.004203525508749238 0.0017985670570345746
0 0.818426416553485 0.2756540668465631 0.0028583973459494418 0.0020825513291978836
0 0.829860005937283 0.27674267322318924 0.005212371630849049 0.0017985670570345746
0 0.8564262871525785 0.28611415420458 0.003194679386649284 0.0017985670570345746
0 0.7999309043149881 0.28824403624580514 0.004203525508749379 0.002271874177306863
0 0.8254042688980087 0.3058983918319603 0.0033628204069994184 0.002934504145688024
0 0.6649977354841363 0.3151752113892966 0.004707948569799072 0.0021772127532523554
0 0.6623915496687118 0.3032478719584357 0.0035309614273494106 0.002366535601361299
0 0.6776083120103842 0.2918411703598743 0.003026538366299576 0.0024611970254157
0 0.6687809084420107 0.28677678417296115 0.003867243468049395 0.001798567057034539
0 0.6960197537387061 0.29089455611932974 0.0038672434680495373 0.002461197025415771
0 0.6946746255759062 0.28019781520117676 0.0035309614273492684 0.0026505198735246793
0 0.6987100100643054 0.28166506727402074 0.004203525508749238 0.002366535601361299
0 0.7331789192360497 0.28777072912553286 0.0035309614273494106 0.0017039056329801738
0 0.7450328611707226 0.29046857971108475 0.004035384488399245 0.0017985670570345746
0 0.7440240150486227 0.2842682564355182 0.0033628204069994184 0.002461197025415771
0 0.7346921884191994 0.28100243730563956 0.004539807549449222 0.0019878899051435184
0 0.7313293680121998 0.304147155486953 0.004539807549449364 0.003029165569742389
0 0.7461257778029975 0.3065610218003415 0.005548653671549175 0.00274518129757908
0 0.778156642179667 0.30750763604088605 0.0043716665290992295 0.002366535601361299
0 0.7818557446273661 0.29771017865125027 0.0033628204069994184 0.0020825513291979902
0 0.7193913555673519 0.3214701960889177 0.003194679386649284 0.0013252599367623219
0 0.7063604264902292 0.31858302265525684 0.0043716665290992295 0.002177212753252391
0 0.6941702025148564 0.3190563297755291 0.004203525508749379 0.0017985670570345037
0 0.695935683228531 0.3127613450759081 0.002353974284899607 0.001893228481089082
0 0.6860153630278828 0.3127140143638808 0.004035384488399387 0.0017985670570345746
0 0.6918162282299568 0.3054724154237153 0.0035309614273494106 0.0017039056329801383
0 0.6971126703709808 0.30192261202167336 0.005380512651199183 0.001987889905143483
0 0.7093869648565289 0.30499910830344307 0.0033628204069994184 0.0011359370886534492
0 0.765714206673769 0.3210442196806726 0.0036991024476992606 0.0021772127532524266
0 0.7696655206519933 0.3198609518799919 0.002522115305249599 0.0022718741773068273
0 0.784125648402091 0.324688684506769 0.0048760895901492065 0.001893228481089011
0 0.7992583402335884 0.3279545036366476 0.004203525508749379 0.0023665356013612636
0 0.6756746902763595 0.3262505980036674 0.0035309614273494106 0.0014199213608167582
0 0.6573473190582126 0.3302263778139545 0.004539807549449364 0.0016092442089256308
0 0.7060241444495293 0.3288064564531376 0.003699102447699403 0.0019878899051434472
0 0.7665549117755188 0.3318829527349073 0.003699102447699403 0.002082551329198026
0 0.7767274435066921 0.34234304009292416 0.003194679386649426 0.0025558584494701363
0 0.7927008404399394 0.34191706368467917 0.004876089590149064 0.0022718741773068273
0 0.8375944928733818 0.33955052808331787 0.003867243468049395 0.0020825513291979547
0 0.7883291739392483 0.3545543661292497 0.00353096142734941 0.0017985670570346457
0 0.7874884688090904 0.35663691512514645 0.004876089590149064 0.0019878899051435184
0 0.7561301685138208 0.35105189110593377 0.003699102447699403 0.002177212753252462
0 0.7436036624977479 0.35919277357461654 0.004203525508749238 0.0016092442089256308
0 0.720316131179277 0.3848933502054003 0.003026538366299434 0.001893228481089011
0 0.7288913232171254 0.37353397931886606 0.0036991024476992606 0.0020825513291979547
0 0.7371302332142738 0.37126210514155916 0.003699102447699403 0.0017039056329801383
0 0.6554977678343629 0.38934243713595945 0.0035309614273492684 0.0015145827848712656
0 0.6919843692503066 0.3969153510603155 0.004203525508749238 0.001893228481089082
0 0.6632322547704617 0.373959955727111 0.003867243468049253 0.0014199213608167582
0 0.6554977678343629 0.36998417591682403 0.004203525508749238 0.0023665356013613348
0 0.6662587931367611 0.36880090811614336 0.002522115305249599 0.0020825513291978124
0 0.6607942099753871 0.35905078143853486 0.004035384488399245 0.0015145827848711945
0 0.7110683750600285 0.33377618121599634 0.003699102447699403 0.0022718741773068984
0 0.7188028619961271 0.3369000082097932 0.004707948569799214 0.001893228481089082
0 0.7124975737330033 0.34778607197605516 0.005884935712248875 0.0017039056329801383
0 0.7176258748536773 0.34073379588399855 0.0033628204069995602 0.00217721275325232
0 0.7385594318872486 0.3397398509314268 0.003867243468049395 0.0015145827848712656
0 0.7289753937273002 0.3340601654881597 0.004203525508749379 0.0017039056329801383
0 0.7330107782156997 0.3309363384943628 0.0035309614273494106 0.002461197025415771
0 0.7387275729075986 0.33439148047235023 0.003867243468049253 0.0031238269937968253
0 0.7001392087372801 0.341869732972652 0.0033628204069994184 0.002177212753252391
0 0.6909755231282069 0.34371563074171374 0.0028583973459492995 0.001893228481089011
0 0.6879489847619072 0.3503419304255253 0.0035309614273494106 0.001893228481089082
0 0.7016524779204301 0.35464902522000286 0.004035384488399387 0.002177212753252391
0 0.6829047541514083 0.36231660056841347 0.0035309614273494106 0.0017985670570345746
0 0.6861835040482327 0.3661503882426188 0.003699102447699403 0.0017039056329801383
0 0.7545328288204959 0.3727293572144032 0.003867243468049395 0.0017985670570345746
0 0.7602496235123951 0.37107278229345025 0.004203525508749379 0.0017039056329802094
0 0.7655460656534191 0.3741019478631927 0.003699102447699403 0.0017039056329800671
0 0.7663867707551689 0.3768471291607718 0.005380512651199183 0.0015145827848712656
0 0.8015282440083129 0.3777937434013164 0.0043716665290992295 0.002650519873524715
0 0.8375104223632067 0.3843727123731007 0.005044230610499056 0.0023665356013611925
0 0.8524749731743542 0.397199335332479 0.004035384488399245 0.00189322848108894
0 0.8563422166424036 0.37220871938210365 0.0033628204069994184 0.002461197025415771
0 0.771262860345318 0.41428572237430744 0.004035384488399387 0.0023665356013613348
0 0.7971565774792136 0.44107490538171723 0.0043716665290992295 0.001609244208925702
0 0.7843778599326159 0.407280776994278 0.0033628204069995602 0.002177212753252391
0 0.7932052635009893 0.4079434069626592 0.004203525508749238 0.0023665356013613348
0 0.7884132444210152 0.40112778443073865 0.0043716665290992295 0.002934504145688024
0 0.7895061610532901 0.3953534375634172 0.0048760895901492065 0.0023665356013612636
0 0.7974928595199137 0.39360220121840983 0.0033628204069995602 0.0024611970254157
0 0.8117848462496612 0.39696268177234273 0.004707948569799214 0.0012305985127078855
0 0.6699578955844604 0.4293842195109925 0.003867243468049395 0.0022718741773068984
0 0.6897985359857571 0.42379919549177986 0.003194679386649426 0.002461197025415771
0 0.6845020938447329 0.4150903444787703 0.0043716665290992295 0.0022718741773068273
0 0.6655862290553611 0.41646293512755983 0.0025221153052494573 0.0017985670570345746
0 0.6528915820189383 0.4155163208870154 0.0033628204069994184 0.0014199213608167582
0 0.6571791780378626 0.41367042311795355 0.004203525508749379 0.0015145827848712656
0 0.6630641137501116 0.45366487478095935 0.0035309614273492684 0.002745181297579009
0 0.672311869968789 0.4730704663232382 0.004876089590149064 0.0017985670570345746
0 0.6788693696630089 0.47023062399048826 0.004539807549449222 0.0017985670570345746
0 0.6725640813998851 0.5113610127421475 0.003699102447699403 0.002082551329198026
0 0.6981215164930805 0.5075272250679422 0.004371666529099372 0.001609244208925702
0 0.6960197537387061 0.5053500123146898 0.0038672434680495373 0.0019878899051435184
0 0.7994264812539383 0.4654502220757385 0.0035309614273492684 0.0022718741773068984
0 0.6866879271092824 0.5239983128534168 0.003699102447699403 0.0019878899051435184
0 0.6992985036355305 0.5367776051007678 0.0033628204069994184 0.0017985670570346457
0 0.7088825417954787 0.5271221398472137 0.004035384488399245 0.00217721275325232
0 0.7616788221853699 0.5332278016987259 0.004035384488399103 0.002082551329198026
0 0.7820238856477162 0.5226730529166546 0.006389358773298852 0.00217721275325232
0 0.7996786927844632 0.5329438174265626 0.0033628204069995602 0.002650519873524715
0 0.7119090801617781 0.5582184176491011 0.003699102447699403 0.001893228481089082
0 0.6760950428272343 0.5704770720641525 0.005044230610499198 0.002177212753252462
0 0.6569269665073376 0.5862381991692187 0.003699102447699545 0.0020825513291979547
0 0.6708826711963851 0.5876107898180083 0.003699102447699403 0.0019878899051435895
0 0.829860005937283 0.5916812310523497 0.003194679386649426 0.0025558584494702785
0 0.7767274435066921 0.5940950973657383 0.003867243468049395 0.0020825513291978836
0 0.7985857761521885 0.6000114363691416 0.0035309614273494106 0.0025558584494702074
0 0.7137586313856279 0.5982128693121069 0.0036991024476992606 0.0025558584494702074
0 0.8820490742244951 0.5940477666537111 0.0035309614273492684 0.00274518129757908
0 0.9248409639035629 0.5922018688846492 0.005716794691899025 0.0028398427216334452
0 0.9156772782944893 0.56659595367792 0.005212371630849049 0.0023665356013612636
0 0.9831018274548279 0.5982602000241342 0.0035309614273494106 0.001893228481089082
0 0.9952920514302008 0.5956096801506096 0.004707948569799072 0.002271874177306756
0 0.9915088784723264 0.5716130091528061 0.004539807549449222 0.0023665356013611925
0 0.994806346900605 0.5383868493096934 0.0035309614273494106 0.0023665356013611925
0 0.9523507392622372 0.5281634155118128 0.0043716665290992295 0.0019878899051434472
0 0.9452047458973634 0.524234966413553 0.004539807549449222 0.002271874177306756
0 0.9683241361954845 0.5165673910651424 0.0033628204069994184 0.0034078112659603477
0 0.9224216376399422 0.5065806108273978 0.005044230610499056 0.001987889905143376
0 0.8982093307095466 0.533890431667107 0.004035384488399387 0.0028398427216335164
0 0.9215809325381926 0.5459124325220224 0.004035384488399387 0.0020825513291979547
0 0.9439436882447387 0.5452024718416141 0.005380512651199183 0.002177212753252391
0 0.8857481766721943 0.4698993090062977 0.005548653671549033 0.0020825513291978836
0 0.9023100671766667 0.48622840465569067 0.0026902563255994496 0.0023665356013612636
0 0.9203852267932676 0.48220529491114356 0.003867243468049253 0.0018932284810890113
0 0.9482966362423838 0.48797964100069796 0.0028583973459495836 0.0022718741773068984
0 0.9900796797993516 0.46677548201250085 0.003026538366299576 0.002461197025415771
0 0.9978982372456254 0.4729284745760402 0.0035309614273495524 0.0017039056329801383
0 0.9983373083279544 0.4296682037831559 0.0021858332645496147 0.0017039056329801383
0 0.9808506422115574 0.4044882649846717 0.004203525508749379 0.002461197025415771
0 0.9309968296777908 0.4251244554285422 0.0026902563255993073 0.0022718741773068273
0 0.8676917355160267 0.41920811642513894 0.0035309614273494106 0.0017985670570346457
0 0.8913155488751977 0.40969464330766653 0.0043716665290992295 0.0022718741773068984
0 0.9107358367256194 0.4077067534025231 0.003194679386649426 0.0034078112659603477
0 0.9079615098898448 0.3982406109970779 0.005044230610499198 0.0022718741773068984
0 0.9243552593455585 0.39682069196956254 0.003194679386649568 0.002461197025415771
0 0.8849261901018989 0.38787518506311547 0.0026902563255994496 0.0017985670570345746
0 0.9815232062929573 0.3560216158687925 0.0028583973459495836 0.002461197025415771
0 0.8618908702429318 0.33448614384082254 0.004035384488399245 0.0025558584494702074
0 0.9136783045817438 0.3407337958839986 0.004707948569799072 0.002177212753252391
0 0.9209083684567926 0.3438576228777954 0.003699102447699403 0.0017985670570345746
0 0.9096429200933446 0.3583408207581266 0.004371666529099372 0.0023665356013612636
0 0.8906429847937979 0.36302656124882193 0.004707948569799214 0.0026505198735246437
0 0.8697934982704014 0.36757030960343556 0.0033628204069995602 0.0024611970254157
0 0.8782005492879 0.32464135379474174 0.004035384488399387 0.0019878899051435184
0 0.8782846197980748 0.31640580990200445 0.005212371630849333 0.0021772127532524266
0 0.8877005169376733 0.31820437695903897 0.004876089590149064 0.001987889905143483
0 0.8975367666281465 0.2986567928917948 0.004371666529099372 0.0026505198735246437
0 0.9141827276427938 0.29766284793922304 0.0043716665290992295 0.001987889905143483
0 0.9984540548274898 0.30958558545209935 0.0030918903450202605 0.0017893632210653721
0 0.8623112228648275 0.29122587110352033 0.003867243468049395 0.00217721275325232
0 0.8979571191790215 0.27910920882455054 0.005212371630849191 0.0021772127532523554
0 0.8861031772443485 0.2785412402802238 0.004707948569799214 0.0029345041456879883
0 0.8618908703139527 0.2573370812920267 0.0036991024476992606 0.0027451812975791156
0 0.8617227292936027 0.24332719053196783 0.003699102447699403 0.0023665356013612636
0 0.883917343979799 0.2581417033964895 0.0043716665290992295 0.0018932284810889754
0 0.8973686256077965 0.260129593301633 0.004035384488399387 0.0020825513291979902
0 0.9065323112168702 0.25090010445632394 0.00453980754944908 0.002555858449470172
0 0.9232623427416923 0.2520833722570046 0.004035384488399387 0.0026505198735245726
0 0.9510896816096124 0.25932497119717013 0.0025221153052494573 0.002366535601361299
0 0.8808067351033244 0.23423969382274049 0.003867243468049395 0.0025558584494702074
0 0.8973686256077965 0.2304059061485352 0.00605307673259901 0.002461197025415771
0 0.912921669990169 0.23490232379112164 0.005548653671549033 0.002745181297579151
0 0.9082977919305449 0.24238057629142332 0.003699102447699403 0.002366535601361299
0 0.9204039453957427 0.2324411267657059 0.003026538366299576 0.0025558584494701363
0 0.9617666364018356 0.2325831189017876 0.0030265383662992917 0.0017039056329801383
0 0.9577312519134363 0.22136574015133503 0.003699102447699403 0.0033131498419058047
0 0.9848019561897817 0.21393481836306066 0.0033628204069994184 0.0030291655697424957
0 0.99505855843113 0.22202837011971624 0.003362820406999276 0.0029345041456879527
0 0.9914435264936056 0.23428702453476774 0.0028583973459495836 0.002082551329197919
0 0.9883329176171313 0.2452204190130569 0.004371666529099372 0.0023665356013612636
0 0.9982859138071398 0.24919159690535927 0.0034281723857203872 0.0025466546135010405
0 0.9045986894828454 0.20981704641669197 0.0033628204069994184 0.0019878899051434472
0 0.9349481436560153 0.20887043217614745 0.004203525508749238 0.0019878899051435184
0 0.9933771482276302 0.2021021403562542 0.003699102447699403 0.002082551329197919
0 0.9530233033436372 0.19121607658999223 0.004035384488399245 0.0026505198735246437
0 0.8911474078548477 0.2033800695809893 0.005044230610499056 0.0016092442089256664
0 0.8911474078548477 0.2008715418435463 0.0043716665290992295 0.001893228481089011
0 0.8676917355160267 0.1886128874284948 0.004203525508749379 0.0016092442089256664
0 0.866094395822702 0.1647108778547458 0.003362820406999276 0.001893228481089011
0 0.8702979213314512 0.15869987742728814 0.004371666529099372 0.0019878899051435006
0 0.9057756766252951 0.16826068125678773 0.0026902563255995914 0.002934504145688024
0 0.9225057081501175 0.16953861048152283 0.002522115305249599 0.002271874177306863
0 0.9093066380526446 0.179430729295213 0.003699102447699403 0.0025558584494702074
0 0.9038420548912706 0.18402180836185394 0.0035309614273494106 0.0026505198735246793
0 0.9309127591676158 0.1790520835989952 0.0035309614273495524 0.001987889905143483
0 0.93637734232899 0.1832645169694183 0.003699102447699403 0.0024611970254157355
0 0.9449525343668386 0.18605702897902465 0.002353974284899607 0.0019878899051435184
0 0.8923243949972977 0.15505541260119174 0.0053805126511990405 0.0013252599367622685
0 0.8913155488751977 0.1497070421421152 0.0043716665290992295 0.002934504145688024
0 0.8985456127502465 0.14719851440467224 0.0020176922441996225 0.0017039056329801205
0 0.9032535613200458 0.14606257731601882 0.003026538366299434 0.0018932284810890287
0 0.9276340092707914 0.14838178220535286 0.005380512651199183 0.0023665356013612814
0 0.9685763477260096 0.13915229336004384 0.004539807549449364 0.002082551329197937
0 0.9820276293540071 0.14076153756896953 0.005884935712248875 0.0015145827848712123
0 0.9964036865939297 0.11913140217252735 0.005716794691899025 0.0023665356013612814
0 0.9983373083279545 0.12727228464121018 0.002522115305249599 0.0029345041456879883
0 0.9784125974164829 0.1095232676310005 0.003026538366299434 0.0020825513291979547
0 0.8765191390844 0.08377536028818966 0.0033628204069994184 0.0026505198735246437
0 0.8973686256077967 0.08969169929159289 0.004707948569799214 0.0023665356013612814
0 0.8919881129565976 0.07885296623735817 0.004707948569799072 0.002461197025415727
0 0.9163685609073434 0.08211878536723677 0.005716794691899025 0.0017985670570345924
0 0.9261207400876417 0.08571591948130593 0.0043716665290992295 0.002366535601361299
0 0.9271295862097415 0.10957059834302772 0.002353974284899465 0.0031238269937968965
0 0.9122491059087691 0.11586558304264877 0.003194679386649426 0.002082551329197937
0 0.8990500358112965 0.10682541704544862 0.004035384488399387 0.001987889905143483
0 0.9648772452783101 0.10568947995679523 0.004203525508749379 0.001987889905143465
0 0.9839612510880319 0.10048310163380038 0.0043716665290992295 0.0021772127532523732
0 0.9905187508816807 0.10294429865921612 0.0043716665290992295 0.001987889905143483
0 0.9903506098613307 0.10900262979870101 0.0033628204069995602 0.0025558584494702074
0 0.9756382705807083 0.08339671459197188 0.003867243468049253 0.002271874177306845
0 0.9835408985371569 0.07956292691776656 0.003194679386649426 0.0023665356013612905
0 0.9985381253376648 0.08481203403480406 0.0029237493246702683 0.001505378948902063
0 0.9990425483987146 0.08059960066438097 0.001914903202570599 0.0019786860691743337
0 0.9872400009848564 0.07307861937003664 0.005212371630849049 0.002082551329197937
0 0.9790851614978827 0.07345726506625444 0.002353974284899607 0.0011359370886534137
0 0.9786648089470077 0.06839287887934127 0.003194679386649568 0.0017985670570345924
0 0.9805143601708575 0.06541104402162606 0.0028583973459495836 0.0022718741773068364
0 0.9953107699616549 0.05949470501822283 0.0035309614273495524 0.0017985670570345835
0 0.9562179828155117 0.06815622648585583 0.002353974284899465 0.0030291655697424506
0 0.9393198101851145 0.07506650927518012 0.004539807549449222 0.0011359370886534226
0 0.9230101312111673 0.07251065082570993 0.0035309614273492684 0.0020825513291979282
