0.0 0.06824925801032204 0.20077722454342606 0.005668820190174628 0.005290898844162939
0.0 0.10509658924645678 0.18169219656983876 0.006802584228209341 0.005668820190174983
0.0 0.08827908934893891 0.2684251454795099 0.007180505574221385 0.006046741536186317
0.0 0.09678231963420085 0.25425309500407317 0.006046741536185962 0.006424662882198362
0.0 0.22678726266220472 0.28146343191691126 0.0098259549963025 0.004912977498151605
0.0 0.2437937232327286 0.2553868590421082 0.006046741536186317 0.008692190958267787
0.0 0.3106858014767887 0.3184997238260522 0.007558426920232719 0.005668820190174273
0.0 0.3726649022226976 0.36517301005848957 0.006046741536185962 0.006802584228209696
0.0 0.14024327442553924 0.13653059572144777 0.009070112304279477 0.007558426920233075
0.0 0.19787627969231442 0.16166236523122174 0.00491297749815125 0.007936348266244408
0.0 0.18597175729294763 0.19794281444833892 0.007558426920232719 0.006424662882197651
0.0 0.28744363869707285 0.16052860119318665 0.00491297749815125 0.007936348266244408
0.0 0.25210799284498453 0.09099107352704543 0.0098259549963025 0.009448033650290455
0.0 0.11041252254203951 0.02203841708195675 0.010581797688325878 0.009070112304279832
0.0 0.36494254908087864 0.004654035165420822 0.005668820190174628 0.007558426920232364
0.0 0.37287889734712304 0.021282574389933372 0.004157134806127871 0.008314269612256453
0.0 0.41166622789698054 0.036355240774872045 0.006664164253433569 0.006664164253433569
0.0 0.4577095445570654 0.02408712021741515 0.007875830481330582 0.005149581468562303
0.0 0.4539230875948876 0.017120039407007327 0.006967080810407822 0.006361247696459316
0.0 0.43711121868281655 0.07679460113093377 0.006664164253433569 0.006361247696459316
0.0 0.45982996045588537 0.11768833632245687 0.0060583311394850625 0.005755414582510809
0.0 0.4770962042034171 0.08679084751108376 0.00726999736738172 0.006967080810407112
0.0 0.5722120030933304 0.10632896543592274 0.007269997367381364 0.006664164253433569
0.0 0.6088649064872136 0.07255376933329458 0.011510829165021264 0.006967080810407112
0.0 0.6406711449695095 0.10542021576500034 0.0060583311394850625 0.008481663595279087
0.0 0.48254870222895346 0.18629893647712342 0.006664164253433569 0.0060583311394850625
0.0 0.41802747559343933 0.22552663060528816 0.009087496709227594 0.006967080810407822
0.0 0.38349498809837534 0.2759622373414999 0.006664164253433569 0.006664164253433569
0.0 0.4086370623272376 0.28035452741762656 0.006664164253433569 0.006361247696459316
0.0 0.6950446669463866 0.29337993936751905 0.005755414582510454 0.008178747038304835
0.0 0.599323034942525 0.30110431157036255 0.006967080810407822 0.006664164253433569
0.0 0.638702187349177 0.320036596381253 0.006361247696459316 0.008178747038304835
0.0 0.4858807843556702 0.3142811817987422 0.006664164253433214 0.008178747038304835
0.0 0.789066535282567 0.3009528532918754 0.00636124769645896 0.00878458015225334
0.0 0.8661587990325124 0.2950459804308775 0.010299162937124606 0.009087496709226883
0.0 0.8496498466774159 0.21310705176934414 0.009390413266201136 0.007572913924356328
0.0 0.9711193860240883 0.3144326400772293 0.006361247696459316 0.0060583311394850625
0.0 0.9930808364047212 0.3059509764819506 0.008481663595278377 0.007269997367381364
0.0 0.9862652138728005 0.22916162928897954 0.008178747038304835 0.007572913924355618
0.0 0.992205809338121 0.12283791779101882 0.006361247696459316 0.007572913924355618
0.0 0.9157193787021243 0.09012292963780091 0.007875830481330582 0.006361247696459316
0.0 0.9028454250307189 0.07755189252336976 0.008178747038304835 0.007269997367381364
0.0 0.9444964516146775 0.053015651408455614 0.0060583311394850625 0.010904996051073113
0.0 0.8618002315607083 0.02105795464767297 0.009087496709226883 0.006361247696458605
0.0 0.8181802473564176 0.10844938133474251 0.007269997367382075 0.009087496709227594
0.0 0.8602856487758377 0.1469197840704716 0.007269997367382075 0.006664164253433569
0.0 0.9005735508534123 0.14464790989316506 0.0096933298231761 0.006967080810407822
