0.0 0.2974064161742632 0.9378327354865637 0.005803052022912513 0.006165742774344807
0.0 0.2776397702212178 0.9599568713239179 0.007616505780072646 0.007616505780072913
0.0 0.4475603872671231 0.9262266314407388 0.007979196531504761 0.00689112427720886
0.0 0.498699783219039 0.952340365543845 0.005803052022912603 0.005440361271480043
0.0 0.6205638757002004 0.9969342282914061 0.007253815028640531 0.006131543417187757
0.0 0.27872784247551374 0.9062786401119773 0.006891124277208505 0.006165742774344807
0.0 0.2850749306255743 0.9097242022505817 0.0065284335257765665 0.006528433525776478
0.0 0.27655169796692164 0.8551392441600616 0.006891124277208593 0.00689112427720886
0.0 0.32370149565308537 0.8973927167018928 0.005440361271480398 0.007979196531504584
0.0 0.30611099420863197 0.8058133019653055 0.009429959537232602 0.00906726878580102
0.0 0.39895982657523127 0.8025490852024173 0.007253815028640665 0.005440361271480576
0.0 0.37756107224074154 0.9057346039848294 0.007253815028640531 0.006528433525776478
0.0 0.5376890389979819 0.8564086617900735 0.005440361271480398 0.007253815028640531
0.0 0.5601758655867679 0.8970300259504608 0.00834188728293661 0.007253815028639821
0.0 0.561807973968212 0.8449839031199644 0.007979196531504584 0.008341887282936966
0.0 0.6332580520003216 0.9048278771062492 0.006528433525776478 0.007616505780072202
0.0 0.41800109102541266 0.6962806950328332 0.009067268785800664 0.004714979768616345
0.0 0.5741394595169009 0.684674590987008 0.008704578034368637 0.007616505780072558
0.0 0.6397864855260981 0.6754259768254915 0.010155341040096744 0.007253815028640531
0.0 0.5986210852385628 0.7233011560145192 0.0076165057800727355 0.006528433525776478
0.0 0.600797229747155 0.6148566213363423 0.00761650578007238 0.007979196531504584
0.0 0.4901765505603863 0.5646239522630067 0.011243413294392823 0.0061657427743444515
0.0 0.2584171603953202 0.5423184710499367 0.009067268785800752 0.006528433525776478
0.0 0.27056730056829315 0.5435878886799491 0.005077670520048372 0.005440361271480398
0.0 0.24681105634949532 0.6023437904119376 0.00834188728293661 0.005440361271480398
0.0 0.28253609536555013 0.6228358178678473 0.008704578034368726 0.007253815028640531
0.0 0.3086498294686561 0.5979915013947534 0.008704578034368726 0.006891124277208149
0.0 0.3389345072132305 0.6032505172905175 0.010518031791528859 0.007979196531504584
0.0 0.3135461546129885 0.5651679883901547 0.004714979768616434 0.006528433525776834
0.0 0.3021213959428796 0.530531021628396 0.008704578034368637 0.007616505780072558
0.0 0.31336480923727256 0.505868050531018 0.006528433525776478 0.0061657427743444515
0.0 0.5891911257013301 0.47685279041645573 0.0061657427743444515 0.006891124277208149
0.0 0.6309005621160135 0.5483028684485654 0.005440361271480398 0.005440361271480398
0.0 0.637973031768938 0.552836502841466 0.00507767052004855 0.005803052022912425
0.0 0.6597344768548595 0.5584582094886622 0.006528433525776478 0.005440361271480398
0.0 0.2905152918970548 0.46597206787349493 0.0065284335257765665 0.006891124277208149
0.0 0.5512899421766831 0.35208717192383804 0.005803052022912247 0.006891124277208505
0.0 0.5841134551812817 0.37711283377264826 0.005440361271480398 0.006891124277208505
0.0 0.588465744198466 0.3709470909983036 0.004714979768616345 0.006891124277208149
0.0 0.6530246979533672 0.45690479908769427 0.00761650578007238 0.006891124277208505
0.0 0.6430507022889863 0.35498869793529425 0.007253815028640531 0.007616505780072558
0.0 0.6448641560461464 0.34809757365808575 0.007979196531504761 0.007616505780072558
0.0 0.6154862051801522 0.2842640014060489 0.006528433525776478 0.006891124277208505
0.0 0.6570142962191194 0.2775542225045564 0.00834188728293661 0.009429959537233046
0.0 0.6773249782993129 0.29278723406470136 0.006891124277208505 0.005077670520048372
0.0 0.6711592355249685 0.3352220519822488 0.0061657427743444515 0.005077670520048372
0.0 0.2865256936313024 0.37820090602694434 0.005803052022912425 0.005440361271480398
0.0 0.30883117484437206 0.3553513886867263 0.0061657427743444515 0.007616505780072913
0.0 0.25080065461524764 0.3308697629650645 0.006891124277208505 0.006528433525776478
0.0 0.2647642485453807 0.31781289591351153 0.007979196531504584 0.006528433525776478
0.0 0.2796345693540938 0.29133647105897326 0.0065284335257765665 0.007253815028640531
0.0 0.5768596401526411 0.22242522828688785 0.005440361271480576 0.007253815028640887
0.0 0.6040614465100432 0.22695886267978835 0.005440361271480398 0.004714979768616701
0.0 0.6162115866830162 0.20882432510818702 0.005803052022912247 0.006891124277208149
0.0 0.6350715057574817 0.17001641470495982 0.005803052022912603 0.00834188728293661
0.0 0.5257202442007252 0.11960240025590796 0.009792650288664894 0.007616505780072558
0.0 0.4695031777287606 0.10727091470721888 0.010518031791528947 0.006891124277208505
0.0 0.39388215605518273 0.08242659823412506 0.007253815028640531 0.004352289017184319
0.0 0.3982344450723672 0.06882569505542388 0.008704578034368683 0.004714979768616345
0.0 0.2593238872739002 0.08877368638418552 0.005803052022912425 0.006891124277208505
0.0 0.2781838061338907 0.12268527760303574 0.010880722542960885 0.006528433525776478
0.0 0.35688769940911597 0.17835830198789662 0.00942995953723269 0.007616505780072558
0.0 0.3906179392922945 0.2258707904254921 0.0058030520229123365 0.00834188728293661
0.0 0.30121466906429956 0.2461814725056856 0.009067268785800664 0.008341887282936966
0.0 0.2928727818426415 0.24092246256987693 0.00834188728293661 0.005077670520048372
0.0 0.32188804189592524 0.22967904331552855 0.007616505780072558 0.006528433525776478
0.0 0.6443201199189984 0.11144185834868718 0.0061657427743444515 0.007253815028640887
0.0 0.6637240751206118 0.09004310401419743 0.007979196531504407 0.006528433525776478
0.0 0.62364674720993 0.10056113431573781 0.009792650288664717 0.004352289017184319
0.0 0.6220146387059287 0.08605350574844532 0.008704578034368637 0.007253815028640531
0.0 0.5870149811927379 0.06846300430399203 0.0061657427743444515 0.00689112427720886
0.0 0.5900978525799102 0.009525757196287366 0.007979196531504584 0.006528433525776478
0.0 0.6183877311916085 0.00535481355481906 0.007253815028640531 0.007616505780072558
0.0 0.2638575216668006 0.023308005750704196 0.0061657427743444515 0.005803052022912425
0.0 0.25605967051101197 0.02747894939217268 0.007979196531504673 0.004714979768616345
0.0 0.7263397925829514 0.942577337257634 0.008314269612256097 0.006046741536186317
0.0 0.7344651015222017 0.8977936577552548 0.007936348266244408 0.008692190958267787
0.0 0.868249258010322 0.9990658875606723 0.005668820190174628 0.0018682248786554112
0.0 0.9050965892464568 0.9816921965698387 0.006802584228209341 0.005668820190174983
0.0 0.9402432744255392 0.9365305957214478 0.009070112304279477 0.007558426920233075
0.0 0.9977098954716194 0.9616623652312217 0.00458020905676122 0.007936348266244408
0.0 0.9859717572929476 0.99736524150362 0.007558426920232719 0.005269516992759904
0.0 0.7040674676196843 0.7551463388378961 0.007558426920232719 0.008314269612256097
0.0 0.803082860274734 0.7785774622906182 0.006802584228209341 0.009825954996302854
0.0 0.7288213157834467 0.8095670126635724 0.009448033650290988 0.006046741536186317
0.0 0.7817303042250763 0.864554568508266 0.007936348266244408 0.00718050557422103
0.0 0.9104125225420395 0.8220384170819568 0.010581797688325878 0.009070112304279832
0.0 0.9994230587543816 0.7763099342145484 0.0011538824912367574 0.009070112304279121
0.0 0.8047835063317862 0.6529186147417476 0.00718050557422103 0.008692190958267787
0.0 0.8308600792065892 0.6714367606963183 0.010959719034337567 0.007180505574221385
0.0 0.8546691240053226 0.746265187206623 0.00718050557422103 0.008692190958267787
0.0 0.7144603046350044 0.6572647102208815 0.00869219095826761 0.008314269612256097
0.0 0.9706909772308961 0.665390019160132 0.00718050557422103 0.009448033650291166
0.0 0.7208849675172023 0.484932576439574 0.008692190958267787 0.006802584228209341
0.0 0.7624563155784828 0.5064740931622375 0.006424662882197829 0.006046741536186317
0.0 0.7087914844448298 0.5631622950639835 0.00718050557422103 0.006046741536185962
0.0 0.8051614276777979 0.5710986433302278 0.008692190958267787 0.006802584228209696
0.0 0.9262852190745281 0.5605168456419019 0.007558426920232719 0.005290898844162939
0.0 0.9625656682916457 0.5928291207258972 0.006802584228209696 0.008692190958267787
0.0 0.9873195164554082 0.6018992330301763 0.006424662882198007 0.00491297749815125
0.0 0.9485825786807702 0.5197013371675278 0.006046741536186317 0.007558426920233075
0.0 0.9725805839609543 0.5127097953714296 0.00718050557422103 0.006424662882197651
0.0 0.8199003601722517 0.4140723240623915 0.007936348266244408 0.00491297749815125
0.0 0.8898158091844051 0.42711061049979315 0.006424662882198007 0.007558426920232719
0.0 0.923639769652447 0.4119937566593276 0.009070112304279477 0.006802584228209696
0.0 0.9217501629223885 0.4193632229065544 0.005290898844162939 0.005668820190174628
0.0 0.8433314836249736 0.47000468327211403 0.00718050557422103 0.00491297749815125
0.0 0.842764601605956 0.48001959894142276 0.008314269612256097 0.006046741536185962
0.0 0.9984782553893524 0.4596118462567942 0.0030434892212952034 0.007558426920233075
0.0 0.8168769894041586 0.2791544035362362 0.006424662882198007 0.007936348266244408
0.0 0.7979809221035767 0.28841347651352134 0.007180505574221297 0.008314269612256097
0.0 0.7860763997042101 0.32658353246069716 0.012093483072372457 0.007558426920232719
0.0 0.8062951916200548 0.34245623209830267 0.007936348266244408 0.007558426920232719
0.0 0.8729983092868873 0.33811013351405206 0.008314269612256097 0.005668820190174628
0.0 0.8741320733249222 0.35341594802752335 0.008314269612256097 0.006802584228209696
0.0 0.912869011291115 0.3326302739968833 0.00944803365029081 0.006802584228209696
0.0 0.9157034213862023 0.3418893469741683 0.007558426920232719 0.00491297749815125
0.0 0.9608650222345935 0.3796814815753324 0.00718050557422103 0.00718050557422103
0.0 0.9903428872235012 0.3148679707343362 0.007936348266244408 0.006046741536186317
0.0 0.8357730567047407 0.2782096001712075 0.00718050557422103 0.006046741536186317
0.0 0.8382295454538164 0.27065117325097476 0.009070112304279121 0.005290898844162939
0.0 0.8136646579630596 0.1606760615615876 0.007558426920232719 0.007558426920233075
0.0 0.8837690676482189 0.12420665167146439 0.007936348266244408 0.00718050557422103
0.0 0.8951067080285681 0.19582274674067007 0.00718050557422103 0.007558426920232719
0.0 0.9136248539831385 0.25893561152461364 0.00944803365029081 0.007558426920233075
0.0 0.9321429999377087 0.2683836451749048 0.008692190958267431 0.007558426920232719
0.0 0.9676676064628028 0.22095451625044404 0.007936348266244408 0.008692190958267787
0.0 0.9807058929002046 0.20508181971795522 0.005290898844162939 0.008692190958267787
0.0 0.9992340980813758 0.14102415156898243 0.0015318038372486241 0.009070112304279121
0.0 0.9440475223370756 0.12836378647759245 0.006046741536186317 0.006424662882197651
0.0 0.942346876280023 0.13970142685794168 0.00718050557422103 0.007180505574221385
0.0 0.9606760615615876 0.14310271897204635 0.006802584228209696 0.00718050557422103
0.0 0.9943110613566233 0.1606760615615876 0.005290898844162939 0.005290898844162939
0.0 0.996956510778705 0.16993513453887274 0.005290898844162939 0.004912977498151605
0.0 0.9837292636682975 0.242307072300102 0.006046741536186317 0.007558426920233075
0.0 0.9897760052044837 0.26252586431172453 0.0045350561521395605 0.006424662882198007
0.0 0.9967776093323 0.2561012014295265 0.006444781335399874 0.005668820190174628
0.0 0.9996120194273874 0.2723518193080272 0.0007759611452252457 0.007180505574221385
0.0 0.773604995285826 0.017443871423176206 0.006802584228209696 0.006046741536185962
0.0 0.7813523828790646 0.020089320845257674 0.004912977498151427 0.005290898844163294
0.0 0.8467327756113745 0.003808960542274509 0.008692190958267787 0.007617921084549018
0.0 0.8121529725790133 0.013286736617047979 0.008314269612256097 0.006046741536185962
0.0 0.8129088152710364 0.025947101708437968 0.006802584228209341 0.005668820190174628
0.0 0.9489604998352267 0.09850800014267289 0.007558426920232719 0.005668820190174628
0.0 0.9835403029952916 0.10436578100585318 0.008692190958267431 0.006802584228209341
