0.0 0.2682098106839849 0.3238930909711943 0.007616505780072646 0.007616505780072202
0.0 0.3218880418959251 0.3079346979081851 0.006891124277208505 0.006165742774344807
0.0 0.25515294360179264 0.2825463527578876 0.014870320808713089 0.006165742774344807
0.0 0.4118353482510681 0.35327104183718844 0.005440361271480398 0.00689112427720886
0.0 0.45626496530149174 0.3155512036882577 0.005803052022912425 0.006165742774344096
0.0 0.4874563699246462 0.28454114444081924 0.006528433525776478 0.008704578034368637
0.0 0.5070416703487793 0.3296961474640735 0.007253815028640531 0.008341887282936255
0.0 0.5523780144309792 0.32062887420830605 0.005803052022912247 0.00689112427720886
0.0 0.2974064161742632 0.1378327354865636 0.005803052022912513 0.006165742774344807
0.0 0.2776397702212178 0.15995687132391795 0.007616505780072646 0.007616505780072913
0.0 0.3021213959428796 0.22360909820023878 0.004352289017184319 0.005803052022912425
0.0 0.293779508659943 0.24609592478902442 0.007979196531504584 0.007253815028640531
0.0 0.4475603872671231 0.12622663144073876 0.007979196531504761 0.00689112427720886
0.0 0.498699783219039 0.15234036554384503 0.005803052022912603 0.005440361271480043
0.0 0.46859645085018065 0.2139977932872899 0.007979196531504584 0.005440361271480043
0.0 0.6205638757002004 0.19731401872141668 0.007253815028640531 0.00689112427720886
0.0 0.6254602008445329 0.254075121320529 0.0061657427743444515 0.007253815028640531
0.0 0.6372476502660739 0.28544787131939947 0.006528433525776478 0.008341887282936255
0.0 0.6481283728090347 0.31373774993109793 0.007979196531504584 0.006165742774344807
0.0 0.27872784247551374 0.1062786401119773 0.006891124277208505 0.006165742774344807
0.0 0.2850749306255743 0.10972420225058173 0.0065284335257765665 0.006528433525776478
0.0 0.27655169796692164 0.05513924416006155 0.006891124277208593 0.00689112427720886
0.0 0.32370149565308537 0.09739271670189283 0.005440361271480398 0.007979196531504584
0.0 0.30611099420863197 0.005813301965305584 0.009429959537232602 0.00906726878580102
0.0 0.39895982657523127 0.002634632919078861 0.007253815028640665 0.005269265838157722
0.0 0.37756107224074154 0.10573460398482944 0.007253815028640531 0.006528433525776478
0.0 0.5376890389979819 0.056408661790073464 0.005440361271480398 0.007253815028640531
0.0 0.5601758655867679 0.0970300259504608 0.00834188728293661 0.007253815028639821
0.0 0.561807973968212 0.044983903119964454 0.007979196531504584 0.008341887282936966
0.0 0.6332580520003216 0.10482787710624919 0.006528433525776478 0.007616505780072202
0.0 0.7907753820779359 0.30527247671564484 0.005668820190174451 0.005668820190174983
0.0 0.7448579385375218 0.2497180388519336 0.006046741536186317 0.006424662882198362
0.0 0.7263397925829514 0.14257733725763408 0.008314269612256097 0.006046741536186317
0.0 0.7344651015222017 0.09779365775525477 0.007936348266244408 0.008692190958267787
0.0 0.868249258010322 0.20077722454342606 0.005668820190174628 0.005290898844162939
0.0 0.9050965892464568 0.18169219656983876 0.006802584228209341 0.005668820190174983
0.0 0.888279089348939 0.2684251454795099 0.007180505574221385 0.006046741536186317
0.0 0.8967823196342009 0.25425309500407317 0.006046741536185962 0.006424662882198362
0.0 0.9402432744255392 0.13653059572144777 0.009070112304279477 0.007558426920233075
0.0 0.9977098954716194 0.16166236523122174 0.00458020905676122 0.007936348266244408
0.0 0.9859717572929476 0.19794281444833892 0.007558426920232719 0.006424662882197651
0.0 0.7288213157834467 0.009567012663572428 0.009448033650290988 0.006046741536186317
0.0 0.7817303042250763 0.06455456850826594 0.007936348266244408 0.00718050557422103
0.0 0.9104125225420395 0.02203841708195675 0.010581797688325878 0.009070112304279832
