0 0.8585909035367123 0.6699815000649264 0.004551311810909482 0.003216548459947859
0 0.8319124694110616 0.6579603316680024 0.005422839604487848 0.0029439596074099937
0 0.5451759287100088 0.6032109371862533 0.005373527532692251 0.002151276821248018
0 0.002263993633254281 0.6191944613665659 0.003354064641858194 0.002738033677485703
0 0.045165307179948704 0.5428804949167854 0.005645628700776903 0.0023043565291488476
0 0.2701006190090276 0.596176130569368 0.004074790585308783 0.003219732418353303
0 0.37910447295425215 0.6050951230339415 0.003493560129814384 0.002025544858089745
0 0.38207681074734723 0.6046940952988468 0.002377118685053077 0.0015799256505575699
0 0.43028784306611795 0.6034328370761596 0.003897586505676287 0.002129118432967161
0 0.4854789067084421 0.6220360164034409 0.0027234388523136245 0.0011959460436694262
0 0.7794334060657468 0.6123857811339362 0.004967302410011456 0.0029540842037970804
0 0.7198038142665526 0.5582458907348257 0.003697376692581713 0.0026713606782561073
0 0.7935893641166355 0.5366521514417525 0.0019479167002518238 0.0015985130111523206
0 0.06239918816148753 0.5019554102004787 0.006239821721321457 0.0035129465061931597
0 0.1354259406391226 0.47868340961373357 0.003345512500522343 0.0019423432179623034
0 0.3777365796528969 0.5482847106518598 0.0026743926593681524 0.0021567443652519102
0 0.40659597151780263 0.48394042134038884 0.005920884548722043 0.0029749597321706745
0 0.1632853733570026 0.4002907189745086 0.0031489324831821363 0.0024042246104303898
0 0.7948113412828707 0.49898491340009005 0.0024907116815622034 0.00232476878388411
0 0.9372221848056177 0.4883755753715878 0.005230667127622439 0.0023362114081369612
0 0.8418109394964955 0.48132517620406545 0.004464071856310596 0.0018995268513308616
0 0.7125844070105737 0.48737677798598833 0.004924773124091218 0.0017209176558692718
0 0.786937128529394 0.4807029937496793 0.005140428329550559 0.0019177114464799417
0 0.5741858490248857 0.4286490350137628 0.0023173886287509047 0.0019200695472627416
0 0.7640142727060854 0.4072007012238022 0.003576172962916928 0.0031638254526141197
0 0.7519159095458857 0.36864318932868284 0.005517523999929068 0.0029337290560604145
0 0.8138567697003569 0.34519000805569483 0.0036282254095009138 0.002339161862855832
0 0.5578387080457643 0.5081676803899862 0.006360137889759727 0.0019280601302678235
0 0.35129215721696455 0.3490351607066863 0.0038700745867594577 0.0026871948558878245
0 0.29876414556950054 0.34409949927942707 0.005267330176547667 0.002753627651237238
0 0.2928887465666545 0.31434521484700384 0.003933212753553228 0.003057915616642468
0 0.3425489587713737 0.3099949850742463 0.005548707608151986 0.0026992553882818626
0 0.5850244631925011 0.2522865188954425 0.004702973371917594 0.003600897697771721
0 0.5805820627632278 0.23842708653260763 0.004985151774232648 0.0021711294942447523
0 0.021624508773619783 0.2936532457371168 0.0027908026256117636 0.0027614840019111143
0 0.06812697416043514 0.35323180933493015 0.002247572064976486 0.0016104540248957733
0 0.32399175391281404 0.4174561702120387 0.002519585921277283 0.0012918457984171282
0 0.27315076695971446 0.26178728717791283 0.0048850726727877 0.0025852243477640967
0 0.27013940890636656 0.27498773863941234 0.0018412017740777032 0.00220272192222275
0 0.2995886747253168 0.262642832025659 0.004517940684136903 0.002131735182176655
0 0.3711194849437662 0.21673914855550622 0.005622753559067775 0.002355753943897234
0 0.4805771470098169 0.2311253367912841 0.004380448676630451 0.0024323585144153627
0 0.7028613566847537 0.32283373934684306 0.004031585960266426 0.002970683424895526
0 0.7323417724776979 0.24624630221457036 0.00522734646425917 0.0027518351389822014
0 0.6930538256472661 0.20565113614438002 0.0037073402553089354 0.0027941402713332762
0 0.6902529393090139 0.22386786511284498 0.004006319308156492 0.0022218464808192095
0 0.9050040731303262 0.24603830183348704 0.005481823525043836 0.0035703125855753013
0 0.6433644335740237 0.3657463060708608 0.002100667237926217 0.002299599240085186
0 0.8988466802506815 0.2958602499425403 0.003606392671121199 0.0025791018955965937
0 0.8828615884111173 0.30763083199797586 0.003606392671121199 0.0021949803366780075
0 0.893323161046737 0.26677405990724146 0.003215378105992954 0.0021161729022160713
0 0.6764655863303426 0.29387966950700095 0.004296622557913707 0.0019184761182198073
