0.0 0.4967715591395862 0.9863868503514421 0.006661055197729126 0.00854835417041926
0.0 0.6297008387913762 0.917286884613608 0.0035092936802975316 0.005115241635687084
0.0 0.6319023070299217 0.7967517228802883 0.004487172763814584 0.007439260108429302
0.0 0.8884643423138705 0.762801841189081 0.009423373747107177 0.007475876506038403
0.0 0.7165750206866554 0.7402405638530094 0.008042304453634585 0.006078485924258814
0.0 0.4837653457549866 0.7596056895551626 0.008872286581370759 0.0055069364987815565
0.0 0.6177164206162364 0.7382495799989737 0.009260802912455901 0.006136676628735671
0.0 0.23443169363389557 0.5716769120440409 0.004174920451483999 0.00614422255124083
0.0 0.576419463172057 0.503042243916167 0.006442699103504879 0.010124241448365013
0.0 0.5546235057912596 0.3796582058517851 0.009940164331122148 0.009387932979393198
0.0 0.6662138366632993 0.30460802577822343 0.0065364748393040625 0.007485317961138804
0.0 0.2049812974636973 0.8261365772479558 0.011458185917020103 0.006169792416856978
0.0 0.25395813447024035 0.007316860465416042 0.008472700465345184 0.011522872632869507
0.0 0.4662486629023766 0.2330679659098978 0.007263154081542567 0.009506186959665541
0.0 0.3590612373607021 0.3703881794267545 0.0037844833208264816 0.0073587175682725105
0.0 0.8193284723891182 0.14675279981612893 0.006497141796566552 0.0082531260659092
0.0 0.7905303303719033 0.18441866239352275 0.006497141796566908 0.007023937077369524
0.0 0.8093775073232621 0.05367699170317266 0.005792704619077682 0.006771753287091542
0.0 0.4186950328732578 0.14041494242240304 0.007740634076991526 0.0061391235783034405
