0.0 0.9821685090666252 0.33027499899601054 0.00968074569561601 0.006884085827993403
0.0 0.004078726029909667 0.38142227637301074 0.006042557081347653 0.008761707767953908
0.0 0.08136812371637633 0.13721758373371315 0.010170952956243396 0.007373940893276654
0.0 0.48660314643345126 0.3077636178219777 0.0073409899138454195 0.010303143738730824
0.0 0.6829804020566449 0.33630439370861287 0.006293866921368796 0.006481743545887042
0.0 0.6883352543620178 0.33502110495630966 0.004282527881040998 0.00505576208178411
0.0 0.7751904422738031 0.33098507864371063 0.00702174568913243 0.0068131789854952276
0.0 0.8746205928669278 0.39051525249101077 0.004906445307371143 0.0038270273397422727
0.0 0.1124160374221799 0.0062573126415319535 0.0112414288198182 0.01124142881981811
0.0 0.6805160567809221 0.15451107408595136 0.004818085525393023 0.006901581968806169
0.0 0.9996261022525935 0.026136577247955727 0.0007477954948127419 0.006169792416856978
