0 0.2885080912279902 0.8004237873107769 0.00154627840076337 0.004394488346593022
0 0.41764087520927545 0.9056289404000754 0.00264651495515281 0.006866388041551517
0 0.4211003841337535 0.8916354330960021 0.001423605506822483 0.0031702593176747484
0 0.42231357737959535 0.8894078838282234 0.002097750497956241 0.003945282095640863
0 0.3233096609502792 0.7949854079466914 0.002496464228925177 0.005878038044894111
0 0.29060050503862345 0.734703597830223 0.0023947075460267796 0.006258119398128201
0 0.31966804932687276 0.7338568814189237 0.002660106221201559 0.0052734109204837405
0 0.33192269770049376 0.6960549282896941 0.0019227548660921202 0.004159185609542675
0 0.46494109617574325 0.8539337584046512 0.0025526976929223367 0.004152366495952293
0 0.4954764695161577 0.857686791737691 0.0011592937941041727 0.004000691139687973
0 0.4941184396430643 0.8575691243512297 0.00122553915376713 0.0034123542073811563
0 0.47185392087753414 0.8082160688834396 0.0013718746469155007 0.0034520950930190964
0 0.486821512989274 0.7867940593156826 0.001993911719939092 0.002325057655167342
0 0.4370269709193783 0.7716432393756055 0.0013030653934255072 0.0035750061137522693
0 0.43579124847431155 0.7715426846995002 0.0013716477825542483 0.002729908601515234
0 0.4136219803236774 0.7419360674491603 0.0011425501776939483 0.003003569202599579
0 0.4070982880390774 0.7082250289007165 0.0019439258928466074 0.002498418832038851
0 0.3426399719789841 0.6026499986283352 0.002395362398961396 0.004831641068044803
0 0.3486283779763875 0.6042004506128571 0.002598359212432655 0.0046152989306695955
0 0.368986943326121 0.49801634631962893 0.0015758872629906052 0.003766125782239982
0 0.3503859885931186 0.4277335437839473 0.0014155251141551872 0.0022709865469076364
0 0.29170289807188954 0.35465058245041214 0.0015634381263684815 0.0024566078292234295
0 0.2905002533592984 0.3556919705519308 0.0011425124769616345 0.0030440575275160597
0 0.30864692500403934 0.3301122047003481 0.0013684373714625408 0.004405585015497735
0 0.29822467167697037 0.25505497484495315 0.0031733672366814503 0.004362276050864758
0 0.3029807503575276 0.2243749353479229 0.0017530876476615376 0.0035786580068301534
0 0.3023004476882858 0.2212610381212006 0.0013867708257621202 0.0021843756665067106
0 0.29371091714768377 0.17820095054810878 0.0021833222112097772 0.004847619133301926
0 0.316540765079936 0.19073759075964222 0.0014472034288339586 0.004691298816660705
0 0.2982502491374188 0.1788698111804453 0.0014778168020711036 0.002156209969172238
0 0.336011721264165 0.20093273082062996 0.001389025229435177 0.002952594484829021
0 0.33730281521737104 0.20365742334255138 0.001187214611872065 0.0023250576551673064
0 0.33610037990534664 0.20345465668657747 0.001095890410958944 0.0025143065340763114
0 0.28837067391963656 0.12255913493741356 0.00316201452462721 0.004953119514316562
0 0.2827287078989948 0.12662960595413553 0.0012707573040904308 0.003792036782953776
0 0.303428166021255 0.1305806135791806 0.002819582496143944 0.0048413022148324466
0 0.29536997081393 0.10938730250467806 0.0028904234395299966 0.0048385876302958234
0 0.3637941381496106 0.07819302548757456 0.002448794343709153 0.002529575802286628
0 0.3509593740425507 0.1424151295812137 0.002178041160395097 0.004948356286066744
0 0.3687899543378995 0.11016988307914896 0.002389649923896471 0.005190826392931669
0 0.40225232079622325 0.12473926950991539 0.0025610647205515135 0.004757408784474925
0 0.3398222662571563 0.15819164539268502 0.002977312687284197 0.004930547389035542
0 0.39217345045784685 0.23492367258524172 0.003011801962133802 0.0044644734632844066
0 0.3547156039413335 0.2916012753676878 0.0032717116052094044 0.003725212582265378
0 0.47438355126922455 0.9347067339362387 0.0010952996139008426 0.004119832824930964
0 0.47539361199770735 0.9341285862219244 0.0011111111111110716 0.0030820531708030787
0 0.7753382064675143 0.8970291496130954 0.001932848000954408 0.0041198328249308245
0 0.7578395795917957 0.9036683602900508 0.0028737573471391896 0.003919504507162514
0 0.7450306252970437 0.8927793027279313 0.0027630858791854963 0.004550025200300496
0 0.6137426653202598 0.8755343253005503 0.0009384440075585587 0.003384307943471754
0 0.6022150274614159 0.8929118101903366 0.0015289166784585716 0.0025145525019138405
0 0.5916550067372837 0.8460483294217204 0.0026152169287188085 0.004453290054130008
0 0.6503134383396866 0.8121320543372335 0.0027494823768667233 0.0037158810055771597
0 0.635671111068858 0.8047283867432035 0.002166157971129223 0.004617129080526752
0 0.4979640668604117 0.7440635796988049 0.0015766395599816007 0.002635749456735823
0 0.5396790023845435 0.7241959553637862 0.0023564140865322968 0.004105822600003819
0 0.5327929643755467 0.7089295237637094 0.002052654721631555 0.003302036848177323
0 0.47990538003714406 0.6361355157944246 0.001346737715960913 0.00270169286117671
0 0.4397802380859883 0.603833098127767 0.0008763242967534524 0.002295924055189076
0 0.41963095239016596 0.5789571660155822 0.000763389473244942 0.0027119195857863328
0 0.35844552430458376 0.37364652534399456 0.0017883195381265438 0.0023638901399917955
0 0.35849751033766886 0.37004528645885076 0.0011436927278715813 0.0025485690571786534
0 0.4518336570412502 0.28433684875645904 0.0014863235377153216 0.0027225631497439905
0 0.42729379725667194 0.24512231165722745 0.0013698630136985911 0.003757942024049541
0 0.42556624778939633 0.24387867616725423 0.0012633181126332005 0.003541657591010683
0 0.42504847549957425 0.23353132641831031 0.0020243531202434896 0.0037579420240495052
0 0.416544901065449 0.1971432607148845 0.0013089802130898675 0.003190195387322561
0 0.41825388221779247 0.20680475547588073 0.0013394216133941939 0.0023520932092971234
0 0.4311978541972459 0.13554272077143145 0.001861786526222886 0.001984183246680562
0 0.4179816262053576 0.12638978356201813 0.0018074246770162716 0.0026539410903592396
0 0.4445984339729213 0.12803035365583504 0.0017712022157774499 0.003825338728579659
0 0.4648467302692012 0.12664129333637925 0.0020319782852055114 0.0028997576270115033
0 0.4485944418781234 0.09894225100309838 0.0019499792703327756 0.0021796939081842838
0 0.4763699873961596 0.039000343245217575 0.0018416480698809324 0.005399070318963339
0 0.4853235072791737 0.061450479133095384 0.0015068493150685214 0.0033253731579718517
0 0.48536079152393635 0.1243415595385298 0.0019658615494277856 0.005586934193551869
0 0.496897379158372 0.15691116839065294 0.001995637833382844 0.0043549461072736224
0 0.4917141886415402 0.1804836426042663 0.0012024353120242636 0.0022169154386478596
0 0.49271114450150977 0.18172727809423952 0.0010045662100456809 0.00264948430472554
0 0.4938347335659786 0.19697258726090738 0.001567732115677316 0.0037579420240494345
0 0.40910515699273875 0.9302089165439839 0.0011872146118722072 0.0029198398460239614
0 0.4079788251814753 0.932020298670684 0.001004566210045752 0.002703555412985139
0 0.8065695947514469 0.8464455442097156 0.002458375479691881 0.004072273575917649
0 0.777971661015715 0.7930521694153723 0.0019330289193302975 0.005028613068152623
0 0.8113956122545418 0.7718136130349379 0.001823884834658145 0.0019719607066372193
0 0.7785305178347213 0.702088879942843 0.0026508895262905697 0.004837021664687029
0 0.7685068687140916 0.6966605946938853 0.0027240681336577668 0.00520794546466945
0 0.7227820333778371 0.6872044669890957 0.0013572038251373896 0.0038909772510625374
0 0.722031999684998 0.689805500694969 0.0018096051001830916 0.0028336464763172842
0 0.7941623949601311 0.6689137161354592 0.002966112169558102 0.004629907066529597
0 0.7820324444723573 0.6561977389373921 0.002326711903327947 0.003037776696313017
0 0.7866072330004757 0.6265424752854861 0.0026484018264839905 0.004217546444256968
0 0.800399917244068 0.6229613368101963 0.0035122883318240384 0.005805412881125988
0 0.7298277543550691 0.6068670727011515 0.0033115496464522207 0.00311821818139272
0 0.6890968629385157 0.6254619266696312 0.0019733898159093144 0.003697271922081029
0 0.6548568654932698 0.6205834090297091 0.0018114568115905171 0.002604703273131648
0 0.65501500854825 0.6229327492368475 0.0013801575707356052 0.003115429405118206
0 0.6304368923950229 0.6129678673119943 0.0028283946827036745 0.004583203544212608
0 0.6306974024315877 0.6173747937968141 0.0017615440567715268 0.0037018182472487384
0 0.6226296255119288 0.5858622136725252 0.0015129149511204077 0.0025166720270620147
0 0.6230618869265345 0.5889334066547027 0.0013207987668509703 0.0019194956138608888
0 0.6121441980949882 0.5355373708904358 0.002474799524274758 0.0048842530844316915
0 0.6138333469766362 0.5258735272876676 0.0012177584960717525 0.0031398769828489747
0 0.612399534553842 0.526222402507984 0.0009427807711524139 0.0030003268947221785
0 0.5415155614989083 0.6630593980454784 0.002828369897942622 0.003996246043611933
0 0.4956642271875174 0.5736255990318037 0.0009897362699408064 0.003324922690013992
0 0.4975253616951235 0.573205206507779 0.0011403483110186841 0.0031720526812778617
0 0.47388772782754424 0.47719824871938277 0.001052201278626086 0.0018689576917832085
0 0.5380289193302893 0.4071013740873191 0.001628614916286182 0.0029198398460241037
0 0.5241443350594567 0.3978922375728943 0.0015024788975025417 0.0021228748595162016
0 0.525809165548353 0.37346578893886007 0.0009624961270404953 0.0027095867012557305
0 0.5070097429214022 0.3207507752055207 0.0019711550386987396 0.0047488033343509525
0 0.5078216489640609 0.3568645217572663 0.0030586888531530577 0.004467094661974258
0 0.4644314850722088 0.2465003976486164 0.0016948744224035295 0.0037160819946539902
0 0.4744110444886165 0.2666390133955612 0.001508166234555901 0.004099466073818334
0 0.48484021968750746 0.2744532883660115 0.00199992317341696 0.005903881286791623
0 0.47583206865422567 0.23379693243875913 0.0026914681264371865 0.005182113667352688
0 0.4532205560025065 0.14626415423148711 0.002116966769057953 0.004738923009169742
0 0.4504093057797715 0.12452729543792829 0.0023755472093629493 0.00231207246600313
0 0.4327250251641815 0.14186488291825067 0.002924791599008785 0.005143168658128747
0 0.46432669170780544 0.20341049856460405 0.0014720991934695604 0.004510522142835569
0 0.4627993887945807 0.20386808776750043 0.0014352967136328943 0.003987563053811201
0 0.4882139730374494 0.23344234570808212 0.0036169829940152455 0.0044290906898251945
0 0.5077349525038726 0.22059563938793836 0.0015989154686467798 0.003986994766571463
0 0.49474867380785015 0.25201203246515097 0.002489733532310012 0.005851801886307833
0 0.5030912577125854 0.2348459553433093 0.0020544646739701733 0.0043986060669315916
0 0.49620035016501346 0.09108408345667922 0.002282779318813155 0.005045916825981145
0 0.5049890505424436 0.09275103812240512 0.0025617856800013074 0.004775599853160717
0 0.50884354702869 0.09756718684188505 0.0022477064384440835 0.003436545164990399
0 0.5111467390739622 0.1140514666038884 0.001037637082949132 0.0028014941316019913
0 0.5123400217193536 0.11646591220415065 0.002137532390875094 0.0029120794262704666
0 0.5257308005290252 0.049319797286907024 0.001194175402338331 0.003015991996192069
0 0.5388595941007162 0.07861569666644252 0.0015887335893267362 0.004489490801976554
0 0.5487686998483389 0.07271581905086055 0.0025953212854447115 0.0033315264335113605
0 0.5546027853862746 0.07584446361696867 0.0022017994305177525 0.005344917449601603
0 0.5181414303877914 0.13748940439004198 0.002093275137128998 0.004757045441981252
0 0.516853584332428 0.16021853975967112 0.0021106111956732576 0.004586473296349389
0 0.5266702523796801 0.13522914777348077 0.0028538221987415113 0.0037447120693206415
0 0.5269144984237166 0.1392935303853044 0.002776691869045962 0.0040187153914660635
0 0.5586315566880706 0.09049541265344181 0.00290860285970318 0.004282644535654611
0 0.5679939133835602 0.07357300988786665 0.001964877711723503 0.004680821683705165
0 0.5973054569799536 0.03901662599282986 0.0024612067091182867 0.00528882017641719
0 0.5395456705406232 0.14179115702717426 0.0022156568419185872 0.004438566810591631
0 0.5488101646423522 0.14010696923021154 0.002856884019705319 0.004772446406023061
0 0.5533609968398103 0.12659014980433103 0.0014134895902561339 0.0034356823710207786
0 0.5434344339497588 0.1194645606773496 0.0025463168635594256 0.0034966644425169944
0 0.5453132770262371 0.1209024914314262 0.0015071172696917755 0.0028709810130637336
0 0.5686982958904458 0.4896293581168783 0.002424637729007699 0.0040629515038765615
0 0.5848377037956486 0.48358822699450227 0.0023721547726522373 0.005786548902715722
0 0.6056037755004862 0.4856351691528545 0.0014737480516576085 0.0033933461932740983
0 0.6243630985582778 0.47666551325642653 0.002020526254913975 0.0044589752312181475
0 0.6021814765046467 0.44001319861000426 0.0026795680453579962 0.004393426131344072
0 0.6122615333853478 0.43461147648574877 0.00213850983332172 0.0036856712801476023
0 0.5198036363702957 0.32709484911859105 0.0009143517986873917 0.0035282270082199574
0 0.5208125762860887 0.33055307162267966 0.0013557630118469178 0.002212142330550577
0 0.5211751640683269 0.3257367617384429 0.0018287035973749966 0.0023241495371607358
0 0.541104245156962 0.3298444545720028 0.0021790517685764854 0.006192815988960305
0 0.5032671169482277 0.28881747060824803 0.002863763253566418 0.004624290107469875
0 0.5264758956785139 0.278989148983694 0.002945314333673821 0.004433536504155669
0 0.5023007649790224 0.2619208046867277 0.0021322227084484523 0.005394076822634517
0 0.6406260780641901 0.5231536948562733 0.003868699836916747 0.005718076539934813
0 0.6864858729396414 0.5270899329011448 0.003585348523323688 0.00451354377883753
0 0.7133517478609717 0.532053316414234 0.003889013151272991 0.004981138154731326
0 0.7963827156294707 0.5824752451721963 0.003591911920597397 0.004612108139092399
0 0.7846981828757202 0.5825521136411811 0.004197776581902843 0.004458371201122659
0 0.8073671053436843 0.5416616520207868 0.003435446103820965 0.0036480320631849137
0 0.8176507828956139 0.5295061404191523 0.0024165973880822377 0.004464144933932701
0 0.8081283360687024 0.5113809178904758 0.0033363531225667487 0.004162415030210766
0 0.8095452730306565 0.4846691087772428 0.0034957520605181005 0.004017769624986016
0 0.8083412558762553 0.4775058323998476 0.0021248688995305545 0.0032872660568067148
0 0.8041086541167065 0.47561869818205127 0.0032558475073452085 0.004748273193165247
0 0.7387916794134044 0.5109565243525735 0.0029089801254045256 0.0034446899663650755
0 0.7465181133382327 0.49679300480256494 0.0024559203006941743 0.005155438152304725
0 0.777157412471504 0.48887926334563914 0.0026292506993078747 0.004670169498857319
0 0.7696861293727238 0.47770076230092573 0.0028093363636439504 0.003966445327796606
0 0.7458696488418171 0.47993104842945206 0.002534074490400826 0.004628504120842365
0 0.7320315827780233 0.48554685914177964 0.0027647663478936125 0.004910877259745163
0 0.7103187416357101 0.48824539268243505 0.003967171862636292 0.00500580494082115
0 0.69565184018989 0.48428838419320924 0.0020669973956539424 0.0052264526363166655
0 0.6687917521565511 0.4618744297292864 0.0035084484354254643 0.004550226602852021
0 0.671464855726399 0.4647677803408824 0.0018934483619756292 0.005292111375056194
0 0.5648446013250157 0.3785198359075986 0.0035422005381411737 0.005471116333280293
0 0.60649858824022 0.3947011995455142 0.003015585861413399 0.0041307767931842675
0 0.5684489798386305 0.35255611826278127 0.002221436266493288 0.002715548564374091
0 0.5778358637636528 0.335189641450701 0.0029277316563292998 0.004687632308349165
0 0.5219129435965479 0.24652447094752936 0.002337231161323032 0.005157891827747605
0 0.5430051806442033 0.22339985348984456 0.0022833525872405147 0.0029424234418437933
0 0.5393081060179306 0.19160815419431323 0.0022097673766387515 0.006110617474846087
0 0.5323968899121225 0.18595778970097243 0.0015220700152207911 0.003055017616673368
0 0.5317576205057299 0.18318664540266252 0.0010350076103500072 0.002108773222128484
0 0.5356362163696733 0.177937676085831 0.001272275135499683 0.0037457966327018965
0 0.5559104226423479 0.1719422410439325 0.002664376071349537 0.004852372102759084
0 0.5666643806891318 0.16291170412075534 0.002630464510337638 0.0036166515909050335
0 0.5581178143334078 0.13502197804868876 0.00278977339488514 0.004685986126992903
0 0.5610325267984936 0.12261663698967172 0.003123333257316645 0.005655500498096
0 0.567370426273861 0.1219790086188094 0.002846269253616285 0.0041509511630956905
0 0.5772490501653185 0.10531364974881603 0.0022750071943651307 0.0033521512613966208
0 0.6030664356002734 0.36668484618748065 0.0030549391006625378 0.003892775070311458
0 0.6029520020633683 0.3566607704571656 0.002789292222344031 0.005426292522252325
0 0.6148618686561302 0.3667733804179676 0.0033501379576861014 0.004423827582048929
0 0.6194008356898343 0.35889769343746525 0.0029093303316746954 0.0040323384154959995
0 0.6247583864668601 0.35171279811666506 0.002815829528158389 0.004352724214906231
0 0.6300219594684539 0.3595560028293617 0.0024922649914581995 0.004241108584133571
0 0.6332234829044491 0.38294442135048257 0.0023947654000594553 0.004861335189514762
0 0.641630188467208 0.380251132096089 0.002292498321869374 0.004362461797598413
0 0.6502004584431188 0.36657991781935695 0.002340105121657956 0.005349670787901104
0 0.6641889535507388 0.5019143311185663 0.003015242881488689 0.004669143868254935
0 0.8203088697760071 0.45105130382566955 0.002964560891209231 0.0047033968362655545
0 0.7644624009092889 0.43009414131571133 0.0033589699183079347 0.004794366678095443
0 0.7665799160438459 0.42342248378712305 0.0030890526927296945 0.004741095937227655
0 0.7558111753167096 0.42438625074786507 0.003095045212322418 0.00567679773473262
0 0.8133946366929234 0.4180616164911059 0.0024187623643341285 0.0037359065742722207
0 0.7818833911476998 0.4294760226472391 0.0022570806755653904 0.005622529146755753
0 0.7902810155629248 0.42230083047916056 0.002862638905595247 0.005035830453181305
0 0.779532600233095 0.4028325008762927 0.0021675115513112076 0.005775017767240129
0 0.7545304869990451 0.4002993644272297 0.0024244510882783744 0.004909292666804177
0 0.8181045390563395 0.3887091045203348 0.0033252329988475537 0.004172409772561991
0 0.8071373715050945 0.39380269567125453 0.0031726993750471875 0.004172409772562062
0 0.8170311025241874 0.37364742320391026 0.0023795245312854263 0.004064035492755238
0 0.8154142461119038 0.3772779615774382 0.0024405379808055726 0.002871918414880241
0 0.8150481654147831 0.3801227864223668 0.0024405379808055726 0.0037930997932381417
0 0.8149261385157426 0.3680932413638115 0.002196484182724987 0.005093591150919821
0 0.8106704504117129 0.36660309501646793 0.002349017806525353 0.004497532611982322
0 0.7389971632580999 0.41455452247978136 0.00348684806091029 0.0045689493878194294
0 0.7167320069452012 0.4114980010911593 0.002725104725921739 0.005580729747578133
0 0.7207100498672933 0.4014708644941375 0.002180083780737334 0.002961203539531212
0 0.7205337195614981 0.4042612293679265 0.0024045041699308455 0.003075095983359333
0 0.7389365261529247 0.399791810654045 0.002769147407483814 0.005812960701478786
0 0.7348130442002215 0.38764782436179646 0.002337591967356616 0.002874541006225826
0 0.7348310256768936 0.39026685061191324 0.0023016290140127184 0.0028745410062256836
0 0.7065295158854994 0.3974278920131097 0.0026924923133888968 0.005063825143654626
0 0.6648813180717416 0.3997861359592184 0.0039858201946526605 0.005601565935235442
0 0.667209220629966 0.3834407198984482 0.0016869242712505186 0.005529674715972277
0 0.6387884324884106 0.33611233983726535 0.0030582938685102335 0.006941210098405221
0 0.6098118446936143 0.3070158944853877 0.0037712684383885177 0.005103742790613097
0 0.690849746240894 0.3819580560814761 0.0021011557649384827 0.004127982226620546
0 0.6915023779557612 0.38591639520289306 0.00302439087377536 0.004806554647434922
0 0.6864086670104556 0.37913067099474956 0.002005648684714032 0.00525893626131122
0 0.7048722694205837 0.39055691394315034 0.0019998315654075325 0.003679035941416089
0 0.6989263416412921 0.3844991909706462 0.0016784300638241234 0.003108151053954984
0 0.7001405250917179 0.3824693780374513 0.0022498105110834387 0.002220107895682091
0 0.7068721009859911 0.39043005063482566 0.0027140571244814284 0.00367903594141616
0 0.7011761521523755 0.38618012980594835 0.002249810511083297 0.004567079099688911
0 0.6593687198228685 0.3571648497537289 0.004390887810331918 0.0044283891821078215
0 0.6810961225065373 0.36780505331548086 0.00193867620227806 0.0036403203544496422
0 0.6811792086294921 0.37311795329224523 0.0013293779672763151 0.00324677220802279
0 0.6967717043706709 0.36957601997440226 0.0027141466831892558 0.005804835159798216
0 0.6983878629432653 0.35898798228943485 0.0029170275909170583 0.005414197872442373
0 0.6957822034659855 0.3630049678076985 0.0024909449090976922 0.004948460421049461
0 0.6750639356074575 0.34758201031714747 0.002095638962743891 0.003199914200777414
0 0.6544602516145818 0.32431458010563907 0.001773377290579816 0.0038824797722564596
0 0.656481076899196 0.3238750540936855 0.001690894625901649 0.004908040466814753
0 0.6328148349999225 0.311238444158514 0.0012865744391188372 0.003063220468949979
0 0.6383717416199466 0.3055758126927286 0.001779305075377166 0.002629408093646055
0 0.6383485540334856 0.3075429460041372 0.0016286149162860397 0.0023520932092971946
0 0.59085998669821 0.29549620100216595 0.003366176092359012 0.005007515380411292
0 0.5788734454360255 0.2730721879664715 0.001731581381397831 0.004811977602649335
0 0.5805631337194863 0.27260091180951096 0.0012567929381113885 0.0032741290904624164
0 0.5660617908734703 0.2559556066540269 0.0021202559738662786 0.005538345281462753
0 0.5635780303782554 0.218984410613298 0.0028698277618685354 0.00439658608721981
0 0.5691175529569247 0.24068373496642742 0.0025382092589411086 0.0047283832246608525
0 0.5737915724459505 0.24395511638348924 0.0023524866302381043 0.0051132516266681445
0 0.5820407525375091 0.24486230618822066 0.002383440401688688 0.005828007230395897
0 0.5820099402366233 0.22647529032782146 0.0028845963736777234 0.004554421025955051
0 0.5740913843517822 0.1916659397473494 0.002442951748043072 0.00523985945637321
0 0.7941995202682466 0.37112953747231564 0.0036872792633587887 0.008662212606264888
0 0.8154288979432113 0.32498031735487887 0.0022556965048188713 0.005866879076837606
0 0.8056407863240871 0.3182906442611676 0.002336257094276846 0.005652237159392329
0 0.8067289542913558 0.2852873700447869 0.0030238456442597795 0.005247590491100347
0 0.805043247236797 0.28849766069816596 0.0024329792540021345 0.0032720270120978868
0 0.803566081261153 0.2792372068903417 0.0033019004161458556 0.003889390599286102
0 0.8100545838436602 0.24442480386043225 0.0026511869712358303 0.003947361898298567
0 0.8079882175278433 0.2396464184045975 0.002573210883847774 0.004501377603323356
0 0.8060193213212643 0.23303285592586895 0.002846127189709193 0.0036011020826582653
0 0.8131931213610792 0.21395394008409274 0.0021443424032054283 0.0028393304882497715
0 0.8135245197324837 0.21599687299637005 0.0028851152334037522 0.0031855903038900736
0 0.8179329809477863 0.15381134072843028 0.0030950452123225604 0.004302415125270773
0 0.8066391091898697 0.14373777088939207 0.002641607498048586 0.0053624206725350195
0 0.811140624007973 0.13746565385276632 0.003018979997770117 0.004883633112487207
0 0.809625742973378 0.12884173240885452 0.0025876971409458348 0.004692118088468132
0 0.8101109361873051 0.12381446302835293 0.0022642349983274814 0.004404845552439465
0 0.812644722971148 0.12754900599672556 0.0018329521415033413 0.004787875600477723
0 0.8173349240391119 0.10940295747091511 0.002479876426739622 0.003734542968372594
0 0.814531585469754 0.11012113881098679 0.002479876426739622 0.0053624206725350195
0 0.8118899779717053 0.10585992952656163 0.0023720557125335518 0.00584120823258278
0 0.8099222499374445 0.10269993163024636 0.002210324641224446 0.004117573016410798
0 0.807550194224911 0.10394477928637055 0.002641607498048586 0.003926057992391687
0 0.8065258974399532 0.09925266119790244 0.0017790417844001638 0.003926057992391687
0 0.8042886176201773 0.10183811402216036 0.0016173107130912 0.004117573016410798
0 0.8131029610065235 0.08431448932441203 0.002210324641224446 0.003543027944353483
0 0.8159871651115358 0.10504599067448041 0.001832952141503057 0.004596360576458558
0 0.8062833008329897 0.07871267487185314 0.002156414284121553 0.004596360576458558
0 0.8073884631536018 0.05865147610585165 0.002857248926460869 0.0056496932085636775
0 0.7993827751238013 0.0665993496026446 0.002156414284121553 0.005458178184544566
0 0.7942073808419099 0.06626419831061116 0.0022642349983274814 0.004787875600477696
0 0.7969837642327161 0.07014237754699808 0.0027494282122547987 0.00564969320856366
0 0.796128076485019 0.3226028155385955 0.0030247663837650405 0.0038376418993624384
0 0.7910590998528853 0.32021166943206963 0.002260264990066219 0.003660519965545674
0 0.7903112180547018 0.32224857167096205 0.002825331237582702 0.0034833980317289814
0 0.7879079960655789 0.35381246601942523 0.002991045307608857 0.003638905529341727
0 0.7886864873100253 0.3516655117571135 0.0022535272865545153 0.003711683639928509
0 0.7691440117477722 0.3606377468304433 0.0032020369295808846 0.003564212393104782
0 0.7701900104781018 0.3584385519495914 0.0025616295436647362 0.002957537943214561
0 0.7194999189963625 0.3808861404291914 0.0021901796888747073 0.0029360572110920203
0 0.7203883881154343 0.3836753947797287 0.0016529658029243422 0.0039636772349741275
0 0.7102827116591958 0.3658134369338238 0.003648042525410915 0.004628417229613007
0 0.7115465802477121 0.3560227253199744 0.0013988734495936229 0.002874490700496466
0 0.7112311479992743 0.35860489493228487 0.0020845957288062778 0.002874490700496537
0 0.709626557865917 0.353026434166067 0.0020571668376376806 0.002338568705488697
0 0.7327854549943124 0.3635531115610135 0.002461440356073297 0.005633281071101451
0 0.690512262708286 0.3493817593284138 0.001618332900477526 0.0038966000306615454
0 0.6940366321359929 0.34449503961783007 0.0018341106205413383 0.004471508231906682
0 0.6891020739060281 0.34479356989412074 0.0015639887044247302 0.002700845869065063
0 0.6347974982759267 0.31045139436273544 0.0020772887294500464 0.0041752488855225775
0 0.672882629546285 0.3199647042862177 0.0020961190715912893 0.002060412734540549
0 0.7161574059142909 0.3645580765929942 0.0015849353607825377 0.003982505064099726
0 0.7334771594021336 0.35142173996660075 0.002396731521183284 0.005630438194072198
0 0.7382497655385305 0.32765235729969755 0.0020680789480303475 0.0039696377043470935
0 0.7390836683401557 0.3312961292223444 0.002735201189330496 0.0045028726198564325
0 0.763029280911386 0.34914919545584383 0.0033222292954057766 0.0036128956919789347
0 0.7737467848212464 0.344550224417824 0.0022816333523104503 0.005313565023154538
0 0.7715216423429109 0.33624059345673113 0.0025351481692337074 0.005043383750790724
0 0.7825551463583464 0.34071926652290685 0.003213459783458177 0.004697621473774163
0 0.7746494665370958 0.3368550940202863 0.0024740796562907974 0.005657350592071992
0 0.7795625933091631 0.32049901345265214 0.003412523663849214 0.004344037061769655
0 0.7851152986867836 0.316092541945353 0.0032218615783470737 0.004362916227654168
0 0.7705726715469825 0.3088556095103774 0.0034406717615327407 0.00528028824217067
0 0.7780459867789149 0.2990452132707134 0.00255985979058039 0.0054269629155643175
0 0.7666124300726996 0.29042907169206117 0.0029332421278428457 0.004552008306561533
0 0.7256920032163989 0.3636438118619549 0.0034368529710833685 0.005414569465269779
0 0.6031002205140787 0.28409629567533107 0.0016942899479975182 0.00631252300384773
0 0.604753186317003 0.28387609138449915 0.0017769382381437283 0.003670071513864954
0 0.6096294354356299 0.28541752142032245 0.002438124559313195 0.005578508701074689
0 0.6222552350102081 0.27842757995366624 0.002396187932480416 0.00571926209036075
0 0.6342631589426211 0.2817844916515425 0.0035631585881450434 0.005220278506105203
0 0.6329288016190048 0.2704150463317397 0.0021587019183652956 0.005774644365160597
0 0.64700170850468 0.28351999972526387 0.002222252374576925 0.002503130633585151
0 0.6474895200015383 0.2867933243999521 0.001517635768003629 0.003273324674688283
0 0.6462699912593923 0.28604719892263347 0.0013008306582889873 0.0029363647817056914
0 0.7183358814173311 0.3334892786921204 0.001044276268929261 0.0031865904444901534
0 0.7247453152880662 0.3105029572586673 0.003543394153046222 0.004361130278688279
0 0.7128564177791641 0.29544381754208443 0.0029732431496992716 0.006782148540752253
0 0.721510120209605 0.28813355087725717 0.0021908107418838084 0.002501612166670917
0 0.6893085879574966 0.32179871409713967 0.0029841237269961594 0.005051072055751611
0 0.6673772795197741 0.31521348687229317 0.0023302486973291537 0.005960262825904047
0 0.6468710837469939 0.26405637329355924 0.0019424828910236157 0.0035796944031630316
0 0.6362199916431291 0.24443530950689513 0.0030027178103100736 0.0040495359785440495
0 0.7959677730110911 0.29651483306658816 0.0037518188406862408 0.005208733828087837
0 0.7688451941041379 0.30223579322182414 0.003013711896260958 0.00679658596412171
0 0.7953156707843282 0.3015465839874468 0.0035354509979129032 0.004359527112691736
0 0.7845217832051429 0.2540805051870785 0.0015583533557546048 0.0020503727298096307
0 0.784630882510196 0.2570894587314962 0.001293328182153175 0.0036253570552636206
0 0.7926448249789863 0.23255969800267992 0.0026404887318597046 0.006371498575415906
0 0.7636765264075009 0.24175393704673317 0.003193459984506006 0.005317817146792443
0 0.7673285569021013 0.2501501185851159 0.0028341957362491145 0.004537870631929551
0 0.7642954664021633 0.33886921991254304 0.002707337592315895 0.004621511661173656
0 0.6043085966960998 0.26542218068415 0.003029243045610244 0.006709205888004277
0 0.6035112302288284 0.25132950967588363 0.0019820973014486754 0.0031221057102593973
0 0.6079055025480777 0.25657730438036225 0.0014211263670763684 0.003653527958814173
0 0.6144314644179417 0.26717253546092345 0.002580466298112469 0.005579933609825325
0 0.6202884031218582 0.25189430194708434 0.0021595970575105385 0.0047618737283887215
0 0.6281921746910385 0.2421184259069998 0.002283275965911784 0.0043523906635976675
0 0.6151496803308097 0.2358300557060403 0.003373334335073466 0.004993197975014709
0 0.6084200872288258 0.21470776274206826 0.003465196178616239 0.0061550058749402226
0 0.588544177364301 0.19457658552779533 0.002884155969148452 0.00577141498576772
0 0.5961136141748983 0.19648854079174258 0.0031517863856834792 0.004666926199972892
0 0.5776573293062278 0.1755686354040698 0.002165434042672274 0.005041800065412332
0 0.5982533862559173 0.16975850997921144 0.001970053057686414 0.0038442783143428374
0 0.6166108475998291 0.16529282313418683 0.0025522575949875658 0.005694407231580882
0 0.6094320360392094 0.15115381857670152 0.0026395113047929185 0.004384517316933287
0 0.610338109394378 0.1399138545789699 0.002101833076038702 0.002951952252984782
0 0.6117311848052409 0.14212781876870847 0.0015152750083070998 0.003559707128599321
0 0.5998348754390359 0.12781628142533055 0.002470377421592005 0.006581959617632887
0 0.5965503634939495 0.10278958779819745 0.0027286604090274126 0.004846744594699057
0 0.5932050622018583 0.0834551521459754 0.0017444076874706838 0.005321301869814761
0 0.5791418401270624 0.09342946412926079 0.002370862415956196 0.005614947936257124
0 0.6207443588405885 0.1924938323811794 0.0017757393847202963 0.004541950159814761
0 0.6274388963209845 0.19858130724815332 0.0015981654462482453 0.004857363365357479
0 0.6294099670380241 0.19921213365923868 0.0014205915077763365 0.002838718849884252
0 0.6414848121640608 0.15430689671100797 0.0022562663133095383 0.004007661239946092
0 0.6434400066926051 0.17708479255015547 0.0016837808308279988 0.003409502845924308
0 0.6419077661365518 0.1754697648862966 0.0019868613803770076 0.004725451312772293
0 0.6713604329480205 0.2983118673642677 0.00209617424815022 0.004964399953988661
0 0.6743050586775651 0.293820267405897 0.0013974494987667185 0.0034277999682302955
0 0.6561921542439311 0.27936079421390314 0.001952286138115511 0.003365728951543332
0 0.6550581056784094 0.27816239072358095 0.0016938953257179892 0.004640626281673256
0 0.6909659706048643 0.3029634020229702 0.0013423030257271762 0.0036222211478157363
0 0.7007919209379133 0.2995817304990882 0.0019498958545261758 0.0022933821147350032
0 0.6906910855988672 0.2898176598153614 0.0012414237937861117 0.002205061517496887
0 0.6915600822545176 0.2902219210935691 0.0011586622075337517 0.0029400820233291113
0 0.7443558010519541 0.2947174700335225 0.0021088029010151387 0.002543397886033567
0 0.7450457180504345 0.2965209703527099 0.0018224222601364204 0.002265936298466258
0 0.7982133229655889 0.2395810164791226 0.0026534942274371075 0.004073163218286027
0 0.6488140334541381 0.24417352412882792 0.002432020866151987 0.004759148833582749
0 0.6557387786227735 0.2525277588773375 0.003050331255851546 0.005418107902848064
0 0.670900068539161 0.24668453132562806 0.0013680112322889215 0.0034018749394786594
0 0.6722817598837729 0.24636864293839075 0.0011764896597685492 0.003742062433426554
0 0.6731327448304291 0.22735875513617743 0.002212819561805048 0.002442245940138612
0 0.680136073405924 0.23905704896300076 0.0026629446141657807 0.005954257751848004
0 0.667871252094115 0.19956095384402375 0.002424841617425102 0.004494355563169101
0 0.6548224960192388 0.20505840544412937 0.0029250228974702 0.004607357410837593
0 0.6560053711467397 0.19659692100924972 0.0017660515607366277 0.0049994729351641705
0 0.6607102428827645 0.18826446611730943 0.0015728896712811037 0.0031369241946127956
0 0.661869214219498 0.18953884157137085 0.0017384570051001446 0.004509328529755905
0 0.7121777807735029 0.2579052281997559 0.0020985864232204677 0.0056930382332169675
0 0.7121014685399311 0.2508567046729159 0.0018696497225054998 0.00487974705704314
0 0.6973819646605555 0.259969295280749 0.0017976475127311176 0.00417552176951407
0 0.7016798587607742 0.254050762229512 0.0016570055676928064 0.005502565644002822
0 0.7060124606967334 0.23299431853731478 0.002279372415435148 0.006257086652668315
0 0.6998847971903035 0.22731561804581746 0.0015097141972361782 0.0039435420079842135
0 0.710674813364669 0.22642174852400765 0.001894543306335663 0.003522897527132578
0 0.7135881622195732 0.2375283630831484 0.0027841894730750026 0.004264820801265223
0 0.7140734796506598 0.23174363274100668 0.0015581243840144055 0.004310191235321241
0 0.7086993464051909 0.2189698902951037 0.0018223739756622593 0.005195130762266089
0 0.7037288343794998 0.2114418220242299 0.001619887978366563 0.003676554077911334
0 0.696007002027279 0.2160217573776331 0.0018423257596339227 0.0036310249095764034
0 0.6982405065440954 0.21528210415531202 0.001968512455499223 0.0028689579532456123
0 0.69050746082572 0.2033771189721888 0.0025914226591639534 0.0033265218983959954
0 0.6909429940457477 0.20608475307553442 0.0022429960831418325 0.0031717999496333605
0 0.6935430995718629 0.19785069198017993 0.0015243662700963514 0.0038680487190651293
0 0.6787667049461907 0.18303864339177736 0.0024427688253976496 0.004272180872406999
0 0.6821396049781824 0.18198728638020842 0.001897843472039824 0.0039050403286844926
0 0.6842578749073825 0.18374433943152893 0.0021099111756149114 0.004380428558918439
0 0.6983360578291206 0.18542120252399852 0.0018134957300569 0.003821758241006563
0 0.6962459271571906 0.18686801100095102 0.0011987514147833167 0.0028936169539049315
0 0.6510291021034569 0.1540293592898837 0.002285003776495955 0.00550824352317008
0 0.6527836585746947 0.15594999683414698 0.001999378304434174 0.00587062796548393
0 0.656751812454413 0.1526160599648598 0.002550227429124874 0.004638520861616921
0 0.663366243775798 0.14978376881939015 0.002219891315500604 0.005650350949706997
0 0.6619933670257313 0.13784298911382198 0.002931919430671286 0.005566311222206668
0 0.609087048887025 0.10731099898355963 0.0018349225655135372 0.004006168029707524
0 0.6104919114762464 0.11221685729112521 0.0020834016629268605 0.0030895024635880118
0 0.6123650615952081 0.10534186554522879 0.001701126128444912 0.0029197495809732744
0 0.6095216694889521 0.08915450209491438 0.0020026964147054115 0.0027621087595825957
0 0.612231199932377 0.0902007554129381 0.001342984654567232 0.0034317108831177913
0 0.6141396518099199 0.08909172689583293 0.001248740117404523 0.003892062343048224
0 0.6154472947630508 0.09070295700558947 0.0016021571317642723 0.002845809025024497
0 0.6102638452191076 0.09143533432820608 0.0014136680574391393 0.0043105636702576965
0 0.6177066171960859 0.08512307126125368 0.0013621305185691312 0.0033222506347713753
0 0.6258785953921735 0.08030462683524797 0.0018928364544088083 0.005711560175829469
0 0.6397977913207805 0.07114180255750391 0.0030922697384588816 0.00491645363156346
0 0.6201669306208865 0.038612065248598525 0.0031187235573668206 0.005160813464378573
0 0.6180009521834415 0.07252311985266961 0.0024613542851009383 0.006640930419339863
0 0.6354084628580204 0.046298003450677375 0.002708596970407342 0.005288805781317309
0 0.6560487761667696 0.03967636388521514 0.0026830601644152806 0.004508139813536656
0 0.6518791556409889 0.04553694564281278 0.0019337370554343635 0.004808682467772423
0 0.6593770719998825 0.039796756311574734 0.0019344431271758821 0.003926888389994945
0 0.6638346622306349 0.04769558168532813 0.002717651842733488 0.0075606602640506
0 0.6219124615300877 0.09462667802330418 0.0017321330605684438 0.0040556195984105155
0 0.6241957278372007 0.09660787150528632 0.0016796441799452567 0.004288701184526076
0 0.6274237939955328 0.09567554516082416 0.002834399553657363 0.003915770646741201
0 0.6270224872437451 0.10467709949683122 0.001585196415290966 0.005068229024569515
0 0.6409914449544157 0.10747828328237219 0.0026263049204998624 0.004694276327815406
0 0.6390344953729604 0.10102962834270186 0.003270492919867749 0.0047236155548642245
0 0.6472882728676131 0.10946718250339468 0.002480974124809734 0.003298337603842025
0 0.6473415453181459 0.11242757568061354 0.00152207001522072 0.0028387331836345277
0 0.6532223515296479 0.0839112136695805 0.002833095823212801 0.004965594255383312
0 0.8005411874806803 0.1899426334136819 0.002432946348381222 0.005569916142355779
0 0.797905495603267 0.19138312896773943 0.002514044559994062 0.004801651846858519
0 0.7977901403714506 0.17785318440763703 0.002865470143649276 0.005089750957669956
0 0.7943830478874969 0.15142651470053167 0.0030323623857442784 0.0033145790465031588
0 0.7882434455057308 0.1516413846443111 0.0021765601217654763 0.0029739109542837915
0 0.7876498381997945 0.14935688032033853 0.0019025875190259 0.0027846620753747687
0 0.7929484336821434 0.13899614123033624 0.002943151276721494 0.0043051902150989104
0 0.7973198789608031 0.13269211270108427 0.0023949172153713504 0.005432740033339112
0 0.7985577274224235 0.11353202867908438 0.00234038870326728 0.005483810890850478
0 0.7926572867188477 0.11812305556017424 0.0026142639770540656 0.003980185324004371
0 0.7952185203794471 0.10238771472216655 0.0014076080906848176 0.002291890363323699
0 0.7960982754361251 0.09980065666053602 0.0014076080906848176 0.002187713528627189
0 0.7917400771512976 0.08435257738667765 0.0017960740500443252 0.004861335189514744
0 0.7860667638821093 0.08265617396116991 0.0028794203024524734 0.005215807547083529
0 0.7890744751881366 0.08296000741051458 0.0021666925048157283 0.006329863528013995
0 0.7923680017446604 0.07459111181411691 0.0030504749738852867 0.003949834841480717
0 0.7865663974718974 0.07388216709897934 0.0019956378333827727 0.0042536682908254075
0 0.7891749812112481 0.06623569195713844 0.0028224020786413464 0.004152390474377183
0 0.786808724923094 0.06955254044581778 0.001682037602422639 0.004203029382601296
0 0.7887188354207604 0.06167819021696836 0.001625019378611654 0.0027345010441020444
0 0.7838381826508888 0.05413289650211407 0.0021647815953151905 0.0032771273854808936
0 0.7920448165074104 0.04781202751721697 0.00218465638372237 0.004549510820688347
0 0.7887552764353682 0.04691996657198396 0.002335322341220376 0.0037466559699786293
0 0.7857921792712395 0.04734369552096964 0.0018331024828935937 0.004594113867949989
0 0.7686055776920625 0.1767624152310011 0.0035485877241372065 0.005137481801048658
0 0.7684321786681348 0.1606121862534345 0.0024265194405311804 0.006198753736889538
0 0.7769522609733673 0.16182288034267076 0.0019630269631257134 0.004745920829806049
0 0.7475487545898981 0.2268970830169811 0.0032110847942144003 0.004119298523714221
0 0.7552865769759565 0.22697630029628332 0.0021853215960626927 0.004911471316736211
0 0.7359754698107502 0.2157670552750224 0.002006927996384178 0.0049906885960384175
0 0.7423084425993397 0.22341152272768444 0.0024529119955805354 0.003485560289296643
0 0.7432896073975721 0.22071813523140973 0.0020961247962232223 0.0025349529376703117
0 0.7198846793886463 0.21181486372360275 0.002244560675199807 0.006009194254837915
0 0.7358643227580547 0.195896624525289 0.002829375035344839 0.005444440657778173
0 0.7515794669603117 0.201280368010323 0.003390827892394839 0.0046032242660627885
0 0.6394256358888585 0.2007844287818688 0.002962599626857596 0.005033481231860009
0 0.6452477881990307 0.20266054451374393 0.0017260363043432392 0.003477677942012356
0 0.6366220466166354 0.17459104926003682 0.0019371116121651966 0.0031023310820566152
0 0.7552878644112527 0.19032401230090873 0.0032085276815841724 0.005012463270332574
0 0.7513560034109608 0.17807977385763565 0.0022807606411261363 0.005699102074487677
0 0.7643324424421274 0.17323492510904848 0.002668488965200737 0.005154604183256666
0 0.7552080924606392 0.168429370112897 0.002671558659437352 0.00400095474354508
0 0.7562819542747268 0.16531234723129792 0.0016762721000390004 0.0028844092337185503
0 0.7311395612340442 0.17002335765395693 0.0027506357636185898 0.0027423399144923975
0 0.7322398155394916 0.16702884855192499 0.0014729210863247033 0.0024901707269528828
0 0.730917735769236 0.1675962292238889 0.0014196829747707795 0.002742339914492433
0 0.740025573491798 0.1788709858260782 0.0026562684196629505 0.00543976018468463
0 0.7066001632377079 0.17506519522654812 0.0014313194527974815 0.0038135415082344083
0 0.6882841167261006 0.15830450545288854 0.0015398966547380156 0.0027352197301849833
0 0.6614158363236959 0.23282897553904283 0.0014982592633644742 0.0037834807743204026
0 0.6208276023926286 0.15198630102527594 0.0022033811665224333 0.002911429382219435
0 0.6254620639244947 0.14202396300765194 0.001201028370691759 0.0031711360651351227
0 0.6264764459943357 0.14244197639805609 0.0012821789362791236 0.003084650536085949
0 0.6161129137159228 0.11957526078699982 0.002177012427411 0.00518728830037384
0 0.6075534604323738 0.06275942623213224 0.0017503805175037002 0.0017032399101807095
0 0.796759183704254 0.21670052881509655 0.002726666104726121 0.0035223289016661496
0 0.733427616885073 0.15851186411084356 0.0028656212115565436 0.004993066541531963
0 0.7368254248930612 0.15916629516240358 0.002183330446900129 0.003975062683549737
0 0.7133710402169229 0.1647523571777098 0.0027081645607822226 0.003973758414312627
0 0.7143211270155538 0.17159288892622426 0.001995206143276107 0.0028607843985390246
0 0.6927230142902886 0.1557893193154243 0.0022655500214398216 0.0031967557021688364
0 0.6932205883604179 0.15270539028509666 0.0015668289867903696 0.002369360108666303
0 0.6926915817214779 0.1393443525022132 0.0023750948403584004 0.0033749829891096005
0 0.6941198310701527 0.13211635990971513 0.0024710005491732547 0.005486349875007495
0 0.7029726545181347 0.1423163116295482 0.0020043672434282202 0.004520290838195624
0 0.7062494571464358 0.1420362936130228 0.001756636460532519 0.004200270247880891
0 0.6616521992998394 0.12055233023570948 0.0023480070704471247 0.004817778780669606
0 0.6675872772993532 0.10032703992729938 0.0017368284792679844 0.003670779850042898
0 0.6796864580134419 0.06267110303290398 0.0025989512527064564 0.003942430747896592
0 0.6749752645643678 0.059336223759996615 0.0015550662574761987 0.002762164523253361
0 0.6859684834607443 0.057889741010733235 0.0023135464231354773 0.004298653106646553
0 0.6883960377564995 0.05286783107330106 0.0020042727020206995 0.004636358693183445
0 0.6922140897660444 0.05310313398928056 0.0015685583862324393 0.0036219686448439783
0 0.7392456504924416 0.14335051577995872 0.0021382895128552095 0.0049745113133453246
0 0.7434109452885147 0.1296919374223374 0.0022986216592657625 0.005283745598687819
0 0.7298064821551975 0.12041201172672994 0.0024267756817192778 0.004579933983886591
0 0.7201598173515983 0.12293066462843935 0.002207001522070016 0.004596044202074925
0 0.7198115101796748 0.09579366786052723 0.0022679611422269375 0.004651010180940211
0 0.69781575999667 0.10087834631631011 0.0022772658365778397 0.00480816160137838
0 0.6854026272979966 0.08493045836424001 0.0026629390241370743 0.005397773733778948
0 0.7952318192566702 0.2474237966968392 0.0028590451000256676 0.003817509679510209
0 0.6768478799573433 0.11929023766865915 0.0030818591777301662 0.005098025110140441
0 0.7047253213063118 0.08889250104071605 0.003146450608805225 0.004687412976461367
0 0.701594760277944 0.12652558367624797 0.0020245612713856095 0.0027373286517144092
0 0.702369327518112 0.12818660445813815 0.0015372907153729898 0.002730590967115081
0 0.7042977562214522 0.12138110476517937 0.0025854344664816152 0.005285525160428151
0 0.7107191109665139 0.12388127706356411 0.00175105070153279 0.0051028016974415105
0 0.7060890186632085 0.11085549667824263 0.002052656057193758 0.003392806851015493
0 0.707300655919191 0.10708289801554625 0.0033355660929399278 0.003240890126343156
0 0.667320805047401 0.1268043881944811 0.0025101827403935318 0.004527271741323684
0 0.6686547547468094 0.11911526331528148 0.002664655524417583 0.0030867761872661425
0 0.6615872070938223 0.10992798586172428 0.002213624541593191 0.003339438389351912
0 0.665913229017483 0.09503387892620208 0.0013004247177430272 0.00465225540887916
0 0.6801628012618894 0.08441974478218292 0.0023899935068845933 0.0060326416650699774
0 0.6729928207412358 0.06881680121635379 0.0023899935068844515 0.003574898764485912
0 0.6731425519860613 0.08358212017241598 0.0018111650161172577 0.004054372366034311
0 0.6707483406976325 0.08195155737303264 0.002084080292518422 0.0038780953066415336
0 0.674993822157434 0.06473961581416278 0.0022014190619377414 0.002595291758426619
0 0.7449002910877734 0.14179091305803648 0.002899272001431399 0.004531816107423925
0 0.7577743168408752 0.1479006981849819 0.0018756631488548693 0.0037379153835664348
0 0.7568250482960278 0.14225319559459343 0.0019900328530535207 0.0026002889624810164
0 0.7568250482960278 0.14558481582777222 0.002218772261450397 0.0024377709023259263
0 0.7535312008151118 0.14720999642932284 0.001120823101145021 0.0034128792632563253
0 0.7827158483065929 0.12268839045978325 0.003157975106746278 0.004257064695998043
0 0.7555001303288836 0.12377961131257022 0.0017760748554216832 0.0038029596970797996
0 0.7665801347000253 0.1087118576330986 0.002458702999515481 0.005073052558944884
0 0.7658177668442849 0.1283798023361184 0.0017746037184636523 0.004728172266366233
0 0.7678332096388257 0.12281857114663047 0.001850658163540544 0.003782537813092972
0 0.7676050463035948 0.12741165277681485 0.002256281870618011 0.003782537813092972
0 0.7826876376245308 0.09887714558129063 0.002806174444669096 0.004938931552777178
0 0.7880755898885677 0.0934286939150812 0.0022373276673718578 0.0033668795271927367
0 0.7829440107748041 0.11360805313306738 0.002639161729216397 0.005970277986006548
0 0.7251716839053765 0.08074881491854331 0.0017460931549486245 0.004548827591174715
0 0.7280044394032592 0.07324646246243821 0.0029683583634128752 0.004548827591174715
0 0.7208102408561007 0.07845721209936458 0.002259989362471373 0.004058877300810195
0 0.7226182323460779 0.08231537568749733 0.002159545390805988 0.005441571765921349
0 0.7294071042991729 0.12817685026819237 0.0024595558041818322 0.005670081517315264
0 0.7377570814154529 0.11646940061649869 0.0015409168662809235 0.0037223633385209533
0 0.7392569071652996 0.11588550048496597 0.0012943701676758224 0.0034304132727546134
0 0.7322205527601138 0.10989069487734042 0.0023908661730376933 0.005252549740994148
0 0.7796378834065607 0.06833486590269447 0.002881742764038506 0.005606145919847769
0 0.7656687604666128 0.0821422249995087 0.0025043716877954127 0.005240527707683782
0 0.776715441062094 0.06206369151483651 0.0030532750714218084 0.0038389912277218487
0 0.7719125364553631 0.058773127605360645 0.0020240812271222807 0.006154573238093741
0 0.7600130109316343 0.06366083353761547 0.001740462958152591 0.0022641772619062107
0 0.7604542550618703 0.06577261425304723 0.0016424087069891867 0.0032656402815955054
0 0.768039508852643 0.046642231650611675 0.003134746064081213 0.0039562449983895935
0 0.7660321714607313 0.05059847664900127 0.0019248440744360096 0.0048354105535872716
0 0.7723704080201239 0.04927972831620473 0.003052252746605433 0.004444670306832758
0 0.7526303777449719 0.04412525271283961 0.0030506312161926986 0.0052982264653284
0 0.7439040990185595 0.10592479355071445 0.003181916135185503 0.005537655231862431
0 0.7422006489663896 0.10161455674653286 0.003310478403273862 0.005252209085890147
0 0.6913976910883628 0.08000933942957184 0.0011199402148119476 0.003757525153598955
0 0.6927198427308491 0.08031325690523058 0.0014621441693380176 0.0041443292135282484
0 0.6914853090204118 0.07269153440528558 0.0018976764750982512 0.004917937333386853
0 0.6882469031760663 0.0604064095170874 0.0013153342986862526 0.00367139773024447
0 0.6887971960969452 0.06252819132222869 0.0018253618838910768 0.002384024500158741
0 0.7008398510715703 0.05484713038378659 0.002712737245511505 0.004331748037301537
0 0.7015576939073631 0.06127719976362504 0.0021373081328272293 0.004672447321134241
0 0.7043070394969417 0.07684937223300475 0.0027411391476186964 0.004173351238500489
0 0.712882722779865 0.06744600492338995 0.002196312456932219 0.004330297642753695
0 0.6805620152618144 0.040345032652824804 0.0028995678900452047 0.004275099399289286
0 0.6860768796801358 0.041354898652656916 0.002823762193573458 0.003938477399345244
0 0.6605829423939642 0.10247616812536713 0.0023258792800953643 0.006098600905905887
0 0.6648692056387113 0.10403032771106573 0.0028353575985926227 0.004485422601763034
0 0.7414192116843086 0.07429621326115143 0.001657331784061853 0.004065264499195083
0 0.7449497483121528 0.07710941483335035 0.002478615711907537 0.0044664121128130145
0 0.7423633666997275 0.07833767816437391 0.001975708176158264 0.0033498090846097563
0 0.7392354775205469 0.059839652231915855 0.0014667380875343383 0.0026517955858380393
0 0.7331264556107842 0.04343999088434069 0.002513187361277005 0.004321545110317962
0 0.7253105496058603 0.04414461752658777 0.002340641230973546 0.00532319389501283
0 0.7285371344803332 0.043017810059760235 0.0019250133488380072 0.0037689766993886397
0 0.7199616864269208 0.056196608817265986 0.002963189097154242 0.0042800647527417275
0 0.7143120896317973 0.060939383273006825 0.0022793762285802186 0.004164387326991958
0 0.7167379971893575 0.056861754015327205 0.0013350632195970036 0.0038751937626174994
0 0.7530498667779862 0.06383569551988098 0.0024244510882783744 0.004823164725281295
0 0.755333485267675 0.07204744260588032 0.002004367243428078 0.004320277969248929
0 0.7758197923978849 0.10659443412950402 0.002983993123494315 0.005758324250089846
0 0.7794116359724613 0.11801292937542084 0.0018419710638852393 0.005038533718828617
0 0.7698326348623877 0.06634967736950811 0.002453097395876682 0.004236244129720763
0 0.7574382850439421 0.06495153829160527 0.002320754611032072 0.004086671396882862
0 0.7571281842122956 0.06194872322172176 0.001820591979344215 0.0034114822095718013
0 0.7280047072360302 0.14461077601808853 0.0030352715360074 0.005155486362634018
