0.0 0.9334492738300465 0.6389251899458206 0.005003002004379198 0.004425732542335403
0.0 0.9296008107497549 0.6408013156974628 0.003656039926277188 0.005484059889415605
0.0 0.9876701600129258 0.5947177687804708 0.004378999588680088 0.007936936754482638
0.0 0.9543189493663051 0.4594974781191109 0.01015477515738077 0.007858912947886054
0.0 0.9695384011440883 0.4042254694627424 0.005609880472517048 0.006447176065429971
0.0 0.9673614326025145 0.3986155889902254 0.004437666642438743 0.00393528928669098
0.0 0.9398749348725881 0.3210401499718272 0.00698663107587123 0.008733288844839215
0.0 0.9544007972397403 0.32224514420477096 0.004729013766627687 0.003884547022586826
0.0 0.922786156542837 0.22079794153568413 0.010118446478806931 0.008923354375010906
0.0 0.9047318652767833 0.22813114947674729 0.004066423373089378 0.006831591266790138
0.0 0.970970131268016 0.23524913665124253 0.00902266398766045 0.008721908521409106
0.0 0.9451839066045761 0.19706806216858405 0.009249355006495819 0.008717018027704837
