0 0.2722293500542304 0.5972974973056762 0.01649874848813514 0.008884749790889188
0 0.26433864425555703 0.6154708491506765 0.019368096051289144 0.009692454317333557
0 0.23923185307796005 0.5815472590400094 0.01793342226971216 0.010500158843777996
0 0.23707984240559463 0.5379312146120085 0.013629400924981248 0.008884749790888904
0 0.33284431732585745 0.5952782359895652 0.0243894542868086 0.012923272423111315
0 0.2962601358956447 0.5605469413524533 0.017216085378923652 0.012923272423111315
0 0.31096554215680866 0.5464121121396754 0.01649874848813514 0.008884749790889117
0 0.2560892700114895 0.5223829024779527 0.011477390252615792 0.010904011107000145
0 0.2514265802213643 0.5312676522688419 0.013629400924981248 0.009288602054111195
0 0.2388731846325658 0.5550949357989533 0.020085432942077618 0.009288602054111195
0 0.1735955275708136 0.5231906070043972 0.022954780505231583 0.011711715633444513
0 0.1671394955537172 0.6487886608665103 0.022954780505231545 0.012519420159889024
0 0.17754088047015024 0.6671639388431216 0.016498748488135213 0.006461636211555657
0 0.22703712593455577 0.6659523820534551 0.01506407470655816 0.006461636211555799
0 0.20336500853853576 0.6213267069673988 0.013629400924981211 0.007673193001222387
0 0.17754088047015024 0.5985090540953429 0.023672117396020022 0.010500158843777925
0 0.27868538207132676 0.5724605831175091 0.017933422269712194 0.007673193001222387
0 0.24748122732202765 0.5700374695381758 0.011477390252615755 0.007673193001222387
0 0.21555973568193998 0.5645854639846758 0.01649874848813514 0.007269340738000096
0 0.19152894984052574 0.5815472590400093 0.014346737815769721 0.009692454317333486
0 0.14418471504848568 0.5771048841445648 0.02725880184996246 0.012115567896666875
0 0.09540580647486863 0.5639796855898423 0.017216085378923652 0.010096306580555776
0 0.0993511593742053 0.5783164409342315 0.019368096051289127 0.009692454317333557
0 0.08536309000382981 0.6055764687017319 0.020085432942077607 0.0060577839483334376
0 0.04949624546440552 0.5977013495688985 0.014346737815769721 0.008884749790889117
0 0.04698556634664582 0.6092111390707319 0.015064074706558205 0.009288602054111266
0 0.01829209071510639 0.6722120921333996 0.017933422269712146 0.006865488474777806
0 0.028693475631539435 0.6895777394519556 0.021520106723654574 0.0060577839483333664
0 0.012912064034192747 0.6671639388431216 0.010042716471038802 0.004846227158666778
0 0.002869347563153943 0.6684158802428811 0.005738695126307886 0.005734700905296251
0 0.004662689790125159 0.6421654831334362 0.009325379580250318 0.007350109958185342
0 0.01362940092498123 0.6495963653929548 0.020085432942077604 0.006865488474777806
0 0.0351495076486358 0.5662008730375646 0.014346737815769717 0.006461636211555657
0 0.018292090715106388 0.5449986292183975 0.016498748488135175 0.009288602054111337
0 0.014705406261163961 0.5682201343536757 0.006456032017096373 0.008884749790889046
0 0.043040213447309156 0.646365547287177 0.014346737815769721 0.008480897527666826
0 0.1194365923162829 0.6637311946057328 0.010760053361827282 0.009288602054111266
0 0.1352180039136296 0.671404387606955 0.010760053361827282 0.009288602054111408
0 0.14669539416624536 0.6760486886340107 0.013629400924981211 0.00565393168511136
0 0.09397113269329165 0.6598945981051216 0.02152010672365458 0.00888474979088926
0 0.1226646083248311 0.6197112979145099 0.008608042689461826 0.008480897527666684
0 0.126968629669562 0.6334422748640657 0.017216085378923635 0.009288602054111337
0 0.14310870971230294 0.6239517466783433 0.010760053361827282 0.007269340738000096
0 0.15637944219188993 0.6306153090215101 0.010042716471038755 0.007673193001222387
0 0.16247680576359208 0.623547894415121 0.006456032017096352 0.006461636211555657
0 0.1746715329069963 0.6265767863892877 0.0093253795802503 0.009288602054111195
0 0.03981219743876097 0.6211247808357876 0.009325379580250322 0.009692454317333557
0 0.038377523657184 0.6308172351531212 0.01219472714340426 0.008077045264444678
0 0.056310945926896144 0.6219324853622321 0.01362940092498123 0.009692454317333557
0 0.08572175844922406 0.6285960477053988 0.013629400924981248 0.006865488474777947
0 0.08177640554988738 0.6445482121026768 0.008608042689461835 0.008884749790889117
0 0.06707099928872343 0.6572695583941771 0.01649874848813518 0.010096306580555705
0 0.06850567307030041 0.6292018261002322 0.01649874848813516 0.010500158843778067
0 0.09110178513013771 0.6760486886340108 0.015781411597346705 0.008077045264444393
0 0.04447488722888613 0.6613080810263995 0.011477390252615773 0.006057783948333509
0 0.07137502063345434 0.6697889785540662 0.015064074706558213 0.008480897527666684
0 0.22560245215297883 0.679885285134622 0.015064074706558194 0.0060577839483333664
0 0.23528650017862332 0.6865488474777887 0.017216085378923687 0.007269340738000096
0 0.3410936915699251 0.5649893162478979 0.016498748488135248 0.011307863370222507
0 0.06527765706175222 0.538536993006842 0.01721608537892366 0.010904011107000074
0 0.03873619210257824 0.5320753567952863 0.020085432942077607 0.013327124686333534
0 0.06061496727162706 0.506834590343897 0.025106791177597003 0.011307863370222436
0 0.11226322340839805 0.5128923742922303 0.016498748488135196 0.007269340738000096
0 0.10795920206366713 0.5215751979515083 0.019368096051289106 0.009288602054111266
0 0.2578826122384607 0.6869526997410109 0.013629400924981211 0.007269340738000096
0 0.32100825862784743 0.6758467625023996 0.022237443614443037 0.0076731930012222446
0 0.26075195980161464 0.6631254162108994 0.01936809605128907 0.008077045264444535
0 0.2736640238358074 0.671404387606955 0.01793342226971216 0.006865488474777947
0 0.281913398079875 0.6827122509771775 0.022954780505231583 0.005250079421888927
0 0.265773318037134 0.6778660238185108 0.02080276983286609 0.0060577839483333664
0 0.29446679366867345 0.6441443598394546 0.019368096051289144 0.008884749790888975
0 0.280478724298298 0.6594907458418993 0.014346737815769757 0.010500158843777996
0 0.24819856421281614 0.6227401898886765 0.01865075916050067 0.008884749790889188
0 0.23421049484244066 0.6021437244643428 0.01506407470655823 0.005653931685111218
0 0.2241677783714018 0.6047687641752875 0.016498748488135213 0.0076731930012222446
0 0.2144837303457573 0.5754894750916758 0.014346737815769721 0.006461636211555586
0 0.2933907883324907 0.6170862582035653 0.015781411597346705 0.008077045264444678
0 0.30594418392128925 0.61971129791451 0.0093253795802503 0.0076731930012222446
0 0.3253122799725784 0.6102207697287875 0.007890705798673424 0.007269340738000167
0 0.3206495901824532 0.62516330346801 0.01147739025261572 0.005653931685111218
0 0.32602961686336684 0.6336442009956766 0.017933422269712194 0.007269340738000167
0 0.3726565147646184 0.6124419571765097 0.01506407470655823 0.010096306580555705
0 0.37803654144553195 0.6241536728099543 0.021520106723654564 0.007673193001222387
0 0.38234056279026296 0.5930570485418427 0.015781411597346705 0.010096306580555705
0 0.3769605361093493 0.6403077633388434 0.026541464959174022 0.008480897527666755
0 0.34898439736859843 0.674837131844344 0.01506407470655816 0.00888474979088926
0 0.3887965948073594 0.6736255750546774 0.020085432942077618 0.009692454317333557
0 0.42179409178362975 0.6806929896610664 0.02438945428680853 0.007673193001222387
0 0.40314333262312907 0.6584811151838439 0.021520106723654495 0.010096306580555563
0 0.4135447175395622 0.6473751779452326 0.01649874848813518 0.010500158843777996
0 0.4221527602290239 0.6255671557312321 0.012194727143404265 0.008884749790888904
0 0.433988818927034 0.5926531962786205 0.022954780505231583 0.009288602054111195
0 0.46698631590330436 0.5956820882527871 0.020085432942077687 0.008077045264444678
0 0.472366342584218 0.6302114567582878 0.025106791177597003 0.007673193001222387
0 0.4616062892223907 0.646365547287177 0.01936809605128907 0.009288602054111266
0 0.5060811764512768 0.6693851262908439 0.023672117396019984 0.011711715633444584
0 0.48384373283683374 0.6873565520042331 0.03514950764863585 0.009692454317333414
0 0.5552187534702882 0.6683754956327884 0.02295478050523151 0.008884749790888975
0 0.5627507908235672 0.6804910635294553 0.02080276983286616 0.006461636211555515
0 0.535850657418999 0.614663144624232 0.025824128068385476 0.008884749790889188
0 0.5222212564940177 0.6294037522318433 0.024389454286808457 0.010904011107000358
0 0.519710577376258 0.5878069691199538 0.01649874848813518 0.013327124686333604
0 0.46877965813027556 0.5597392368260089 0.02223744361444311 0.009692454317333557
0 0.571358833513029 0.6544425925516215 0.013629400924981211 0.008480897527666969
0 0.5480453845624033 0.63243264420601 0.015781411597346633 0.012923272423111315
0 0.571358833513029 0.6217305592306209 0.017933422269712194 0.007673193001222387
0 0.5871402451103758 0.6106246219920098 0.025106791177596934 0.008884749790889046
0 0.5559360903610766 0.595278235989565 0.020085432942077545 0.009692454317333414
0 0.5907269295643183 0.6320287919427878 0.01506407470655823 0.010500158843777925
0 0.6090190202794246 0.6468097841604917 0.014346737815769686 0.007753962221407562
0 0.5932376086820779 0.6619138594212327 0.014346737815769757 0.008884749790889117
0 0.5799668762024909 0.6724140182650106 0.017933422269712194 0.011307863370222436
0 0.5921616033458952 0.5876050429883426 0.02223744361444311 0.013730976949555823
0 0.5480453845624033 0.5744798444336202 0.01865075916050053 0.010904011107000216
0 0.5229385933848063 0.529854169347564 0.01721608537892372 0.009692454317333486
0 0.5455347054446434 0.5474217427977309 0.012194727143404336 0.006865488474777876
0 0.5351333205282105 0.49694020989495236 0.02295478050523144 0.007673193001222387
0 0.5311879676288739 0.5084499993967859 0.017933422269712194 0.015346386002444631
0 0.581760218429462 0.5189501582405638 0.0186507591605006 0.015346386002444774
0 0.5770975286393369 0.5365177316907307 0.023672117396019984 0.011711715633444584
0 0.3834165681264457 0.5217771240831195 0.02797613874075104 0.01453868147600012
0 0.4042193379593118 0.5001710280007301 0.017933422269712194 0.010904011107000145
0 0.4092406961948312 0.5349023226378418 0.017933422269712194 0.011711715633444655
0 0.4583782732138424 0.5286426125578972 0.021520106723654564 0.013730976949555683
0 0.47774636926513153 0.5258156467153416 0.01721608537892372 0.009692454317333486
0 0.19009427605894877 0.5025941415800635 0.015781411597346705 0.008480897527666897
0 0.18507291782342936 0.514103931081897 0.020085432942077618 0.009692454317333557
0 0.17503020135239056 0.4919324412147671 0.012912064034192774 0.007996276044259431
0 0.19332229206749696 0.49334592413604483 0.022237443614443072 0.008400128307481722
0 0.29661880434103893 0.5088538516600081 0.01649874848813514 0.010500158843778067
0 0.27545736606277854 0.5007768063955634 0.01865075916050067 0.008077045264444607
0 0.27222935005423043 0.49370939178917456 0.02080276983286609 0.0060577839483333664
0 0.08356974777685862 0.4884593123672856 0.020802769832866098 0.010904011107000145
0 0.049496245464405536 0.48300730681378545 0.022954780505231552 0.012923272423111315
0 0.09217779046632042 0.47048788665389635 0.017933422269712142 0.012923272423111243
0 0.03443217075784732 0.4561511313095073 0.014346737815769717 0.010096306580555634
0 0.005738695126307886 0.4464586769921738 0.011477390252615773 0.008480897527666755
0 0.01685741693352942 0.4091023426441176 0.02654146495917398 0.011307863370222436
0 0.006456032017096373 0.37396719574378373 0.012912064034192747 0.009692454317333414
0 0.010401384916433045 0.3305934620574868 0.02080276983286609 0.014215598432963147
0 0.13019664567811018 0.3045046064695604 0.025106791177597003 0.014538681476000192
0 0.10975254429063835 0.42687184222589564 0.02152010672365458 0.008884749790888975
0 0.14992341017479355 0.46947825599584087 0.02295478050523151 0.010904011107000145
0 0.14669539416624539 0.4793726364447855 0.019368096051289127 0.008077045264444464
0 0.18435558093264084 0.46806477307456307 0.01578141159734674 0.011307863370222365
0 0.31275888438377986 0.48744968170923003 0.02582412806838555 0.008884749790888975
0 0.3475497235870214 0.48886316463050783 0.02797613874075097 0.009288602054111266
0 0.4293261291369088 0.4700840343906742 0.022237443614443037 0.009692454317333486
0 0.1879422653865833 0.44807408604506277 0.018650759160500633 0.010096306580555776
0 0.0584629565992616 0.4248525809097845 0.02080276983286609 0.009692454317333486
0 0.05415893525453068 0.4347469613587292 0.019368096051289106 0.009288602054111266
0 0.04913757701901129 0.44726638151861825 0.025106791177597006 0.010096306580555705
0 0.13163131945968717 0.411525456223451 0.019368096051289127 0.013730976949555752
0 0.08859110601237802 0.4149582004608401 0.020802769832866098 0.012519420159889095
0 0.07245102596963707 0.40304455869578426 0.01721608537892367 0.011307863370222436
0 0.06456032017096373 0.4101119733021733 0.015781411597346695 0.010096306580555776
0 0.058462956599261595 0.3913328430623396 0.025106791177597003 0.009692454317333486
0 0.0534415983637422 0.38063075808695046 0.015064074706558213 0.011711715633444655
0 0.02797613874075095 0.37174600829606147 0.020085432942077607 0.01655794279211136
0 0.022596112059837307 0.3535726564510612 0.01793342226971215 0.009288602054111266
0 0.03909486054797248 0.34206286694922766 0.020802769832866098 0.012115567896666804
0 0.054517603699924935 0.34973605995045004 0.020085432942077607 0.013730976949555823
0 0.0817764055498874 0.376188383191506 0.018650759160500633 0.012519420159889095
0 0.09289512735710892 0.3856789113772284 0.01649874848813518 0.008884749790889046
0 0.1050898545005132 0.36912096858511695 0.02367211739602004 0.012115567896666875
0 0.11979526076167715 0.4008233712480619 0.014346737815769705 0.013327124686333534
0 0.12983797723271595 0.3935540305100618 0.014346737815769721 0.010096306580555705
0 0.14310870971230294 0.39113091693072843 0.015064074706558213 0.011711715633444584
0 0.15243408929255323 0.40425611548545093 0.017933422269712125 0.010500158843777925
0 0.2546545962299124 0.37881342290245046 0.020085432942077583 0.011307863370222365
0 0.1929636236221027 0.3380243443170054 0.017216085378923652 0.010500158843777854
0 0.17000884311687117 0.30652386778567153 0.015781411597346705 0.012115567896666839
0 0.1635528110997748 0.32045677086683844 0.024389454286808512 0.010904011107000145
0 0.13701134614060081 0.35498613937233897 0.014346737815769738 0.012115567896666946
0 0.15135808395637051 0.35801503134650575 0.014346737815769686 0.009288602054111266
0 0.21412506190036304 0.3477167986343389 0.01936809605128907 0.011307863370222365
0 0.19583297118525664 0.3666978550057836 0.017216085378923687 0.012923272423111315
0 0.1671394955537172 0.3664959288741725 0.017216085378923687 0.0173656473185558
0 0.24927456954899885 0.35316880418783897 0.03228016008548188 0.014134829212778043
0 0.17646487513396752 0.41051582556539545 0.012912064034192738 0.006865488474777947
0 0.1875835969411891 0.4173813140401733 0.02080276983286609 0.009288602054111266
0 0.18830093383197755 0.4355546658851736 0.019368096051289144 0.006865488474777876
0 0.30343350480352954 0.38547698524561724 0.03156282319469337 0.008480897527666897
0 0.25250258555754707 0.4381797055961181 0.020085432942077583 0.008884749790888975
0 0.24855723265821042 0.4488817905715072 0.01506407470655823 0.009288602054111266
0 0.267207991818711 0.4504971996243961 0.020802769832866125 0.010904011107000216
0 0.2959014674502505 0.43191999551617355 0.012194727143404265 0.009288602054111266
0 0.34970173425938683 0.4208140582775623 0.017933422269712125 0.013730976949555752
0 0.304150841694318 0.4452471202025071 0.027258801849962423 0.007673193001222387
0 0.33069230665349203 0.45978580167850736 0.017216085378923652 0.010096306580555705
0 0.3913072739251191 0.4349488874903403 0.017933422269712052 0.010500158843777996
0 0.3543644240495121 0.44484326793928486 0.01721608537892372 0.011711715633444655
0 0.3471910551416272 0.45594920517789617 0.01865075916050067 0.009692454317333414
0 0.41605539665732183 0.41818901856661783 0.020085432942077545 0.012519420159889095
0 0.36333113518436816 0.38628468977206176 0.013629400924981282 0.013327124686333604
0 0.3507777395955696 0.37214986055928373 0.015781411597346633 0.010904011107000145
0 0.3679938249744933 0.3491302815556167 0.02295478050523151 0.010904011107000145
0 0.33965901778834806 0.3533707303194501 0.023672117396020056 0.012115567896666804
0 0.2220157676990364 0.32974537292094974 0.02654146495917395 0.011711715633444727
0 0.3181389110646935 0.3164182482346161 0.025106791177597003 0.016557942792111327
0 0.2539372593391239 0.3154086175765606 0.018650759160500633 0.00969245431733352
0 0.255371933120701 0.3277261116048386 0.022954780505231583 0.010096306580555776
0 0.33750700711598264 0.29561985667867136 0.033714833867058897 0.012923272423111315
0 0.3816232258994745 0.33438967394800534 0.03156282319469341 0.012923272423111315
0 0.41713140199350457 0.34488983279178326 0.022237443614443037 0.012115567896666875
0 0.3995566481691866 0.3483225770291722 0.017216085378923652 0.011711715633444655
0 0.496038459980238 0.34408212826533885 0.025106791177597003 0.016154090528889144
0 0.44187952472570735 0.3818423148766172 0.03299749697627036 0.014942533739222412
0 0.4547915887599001 0.41293893914472884 0.02438945428680853 0.010904011107000145
0 0.46770365279409276 0.39415980890489516 0.015781411597346633 0.012923272423111315
0 0.4867130803999876 0.3881020249565617 0.01506407470655823 0.012115567896666804
0 0.5792495393117023 0.31783173115589397 0.023672117396019984 0.015346386002444668
0 0.574228181076183 0.33338004328994975 0.016498748488135248 0.013327124686333463
0 0.5645441330505384 0.3561976961620057 0.020085432942077687 0.011307863370222365
0 0.5745868495215772 0.37053445150639475 0.0243894542868086 0.010904011107000216
0 0.5982589669175973 0.365486298216117 0.020085432942077618 0.015346386002444702
0 0.5681308175044808 0.3800249796921172 0.02438945428680853 0.008884749790888975
0 0.40780602241325425 0.2998603054425048 0.01649874848813518 0.010904011107000108
0 0.09110178513013771 0.34731294637111665 0.017216085378923652 0.012115567896666875
0 0.07173368907884858 0.34690909410789444 0.015781411597346712 0.009692454317333486
0 0.062049641053204034 0.335601230737672 0.019368096051289117 0.009692454317333486
0 0.027617470295356706 0.3111681688127272 0.01936809605128912 0.010096306580555705
0 0.044116218783491895 0.3099566120230605 0.013629400924981239 0.007673193001222387
0 0.0484202401282228 0.3198509924720051 0.01649874848813518 0.009692454317333414
0 0.06420165172556949 0.3150047653133383 0.015064074706558205 0.012923272423111386
0 0.06563632550714646 0.32409144123583855 0.015064074706558205 0.005250079421888998
0 0.6047149989346936 0.44993180583965525 0.015781411597346633 0.00977322353751866
0 0.0035866844539424294 0.2934390538410417 0.007173368907884859 0.011792484853629688
0 0.03263882853087611 0.28047539680783784 0.025106791177597006 0.011711715633444584
0 0.17216085378923662 0.2800715445446156 0.017216085378923652 0.012519420159889095
0 0.14490205193927416 0.26795597664794873 0.021520106723654564 0.010096306580555705
0 0.14741273105703384 0.2768407264388377 0.013629400924981248 0.0052500794218889625
0 0.15064074706558206 0.28289851038717123 0.008608042689461843 0.009288602054111266
0 0.12517528744259082 0.2513980338558374 0.016498748488135196 0.008480897527666792
0 0.10616585983669591 0.24453254538105945 0.01865075916050065 0.01090401110700018
0 0.04447488722888613 0.22575341514122585 0.01865075916050064 0.013730976949555789
0 0.02976948096772216 0.20899354621750332 0.020802769832866087 0.01090401110700018
0 0.0659949939525407 0.23544586945855933 0.018650759160500633 0.016961795055333618
0 0.08715643223080104 0.22333030156189246 0.022237443614443065 0.012115567896666875
0 0.12732729811495624 0.22030140958772573 0.022237443614443072 0.013327124686333534
0 0.12338194521561957 0.2342343126688926 0.02582412806838551 0.0113078633702224
0 0.17933422269712146 0.22938808551022588 0.024389454286808495 0.012115567896666839
0 0.15745544752807267 0.23645550011661487 0.0093253795802503 0.011711715633444655
0 0.16857416933529418 0.2380709091695038 0.008608042689461826 0.013327124686333534
0 0.21591840412733426 0.2524076645138929 0.02295478050523151 0.011307863370222365
0 0.21878775169048822 0.23766705690628157 0.012912064034192774 0.008480897527666792
0 0.2144837303457573 0.21747444374517017 0.022954780505231583 0.01090401110700018
0 0.228830468161527 0.20414731905883657 0.028693475631539407 0.011711715633444619
0 0.2521439171121528 0.1928394556886142 0.020802769832866056 0.014942533739222448
0 0.2772507082897498 0.22171489250900353 0.025106791177597003 0.010500158843777925
0 0.27545736606277854 0.2528115167771151 0.011477390252615792 0.008077045264444572
0 0.3342789911074345 0.24594602830233725 0.02438945428680853 0.014538681476000192
0 0.3428870337968963 0.2584654484622264 0.015781411597346705 0.009692454317333486
0 0.3220842639640302 0.25927315298867076 0.017216085378923652 0.008077045264444643
0 0.2976948096772217 0.2610904881731708 0.020085432942077583 0.014134829212777901
0 0.3493430658139926 0.2833023626503934 0.014346737815769757 0.008480897527666863
0 0.1610421319820151 0.16941602442172493 0.017933422269712142 0.010096306580555705
0 0.18076889647869848 0.16477172339466928 0.020085432942077583 0.012923272423111296
0 0.11405656563536926 0.17224299026428053 0.017216085378923652 0.011711715633444584
0 0.07675504731436798 0.1791084787390584 0.025824128068385493 0.009288602054111266
0 0.09648181181105137 0.18355085363450294 0.007890705798673334 0.015750238265666922
0 0.12804463500574476 0.18657974560866963 0.019368096051289106 0.02100031768755585
0 0.09970982781959954 0.14861763286578014 0.020085432942077618 0.012923272423111332
0 0.07998306332291617 0.1286673304463724 0.022237443614443065 0.011630946413259515
0 0.15817278441886118 0.12765769978831684 0.02510679117759702 0.010419389623592784
0 0.21089704589181488 0.14074251373294672 0.015781411597346705 0.012519420159889076
0 0.01219472714340426 0.13189814855215024 0.02438945428680852 0.014054059992592833
0 0.03156282319469338 0.19546449539955865 0.018650759160500633 0.009692454317333486
0 0.02403078584141428 0.1829450752396696 0.017933422269712146 0.010500158843777925
0 0.040170865884155214 0.17547380837005833 0.021520106723654585 0.01090401110700018
0 0.020444101387471846 0.16658905857916934 0.017933422269712146 0.012519420159889095
0 0.004304021344730915 0.18722590861359556 0.00860804268946183 0.01163094641325948
0 0.004662689790125159 0.16844677837376196 0.009325379580250318 0.016234859749074283
0 0.4196420811112642 0.23443623880050374 0.02582412806838555 0.010096306580555705
0 0.45873694165923673 0.26613864146344873 0.030845486303904865 0.012115567896666839
0 0.5376439996459702 0.28370621491361564 0.0279761387407509 0.011711715633444655
0 0.5882162504465585 0.26795597664794873 0.021520106723654564 0.013327124686333569
0 0.40637134863167723 0.2782542093601156 0.01506407470655816 0.011307863370222365
0 0.38520991035341695 0.2762349480440044 0.021520106723654633 0.009692454317333449
0 0.3884379263619651 0.286129328492949 0.02080276983286609 0.009288602054111266
0 0.42179409178362975 0.2956198566786714 0.027258801849962495 0.00969245431733352
0 0.46339963144936186 0.2509941815926151 0.02438945428680853 0.008480897527666755
0 0.48958242796314166 0.2548307780932263 0.02080276983286616 0.010500158843777996
0 0.5146892191407386 0.25119610772422624 0.023672117396019984 0.0113078633702224
0 0.5369266627551816 0.2439267669862261 0.020802769832866018 0.0113078633702224
0 0.43147813980927424 0.1805219616603362 0.02080276983286609 0.010500158843777925
0 0.38915526325275357 0.17123335960622493 0.02080276983286609 0.013730976949555752
0 0.3522124133771466 0.18435855816094737 0.02295478050523151 0.015750238265666888
0 0.34826706047780986 0.1692140982901138 0.02080276983286609 0.012923272423111315
0 0.41605539665732183 0.19324330795183642 0.012912064034192738 0.013327124686333534
0 0.4282501238007261 0.2019261316111143 0.02295478050523151 0.006461636211555693
0 0.44439020384346706 0.1391271046800578 0.020802769832866018 0.013327124686333569
0 0.34862572892320415 0.1348866559162244 0.015781411597346705 0.011307863370222417
0 0.36404847207515656 0.13852132628522443 0.01506407470655823 0.013730976949555752
0 0.33284431732585745 0.1504349680502802 0.020085432942077687 0.01009630658055574
0 0.3518537449317523 0.15265615549800246 0.01506407470655816 0.0113078633702224
0 0.4207180864474469 0.1562908258670025 0.02080276983286616 0.016961795055333653
0 0.5602401117058075 0.2312054206947259 0.02438945428680853 0.015750238265666922
0 0.5326226414104508 0.1902144159776697 0.016498748488135106 0.012115567896666875
0 0.5383613365367584 0.20132035321628097 0.023672117396019984 0.008480897527666826
0 0.5512734005709513 0.20879162008589225 0.012194727143404265 0.0072693407380001315
0 0.549121389898586 0.17789692194939172 0.02223744361444311 0.011711715633444619
0 0.5702828281768464 0.13811747402200222 0.020085432942077545 0.009692454317333503
0 0.5935962771274721 0.1286673304463724 0.017933422269712052 0.010823241886815004
0 0.5717175019584232 0.15790623491989142 0.011477390252615792 0.014538681476000211
0 0.5874989135557699 0.15810816105150252 0.014346737815769686 0.010096306580555705
0 0.588933587337347 0.2241380060883369 0.014346737815769686 0.008077045264444572
0 0.5781735339755197 0.217272517613559 0.01721608537892372 0.008077045264444535
0 0.5641854646051442 0.20899354621750332 0.012194727143404265 0.01009630658055574
0 0.5788908708663081 0.20596465424333663 0.01865075916050067 0.008077045264444535
0 0.591802934900501 0.19243560342539198 0.022954780505231583 0.011711715633444619
0 0.5796082077570966 0.17830077421261398 0.021520106723654706 0.010904011107000145
0 0.04447488722888613 0.09389565119916816 0.028693475631539428 0.010904011107000162
0 0.06958167840648313 0.09652069091011266 0.01721608537892366 0.012923272423111315
0 0.2675666602641052 0.1167133040712241 0.025824128068385476 0.013730976949555789
0 0.2618279651377973 0.10076113967394605 0.017216085378923652 0.011711715633444636
0 0.21233171967339182 0.10217462259522389 0.011477390252615755 0.011307863370222417
0 0.18184490181488117 0.12075182670344636 0.025106791177597003 0.014538681476000228
0 0.18005155958790994 0.10439581004294611 0.02725880184996246 0.009288602054111266
0 0.2012129978661703 0.09934765675266824 0.01506407470655823 0.007269340738000114
0 0.19941965563919908 0.10540544070100168 0.010042716471038843 0.006461636211555639
0 0.30486817858510645 0.09106868535661256 0.024389454286808495 0.011711715633444619
0 0.2898041038785483 0.12357879254600197 0.012912064034192703 0.0113078633702224
0 0.3037921732489238 0.11348248596544624 0.019368096051289144 0.009692454317333503
0 0.3242362746363956 0.09228024214627925 0.014346737815769757 0.011711715633444619
0 0.36153779295739696 0.09086675922500145 0.024389454286808457 0.014538681476000228
0 0.5437413632176724 0.10076113967394605 0.01865075916050067 0.014134829212777991
0 0.5200692458216523 0.11126129851772401 0.01721608537892372 0.013327124686333552
0 0.5996936406991743 0.11812678699250188 0.015781411597346563 0.008480897527666809
0 0.47451835325658337 0.1058092929642239 0.023672117396020056 0.010500158843777908
0 0.46698631590330436 0.09248216827789037 0.034432170757847234 0.01050015884377796
0 0.39274194770669607 0.1197421960453908 0.020802769832866018 0.0076731930012223695
0 0.3830578996810515 0.10782855428033507 0.014346737815769686 0.008884749790889029
0 0.3662004827475221 0.10399195777972388 0.013629400924981282 0.007673193001222334
0 0.33607233333440567 0.11731908246605743 0.017933422269712194 0.007673193001222351
0 0.3403763546791366 0.11126129851772398 0.010760053361827247 0.006865488474777912
0 0.35651643472187755 0.12054990057183526 0.020085432942077618 0.01251942015988913
0 0.6165778929799246 0.5914305535027035 0.02011658483840904 0.012684449705531193
0 0.6624437064114972 0.5617580015129786 0.02333523841255456 0.020385722741032383
0 0.6990558908174015 0.5640230818175378 0.019311921444872693 0.011325401522795814
0 0.6769276474951517 0.6025294469950431 0.02172591162548187 0.007701273035501046
0 0.7602103087261648 0.5993583345686604 0.020921248231945383 0.010419369400972087
0 0.6946302421529515 0.6109102441219121 0.013679277690118142 0.014496513949178507
0 0.62864784388297 0.6623275670354044 0.024944565199627247 0.012231433644619188
0 0.6648576965921061 0.6550793100608152 0.031381872347918144 0.008607305157324845
0 0.6873882716111243 0.6433008924771078 0.01689793126426352 0.012231433644619259
0 0.6946302421529515 0.6557588341521828 0.013679277690118 0.00815428909641298
0 0.675720652404847 0.6797686853805098 0.024139901806090762 0.00815428909641298
0 0.6930209153658788 0.6886024985682905 0.01850725805133635 0.010419369400972016
0 0.7167584854752014 0.6618745509744925 0.024139901806090762 0.012231433644619472
0 0.742910045765133 0.6376381917157099 0.029772545560845316 0.014496513949178507
0 0.7706709328421374 0.6399032720202691 0.019311921444872693 0.012684449705531335
0 0.7799245618678057 0.6233681857969873 0.02011658483840904 0.011325401522795743
0 0.7698662694486011 0.6109102441219121 0.022530575019018072 0.009060321218236638
0 0.7750965815065876 0.6562118502130949 0.01850725805133635 0.01359048182735492
0 0.744921704248974 0.673879476588656 0.025749228593163594 0.009966353340060153
0 0.7404960555845241 0.6827132897764366 0.029772545560845316 0.011325401522795603
0 0.7799245618678057 0.6716143962840968 0.02172591162548173 0.010872385461884022
0 0.8020528051900555 0.6761445568932152 0.02253057501901793 0.0072482569745891115
0 0.8286066971767554 0.6754650328018473 0.02574922859316345 0.009513337279148288
0 0.850332608802237 0.6734264605277442 0.014483941083654344 0.008154289096412838
0 0.8346416726282782 0.684525354020084 0.01689793126426366 0.0077012730355011175
0 0.8149274194866374 0.6856578941723638 0.014483941083654486 0.007248256974589395
0 0.7940061712546919 0.684298845989628 0.024139901806090762 0.00815428909641298
0 0.8575745793440644 0.6938121832687765 0.016093267870727176 0.0072482569745891115
0 0.8672305400665007 0.6901880547814818 0.012874614296581939 0.010872385461883738
0 0.8217670583316964 0.6571178823349184 0.01850725805133635 0.009966353340060153
0 0.7968224931320692 0.6510021655126087 0.018507258051336066 0.008607305157324703
0 0.8036621319771284 0.6650456634008753 0.02092124823194524 0.010419369400971873
0 0.8076854489448101 0.618611517157413 0.016093267870727318 0.01268444970553105
0 0.8378603262024237 0.6245007259492668 0.018507258051336208 0.011778417583707608
0 0.888151788298446 0.6709348721927291 0.02735855538023614 0.008607305157324845
0 0.8330323458412053 0.6088716718478087 0.015288604477190831 0.008607305157324703
0 0.8483209503183963 0.6104572280610001 0.013679277690118142 0.00815428909641298
0 0.8780934958792415 0.6315224748934001 0.013679277690118142 0.01223143364461933
0 0.8913704418725915 0.6333345391370474 0.022530575019018215 0.008607305157324632
0 0.8684375351568053 0.6013969068427636 0.01689793126426352 0.012684449705531193
0 0.8861401298146052 0.6152138967005745 0.018507258051336208 0.013137465766442986
0 0.908268373136855 0.6145343726092066 0.011265287509508965 0.011778417583707537
0 0.8913704418725916 0.6020764309341314 0.017702594657800007 0.01223143364461933
0 0.7280237729847104 0.5864473768326733 0.03379586252852704 0.01902667455829679
0 0.7750965815065876 0.5803316600103636 0.02333523841255442 0.013137465766442915
0 0.8153297511834054 0.5912040454722475 0.026553891986699937 0.009513337279148359
0 0.7240004560170286 0.5563218087820367 0.019311921444872693 0.012231433644619401
0 0.7368750703136103 0.5406927546805788 0.03218653574145449 0.012684449705531193
0 0.7521636747908012 0.5533772043861099 0.014483941083654486 0.010872385461884022
0 0.7807292252613419 0.5250637005791207 0.01689793126426352 0.015855562131914098
0 0.7907875176805464 0.5112467107213099 0.024139901806090904 0.009966353340060366
0 0.6938255787594152 0.5350300539191809 0.02172591162548173 0.015855562131913886
0 0.6898022617917334 0.5173624275436197 0.02494456519962711 0.009513337279148359
0 0.6612367113211925 0.5069430581426476 0.025749228593163594 0.011325401522795674
0 0.6628460381082653 0.5198540158786347 0.028967882167309115 0.011778417583707608
0 0.7151491586881288 0.503318929655353 0.024139901806090904 0.01494953001009037
0 0.8788981592727779 0.4851982872188799 0.02172591162548173 0.010419369400972087
0 0.8736678472147915 0.5092081384472067 0.030577208954381804 0.011325401522795743
0 0.834641672628278 0.5144178231476927 0.020116584838408898 0.01359048182735492
0 0.912291690104537 0.5089816304167507 0.022530575019018215 0.012684449705531193
0 0.8599885695246735 0.5205335399700024 0.014483941083654486 0.01223143364461933
0 0.8225717217252327 0.5434108510460497 0.02011658483840904 0.01087238546188388
0 0.8591839061311372 0.5348035458887249 0.022530575019018215 0.011778417583707465
0 0.8740701789115599 0.5461289474115207 0.01689793126426352 0.009060321218236567
0 0.9086707048336232 0.5366156101323722 0.01850725805133635 0.010872385461883738
0 0.8877494566016779 0.5239311604268412 0.02333523841255442 0.00815428909641291
0 0.8877494566016779 0.532085449523254 0.01689793126426352 0.00815428909641291
0 0.8374579945056556 0.5599459372693313 0.022530575019018072 0.01223143364461933
0 0.8213647266349281 0.5746689592489658 0.022530575019018072 0.00815428909641298
0 0.86079323291821 0.5710448307616711 0.019311921444872693 0.009966353340060082
0 0.8487232820151643 0.5801051519799078 0.016093267870727318 0.007248256974589324
0 0.6071185304231835 0.40884699497292437 0.021725911625481657 0.010419369400972016
0 0.6867802063832832 0.4795175004751695 0.020116584838408898 0.009513337279148359
0 0.6553983340353651 0.49174893411978887 0.01850725805133635 0.009513337279148359
0 0.677526577357615 0.49288147427206846 0.014483941083654486 0.008154289096412838
0 0.7318413564213193 0.4761198800183308 0.024944565199627247 0.01630857819282582
0 0.7081037863119967 0.4758933719878749 0.017702594657799865 0.00951333727914843
0 0.7161504202473601 0.45188352075954813 0.027358555380236283 0.009513337279148359
0 0.6626403045771923 0.45029796454635657 0.02172591162548187 0.009966353340060224
0 0.6855732112929787 0.45664018939912226 0.017702594657799865 0.007248256974589324
0 0.686377874686515 0.44440875575450284 0.02413990180609062 0.012684449705531193
0 0.675112587177006 0.42968573377486846 0.024139901806090762 0.015855562131913956
0 0.7008618157701696 0.4240230330134706 0.020921248231945383 0.01359048182735492
0 0.6948268403186466 0.4117915993688513 0.02172591162548187 0.012684449705531122
0 0.7181620787312012 0.39412397299329 0.02011658483840904 0.015402546071002164
0 0.7974214229945327 0.4086204869424685 0.016093267870727176 0.01359048182735485
0 0.834033607400437 0.4398785951453846 0.018507258051336208 0.013590481827354778
0 0.8489198801808597 0.4536955850031953 0.02253057501901793 0.011325401522795814
0 0.8324242806133643 0.4629824142518878 0.02333523841255442 0.009966353340060153
0 0.8292056270392189 0.4736282916833157 0.02494456519962711 0.01223143364461933
0 0.9088673029993185 0.47544035592696304 0.01850725805133635 0.010419369400972087
0 0.8710481235031097 0.4215314446784555 0.01689793126426352 0.010419369400971944
0 0.883520406102923 0.3943504810237459 0.02092124823194524 0.011325401522795814
0 0.8931763668253595 0.42447604907438247 0.017702594657799865 0.01087238546188388
0 0.9000160056704186 0.4358014505971781 0.015288604477190831 0.009060321218236567
0 0.8131123591684917 0.3673960253994922 0.01689793126426352 0.009966353340060295
0 0.7797188283367328 0.3535790355416814 0.032186535741454206 0.01947969061920858
0 0.8175380078329417 0.33885601356204703 0.017702594657800007 0.009966353340060224
0 0.8424825730325688 0.3830250795009502 0.016093267870727176 0.008607305157324632
0 0.8368499292778142 0.39140587662781895 0.02092124823194524 0.00815428909641291
0 0.9229489123862047 0.4435027236326792 0.014483941083654344 0.00815428909641291
0 0.874266777077255 0.32435949961286853 0.026553891986699937 0.010872385461883844
0 0.8976020154898094 0.3322872806788255 0.031381872347918144 0.01223143364461933
0 0.901223000760723 0.3812130152573029 0.017702594657799865 0.010419369400972016
0 0.9201325905088273 0.3673960253994922 0.02172591162548187 0.009060321218236567
0 0.892371703431823 0.36105380054672653 0.03379586252852704 0.012684449705531122
0 0.9088673029993183 0.3898203204146276 0.02172591162548187 0.004983176670030076
0 0.7024711425572421 0.35969475236399107 0.017702594657799865 0.01359048182735485
0 0.7427043122340602 0.3223209273387653 0.014483941083654486 0.014043497888266714
0 0.8171356761361734 0.3008026644454534 0.028163218773772633 0.009060321218236567
0 0.9233512440829728 0.3123545739987051 0.034600525922063384 0.010419369400972087
0 0.8915670400382868 0.3087304455114105 0.02574922859316345 0.011325401522795708
0 0.9257652342635823 0.35335252751122537 0.018507258051336208 0.01359048182735485
0 0.5423431272435066 0.42764716150076526 0.024139901806090904 0.01087238546188388
0 0.6606286460933515 0.35425855963304914 0.020921248231945383 0.011778417583707537
0 0.6216024715068379 0.3664899932776685 0.018507258051336208 0.012684449705531193
0 0.6143605009650108 0.3513139552371223 0.015288604477190831 0.014043497888266643
0 0.6344770858034197 0.3239064835519567 0.023335238412554346 0.01087238546188388
0 0.6875848697768195 0.3207353711255739 0.028163218773772484 0.01359048182735485
0 0.639707397861406 0.33591140916612006 0.012874614296581726 0.00679524091367746
0 0.6562029974289015 0.33794998144022337 0.021725911625481587 0.009060321218236567
0 0.7181620787312012 0.27747233730849435 0.01689793126426366 0.011325401522795637
0 0.6992524889830968 0.2582191547197417 0.025749228593163594 0.011778417583707573
0 0.737876331872842 0.2767928132171267 0.014483941083654486 0.009060321218236567
0 0.6240164616874471 0.28449408625262773 0.02011658483840904 0.00815428909641291
0 0.6441330465258561 0.28494710231353954 0.01850725805133635 0.009060321218236567
0 0.6513750170676833 0.2704505883643611 0.02011658483840904 0.012684449705531193
0 0.6300514371389698 0.26682645987706644 0.016093267870727176 0.009060321218236567
0 0.6111418473908653 0.2539155021410794 0.02333523841255449 0.00951333727914843
0 0.9016253324574913 0.2960459958058793 0.02333523841255442 0.008607305157324703
0 0.8328266123101326 0.2897037709531137 0.02253057501901793 0.01041936940097198
0 0.883118074406155 0.289250754892202 0.026553891986699794 0.010419369400972052
0 0.8811064159223142 0.26501439563341916 0.022530575019018072 0.012684449705531158
0 0.6376957393775652 0.22764057060819337 0.024944565199627178 0.011325401522795674
0 0.6175791545391562 0.20363071937986654 0.01689793126426366 0.012231433644619294
0 0.7793164966399647 0.23873946410053315 0.020116584838408898 0.010872385461883915
0 0.8308149538262916 0.2434961327401073 0.026553891986699794 0.011325401522795674
0 0.7117247715829103 0.2333032713695912 0.029772545560845458 0.00815428909641291
0 0.6654566264545696 0.22741406257773747 0.019311921444872693 0.009966353340060187
0 0.7137364300667512 0.22378993409044282 0.01770259465780015 0.00815428909641291
0 0.6895965282606604 0.20408373544077832 0.02574922859316345 0.009513337279148396
0 0.6787335724479194 0.19162579376570307 0.018507258051336208 0.010872385461883844
0 0.7125294349764466 0.18596309300430522 0.013679277690118 0.010419369400972016
0 0.6984478255895604 0.17486419951196544 0.017702594657799865 0.011778417583707537
0 0.6948268403186468 0.1624062578368902 0.01850725805133635 0.010419369400971998
0 0.7258063809697967 0.17191959511603858 0.027358555380236283 0.015855562131913956
0 0.8131123591684917 0.17418467542059773 0.029772545560845316 0.01223143364461933
0 0.8356429341875097 0.18641610906521705 0.026553891986699937 0.007701273035501082
0 0.8408732462454961 0.21065246832399986 0.022530575019018215 0.01268444970553123
0 0.8658178114451232 0.22628152242545788 0.016093267870727318 0.009513337279148359
0 0.869438796716037 0.20906691211080847 0.013679277690118142 0.011325401522795708
0 0.8976020154898094 0.2246959662122665 0.015288604477190831 0.011778417583707502
0 0.9201325905088273 0.21337056468947083 0.026553891986699937 0.011778417583707537
0 0.869841128412805 0.23873946410053315 0.019311921444872693 0.009966353340060258
0 0.9100742980896231 0.24961184956241703 0.016093267870727318 0.014496513949178436
0 0.9293862195344957 0.2310381910650321 0.016093267870727034 0.009966353340060187
0 0.9285815561409592 0.2446286728923869 0.012874614296582081 0.009966353340060224
0 0.7145410934602876 0.1986475427098364 0.014483941083654486 0.008607305157324774
0 0.7173574153376648 0.1411145029740343 0.01689793126426352 0.011325401522795708
0 0.6992524889830968 0.14043497888266654 0.01931192144487255 0.01177841758370752
0 0.6147628326617789 0.16920149875056759 0.02092124823194524 0.011325401522795708
0 0.7801211600335008 0.15515800086230097 0.020116584838408898 0.010419369400972035
0 0.8002377448719099 0.15062784025318268 0.01689793126426352 0.01676159425373763
0 0.863403821264514 0.15153387237500632 0.019311921444872693 0.014043497888266677
0 0.8851297328899957 0.19615595437482136 0.017702594657799723 0.009966353340060224
0 0.8839227377996913 0.18188594845609876 0.015288604477190689 0.009513337279148396
0 0.901223000760723 0.17327864329877407 0.017702594657799865 0.009513337279148359
0 0.8931763668253595 0.15787609722777193 0.014483941083654486 0.009513337279148376
0 0.6545936706418287 0.12707100508576766 0.02011658483840904 0.009513337279148396
0 0.6147628326617789 0.105099726131544 0.014483941083654486 0.010872385461883863
0 0.6324654273195788 0.1048732181010881 0.014483941083654486 0.010419369400972035
0 0.6469493684032334 0.11212147507567732 0.020921248231945383 0.007701273035501064
0 0.6891941965638924 0.12412640068984075 0.01689793126426352 0.012684449705531176
0 0.7036781376475466 0.09966353340060209 0.013679277690118142 0.01177841758370752
0 0.7278180394536374 0.11370703128886873 0.02011658483840904 0.014496513949178471
0 0.7636255604660056 0.13749037448673967 0.01931192144487255 0.009513337279148376
0 0.7809258234270373 0.1442856154004171 0.021725911625481587 0.011325401522795708
0 0.7527626046532646 0.10215512173561712 0.02011658483840904 0.00860730515732474
0 0.7756955113690509 0.1017021056747053 0.020921248231945525 0.009513337279148376
0 0.7732815211884418 0.11370703128886873 0.025749228593163594 0.007248256974589254
0 0.8300102904327553 0.11121544295385366 0.01689793126426352 0.012231433644619347
0 0.815928681045869 0.10577925022291174 0.020921248231945383 0.013137465766443021
0 0.8803017525287777 0.12072878023300206 0.017702594657799865 0.011325401522795674
0 0.9269722293538866 0.1578760972277719 0.020921248231945383 0.011325401522795691
