0.0 0.18432743709494465 0.9409679403975899 0.01198883162993596 0.010479126906166415
0.0 0.3279079662012002 0.9328229213027935 0.009605407126725751 0.012255174609960307
0.0 0.08512171519688802 0.9495874724890946 0.012462386051330654 0.015817643834380845
0.0 0.09668010988480766 0.9817988972150445 0.01173484845451469 0.011306569313839176
0.0 0.2776894489239853 0.8444458630657568 0.012330057433543118 0.01120914312140293
0.0 0.020895814938247704 0.8918771991527713 0.011230627340848542 0.010749314740526827
0.0 0.49613234485557245 0.9012903616080263 0.012201393415741179 0.009761114732593158
0.0 0.47716472418201106 0.8785514011514175 0.012423236932390936 0.011757706382441668
0.0 0.8696790109785748 0.8194693438936154 0.008887109285484484 0.013501569876024532
0.0 0.7631088173209578 0.7048098762714173 0.009528857602444063 0.010096051507351333
0.0 0.6541107425847436 0.6926964977003913 0.0104735293652233 0.013703683281600298
