0.0 0.12027242577539887 0.83803085062642 0.012279835564641673 0.01593059748926464
0.0 0.11695355129846856 0.8947836041819265 0.010952285773869619 0.010620398326177139
0.0 0.3528100473632099 0.8948068170587267 0.00923596653440697 0.01344648068979808
0.0 0.3356963446671024 0.8818357169993749 0.01521218017431778 0.013310657652527879
0.0 0.46342414696803547 0.9951855344299478 0.010229733839591758 0.009628931140104413
0.0 0.5454232558613026 0.9791636644778727 0.012226304025739054 0.018405188855950882
0.0 0.6511202067885564 0.8356556350227091 0.013397562700447096 0.015354510061186488
0.0 0.9474302775215332 0.8333749863045614 0.00875104513798206 0.014319892043970129
0.0 0.9310405714721057 0.6726206218862526 0.011771894698729569 0.013287089065892843
0.0 0.8565835749226807 0.6562461412108831 0.01398942456997787 0.013597197712875441
0.0 0.0938609324683691 0.6437588926129045 0.013082060179571897 0.012967305265716078
0.0 0.01713914684901958 0.5063371942989544 0.015949287126359124 0.012995715436292698
0.0 0.2774992547371289 0.4709455050388307 0.009532377676939064 0.013617682395627639
0.0 0.303386374033148 0.46704676648484555 0.013561920290202423 0.012606855481033108
0.0 0.08513349417011185 0.2436159438715954 0.013319983306501726 0.012631018652717074
0.0 0.1659671478709633 0.3036266688451132 0.010383776933094068 0.009102661597192706
0.0 0.3334493266279397 0.24378323970481156 0.010355490557514812 0.01217037034594597
0.0 0.4317322365413897 0.33309996107890216 0.014129164124118531 0.012020333657832083
0.0 0.6679392263324194 0.37207058018542655 0.008958578962014841 0.01588880042319616
0.0 0.692187586827125 0.3972940957719839 0.010317552509139105 0.013027212764063734
0.0 0.760870557581699 0.3370652752286361 0.012059594573376487 0.01851574116316428
0.0 0.8662106489316213 0.3272454944550052 0.012012604706222873 0.017117961706367167
0.0 0.7201848600846825 0.24238660054049282 0.013093706161306428 0.0158711589834013
0.0 0.6340498194107231 0.27363877144572724 0.009405783827719106 0.015174664575386743
0.0 0.153566598455809 0.11959637422200586 0.011618479525043668 0.013872811373186522
0.0 0.29457953651125235 0.12842798320218202 0.011521604031849719 0.010623816704692502
0.0 0.14150641126158944 0.02805920827842421 0.008206627533472144 0.010628255330234282
0.0 0.5522547430643661 0.1329560142468164 0.011246752393175897 0.009986340487044032
0.0 0.806996207874872 0.020598121749223354 0.012330706970206506 0.012584948351035052
0.0 0.8540963389016042 0.09421786519136965 0.0141029003900627 0.014585050830747548
0.0 0.8409900691909072 0.13005935096215354 0.011336964866683275 0.01601736320613867
0.0 0.7005664748232503 0.12001356373425232 0.014286194270775354 0.014835663281189682
0.0 0.6365424581754233 0.6361190394587165 0.011586603203484102 0.018852778093804545
0.0 0.32787361083589434 0.015181100502705647 0.011351035961844502 0.008668063825408722
0.0 0.2673003552940513 0.03396190545775788 0.010319123601676949 0.008255298881341844
0.0 0.3384014500572835 0.0757706984454675 0.00956123384562737 0.014098768552027251
0.0 0.3165561228248512 0.08979928130093917 0.009270927461168199 0.014179065528846024
0.0 0.3087864847546248 0.037354724819356734 0.01122122651556694 0.008204767774822841
