0.0 0.15431095658597727 0.7168399243271246 0.010312561626373196 0.014437586276923042
0.0 0.12226835438974462 0.7187551143434512 0.011638462406907024 0.013553652423233942
0.0 0.006996207874871985 0.8205981217492233 0.012330706970206506 0.012584948351035052
0.0 0.054096338901604216 0.8942178651913697 0.0141029003900627 0.014585050830747548
0.0 0.040990069190907266 0.9300593509621535 0.011336964866683275 0.01601736320613867
0.0 0.05272033769845734 0.5793398378905101 0.012648119760203257 0.01249197013353438
0.0 0.31345600899369613 0.33058852876904493 0.010557023245012686 0.0098453138127649
0.0 0.06967901097857485 0.01946934389361541 0.008887109285484484 0.013501569876024532
0.0 0.1309079478064156 0.2556766977693961 0.013750535089624094 0.01100042807169892
0.0 0.6126448796909209 0.8144240437039023 0.013904059011856873 0.012080575862761123
0.0 0.32414243018373695 0.5250328198602949 0.01323254183841982 0.012791457110472849
0.0 0.17843341608611069 0.6419114952923165 0.010810521675121264 0.01266375396228483
0.0 0.20645508815363556 0.5806106197386143 0.011884031820099495 0.012854156866637467
0.0 0.6820418625637611 0.6357268788097367 0.014035400763736305 0.01146794940451663
0.0 0.0002985291869418205 0.36712847735013054 0.000597058373883641 0.010359419576298379
