0.0 0.153566598455809 0.9195963742220059 0.011618479525043668 0.013872811373186522
0.0 0.29457953651125235 0.928427983202182 0.011521604031849719 0.010623816704692502
0.0 0.19661740114388698 0.7778198119467028 0.010914031473564022 0.009834621767387475
0.0 0.14150641126158944 0.8280592082784242 0.008206627533472144 0.010628255330234282
0.0 0.5522547430643661 0.9329560142468164 0.011246752393175897 0.009986340487044032
0.0 0.9543109565859773 0.7168399243271246 0.010312561626373196 0.014437586276923042
0.0 0.9222683543897446 0.7187551143434512 0.011638462406907024 0.013553652423233942
0.0 0.806996207874872 0.8205981217492233 0.012330706970206506 0.012584948351035052
0.0 0.8540963389016042 0.8942178651913697 0.0141029003900627 0.014585050830747548
0.0 0.8409900691909072 0.9300593509621535 0.011336964866683275 0.01601736320613867
0.0 0.7005664748232503 0.9200135637342524 0.014286194270775354 0.014835663281189682
0.0 0.7942683615947294 0.6615519203837866 0.010134008194640743 0.012920860448167204
0.0 0.7899625481879289 0.6012166455627435 0.011780784526270339 0.010767383706805588
0.0 0.8527203376984573 0.5793398378905101 0.012648119760203257 0.01249197013353438
0.0 0.24332145184923828 0.5893949644744966 0.013414803304646127 0.012392723052863274
0.0 0.1458781867727989 0.5539598036897223 0.014294973388173916 0.010902945804539498
0.0 0.09279027292799621 0.6307969203564362 0.013456232738102258 0.013784433536592288
0.0 0.1123666042750596 0.41844477521932755 0.01355493019487639 0.011747606168892944
0.0 0.2442952445178566 0.34649608258065373 0.011139243880888116 0.01596624956260655
0.0 0.2196032539152208 0.3196690702341812 0.010025319492799768 0.01466667110983586
0.0 0.1379203610790487 0.3248076619599587 0.012099618376847587 0.013703182258116443
0.0 0.16391399549326485 0.34062471980704884 0.01251925233334994 0.011684635511127084
0.0 0.17318217174375014 0.2563055524862358 0.013770278251881507 0.011870929527484364
0.0 0.18394514784866925 0.2307434842370535 0.008705348320155081 0.011712650467118025
0.0 0.18432743709494465 0.14096794039758986 0.01198883162993596 0.010479126906166415
0.0 0.3760495639554769 0.26744729501687703 0.009664252831019127 0.014088850512690598
0.0 0.3279079662012002 0.13282292130279352 0.009605407126725751 0.012255174609960307
0.0 0.08512171519688802 0.1495874724890946 0.012462386051330654 0.015817643834380845
0.0 0.09668010988480766 0.18179889721504452 0.01173484845451469 0.011306569313839176
0.0 0.2776894489239853 0.0444458630657568 0.012330057433543118 0.01120914312140293
0.0 0.020895814938247704 0.09187719915277129 0.011230627340848542 0.010749314740526827
0.0 0.49613234485557245 0.10129036160802637 0.012201393415741179 0.009761114732593158
0.0 0.47716472418201106 0.07855140115141754 0.012423236932390936 0.011757706382441668
0.0 0.4536955669867829 0.6026628244641057 0.014936457801669079 0.008837404199320886
0.0 0.3999081673059731 0.6309096949258883 0.01097039078224853 0.012167160685766376
0.0 0.5718434315566714 0.3200569883879 0.009311129439062782 0.012511830183740713
0.0 0.5145282020876669 0.3562943149768717 0.009662153501064452 0.013660285984263254
0.0 0.6213236152301022 0.22961203790104126 0.011176015327596645 0.012443398509077141
0.0 0.5964944265383793 0.22292947203505536 0.01152166528618217 0.014056431649142453
0.0 0.10389902124657233 0.4726057315862436 0.010177345622707178 0.009046529442406382
0.0 0.8696790109785748 0.01946934389361541 0.008887109285484484 0.013501569876024532
0.0 0.726423061194007 0.2805277525857711 0.012791076620566244 0.011601209027955051
0.0 0.9309079478064156 0.2556766977693961 0.013750535089624094 0.01100042807169892
0.0 0.9784334160861107 0.6419114952923165 0.010810521675121264 0.01266375396228483
0.0 0.6242455522291476 0.3650099933219654 0.010823362761619748 0.014036548581475827
0.0 0.7298917244279878 0.4089729832537465 0.01301292908127536 0.012877377736678852
0.0 0.6838958174806544 0.4324997811480616 0.010154002242392579 0.012339040699616177
0.0 0.7968798548788589 0.36712847735013054 0.0074344069900494246 0.010359419576298379
0.0 0.7797563436968599 0.3539049829497968 0.009262539856455376 0.011456299296141736
0.0 0.7908226118694814 0.3462710228224218 0.0073961005239624455 0.008551741230831666
0.0 0.32787361083589434 0.8151811005027056 0.011351035961844502 0.008668063825408722
0.0 0.2673003552940513 0.8339619054577578 0.010319123601676949 0.008255298881341844
0.0 0.3384014500572835 0.8757706984454675 0.00956123384562737 0.014098768552027251
0.0 0.3165561228248512 0.8897992813009392 0.009270927461168199 0.014179065528846024
0.0 0.3087864847546248 0.8373547248193567 0.01122122651556694 0.008204767774822841
0.0 0.2959185411482901 0.7213680464515129 0.00947967979678559 0.011440992858189603
0.0 0.28063664354485096 0.7200605044105769 0.013892634184944797 0.010460336327487597
