0 0.28758513305481215 0.7618846408207562 0.003837448613950514 0.004978311715395307
0 0.2865479847807714 0.779619876306852 0.0034225893043342737 0.003318874476930347
0 0.2775164579775084 0.816684122197092 0.0034083665529745133 0.0045721990344779325
0 0.3602531398010031 0.7796271303308521 0.0028862395420021867 0.004202025215561917
0 0.3549051077084695 0.7755736615623047 0.004753806304474253 0.004159580516414962
0 0.3948200459275111 0.8116334897098553 0.0031967918248724204 0.004285061382275899
0 0.42044476745665704 0.8059886451493352 0.0038207200080434232 0.005751621517484722
0 0.4534750646214239 0.7611423859445966 0.0041867383438897576 0.004798284394120884
0 0.5460719617254791 0.7604296832201755 0.0027347016056193498 0.0044749662637407536
0 0.5009821745911783 0.8722035740402398 0.005156431870749572 0.004812669746032867
0 0.5246901809590802 0.8824709623324972 0.003104381306997155 0.004895370522572478
0 0.5312411321031714 0.8927241868011526 0.003804059689835455 0.003645557202759022
0 0.7507907078227726 0.9399678141741623 0.004046175677037098 0.004846981279783904
0 0.6383819707199566 0.8788752584825593 0.003977561673232941 0.004560937385307256
0 0.7559595903624747 0.795438930608285 0.004891776860560384 0.00552200578124598
0 0.7208747943358422 0.7450421094994087 0.004002708330621943 0.0059102490194341325
0 0.7024716092958205 0.7038178459214987 0.004049767861082785 0.005399690481443713
0 0.6334589369505341 0.7117655389210004 0.004551075627981191 0.005248087210645025
0 0.8421364334949852 0.7022970231095286 0.0036757203062120426 0.004921727189673533
0 0.540950178585033 0.7101939443394539 0.0036787170933530434 0.004152215333091505
0 0.5176823671633377 0.705076919128401 0.004371695178118032 0.004249124285273638
0 0.5759723562507166 0.6513759912162549 0.003602304073875047 0.00467831697905865
0 0.6242871424823986 0.6324932749111385 0.003390913069618975 0.005126737617161794
0 0.670515440131829 0.6409180601619527 0.0032094221794480406 0.004210526345514438
0 0.6861261443797477 0.6399093085155702 0.004293730502948705 0.003727524282779697
0 0.27933154139636535 0.7011746539415327 0.004088143806116271 0.004052282895536195
0 0.20907054306521658 0.638628707647185 0.003655009319586604 0.004151368609900885
0 0.24098567284834738 0.6575763947678126 0.002995075975870556 0.0047921215613929745
0 0.2553559833903186 0.6582303732184233 0.004984152226987178 0.004061161073841362
0 0.3367185171053528 0.6471704703246346 0.0029788680240434217 0.004255525748633602
0 0.34480824188535875 0.6459521145265142 0.0042381000906882346 0.003939642337822846
0 0.27660421692815995 0.5761299824598736 0.004162494783281829 0.0039471933289741655
0 0.30186473370967604 0.5948833340140979 0.0032449302915919277 0.00284458174912281
0 0.35420291457123115 0.5761822624077536 0.003236090799223419 0.0038032407331080264
0 0.3849163239191843 0.6040937378371569 0.00441536378878709 0.0037563542680724995
0 0.4587310082288811 0.6162720563079458 0.0027995559256296333 0.004965250132248755
0 0.4663086208834766 0.624154404928745 0.0032242351591059305 0.004071003988769988
0 0.4877720492442809 0.6053328985089488 0.0037686233041801386 0.005786169113488739
0 0.5206908277911316 0.6022642170171891 0.003753938970694577 0.00534936303323974
0 0.4750577687764633 0.575745812668904 0.00409178317540821 0.004959737182312907
0 0.448140568565851 0.5855121160767898 0.002939307446162189 0.0047420826798084195
0 0.2979895620174403 0.5373738669443768 0.003630774851576142 0.004335253554120726
0 0.34205610515976637 0.5401337447506819 0.003600501259953006 0.003319942720216389
0 0.3114429378574647 0.4930686912333446 0.003410634835488793 0.00307331930230859
0 0.2942207535192467 0.5087685025870076 0.002564571104210067 0.0033213297906982573
0 0.4225796072076144 0.5415487544521301 0.003514610122867481 0.0031207314022013576
0 0.5482221739331179 0.47401247635222643 0.003222675508241721 0.004511745711538495
0 0.5382088607467952 0.4746109732323285 0.0036370195021585517 0.004235516382260655
0 0.5021863149608975 0.5064369130466323 0.0038533459281894977 0.003932796359698471
0 0.5169051059067513 0.529443082872303 0.004407156371894487 0.004557828384608697
0 0.5128093966221585 0.540643547175673 0.0035428015208385233 0.005005426001918422
0 0.4689270233822657 0.5375042386669538 0.004464435709617263 0.0046361447753717755
0 0.49820886299835293 0.45673497511993333 0.0031668775608252276 0.00403776889005222
0 0.4968632963087278 0.43788020173835734 0.003681495164459463 0.0033648074083767908
0 0.5164751055307679 0.4310436993407844 0.003952537425063554 0.003903740666729476
0 0.32603795370288696 0.4341859263982802 0.004192126032701892 0.0038727259540198133
0 0.29558693336649966 0.4231124386530382 0.004467179183804397 0.0034071705639185977
0 0.2789969602899988 0.4471240376113863 0.004205072730656916 0.004307635480185113
0 0.2851145638359561 0.38076399225603985 0.0042359156858989165 0.0036711269277790847
0 0.3263422639118302 0.3582800258064543 0.0034810137127775677 0.004989452988314511
0 0.3186260168485065 0.3498965844481816 0.0031329123414999315 0.004583334721823746
0 0.2931001128372027 0.3515023943624871 0.0037811307427648446 0.004282244455661371
0 0.30122312359164527 0.35644522493970276 0.003912266354171905 0.0036514485972271873
0 0.3041194286699219 0.3300954851519487 0.004303211953713024 0.0037096654773388594
0 0.30748285870270914 0.3221073388240792 0.0027204213500484895 0.0036602032709743782
0 0.3076023240921702 0.29405248137424683 0.003746509884354943 0.003274727158176951
0 0.3675154887360865 0.33357727969277406 0.0030200790096935035 0.0044027657852158345
0 0.35247123943787506 0.291507162907123 0.0030016897271018194 0.003829742065612649
0 0.2766005359990275 0.29674608515284207 0.003894495641040798 0.0049430136982440585
0 0.2802125343390024 0.3068121553797014 0.0036671401420358407 0.0035333029105747114
0 0.3367779527887454 0.263889332208049 0.0038531429479822777 0.0035028572254384117
0 0.2565299421682024 0.278711624735241 0.003509571044015196 0.0033591608564146115
0 0.4050413577673664 0.28165323800250824 0.003812935442419132 0.0030503483539353125
0 0.39911397630687845 0.274547312859818 0.0038822615413722163 0.003674283244513035
0 0.39177986468336967 0.438332132645033 0.0046676430630216 0.0027616888122877726
0 0.3749713022831166 0.4471592796643401 0.003428247119452621 0.0038022377143020238
0 0.4287010723614598 0.35001780887121875 0.002909727949707133 0.003909946932418933
0 0.4107900631523959 0.3613419734302724 0.0030194229690826547 0.0042688393700822756
0 0.44416362975940693 0.3217537618440754 0.0034925047898740048 0.0038885620340865755
0 0.4364045082932435 0.3196654600109548 0.0036005204019319594 0.004392634890357065
0 0.28246844413955385 0.3976892911207011 0.003180420507095967 0.002827040450751994
0 0.59795500281053 0.35330891524032654 0.0032990697640664732 0.003076660566488982
0 0.5217746909308046 0.2560841699667548 0.0027772216517139015 0.004219240586257627
0 0.4884715054127993 0.2202530863348179 0.002977768000763774 0.0031550160960472696
0 0.45440960705773237 0.2164676555313723 0.003272977926632237 0.0042824010255001
0 0.4770072066231272 0.3376649226830535 0.003997211443926929 0.0036253778212359576
0 0.5409087336895049 0.3298989680529363 0.004297042215507431 0.003437633772405917
0 0.6914515249034128 0.5045075136574695 0.004345018441205326 0.0037751799571127975
0 0.6012945094324178 0.41407275620634215 0.004135169324506194 0.003997330347022796
0 0.5557604425269096 0.4505973422788489 0.0033782880234753065 0.003957423113213992
0 0.5645172150480111 0.43144081866831696 0.0037137599437809853 0.004016924020824248
0 0.7131380820511753 0.4486646496280427 0.004386062738667675 0.0035837341889114072
0 0.4450767350716086 0.3640656229131142 0.0033823008630061934 0.004386421431711156
0 0.4780911638837462 0.3778040572667958 0.0040665403378985585 0.004024180542712159
0 0.4637174429627045 0.38515618160876924 0.0031731257007476896 0.003855950218630042
0 0.4990249546496434 0.3647276491719158 0.002323252184390441 0.0032373186175932746
0 0.4936738574052687 0.3605953071718115 0.002894543705142283 0.003580093530044266
0 0.49713206620921296 0.3582096946320068 0.0023112814137383 0.0026724191346348646
0 0.4489195181798198 0.6987871998308489 0.003620813501088733 0.0058914931543139915
0 0.20832613534933228 0.6001003416584568 0.0028068552211874477 0.005222056225464868
0 0.22040214037072012 0.5936380470794438 0.0031985094380972967 0.006005364659284851
0 0.352460503386217 0.5047440939070955 0.0035471987380764603 0.0027087699454402523
0 0.333531361029391 0.5106130954555493 0.0032247261255241 0.0025797809004193084
0 0.3557504531429011 0.5236783432642086 0.0029878855767585576 0.004405865172508428
0 0.348923788382766 0.5280622754065435 0.002897164831615058 0.004430957977764294
0 0.34649577648582025 0.511673351506049 0.0035066332861146774 0.0025639899296322
0 0.34247454410884065 0.47542751451609777 0.002962399936495501 0.003575310268184282
0 0.33769895110776593 0.4750189076283053 0.004341448182795205 0.003268855102339856
