0.0 0.12027242577539887 0.04753856328302497 0.012279835564641673 0.019913246861580802
0.0 0.11695355129846856 0.11847950522740813 0.010952285773869619 0.013275497907721423
0.0 0.08805266552802689 0.26673648878836786 0.010906772969518386 0.018288796137912122
0.0 0.3528100473632099 0.11850852132340828 0.00923596653440697 0.0168081008622476
0.0 0.3356963446671024 0.10229464624921869 0.01521218017431778 0.01663832206565985
0.0 0.46342414696803547 0.24653395883942109 0.010229733839591758 0.017140245529103204
0.0 0.5454232558613026 0.22395458059734086 0.012226304025739054 0.023006486069938603
0.0 0.6511202067885564 0.0445695437783864 0.013397562700447096 0.01919313757648311
0.0 0.9474302775215332 0.041718732880701825 0.00875104513798206 0.01789986505496266
0.0 0.8031429586917707 0.4888142961609594 0.016500581986398543 0.019250678984131575
0.0 0.8790085790690565 0.5298838493299889 0.009934020182390669 0.01958148209028998
0.0 0.8999716227301484 0.5708967472046105 0.0121729910074734 0.014582228811035769
