0 0.15560692554027158 0.6315628085621466 0.018761118682160394 0.008077045264444607
0 0.1892665796465005 0.6310968251815057 0.007725166516183677 0.009009012025726619
0 0.20250972224567257 0.6296988750395827 0.012139547382574384 0.004970489393504422
0 0.1917496688838453 0.5686550521756072 0.012691344990873219 0.009630323199914628
0 0.3299749697627036 0.6012738888204795 0.01876111868216043 0.007766389677350673
0 0.299902000110417 0.564771857336932 0.012691344990873219 0.010562289961196712
0 0.3440458087743239 0.6121468343687704 0.01820932107386156 0.009630323199914628
0 0.3972942779751614 0.6388632148588562 0.015450333032367354 0.006523767328974515
0 0.43619600936022934 0.6281455971041124 0.01820932107386163 0.01056228996119664
0 0.14263968174524894 0.5201927805889399 0.016002130640666187 0.010251634374102708
0 0.5255872219046407 0.5992546275043685 0.01710572585726389 0.0068344229160685185
0 0.49606604986065295 0.6363779701621041 0.014346737815769757 0.009630323199914557
0 0.38543062939673645 0.5158436023696236 0.014898535424068556 0.009009012025726619
0 0.22375393016517772 0.5175522080986407 0.014898535424068556 0.009940978787008631
0 0.256309989054809 0.5146009800212475 0.020416511507056895 0.00838770085153861
0 0.11339440850541066 0.4690899365119732 0.013794940207470869 0.012426223483760808
0 0.24720532851787824 0.43553913310581893 0.018761118682160464 0.014290157006324975
0 0.11780878937180134 0.4245108597639811 0.017105725857263873 0.013358190245042891
0 0.19257736529629355 0.3982604626545363 0.00993235694937905 0.009319667612820624
0 0.20885539474110917 0.39235800649974983 0.016002130640666225 0.007455734090256527
0 0.19699174616268422 0.5142903244341536 0.00993235694937905 0.007145078503162594
0 0.4240564619776549 0.5052813124084268 0.01710572585726389 0.007145078503162381
0 0.4422657830515165 0.4877292717376146 0.014898535424068484 0.009319667612820694
0 0.47454594313699827 0.4127059474544083 0.01765752346556276 0.013358190245042962
0 0.524483626688043 0.4063375079189808 0.012691344990873148 0.008077045264444607
0 0.5435206441743528 0.4156571755318015 0.01765752346556269 0.013047534657948959
0 0.1923014664921441 0.34078917904214223 0.013794940207470886 0.008698356438632615
0 0.1324314259917205 0.3314695114293215 0.01324314259917207 0.009940978787008703
0 0.11477390252615775 0.3230818105777829 0.016553928248965056 0.01180491230957287
0 0.2758988041494177 0.310655587094022 0.01765752346556276 0.007455734090256527
0 0.3851547305925871 0.29232690745547474 0.015450333032367425 0.006213111741880439
0 0.4041917480788969 0.3744953102418435 0.011587749774275551 0.00963032319991477
0 0.4450247710930107 0.3849022724094933 0.01710572585726382 0.009940978787008703
0 0.5581432807942719 0.3710780987838093 0.01710572585726389 0.00838770085153861
0 0.5062743056141814 0.33814860655184303 0.016002130640666294 0.006523767328974444
0 0.5231041326672959 0.3345760673002618 0.013243142599172017 0.0062131117418805105
0 0.5418652513494563 0.3550793360484672 0.009932356949379013 0.007455734090256527
0 0.5446242393909505 0.3465363074033816 0.01876111868216043 0.010251634374102708
0 0.1500889494572832 0.2710469997395342 0.022071904331953416 0.010872945548290786
0 0.18843888323405225 0.2382728353011149 0.01710572585726393 0.009940978787008703
0 0.2077517995245115 0.2027027705788494 0.016002130640666225 0.008387700851538575
0 0.13463861642491584 0.21808022214000344 0.01545033303236739 0.006834422916068483
0 0.2422391500431887 0.19617900324987492 0.01545033303236739 0.010251634374102708
0 0.2565858878589584 0.20798391555944776 0.014346737815769757 0.008387700851538575
0 0.35149507648635814 0.24821381408812365 0.020968309115355764 0.007455734090256492
0 0.39453528993366727 0.26778511607504696 0.016553928248965094 0.008077045264444572
0 0.3983978731917591 0.27834740603624375 0.019864713898758025 0.006213111741880439
0 0.4099856229660347 0.21652694420453336 0.01213954738257435 0.00869835643863265
0 0.3851547305925871 0.197110970011157 0.014346737815769686 0.010251634374102708
0 0.4643376873834699 0.2045667041014135 0.010484154557677953 0.010251634374102743
0 0.46682077662081467 0.21652694420453336 0.016553928248964952 0.00869835643863265
0 0.48089161563243493 0.22662325078508908 0.016002130640666152 0.009009012025726655
0 0.515930763759411 0.2701150329782521 0.01765752346556276 0.006523767328974479
0 0.5413134537411575 0.2016154760240203 0.019864713898758025 0.008077045264444572
0 0.5677997389395014 0.22649898807622867 0.014346737815769686 0.007517864259629725
0 0.6623205556955206 0.5962324368467958 0.02344106140358093 0.006723021839575409
0 0.6758102231070154 0.5421992613213189 0.012383956967929493 0.007221023457321749
0 0.6782427860828588 0.5494202847786408 0.014595377855059866 0.005229016986336461
0 0.6888576063410841 0.5595048175380039 0.017249082919616115 0.007968025883941294
0 0.7198174987609082 0.5743203656659573 0.011941672790503476 0.00971103154605359
0 0.7437008443419151 0.5825373923587718 0.011057104435651438 0.006225020221828998
0 0.7357397291482463 0.6091804789082006 0.00840339937109519 0.007221023457321678
0 0.7425951338983501 0.6299720464491099 0.02122964051645084 0.007470024266194883
0 0.7574116538421228 0.6429200885105146 0.013710809500207831 0.0054780177952098085
0 0.7751030209391652 0.6238715266317173 0.011941672790503616 0.005727018604082872
0 0.7770932997375823 0.6088069776948908 0.011499388613077456 0.0049800161774633265
0 0.718932930406056 0.5423237617257555 0.011941672790503616 0.008466027501687705
0 0.7237980563577426 0.5282552160244216 0.01636451456476408 0.00473101536859005
0 0.7549790908662797 0.5474282783076554 0.0097302519033731 0.0062250202218291405
0 0.572536867678031 0.5664768401864526 0.012826241145355653 0.007968025883941294
0 0.7854966991086775 0.6323375541334051 0.01061482025822542 0.004233013750843711
0 0.7859389832861035 0.6271085371470686 0.00796111519366903 0.004731015368590121
0 0.8124760339316671 0.6051964659662299 0.006191978483964817 0.00473101536858998
0 0.8029669241170068 0.6190160108586906 0.0075188310162431545 0.005478017795209595
0 0.8109280393106758 0.6302210472579831 0.010172536080799403 0.003984012941970718
0 0.7901406829716511 0.5896339154116571 0.012826241145355653 0.005976019412956006
0 0.7824007098666951 0.5791758814389841 0.011499388613077456 0.005976019412956006
0 0.8007555032298765 0.5740713648570842 0.012826241145355653 0.005229016986336461
0 0.8009766453185896 0.5832843947853913 0.011499388613077598 0.0062250202218291405
0 0.8233119962786055 0.590007416624967 0.007518831016243014 0.0062250202218291405
0 0.8157931652623626 0.5928709259270082 0.008403399371094905 0.006972022648448686
0 0.8365805216013871 0.5958589356334862 0.008403399371095048 0.004980016177463255
0 0.8211005753914753 0.6089314780993275 0.019018219629320328 0.0032370105153513152
0 0.8087166184235456 0.5656053373553965 0.00840339937109519 0.005727018604082801
0 0.8239754225447444 0.5580108126847649 0.015037662032485884 0.006474021030702275
0 0.8175623019720666 0.5641113325021575 0.011057104435651438 0.00771902507506816
0 0.789034972528086 0.5591313163246941 0.016806798742190238 0.006225020221828998
0 0.7939000984797727 0.5520347932718089 0.007076546838816853 0.008964029119433973
0 0.8385708003998045 0.5450627706233604 0.01592223038733806 0.008964029119434044
0 0.7978806560766071 0.5440667673878676 0.009730251903373385 0.008964029119433973
0 0.8113703234881018 0.5346047366506873 0.010172536080799403 0.006474021030702275
0 0.7994286506975983 0.5367212435261093 0.009287967725947225 0.006225020221828998
0 0.8076109079799804 0.5266616104676882 0.014153093677633849 0.005428218393325182
0 0.5849524163729195 0.4499231190330033 0.01642769801868205 0.0071143088249475996
0 0.6048552043570922 0.5244455039743294 0.013268525322781742 0.004624300736216043
0 0.604223369817912 0.4584602896229405 0.0170595325578622 0.005691447059958108
0 0.6651086657996246 0.5154716660442803 0.008972798189539617 0.0058935102691874165
0 0.673520664102318 0.51957607498175 0.014580797058001877 0.005262062740345925
0 0.7028691915139373 0.47937391564550763 0.0074773318246163 0.0052620627403457835
0 0.6901577274120894 0.47505902419842405 0.005981865459692984 0.004630615211504363
0 0.6866059947953965 0.47842674435224536 0.01308533069307856 0.0058935102691874165
0 0.6679126652338556 0.4855831496791157 0.017571729787848225 0.0067354403076426905
0 0.6789417296751649 0.4961072751598074 0.016450130014155916 0.005051580230732
0 0.7688566448661763 0.5075785719337614 0.016823996605386783 0.005262062740345855
0 0.7557713141730977 0.4874774922656403 0.013833063875540149 0.005472545249959637
0 0.7359563848378644 0.482636394544522 0.015328530240463465 0.005472545249959708
0 0.7279182531264019 0.4600095247610349 0.015702396831694186 0.008629782894167236
0 0.7649310456582529 0.47705860803975547 0.011215997736924522 0.006524957798028907
0 0.7948403729567183 0.49052948865504087 0.011215997736924522 0.005683027759573491
0 0.792410240113718 0.48410977211181894 0.017571729787848368 0.006314475288415053
0 0.8406390303824935 0.518313179924067 0.018319462970309956 0.005683027759573633
0 0.8346571649228003 0.5018955441741879 0.015328530240463607 0.005683027759573491
0 0.8178331683174136 0.4952653451213521 0.011589864328155387 0.005893510269187345
0 0.8150291688831826 0.4856883909339227 0.010468264554462934 0.006945922817256545
0 0.8260582333244915 0.48821418104928865 0.007851198415847164 0.007787852855711819
0 0.8453123627728786 0.4880036985396748 0.010468264554462934 0.006945922817256545
0 0.8398912972000318 0.46969172020327127 0.010094397963231926 0.006524957798028907
0 0.8475555623202635 0.4608514547994902 0.00897279818953976 0.005683027759573562
0 0.7785771762381777 0.44864346924188786 0.00934666478077034 0.006524957798028907
0 0.7808203757855625 0.4442233365399973 0.010842131145693799 0.006524957798028907
0 0.8062433039892583 0.45822042342931724 0.007851198415847306 0.0058935102691874165
0 0.8223195674121834 0.4626405561312078 0.010842131145693799 0.006314475288415053
0 0.821197967638491 0.444644301559225 0.007103465233385577 0.0073668878364842524
0 0.8238150337771066 0.45369504947261985 0.007103465233385436 0.003999167682662801
0 0.8236281004814912 0.45706276962644127 0.009720531372001346 0.003999167682662872
0 0.8320400987841845 0.4564313220975997 0.007851198415847164 0.005262062740345855
0 0.8473686290246483 0.4510640181024469 0.012337597510616973 0.0058935102691874165
0 0.8397043639044164 0.445907196616908 0.010468264554462791 0.004841097721118217
0 0.8383958308351086 0.4418027876794382 0.00934666478077034 0.005051580230732
0 0.8475555623202635 0.4408766643159666 0.0074773318246163 0.004799001861537065
0 0.6123934764360793 0.4097042049633285 0.010468264554462934 0.006524957798028836
0 0.6303390728151586 0.39286560419422173 0.014206930466771083 0.006945922817256545
0 0.6522102684021612 0.3840253387904407 0.010094397963232069 0.0061039927788011285
0 0.6641739993215475 0.4019163521076166 0.018319462970310098 0.008208817874939598
0 0.6449198698731604 0.4304367321602911 0.010468264554462862 0.008840265403781017
0 0.6381902712310057 0.4184392291123026 0.011963730919386179 0.007998335365325744
0 0.6811849292225497 0.4313839034535534 0.00822506500707803 0.0061039927788012
0 0.6656694656864707 0.43012100839587036 0.008598931598308894 0.006945922817256545
0 0.6953918596893207 0.4385403087804238 0.011215997736924522 0.0073668878364843236
0 0.7410035838194804 0.4308576971795188 0.014954663649232742 0.006314475288415053
0 0.6746422638760103 0.4232803268334208 0.010094397963232069 0.006314475288415053
0 0.6884753277515506 0.4232803268334207 0.010842131145693656 0.008419300384553382
0 0.7666134453187916 0.42412225687187616 0.010094397963232069 0.005051580230732
0 0.7720345108916383 0.4334887285496917 0.01196373091938625 0.005262062740345855
0 0.7985790388690265 0.4300157671410635 0.00822506500707803 0.0067354403076426905
0 0.7520326482607896 0.41296668386234286 0.008598931598308752 0.005472545249959637
0 0.6834281287699346 0.3908660203528903 0.011215997736924522 0.0058935102691874165
0 0.7195062548237083 0.3870773351798412 0.012337597510616973 0.006314475288414983
0 0.7443683831405579 0.4029687646556857 0.008972798189539617 0.005262062740345855
0 0.7309091858562485 0.4126509600979222 0.008972798189539475 0.004420132701890509
0 0.7350217183597875 0.41759729907384724 0.009720531372001205 0.004630615211504363
0 0.8064302372848736 0.41686061029019883 0.008225065007078172 0.005683027759573491
0 0.6815587958137805 0.37688998139336094 0.013459197284309426 0.003536106803854082
0 0.6809979959269344 0.3825519612231439 0.010094397963232069 0.005262062740345855
0 0.7441814498449424 0.3852882338481237 0.011589864328155244 0.0061039927788012
0 0.771473711004792 0.3961280830932361 0.008598931598308894 0.004630615211504292
0 0.766800378614407 0.3902345728240488 0.00822506500707803 0.005472545249959637
0 0.7610054464503293 0.3857091988673514 0.008598931598308752 0.004841097721118288
0 0.7662395787275608 0.3820257549491093 0.00934666478077034 0.005051580230732
0 0.778764109533793 0.3841305800452476 0.007477331824616442 0.005893510269187345
0 0.7869891745408711 0.38886643651155883 0.007477331824616442 0.0035782026634352346
0 0.7875499744277172 0.393812775487484 0.010094397963232069 0.005051580230732
0 0.7905409071575639 0.40707317359315554 0.009346664780770482 0.005051580230732
0 0.8112905029708741 0.43938223881887906 0.011963730919386108 0.005262062740345855
0 0.8077387703541814 0.4343306585881471 0.007851198415847164 0.003578202663435164
0 0.8159638353612596 0.4271742532612767 0.008598931598308894 0.007366887836484181
0 0.8415736968605705 0.4228593618141931 0.00897279818953976 0.004209650192276655
0 0.8208241010472601 0.4192811591507579 0.007103465233385577 0.006735440307642762
0 0.8183939682042598 0.40907275743448696 0.006729598642154713 0.004841097721118146
0 0.8380219642438778 0.41349289013637747 0.010094397963232069 0.0073668878364842524
0 0.8311054323061076 0.41907067664114406 0.005981865459693267 0.005051580230732
0 0.8507334283457255 0.41254571884311525 0.007103465233385577 0.005051580230732071
0 0.8311054323061076 0.3884454714923312 0.007477331824616442 0.0061039927788012
0 0.8077387703541814 0.38234147871353 0.007103465233385436 0.004841097721118217
0 0.8161507686568749 0.39875911446340906 0.005981865459692984 0.006524957798028836
0 0.814842235587567 0.37918424106932247 0.007103465233385577 0.0061039927788012
0 0.8404520970868781 0.3968647718768846 0.011215997736924522 0.0061039927788012
0 0.8329747652622617 0.40244255838165116 0.013459197284309426 0.005893510269187345
0 0.844190762999186 0.386235405141386 0.012711464101847838 0.00841930038455331
0 0.5705455490132185 0.34538181354994424 0.01144907456213815 0.008809116239843035
0 0.5764609042036565 0.3436629616007066 0.006487808918544929 0.00623083831598656
0 0.6104264920713333 0.34473724406898015 0.014883796930779666 0.006660551303296031
0 0.6272184680958024 0.3417292531578141 0.012593982018352037 0.01009825520177138
0 0.6592758768697894 0.3520423648532402 0.009540895468448553 0.007519977277914762
0 0.6564136082292547 0.36772688889003396 0.011449074562138293 0.0053714123413676875
0 0.6535513395887204 0.37320572947822905 0.009540895468448411 0.0038674168857848203
0 0.5871467071283188 0.31315333950173796 0.011067438743400118 0.006230838315986524
0 0.5795139907535601 0.3184173235962783 0.014883796930779595 0.006015981822331824
0 0.5991682354185639 0.32776358107025816 0.01602870438699341 0.007090264290605433
0 0.6039386831527882 0.2972539589712895 0.013357253655827961 0.010098255201771308
0 0.6146244860774505 0.29005626643385674 0.010304167105924406 0.008594259746188406
0 0.6342787307424543 0.30638535995161464 0.009159259649710521 0.006015981822331824
0 0.6384767247485716 0.29532025052839705 0.007632716374758815 0.006230838315986524
0 0.6499257993107099 0.2945682528006056 0.012212346199614074 0.007305120784260097
0 0.6558411545011478 0.30176594533803835 0.011067438743400118 0.005801125328677159
0 0.7249172376927149 0.2799580112320854 0.01793688348068315 0.005586268835022423
0 0.7466704793607772 0.2816768631813231 0.0118307103808759 0.006445694809641296
0 0.8460866101420101 0.2789052140853323 0.012212346199613932 0.005973011179290885
0 0.7411367599890772 0.29993966514197334 0.012212346199614074 0.006445694809641189
0 0.7323591361581046 0.3111122028120182 0.018318519299421042 0.0034377038984753482
0 0.7336948615236873 0.3146573349573209 0.01106743874340026 0.0040822733794394495
0 0.7415183958078151 0.3255075878868837 0.007632716374758815 0.005156555847712951
0 0.7138497989493147 0.3291601482790138 0.007251080556020924 0.005156555847713022
0 0.7046905392996041 0.3332424216584532 0.006487808918544858 0.005586268835022423
0 0.7457163898139325 0.3448446723158075 0.009159259649710379 0.005156555847713022
0 0.7552572852823809 0.3125087700207738 0.012212346199613932 0.007519977277914762
0 0.680075028991007 0.29617967650301597 0.006869444737283032 0.005801125328677159
0 0.6795025752629001 0.34473724406898015 0.013357253655827747 0.004511986366748957
0 0.6688167723382378 0.33496127360769096 0.010304167105924335 0.005586268835022494
0 0.6636646887852757 0.32776358107025816 0.015265432749517487 0.007090264290605433
0 0.6764494887129966 0.32239216872889037 0.01106743874340026 0.004941699354058357
0 0.686372020000183 0.3391509752339577 0.008777623830972487 0.004511986366748814
0 0.7199559720491218 0.35558749699854286 0.012593982018351966 0.006015981822331824
0 0.7228182406896562 0.36998288207340835 0.016028704386993553 0.005156555847712951
0 0.7485786584544669 0.36772688889003396 0.01335725365582789 0.005801125328677017
0 0.7743390762192779 0.36171090706770215 0.01602870438699341 0.006230838315986631
0 0.7733849866724332 0.3349612736076908 0.008014352193496848 0.006445694809641225
0 0.6812199364472208 0.32991214600680524 0.010685802924662369 0.007090264290605433
0 0.6915241035531452 0.31798761060896885 0.012212346199614074 0.0055862688350225296
0 0.7037364497527592 0.3081042119008523 0.006869444737282891 0.006015981822331895
0 0.680075028991007 0.31358305248904733 0.012975617837089858 0.004941699354058251
0 0.6781668498973175 0.30982306385008995 0.010685802924662369 0.00601598182233186
0 0.6892342886407176 0.30788935540719753 0.007632716374758815 0.005586268835022458
0 0.685799566272076 0.30047680637611013 0.007632716374758672 0.0045119863667488855
0 0.6924781930999899 0.2970391024776348 0.011067438743400403 0.009238829227152544
0 0.798382132799768 0.31358305248904733 0.013738889474565781 0.006660551303295961
0 0.8054423954464198 0.30638535995161464 0.009540895468448269 0.006015981822331824
0 0.8140292013680235 0.31272362651442853 0.015265432749517487 0.005371412341367723
0 0.8384538937672517 0.30069166286976484 0.011449074562138008 0.005371412341367723
0 0.8544825981542452 0.301336232350729 0.0076327163747588155 0.006230838315986524
0 0.8544825981542451 0.306815072938924 0.010685802924662226 0.005156555847713022
0 0.7817809746846678 0.3709497362948545 0.011830710380876184 0.00623083831598656
0 0.7911310522437472 0.338936118740303 0.012212346199614074 0.007519977277914833
0 0.8104036610900129 0.340762398936368 0.008777623830972772 0.006015981822331895
0 0.8167006520991891 0.32690415509563936 0.01144907456213815 0.007949690265224163
0 0.8239517326552098 0.33807669276568403 0.006869444737283032 0.005371412341367759
0 0.8415069803171551 0.33399441938624463 0.009159259649710521 0.005371412341367616
0 0.8401712549515723 0.33936583172761237 0.0072510805560207815 0.004082273379439414
0 0.8516203295137105 0.33206071094335227 0.005724537281068933 0.0045119863667488855
0 0.8527652369699242 0.33635784081644643 0.011830710380876042 0.0036525603921300134
0 0.7955198641592335 0.3570914924541259 0.010304167105924477 0.005156555847713022
0 0.8123118401837028 0.36783431713686127 0.006487808918544999 0.003437703898475277
0 0.8044883058995751 0.36611546518762367 0.00763271637475853 0.005156555847713022
0 0.8117393864555958 0.37481715318063935 0.008395988012234597 0.0053714123413676875
0 0.7955198641592334 0.3513977953722761 0.01335725365582789 0.004941699354058287
0 0.8315844490299686 0.3421589661451236 0.009159259649710521 0.0036525603921300134
0 0.8449417026857966 0.3502160846571752 0.006106173099806966 0.003437703898475277
0 0.8449417026857965 0.35698406420729856 0.006869444737282891 0.004941699354058287
0 0.8386447116766206 0.3579509184287447 0.006487808918544999 0.005156555847713022
0 0.82948545202691 0.3636446155105945 0.008014352193496705 0.004941699354058357
0 0.8376906221297756 0.3661154651876236 0.009159259649710379 0.0034377038984753482
0 0.8357824430360862 0.37266858824409227 0.0068694447372827485 0.004082273379439485
0 0.8449417026857966 0.37234630350361025 0.010685802924662226 0.0030079909111658766
0 0.8439876131389517 0.3688011713583074 0.009540895468448411 0.004082273379439485
0 0.5840936205784153 0.274049457656581 0.012593982018352037 0.007090264290605362
0 0.5764609042036566 0.2320450131470854 0.014120525293303671 0.005156555847713022
0 0.5854293459439981 0.2347307193177693 0.011449074562138221 0.004941699354058322
0 0.6016488682403606 0.26083578329681634 0.00954089546844834 0.007734833771569534
0 0.5951610593218156 0.2702894690176235 0.009540895468448411 0.006875407796950661
0 0.6495441634919719 0.27308260343513474 0.01602870438699341 0.004726842860403622
0 0.6184408442648298 0.25632379693006746 0.01335725365582789 0.007305120784260097
0 0.6140520323493436 0.2355901452923881 0.014502161112041776 0.006660551303295961
0 0.5945886055937087 0.22398789463503385 0.01602870438699341 0.009238829227152473
0 0.6001223249654087 0.2057250926743836 0.014883796930779666 0.00623083831598656
0 0.6512615246762927 0.2110965050157513 0.011830710380876042 0.007519977277914798
0 0.6665269574258101 0.21872391054049345 0.012593982018351966 0.00644569480964126
0 0.6846546588158623 0.20056853682667058 0.012212346199613932 0.007090264290605433
0 0.698775184109166 0.20980736605382305 0.01526543274951763 0.006660551303295961
0 0.7163304317711112 0.20046110857984323 0.013738889474565781 0.006445694809641296
0 0.7214825153240733 0.219798193008767 0.010304167105924477 0.008164546758878934
0 0.7359846764361151 0.23268958262804953 0.008014352193496705 0.007305120784260097
0 0.7085068974869835 0.24708496770291505 0.01106743874340026 0.009453685720807207
0 0.6768311245317346 0.24676268296243298 0.012593982018351824 0.0053714123413676875
0 0.6922873751906209 0.2590095031007514 0.012212346199614074 0.005801125328677159
0 0.7088885333057214 0.26932261479617736 0.010304167105924335 0.0045119863667488855
0 0.7132773452212078 0.2739420294097536 0.014502161112041705 0.0038674168857847136
0 0.680456664809745 0.26094321154364375 0.010685802924662369 0.004511986366748921
0 0.6775943961692105 0.26599233914452936 0.007251080556020924 0.0038674168857848203
0 0.6842730229971243 0.26556262615722 0.009159259649710379 0.0038674168857847848
0 0.6911424677344072 0.2674963346001123 0.015265432749517487 0.0051565558477130935
0 0.7522041987324775 0.2351604323050787 0.010685802924662226 0.00623083831598656
0 0.7766288911317055 0.24053184464644642 0.006869444737282891 0.004941699354058287
0 0.7844524254158333 0.2533158060189016 0.009540895468448411 0.00687540779695059
0 0.7924667776093299 0.271041466745415 0.007251080556021066 0.00451198636674885
0 0.818036377464772 0.27641287908678275 0.011830710380876184 0.005801125328677159
0 0.8235700968364719 0.2702894690176235 0.006106173099807108 0.00644569480964126
0 0.8573448667947795 0.2760905943463007 0.006487808918544858 0.005586268835022458
0 0.8508570578762346 0.2671740498596303 0.012593982018351824 0.005371412341367723
0 0.8004811298028267 0.24386212029809443 0.009540895468448411 0.007734833771569534
0 0.799527040255982 0.23408614983680515 0.0068694447372827485 0.007519977277914833
0 0.8291038162081722 0.23687928425431637 0.014883796930779595 0.005801125328677124
0 0.8464682459607482 0.23945756217817282 0.00839598801223474 0.007519977277914798
0 0.8096403894525372 0.233441580355841 0.011067438743400118 0.006230838315986524
0 0.8300579057550169 0.22635131606523562 0.006106173099807108 0.008379403252533635
0 0.8123118401837027 0.2240953228818612 0.018700155118159076 0.01074282468273541
0 0.773384986672433 0.21464163716105403 0.011067438743400118 0.008594259746188335
0 0.7915126880624851 0.21668277385077375 0.00839598801223474 0.005801125328677159
0 0.7844524254158333 0.209485081313341 0.009540895468448411 0.005586268835022387
0 0.5848568922158912 0.18950342740345305 0.007251080556020853 0.006015981822331824
0 0.6130979428024987 0.18423944330891273 0.01106743874340026 0.005801125328677124
0 0.599549871237302 0.19047028162489926 0.01144907456213815 0.007949690265224234
0 0.6690075902476067 0.18789200370104275 0.014502161112041563 0.009668542214461872
0 0.7065987183932938 0.19004056863758984 0.010304167105924335 0.007949690265224199
0 0.7315958645206289 0.19025542513124458 0.007632716374758815 0.007519977277914798
0 0.7890320552406885 0.19111485110586338 0.009540895468448553 0.007519977277914798
0 0.7886504194219506 0.1820908783723656 0.01106743874340026 0.005371412341367723
0 0.8033433984433611 0.18413201506208537 0.010685802924662226 0.005586268835022423
0 0.4430243995027934 0.34968550813277555 0.0149833267925343 0.006073514926801948
0 0.6270253692589932 0.6395332719407506 0.021849559334834224 0.005412460176634682
