0.0 0.030746477672500917 0.7360461090198409 0.012871894768322534 0.007355368439041499
0.0 0.3359942678927247 0.04586737048977678 0.012871894768322534 0.012258947398402498
0.0 0.18061210961797194 0.166311528679082 0.013484842138242924 0.010420105288642035
0.0 0.22259900445750064 0.15037489706115875 0.010420105288641679 0.010420105288642035
0.0 0.4386629523543462 0.19082942347588716 0.012258947398403563 0.01409778950816296
0.0 0.23148674132134275 0.7118346879079958 0.017162526357763143 0.007968315808961535
0.0 0.28634553092919435 0.7222547931966379 0.011646000028482461 0.015323684248003034
0.0 0.342430215276886 0.8289076355627405 0.013484842138242924 0.02145315794720446
0.0 0.1652884253699689 0.8696686356624287 0.018388421097603212 0.012258947398402853
0.0 0.19900053071557586 0.9942902127134667 0.013484842138242924 0.011419574573066527
0.0 0.7779293216051368 0.9821444780427726 0.012871894768322534 0.011646000028482461
