0.0 0.2765005585709698 0.9418738358390201 0.015936631617923337 0.012749305294338598
0.0 0.48287993802307694 0.9239451252688567 0.011155642132546361 0.011952473713442657
0.0 0.5545947803037319 0.9637867043136648 0.019123957941508073 0.01673346319881972
0.0 0.7729266334692815 0.8582065198449229 0.01434296845613101 0.01593663161792378
0.0 0.2474162058682597 0.8283253355613163 0.013546136875234894 0.01513980003702713
0.0 0.2605639269530465 0.7960536565350214 0.017530294779715662 0.012749305294338598
0.0 0.27889105331365827 0.7103942615886835 0.011155642132546361 0.011952473713442657
0.0 0.30797540601636836 0.6733415930770118 0.01195247371344248 0.01434296845613119
0.0 0.4533971695299187 0.7494390090525958 0.011155642132546361 0.01513980003702713
0.0 0.3482154008516247 0.7956552407445734 0.01434296845613101 0.010358810551650065
0.0 0.32032629552025893 0.8095997934102567 0.011155642132546361 0.01593663161792378
0.0 0.3167405534062261 0.8605970145876107 0.008765147389857831 0.01593663161792378
0.0 0.3075769902259203 0.8749399830437422 0.014342968456130922 0.011155642132546006
0.0 0.5816870540542015 0.7574073248615573 0.011155642132546361 0.016733463198819364
0.0 0.5892569540727152 0.8155760302669772 0.01992078952240419 0.010358810551650065
0.0 0.7012117911886265 0.7434627721958746 0.017530294779715662 0.019123957941507896
0.0 0.8103777177714013 0.6777241667719404 0.014342968456130834 0.013546136875234538
0.0 0.8542034547206903 0.8231459302854912 0.00796831580896189 0.017530294779715662
0.0 0.952612154961367 0.7095974300077874 0.011952473713442657 0.018327126360611956
0.0 0.9470343341643522 0.7988425572476414 0.013546136875234894 0.013546136875234894
0.0 0.9892664076825908 0.8203570197523546 0.011952473713442302 0.01673346319881972
0.0 0.2808831322658987 0.654616050925952 0.021514452684196515 0.01513980003702713
0.0 0.2992102586265105 0.5729408138840949 0.011952473713442569 0.012749305294338598
0.0 0.3844712377824004 0.5036164663461286 0.010358810551650156 0.009561978970753771
0.0 0.39522846412449864 0.4621812241395277 0.014342968456130922 0.019123957941507896
0.0 0.42232073787496827 0.5562073506852755 0.011155642132546184 0.011155642132546006
0.0 0.3948300483340505 0.57812021915992 0.01195247371344248 0.018327126360611956
0.0 0.36733935879313273 0.425128555627856 0.011155642132546273 0.011952473713442657
0.0 0.3529963903370018 0.4613843925586316 0.01434296845613101 0.011155642132546361
0.0 0.4948324117365194 0.4570018188637027 0.015936631617923247 0.011952473713442657
0.0 0.5247135960201256 0.36417093968929937 0.015139800037027307 0.012749305294338598
0.0 0.5880617067013709 0.37014717654602053 0.011155642132546361 0.008765147389857831
0.0 0.6613702121438182 0.40122360820097125 0.01434296845613101 0.013546136875234538
0.0 0.747428023284491 0.4390731050200333 0.012749305294338775 0.012749305294338953
0.0 0.674517933228605 0.47134478731983387 0.01195247371344248 0.011952473713442657
0.0 0.8075888072382646 0.49604656632761496 0.01673346319881963 0.011952473713442657
0.0 0.8075888072382649 0.5617851717515487 0.013546136875234894 0.009561978970753771
0.0 0.8589844442060676 0.46576696625356073 0.011155642132546361 0.008765147389857831
0.0 0.8653590968532369 0.45261924516877394 0.012749305294338598 0.01434296845613119
0.0 0.7876680177158606 0.4024188555723153 0.01513980003702713 0.011155642132546361
0.0 0.8059951440764725 0.3605851975752666 0.010358810551650065 0.01992078952240419
0.0 0.8079872230287128 0.31636104483552907 0.011155642132546361 0.01434296845613119
0.0 0.8446414757499365 0.3060022342838792 0.007968315808961535 0.012749305294338598
0.0 0.8737258284526466 0.3350865869865892 0.013546136875234894 0.016733463198819364
0.0 0.9175515654019357 0.3745297502409494 0.008765147389858185 0.014342968456130834
0.0 0.9243246339741822 0.40680142599373853 0.007968315808961535 0.010358810551650065
0.0 0.9446438391524055 0.4147697450762058 0.01673346319881972 0.013546136875234538
0.0 0.9988165696410002 0.3542105449280971 0.002366860717999586 0.015139800037027484
0.0 0.32731389553734835 0.3192418974741537 0.011033052658562248 0.008581263178881571
0.0 0.3607195271979954 0.34100152910631837 0.007968315808961712 0.006742421069121462
0.0 0.3910604220090418 0.32046779221399396 0.009807157918721998 0.011033052658562425
0.0 0.4210948431351279 0.3023858448013502 0.014710736878082997 0.009194210548801606
0.0 0.4640011590295369 0.3220001606387946 0.015936631617923424 0.010420105288642035
0.0 0.3656231061573564 0.2315904235755756 0.012871894768322623 0.011033052658562425
0.0 0.22985526372004803 0.25243063415286005 0.013484842138242747 0.012258947398402498
0.0 0.2718421585595768 0.1408742128273966 0.012871894768322623 0.014710736878082997
0.0 0.40914236942168547 0.22117031828693356 0.009194210548801785 0.008581263178881571
0.0 0.435805580013211 0.18255463398196525 0.011033052658562425 0.012258947398402498
0.0 0.4474515800416935 0.18071579187220496 0.013484842138242747 0.012258947398402498
0.0 0.49618089595034365 0.1433260023070771 0.009194210548801962 0.015936631617923424
0.0 0.5636051066415578 0.1509878444310786 0.016549578987843462 0.009194210548801962
0.0 0.46675942219417743 0.2417040551792576 0.011646000028482461 0.011646000028482817
0.0 0.4808572117023405 0.25549537100246056 0.010420105288642212 0.009807157918721998
0.0 0.48729315908650184 0.23986521306949732 0.013484842138242747 0.012871894768322534
0.0 0.3996416851879234 0.1313735285936346 0.013484842138242836 0.012871894768322534
0.0 0.3788014746106392 0.11543689697571136 0.011033052658562336 0.01409778950816296
0.0 0.40331936940744423 0.07528884424594295 0.009807157918722132 0.009807157918721998
0.0 0.4333537905335305 0.06517521264226075 0.009807157918722175 0.011646000028482461
0.0 0.7061153701479875 0.2346551604251763 0.011033052658562248 0.01593663161792307
0.0 0.7496346334123165 0.2613183710167018 0.013484842138242747 0.01287189476832289
0.0 0.851996844188978 0.2245415288214943 0.011033052658562425 0.01287189476832289
0.0 0.8838701074248245 0.1745863181730037 0.009807157918721998 0.01716252635776385
0.0 0.6555472121295769 0.32598431854327553 0.011646000028482461 0.008581263178881571
0.0 0.6598378437190179 0.3403885817363985 0.01164600002848264 0.00796831580896189
0.0 0.6806780542963022 0.33579147646199753 0.01409778950816296 0.011033052658562071
0.0 0.6837427914048047 0.3569381556880794 0.011646000028482461 0.011646000028482461
0.0 0.9322929496485148 0.3115800553501522 0.014710736878082997 0.011646000028482106
0.0 0.962020897089641 0.2769485289496652 0.009194210548801962 0.012258947398402498
0.0 0.9230987390997127 0.2573342131122208 0.01348484213824257 0.011033052658562425
0.0 0.9558914233904398 0.1390353707176363 0.007968315808961535 0.014710736878082997
0.0 0.8884672126992257 0.12738937068915385 0.009194210548801962 0.008581263178881925
0.0 0.8213494756929716 0.12463110752451331 0.011033052658562425 0.010420105288642035
0.0 0.798670422902366 0.13872888192418903 0.014710736878083086 0.00796831580896189
0.0 0.9561978970753996 0.02594658096737241 0.01348484213824257 0.010420105288642035
0.0 0.6702579490076601 0.10930742327650993 0.009194210548801785 0.012871894768322534
0.0 0.6981470543390259 0.07007879160162175 0.004903578959360999 0.011646000028482461
0.0 0.8084775809246489 0.01981710726817134 0.014710736878082997 0.007968315808961535
0.0 0.5473620013386743 0.04893210733937732 0.012258947398402675 0.01348484213824257
0.0 0.5994625277818852 0.06701405475202123 0.008581263178881925 0.010420105288642035
0.0 0.445612737931933 0.1365835812379558 0.012258947398402675 0.009807157918721998
