0.0 0.2718421585595768 0.9408742128273966 0.012871894768322623 0.014710736878082997
0.0 0.435805580013211 0.9825546339819653 0.011033052658562425 0.012258947398402498
0.0 0.4474515800416935 0.9807157918722049 0.013484842138242747 0.012258947398402498
0.0 0.49618089595034365 0.9433260023070771 0.009194210548801962 0.015936631617923424
0.0 0.5636051066415578 0.9509878444310786 0.016549578987843462 0.009194210548801962
0.0 0.3996416851879234 0.9313735285936346 0.013484842138242836 0.012871894768322534
0.0 0.3788014746106392 0.9154368969757114 0.011033052658562336 0.01409778950816296
0.0 0.40331936940744423 0.875288844245943 0.009807157918722132 0.009807157918721998
0.0 0.4333537905335305 0.8651752126422607 0.009807157918722175 0.011646000028482461
0.0 0.8838701074248245 0.9745863181730037 0.009807157918721998 0.01716252635776385
0.0 0.9558914233904398 0.9390353707176363 0.007968315808961535 0.014710736878082997
0.0 0.8884672126992257 0.9273893706891538 0.009194210548801962 0.008581263178881925
0.0 0.8213494756929716 0.9246311075245133 0.011033052658562425 0.010420105288642035
0.0 0.798670422902366 0.938728881924189 0.014710736878083086 0.00796831580896189
0.0 0.9561978970753996 0.8259465809673724 0.01348484213824257 0.010420105288642035
0.0 0.6702579490076601 0.9093074232765099 0.009194210548801785 0.012871894768322534
0.0 0.6981470543390259 0.8700787916016217 0.004903578959360999 0.011646000028482461
0.0 0.8084775809246489 0.8198171072681714 0.014710736878082997 0.007968315808961535
0.0 0.5473620013386743 0.8489321073393773 0.012258947398402675 0.01348484213824257
0.0 0.5994625277818852 0.8670140547520212 0.008581263178881925 0.010420105288642035
0.0 0.445612737931933 0.9365835812379558 0.012258947398402675 0.009807157918721998
0.0 0.41741715891560727 0.7968315808961666 0.014710736878082997 0.006129473699201427
0.0 0.42170779050504814 0.7542317386867176 0.014710736878082997 0.012871894768322534
0.0 0.4437738958221728 0.7674101071400004 0.011033052658562248 0.008581263178881748
0.0 0.4474515800416935 0.712551317532149 0.013484842138242747 0.010420105288642212
0.0 0.5044556854442653 0.7530058439468774 0.012258947398402675 0.007968315808961712
0.0 0.49710031700522384 0.7864114756075242 0.011033052658562425 0.009807157918722175
0.0 0.6083502646457272 0.7484087386724765 0.011646000028482461 0.011033052658562071
0.0 0.6114150014953278 0.7165354754366297 0.009194210548801962 0.011033052658562425
0.0 0.603140212001406 0.6996794227638262 0.009807157918722175 0.011646000028482461
0.0 0.6411429489364541 0.6540148437047767 0.011033052658562248 0.009807157918721998
0.0 0.7202131596561504 0.7634259492355195 0.007355368439041499 0.00919421054880214
0.0 0.7315526859996728 0.7701683703046408 0.009194210548801785 0.010420105288642212
0.0 0.8424961599552159 0.6773068437617416 0.009194210548801606 0.014710736878082997
0.0 0.9926682655856475 0.741359843918395 0.011646000028482461 0.009194210548801962
0.0 0.9782640023925244 0.5329577381455514 0.011033052658562071 0.011646000028482461
0.0 0.8152200019937702 0.555636790832596 0.01348484213824257 0.00919421054880214
0.0 0.8265595283372926 0.5289735802410706 0.007968315808961535 0.012258947398402675
0.0 0.6950823174894253 0.6006884225217254 0.012258947398402675 0.009807157918721998
0.0 0.6586119489791777 0.5001650538548246 0.010420105288642212 0.013484842138242924
0.0 0.5075204222938661 0.6255127910034908 0.008581263178881748 0.010420105288642212
0.0 0.5541044224077958 0.631642264702692 0.012258947398402675 0.009194210548801785
0.0 0.5577821066273165 0.6877269490503838 0.012258947398402675 0.011033052658562604
0.0 0.4879061064564219 0.6812910016662224 0.012258947398402675 0.010420105288642212
0.0 0.45756521164537556 0.5672827908610786 0.009194210548801962 0.009194210548801962
0.0 0.44132210634249225 0.517021106527628 0.012258947398402675 0.012871894768322711
0.0 0.40914236942168547 0.4456127379319331 0.010420105288642212 0.014710736878082997
0.0 0.48790610645642196 0.46982415904377817 0.008581263178881748 0.007968315808961535
0.0 0.5283606328711503 0.4909708433060226 0.013484842138242924 0.012258947398402675
0.0 0.5712669485066576 0.401174068721211 0.009807157918721998 0.009194210548801962
0.0 0.5798482119444411 0.3622518956227957 0.011033052658562425 0.007355368439041499
0.0 0.5737187382452398 0.3276203692223084 0.013484842138242924 0.011646000028482461
0.0 0.43672500106809115 0.21453157947204482 0.010420105288642035 0.007355368439041499
0.0 0.631642264702692 0.3162808428787861 0.007968315808961712 0.009807157918722087
0.0 0.7146966333268694 0.3411052113605513 0.012258947398402675 0.01409778950816296
0.0 0.7833467387579237 0.35612242192359445 0.009807157918721998 0.007355368439041499
0.0 0.7913150545668853 0.3677684219520768 0.007355368439041499 0.009807157918722087
0.0 0.9730539500588856 0.43948326171465063 0.012871894768322534 0.012258947398402498
