0.0 0.08387010742482452 0.9745863181730037 0.009807157918721998 0.01716252635776385
0.0 0.15589142339043977 0.9390353707176363 0.007968315808961535 0.014710736878082997
0.0 0.08846721269922568 0.9273893706891538 0.009194210548801962 0.008581263178881925
0.0 0.02134947569297161 0.9246311075245133 0.011033052658562425 0.010420105288642035
0.0 0.0030128956707037523 0.938728881924189 0.006025791341407505 0.00796831580896189
0.0 0.23955873938453714 0.928308791744034 0.008581263178881571 0.010420105288642035
0.0 0.2413975814942976 0.880498896890264 0.008581263178881571 0.011646000028482461
0.0 0.2484464762483789 0.851996844188978 0.010420105288642035 0.012258947398402853
0.0 0.1561978970753996 0.8259465809673724 0.01348484213824257 0.010420105288642035
0.0 0.008477580924648898 0.8198171072681714 0.014710736878082997 0.007968315808961535
0.0 0.04249615995521587 0.6773068437617416 0.009194210548801606 0.014710736878082997
0.0 0.19266826558564745 0.741359843918395 0.011646000028482461 0.009194210548801962
0.0 0.20370131824420987 0.7358433175891139 0.006742421069121462 0.01409778950816314
0.0 0.22117031844227472 0.7548446734662317 0.014710736878082997 0.010420105288642212
0.0 0.17826400239252446 0.5329577381455514 0.011033052658562071 0.011646000028482461
0.0 0.22331563408165386 0.5541044224077958 0.009194210548801962 0.012258947398402675
0.0 0.015220001993770183 0.555636790832596 0.01348484213824257 0.00919421054880214
0.0 0.026559528337292627 0.5289735802410706 0.007968315808961535 0.012258947398402675
0.0 0.2242350551365341 0.31352257971414554 0.007355368439041499 0.009194210548801873
0.0 0.1730539500588856 0.43948326171465063 0.012871894768322534 0.012258947398402498
0.0 0.6137631087207757 0.9828611076669255 0.010420105288642035 0.010420105288642035
0.0 0.6857844246863903 0.9977132643751438 0.01103305265856278 0.004573471249712036
0.0 0.28277152896390645 0.8550615810385785 0.01287189476832289 0.011033052658562071
0.0 0.343146844901039 0.7306332649447926 0.012258947398402498 0.009807157918721998
0.0 0.36551942390312336 0.6766938963918214 0.015323684248003034 0.012258947398402675
0.0 0.44091195040329917 0.8008157388006474 0.01287189476832289 0.009194210548801962
0.0 0.47063989784442556 0.7710877913595211 0.014710736878082997 0.007355368439041499
0.0 0.563807898072285 0.8216559493779316 0.009807157918721998 0.011646000028482106
0.0 0.5408223717002801 0.8608845810528202 0.011646000028482461 0.011646000028482461
0.0 0.5518554243588424 0.8918384232337864 0.010420105288642035 0.012258947398402498
0.0 0.5405158980153202 0.9414871601973168 0.011033052658562425 0.008581263178881925
0.0 0.4844312136676285 0.9433260023070773 0.012871894768322534 0.011033052658562425
0.0 0.4620586346655438 0.9200340022501123 0.014710736878082997 0.011033052658562425
0.0 0.46052626624074355 0.8903060548089862 0.011646000028482461 0.015323684248003034
0.0 0.26560900260614295 0.6613702121438182 0.01409778950816296 0.007355368439041499
0.0 0.48320531892778806 0.6068178962209267 0.011646000028482461 0.009807157918721998
0.0 0.311886528879772 0.5927201029356419 0.01103305327992814 0.012258939844158868
0.0 0.3394691606815181 0.5918006856578837 0.009807157918721998 0.01287189476832289
0.0 0.3492763186002403 0.555636790832596 0.012258947398402853 0.007968315808961535
0.0 0.3511151607100006 0.4903578959361024 0.012258947398402498 0.012258947398402498
0.0 0.38850495027512844 0.3502994219093532 0.009807157918721998 0.011646000028482373
0.0 0.38023016078120675 0.3334433692365496 0.01287189476832289 0.008581263178881748
0.0 0.5316281611514782 0.31903910604342667 0.00796831580896189 0.012871894768322711
0.0 0.5359187927409194 0.368381369321997 0.01409778950816296 0.011033052658562248
0.0 0.5892452139239703 0.39504457991352254 0.011646000028482817 0.009194210548801873
0.0 0.6499270035460631 0.3883021588444012 0.010420105288641679 0.011646000028482461
0.0 0.7001886878795135 0.4529681063709746 0.016549578987843462 0.012258947398402675
0.0 0.843005425070903 0.7349238965342335 0.007968315808961535 0.015936631617923247
0.0 0.980612109617972 0.966311528679082 0.013484842138242924 0.010420105288642035
