0 0.028760639872971012 0.7910324310913737 0.004233167773510887 0.005478217118661064
0 0.14965493128706128 0.7965106482100347 0.003486138166420716 0.004482177642540819
0 0.11305048053964363 0.8388423259451436 0.00398415790448082 0.0034861381664208577
0 0.24527472099460126 0.7688705527476989 0.004482177642540961 0.003984157904480839
0 0.35110391533237334 0.8003703011800005 0.00398415790448091 0.0042331677735109
0 0.20705170609848828 0.6881913551819622 0.0037351480354508126 0.004482177642540961
0 0.07420494097095551 0.7001438288954046 0.004482177642540944 0.004482177642540961
0 0.0612564277813928 0.602728387987241 0.003984157904480829 0.004233167773510829
0 0.11740815324766952 0.6014833386420908 0.003735148035450777 0.003735148035450848
0 0.11815518285475969 0.612066258075868 0.004233167773510864 0.0039841579044807675
0 0.09798538350539704 0.6441885291348037 0.003237128297390672 0.004482177642540961
0 0.10221855123683636 0.6590046183880329 0.003735148035450777 0.003735148035450635
0 0.15849478163762812 0.660374172667698 0.005229207249631074 0.003984157904480839
0 0.19410319290892558 0.6473011545436204 0.004233167773510864 0.0042331677735109
0 0.19933240015855666 0.6154278913077738 0.0042331677735109 0.0042331677735109
0 0.2690551634869713 0.6296214538424867 0.005727226987691161 0.0042331677735109
0 0.14380319936485506 0.5805665096435664 0.004731187511570969 0.005229207249631003
0 0.09362771075529958 0.5862937366312576 0.005478217118661135 0.0032371282973906543
0 0.08640642455342806 0.5443355736996938 0.004980197380601048 0.00398415790448091
0 0.15089998063221155 0.5387328516465177 0.003486138166420716 0.003735148035450777
0 0.17331086884491623 0.5511833450980202 0.0059762368567212575 0.005229207249631074
0 0.24153957295915046 0.5181895374515384 0.004482177642540961 0.004980197380601083
0 0.07731756433383115 0.5088516673629113 0.004233167773510891 0.004731187511571022
0 0.08142622717282702 0.4987667676671942 0.005478217118661135 0.003984157904480839
0 0.08715345416051822 0.4719982067464636 0.0034861381664207337 0.003735148035450777
0 0.09624231438011512 0.4604192478365662 0.003735148035450777 0.004482177642540961
0 0.1416866154780996 0.48419969032893617 0.0034861381664207337 0.004731187511571022
0 0.10881731276613273 0.4986422627326792 0.004482177642540944 0.0032371282973906543
0 0.10010196735008092 0.5029999354407052 0.0034861381664207515 0.004980197380601083
0 0.09898142293944566 0.5189365670586283 0.0027391085593305854 0.004980197380601083
0 0.09611780944560008 0.5234187447011694 0.004482177642540925 0.003486138166420716
0 0.18177720439193798 0.48668978901923665 0.0034861381664207515 0.005229207249631074
0 0.1841427981477235 0.5048675094584304 0.006225246725751283 0.0032371282973907255
0 0.21912868474644578 0.4823321163112108 0.005478217118661135 0.0059762368567212575
0 0.2532430368035629 0.46178880211623136 0.00448217764254089 0.004233167773510829
0 0.2669385796002157 0.507233103214216 0.0024900986903005416 0.005478217118661206
0 0.2976912984254272 0.47174919687743355 0.003735148035450777 0.005727226987691196
0 0.29594822942636007 0.49963829913988794 0.0042331677735109 0.0042331677735109
0 0.3091457524008096 0.5063615686726108 0.003735148035450706 0.005229207249631145
0 0.34450515380307706 0.4341487066538957 0.003735148035450706 0.003735148035450777
0 0.3459992130172573 0.426055885910419 0.003735148035450848 0.003984157904480839
0 0.08777597883309335 0.45456751591436 0.006723266463811406 0.004731187511570951
0 0.09350320582078453 0.42904400433877965 0.003735148035450795 0.003984157904480839
0 0.12014726180700012 0.40738014573316517 0.003237128297390672 0.002988118428360593
0 0.12350889503890582 0.3944316325436024 0.004482177642540925 0.0059762368567212575
0 0.13197523058592758 0.4238147970891486 0.003486138166420698 0.0034861381664205737
0 0.12338439010439078 0.430662568487475 0.003735148035450777 0.005727226987691196
0 0.11479354962285399 0.382852673633705 0.003486138166420716 0.003735148035450777
0 0.11031137198031306 0.3941826226745724 0.004482177642540944 0.003486138166420716
0 0.1546351286676623 0.3928130683949071 0.00498019738060103 0.003735148035450848
0 0.16397299875628923 0.36380341865290605 0.004731187511571022 0.003984157904480839
0 0.1837692833441784 0.3656709926706314 0.003486138166420716 0.002739108559330603
0 0.2066781912949432 0.3753823775628035 0.004482177642540961 0.004233167773510829
0 0.23357125727640343 0.3872103453187604 0.003984157904480874 0.00398415790448091
0 0.21078685413393905 0.3972952460374481 0.003735148035450777 0.003735148035450848
0 0.2523715022619577 0.4050145519773797 0.00522920724963111 0.003735148035450777
0 0.25237150226195776 0.42555786617235897 0.0042331677735109 0.002988118428360593
0 0.2684326388143961 0.3955521769542377 0.003486138166420716 0.002739108559330532
0 0.2704247177666365 0.39144351411524186 0.003984157904480803 0.004482177642540961
0 0.24614625553620642 0.37575589236634854 0.0047311875115709865 0.003486138166420716
0 0.2518734825238977 0.3626828742422708 0.00323712829739069 0.006225246725751319
0 0.25249600719647275 0.34886282651110284 0.0034861381664207515 0.004482177642540961
0 0.26395046117185517 0.34562569821371225 0.002490098690300471 0.003984157904480839
0 0.27303932139145204 0.3547145584333091 0.0042331677735109 0.005229207249631074
0 0.2867348641881049 0.3670405469502967 0.0027391085593306387 0.00448217764254089
0 0.2888514481169319 0.3771254456230433 0.002490098690300471 0.0032371282973906543
0 0.2952011997351267 0.3796155453363143 0.00522920724963111 0.004233167773510829
0 0.3173630780788013 0.387210346341731 0.0032371282973906543 0.004482177642540961
0 0.3135034251088355 0.36069079529003034 0.003486138166420716 0.004731187511571093
0 0.10228559235542135 0.34976309296067304 0.003447828955800709 0.00268164474340054
0 0.11272485224937355 0.3565629778457245 0.0024900986903005416 0.002107006584100475
0 0.12220638187782555 0.3501461850668731 0.0030647368496006244 0.0034478289558007445
0 0.13159213847972748 0.34449557650042195 0.004597105274400945 0.0028731907965005377
0 0.1450003621967303 0.3506250501996233 0.004980197380601048 0.0032562829027006756
0 0.11425722067417386 0.3223720073673674 0.004022467115100827 0.0034478289558007445
0 0.07182976991251501 0.32888457317276876 0.00421401316820087 0.0038309210620008118
0 0.08495067454986774 0.29402319150856143 0.004022467115100827 0.004597105274400981
0 0.1278569904442767 0.31911572446466674 0.0028731907965005733 0.00268164474340054
0 0.13618924375412844 0.30704832311936414 0.0034478289558007445 0.0038309210620008118
0 0.1398286187630292 0.30647368496006405 0.0042140131682008785 0.003830921062000776
0 0.15505652998448238 0.2947893757209616 0.0028731907965006266 0.004980197380601048
0 0.17612659582548681 0.29718370138471206 0.0051717434337010815 0.0028731907965005733
0 0.14586231943568045 0.325532517243518 0.003639375008900743 0.0036393750089008846
0 0.1502678786569814 0.3298423034382689 0.0032562829027006756 0.0030647368496006066
0 0.15227911221453183 0.3249578790842179 0.0042140131682008785 0.004022467115100809
0 0.12488802662122607 0.2910542276855108 0.0042140131682008785 0.0040224671151007745
0 0.11837546081582474 0.2860740303049098 0.0034478289558007268 0.004405559221300877
0 0.12603730293982632 0.2735277638268572 0.00306473684960066 0.0030647368496006778
0 0.13542305954172829 0.2703672539507065 0.0030647368496006778 0.003639375008900778
0 0.2206610531712461 0.3233297376328676 0.003447828955800709 0.004980197380601012
0 0.23426082294134892 0.3316619909427193 0.0042140131682008785 0.00402246711510088
0 0.26624901380905563 0.32016922775671697 0.003447828955800709 0.004022467115100916
0 0.27620940857025766 0.30455822442906366 0.0030647368496006778 0.005363289486801151
0 0.20485850379049278 0.3518700995447736 0.003639375008900743 0.00268164474340054
0 0.20619932616219308 0.35637143179262454 0.0036393750089008135 0.0024900986903005416
0 0.21271189196759444 0.35493483639437423 0.004405559221300948 0.0034478289558006734
0 0.21366962231400144 0.3615431736525248 0.003639375008900778 0.0036393750089008135
0 0.2913415467651609 0.34736876729692256 0.004597105274400945 0.0036393750089006717
0 0.3006315303405128 0.3365464152967704 0.002873190796500609 0.0038309210620008118
0 0.2884683559686602 0.330416941597569 0.004214013168200843 0.0034478289558007445
0 0.29871606980951243 0.29344855334926134 0.002490098690300506 0.004597105274400945
0 0.277646003968508 0.2898091783403606 0.002873190796500609 0.0026816447434005754
0 0.25667171115405363 0.2889472211014104 0.0034478289558007445 0.0032562829027006756
0 0.24958450715698938 0.29335277560130907 0.004597105274400981 0.0024900986903005416
0 0.32486210605766785 0.29009649742001065 0.00268164474340054 0.0032562829027006756
0 0.325436744216968 0.2751559052782075 0.00268164474340054 0.003639375008900778
0 0.3276395238276184 0.26624901380905563 0.0032562829027006756 0.0038309210620008473
0 0.2988118428360624 0.2581083065523039 0.004214013168200843 0.0032562829027006756
0 0.20945560906489377 0.28415856977390935 0.0028731907965005733 0.004022467115100845
0 0.2181709544809456 0.2718996223755068 0.0015323684248003389 0.003639375008900778
0 0.2526492440389528 0.25619284602130354 0.004597105274400945 0.002490098690300506
0 0.1710506254183357 0.2652912835435554 0.0038309210620008118 0.004214013168200843
0 0.18733203993183914 0.27094189211000663 0.0026816447434006106 0.0032562829027006756
0 0.13925398060372907 0.2926823691368612 0.0038309210620008118 0.003064736849600642
0 0.13044286216112727 0.24900986903005204 0.0045971052744009635 0.0019154605310004414
0 0.13178368453282754 0.23569741833959923 0.0045971052744009635 0.004022467115100809
0 0.138679342444429 0.2398156584812501 0.0034478289558007268 0.00268164474340054
0 0.1398286187630292 0.22267228672879655 0.0042140131682008785 0.0032562829027006756
0 0.15764240170133292 0.23531432623339918 0.0038309210620008118 0.0024900986903005416
0 0.15534384906413246 0.24575358612735132 0.0034478289558007445 0.0030647368496006778
0 0.19010945770178975 0.2338777308351489 0.003639375008900743 0.0034478289558006734
0 0.19106718796728994 0.22391733607394676 0.002873190796500609 0.0034478289558007445
0 0.18848131625043937 0.2186498196136957 0.0030647368496006778 0.003639375008900743
0 0.2003571715426419 0.20437963865774272 0.003447828955800709 0.0030647368496006066
0 0.225066612392547 0.23857060913609984 0.0022985526372004727 0.0028731907965006444
0 0.22861021437489776 0.24067761572020024 0.0028731907965005733 0.003256282902700711
0 0.26328004998600496 0.21165838867554423 0.0028731907965005377 0.004597105274400945
0 0.3102088329955148 0.23167495122449844 0.003639375008900778 0.002873190796500609
0 0.3136566619513156 0.2299510367465981 0.0021070065841004037 0.0044055592213009835
0 0.31911572451321085 0.2358889604581974 0.004597105274400945 0.0032562829027006756
0 0.3057075007476639 0.1665492931704848 0.0034478289558006734 0.003639375008900743
0 0.31978613565051683 0.1731576320024362 0.0028731907965005733 0.0038309210620008118
0 0.2547562506230532 0.17363649713518625 0.004214013168200843 0.0028731907965006444
0 0.25829985260540395 0.16530424382533454 0.002490098690300471 0.0038309210620008118
0 0.2172132242154454 0.1877151320380392 0.0038309210620008118 0.003064736849600642
0 0.20581623405599303 0.15630157932963268 0.0032562829027006756 0.004214013168200914
0 0.15860013196683315 0.19547274718859087 0.0026816447434005576 0.0032562829027006756
0 0.1731576320024362 0.19738820771959126 0.0038309210620008118 0.0028731907965005377
0 0.17430690832103643 0.21491467157824493 0.0038309210620008118 0.0034478289558008157
0 0.15247065826763184 0.2129034380206945 0.0038309210620008118 0.0032562829027006756
0 0.14298912863917987 0.17727587214408705 0.002873190796500609 0.002873190796500609
0 0.13791315823202882 0.16156909578988377 0.0038309210620008118 0.004022467115100863
0 0.1278569904442767 0.1392539806037291 0.0032562829027006756 0.0045971052744009635
0 0.15247065826763187 0.14682004970118068 0.00268164474340054 0.002490098690300506
0 0.16511269777223447 0.15342838853313207 0.004214013168200914 0.0038309210620008118
0 0.1785209214083305 0.12536689647537844 0.003064736849600642 0.002873190796500609
0 0.18120256623263786 0.11320371738212366 0.0034478289558007445 0.002298552637200455
0 0.17928710570163744 0.10238136538197139 0.004214013168200914 0.0036393750089007606
0 0.1364765628337785 0.067041118585014 0.003256282902700658 0.0022985526372004727
0 0.19738820771959126 0.09883776339962065 0.0024900986903005416 0.003064736849600642
0 0.22334269791464667 0.10659537855017227 0.0038309210620008118 0.00440555922130093
0 0.24479585586185115 0.11128825685112326 0.003064736849600642 0.002298552637200455
0 0.24728595455215166 0.11492763186002401 0.0022985526372004727 0.003064736849600642
0 0.3200734547301669 0.09797580616067048 0.002298552637200437 0.002873190796500591
0 0.30407935939340175 0.13733851928582833 0.004022467115100845 0.003830921062000776
0 0.4397897379176918 0.5384359552642125 0.004214013168200807 0.0034478289558007445
0 0.47838626761735 0.47943977090940015 0.003639375008900743 0.0034478289558006734
0 0.5096082742726565 0.4800144090687003 0.00402246711510088 0.0022985526372004727
0 0.48920861971459056 0.4322236696071407 0.004980197380601083 0.0032562829027006756
0 0.468808964962348 0.4385446885725417 0.0036393750089006717 0.003639375008900743
0 0.3601065798280753 0.4270519253865392 0.005363289486801151 0.0021070065841004037
0 0.38606107002313067 0.4241787345900386 0.004788651327500944 0.002873190796500609
0 0.40693958981103506 0.42456182669623865 0.005937927646101286 0.003639375008900743
0 0.41996472142183777 0.4398855109442419 0.004788651327501015 0.003639375008900743
0 0.3692050173503272 0.37801613579292903 0.003639375008900743 0.003639375008900743
0 0.3727486193326779 0.3691092443237771 0.0034478289558006734 0.0030647368496006778
0 0.4179534878642873 0.3724613002530279 0.006129473699201213 0.00287319079650068
0 0.4559753794046452 0.3661402805007265 0.0028731907965005377 0.004405559221300948
0 0.49332685975915314 0.3761964482884787 0.003639375008900743 0.0042140131682008785
0 0.40330021480213424 0.354168652181974 0.0047886513275008724 0.0034478289558007445
0 0.38788075752758105 0.3406646554384211 0.0034478289558007445 0.0032562829027006756
0 0.3908497213506317 0.3258198363231681 0.004788651327501015 0.0034478289558007445
0 0.4418009714752424 0.3071440961459142 0.0032562829027006756 0.0032562829027006756
0 0.44515302740449303 0.31882840538501667 0.0038309210620007406 0.0032562829027006756
0 0.464307632714497 0.31279470471236537 0.0034478289558008157 0.0034478289558007445
0 0.33836610280122076 0.2672067440745558 0.00402246711510088 0.0034478289558006734
0 0.3572333890315747 0.2283228952952477 0.0038309210620008118 0.0030647368496006066
0 0.36422481996972605 0.2114668426224442 0.004788651327500944 0.0038309210620008118
0 0.387784984501031 0.2502549183752023 0.00402246711510088 0.002873190796500609
0 0.397074968076383 0.24096493479985034 0.004597105274400945 0.0022985526372004727
0 0.4261899681475891 0.25676748418060363 0.0030647368496006778 0.0036393750089007072
0 0.41900699115633755 0.2690264315790063 0.003639375008900743 0.003639375008900778
0 0.42245482011213825 0.27869950726055825 0.0032562829027006756 0.003830921062000776
0 0.41891121812978754 0.2942147375616615 0.0034478289558007445 0.0026816447434006106
0 0.4013847542711339 0.29478937572096164 0.004022467115100809 0.003447828955800709
0 0.39439332333298244 0.2875106257031601 0.004597105274400945 0.003447828955800709
0 0.39391445820023235 0.27822064212780817 0.003639375008900743 0.004788651327500979
0 0.33300281331441967 0.2066781912949432 0.004405559221300948 0.0022985526372004727
0 0.40100166216493377 0.1896305925690396 0.003639375008900743 0.0030647368496006066
0 0.34746454027492873 0.18522503216738812 0.0034478291499775143 0.00383091870129967
0 0.3560841127129744 0.18493771426808867 0.0030647368496006778 0.00402246711510088
0 0.3591488495625751 0.17363649713518625 0.003830921062000883 0.002490098690300506
0 0.3597234877218752 0.153236842480032 0.0038309210620008118 0.003830921062000794
0 0.37140779696097764 0.10946856934667287 0.0030647368496006066 0.003639375008900743
0 0.3688219252441271 0.10420105288642176 0.00402246711510088 0.0026816447434005576
0 0.41613380035983694 0.09969972063857084 0.0024900986903005416 0.004022467115100845
0 0.4174746227315373 0.11511917791312407 0.004405559221300877 0.003447828955800709
0 0.4341391293512407 0.12345143122297579 0.0036393750089008846 0.002873190796500591
0 0.4531021886081447 0.12134442463887538 0.0032562829027005333 0.0036393750089007606
0 0.468808964962348 0.14155253324092956 0.0051717434337010815 0.0038309210620008118
0 0.6690703634784398 0.11875855292202482 0.0038309210620008118 0.0022985526372004727
0 0.6870756924698435 0.09567725352347001 0.0034478289558006734 0.004405559221300912
0 0.5134391953346572 0.229663717666948 0.0024900986903005416 0.004980197380601012
0 0.6049982087164765 0.26433355327805524 0.004022467115100809 0.0038309210620008118
0 0.5564412842556162 0.3019723527122131 0.0042140131682008785 0.0032562829027006756
0 0.569562188892969 0.2969921553316121 0.0032562829027006045 0.0032562829027006756
0 0.6370821726107332 0.30963419483621474 0.0038309210620010247 0.004405559221300912
0 0.5723396066629196 0.4724483399712487 0.00536328948680108 0.002490098690300471
0 0.5894829784153732 0.4757046228739493 0.0036393750089008135 0.004788651327500944
0 0.6070094422740269 0.5090336361133564 0.00421401316820095 0.0067041118585013494
0 0.5516526329281153 0.521771448644509 0.005746381593001075 0.0038309210620008118
0 0.5621876658486175 0.5619003467689674 0.00421401316820095 0.005937927646101286
0 0.5615172546627673 0.5751170244328702 0.005554835539901219 0.00402246711510088
0 0.5030957084672552 0.9380967950574461 0.0051717434337010815 0.00517174343370101
0 0.5932181265155494 0.9097479784117397 0.004597105274400945 0.005171743433701153
0 0.7252891300633015 0.9418319430928968 0.006321019752301283 0.005746381593001218
0 0.8258508079408224 0.8008540480112675 0.004405559221300877 0.006129473699201213
0 0.8422279954808761 0.746454968930856 0.00536328948680108 0.00574638159300136
0 0.7930964328607157 0.6826701332485428 0.005937927646101286 0.0022985526372004015
0 0.8721091797644823 0.6307611528584317 0.0038309210620008118 0.005363289486801151
0 0.7431029130016052 0.5569201493883664 0.00402246711510088 0.003639375008900743
0 0.8496025185252276 0.483558011051051 0.00402246711510088 0.004405559221300948
0 0.8729711370034323 0.19183337217969007 0.0032562829027007467 0.0051717434337010815
0 0.8460589165428768 0.08763231929326831 0.00421401316820095 0.002873190796500591
0 0.9130042621013408 0.3776330436867289 0.002490098690300471 0.004022467115100809
0 0.9103226173579402 0.44362065897969266 0.005171743433701295 0.0034478289558008157
0 0.9167394101367917 0.6835320904874927 0.0034478289558006734 0.004788651327501015
0 0.9540908904912995 0.7467422880105061 0.00421401316820095 0.005171743433701153
0 0.9080240647207398 0.8910722390213863 0.00517174343370101 0.0038309210620008118
0 0.937713702951246 0.9472910056062479 0.004405559221300877 0.005937927646101286
