0 0.3639739514962973 0.692620233390217 0.010572289473715557 0.015492576144657306
0 0.3667491774831476 0.6531845850219986 0.009779367763186855 0.013614688127122888
0 0.35128720412783865 0.60318581655515 0.010043675000029778 0.01877888017534211
0 0.383532687022671 0.698958105449395 0.011629518421087184 0.012206272113972431
0 0.4038843442595736 0.6919160253836418 0.007400602631600961 0.016900992157807906
0 0.41472094097013207 0.7043570334998058 0.008457831578972445 0.01830940817095865
0 0.4484201136676005 0.7191714824209683 0.015065512500044705 0.011319489671366085
0 0.3550967726984219 0.7328457988427273 0.016651355921102038 0.024412544227944862
0 0.38350980065903245 0.7328457988427272 0.011629518421087184 0.020656768192876457
0 0.437164169738139 0.7617183271123159 0.006871988157915183 0.017370464162191582
0 0.4547406009881911 0.7854266633336855 0.007664909868443672 0.018778880175342037
0 0.481435631909323 0.7358973668712204 0.008193524342129522 0.014553632135890098
0 0.489761309869874 0.7060858945928646 0.007929217105286596 0.015962048149040838
0 0.49399022565936024 0.7478689029830011 0.010043675000029778 0.015023104140273772
0 0.3669905983563519 0.7948161034213563 0.0087221388158153 0.013145216122739356
0 0.39117471052747627 0.7682909351736856 0.007929217105286738 0.017370464162191582
0 0.4076939128301569 0.8204023276602601 0.011365211184244259 0.02018729618849278
0 0.390778249672212 0.8504485359408075 0.007664909868443743 0.016431520153424514
0 0.40095407829066315 0.8614811280438209 0.006871988157915112 0.011267328105205223
0 0.4099405243433214 0.854204311975876 0.00740060263160089 0.015492576144657164
0 0.39791454506696994 0.7760372232460142 0.005550451973700632 0.018778880175342322
0 0.4080903736854212 0.7727509192153293 0.007929217105286667 0.01877888017534218
0 0.41575528355386493 0.7905908553819043 0.010572289473715557 0.015023104140273772
0 0.43148156414601685 0.8103086795660136 0.008193524342129593 0.016900992157807906
0 0.4509081460539693 0.800449767473959 0.006871988157915112 0.016900992157808048
0 0.38509564408008984 0.9037336084383409 0.008457831578972445 0.01314521612273964
0 0.3976502378301271 0.888710504298067 0.008193524342129593 0.013145216122739356
0 0.4146980546064934 0.9009167764120395 0.008457831578972445 0.016900992157807906
0 0.354832465461579 0.8368338478136844 0.008193524342129522 0.011736800109588899
0 0.35430385098789324 0.8138297195988904 0.008193524342129593 0.015492576144657164
0 0.3561540016457934 0.8727484561490263 0.009779367763186855 0.011267328105205223
0 0.37690211973796023 0.8809642162257384 0.005814759210543557 0.00798102407452049
0 0.3661976766458232 0.8772084401906701 0.006607680921072188 0.011736800109588757
0 0.3852277976985113 0.8741568721621769 0.005021837500014925 0.006572608061369607
0 0.42196650361967286 0.8727484561490263 0.010307982236872704 0.010328384096438157
0 0.43742847697498194 0.8638284880657389 0.008457831578972445 0.011267328105205223
0 0.4298957207249595 0.867819000102999 0.0060790664473864804 0.012675744118355965
0 0.3650082940800302 0.8119518315813562 0.006343373684229476 0.00798102407452049
0 0.36117583914580836 0.8204023276602601 0.004493223026329147 0.010797856100821832
0 0.45289045033029096 0.8722789841446428 0.008722138815815371 0.014084160131506564
0 0.4544762937513483 0.8959873203660123 0.014536898026358927 0.008919968083287416
0 0.4281777236854808 0.8800252722169714 0.005814759210543628 0.011736800109588899
0 0.47905686677773696 0.8039708075068357 0.010307982236872704 0.01361468812712303
0 0.49214007500145995 0.7927034794016304 0.008457831578972516 0.013614688127123173
0 0.5168528016462701 0.764535159138617 0.013479669078987299 0.01737046416219144
0 0.5372044588831727 0.742704710934782 0.009250753289501147 0.014084160131506422
0 0.39181610113018 0.6248308805514547 0.015713136798737537 0.013955118891506685
0 0.3724201978942384 0.5666118689259501 0.009329674974250395 0.015263411287585597
0 0.42103271486533267 0.6156728337789034 0.007365532874408273 0.010466339168630157
0 0.42827548885850075 0.6045523484122338 0.011539334836572905 0.011774631564708713
0 0.423978928015096 0.555055286093921 0.012766923648974214 0.018316093545102562
0 0.38469608601825217 0.4998889567259336 0.010311746024171526 0.011774631564708926
0 0.38359125608709094 0.5308518767664642 0.010557263786651845 0.017007801149023862
0 0.3682463959320738 0.5487318728462071 0.011293817074092587 0.013519021426147191
0 0.3661594949509914 0.5321601691625429 0.011539334836572905 0.011774631564708784
0 0.3490960104586124 0.5009792003893325 0.013748994698895345 0.020060483406540968
0 0.3538836068269777 0.46500115949716675 0.013503476936415097 0.015263411287585526
0 0.36517742390107033 0.4643470132991274 0.007611050636888521 0.009594144237910811
0 0.36530018278231047 0.5107913933599232 0.010802781549132022 0.01351902142614712
0 0.4721004094612297 0.5016333465873719 0.010311746024171526 0.013519021426147191
0 0.47516938149223314 0.55614552975732 0.00761105063688845 0.014391216356866252
0 0.44018310033879404 0.6023718610854361 0.007856568399368697 0.008285851841832042
0 0.4487762220256036 0.6187255160364205 0.0063834618244870715 0.011338534099349288
0 0.43920102928887295 0.6163269799769427 0.007365532874408132 0.012646826495427987
0 0.40163681162939097 0.5280172432416268 0.005892426299526576 0.008721949307191678
0 0.40740647904767746 0.5389196798756164 0.010066228261691209 0.013955118891506756
0 0.4501265697192452 0.6547035569285862 0.012521405886493966 0.017879996079742996
0 0.47492386372975287 0.6067328357390319 0.012521405886494037 0.017007801149023793
0 0.47627421142339443 0.6350791709874049 0.011293817074092587 0.013519021426147191
0 0.4892866528348489 0.6230864906900164 0.010311746024171526 0.013082923960787553
0 0.4992301222153 0.583401621342294 0.007120015111927884 0.010466339168630085
0 0.48940941171608904 0.5504762627076454 0.006628979586967319 0.017007801149023793
0 0.5146977412515572 0.5951762529070028 0.008102086161849016 0.009594144237910883
0 0.5165391244701594 0.6453274614233551 0.007856568399368626 0.012210729030068208
0 0.5570495552794046 0.5888528396592889 0.009329674974250324 0.013519021426147191
0 0.5619599105290102 0.5679201613220289 0.007856568399368626 0.010030241703270519
0 0.5641695703913325 0.6185074673037407 0.00982071049921096 0.011774631564708784
0 0.5679750957097768 0.6754181865331665 0.007120015111928097 0.009594144237910883
0 0.566501989134895 0.6573201417207437 0.0066289795869672475 0.010030241703270376
0 0.5498067812862365 0.6869747693651956 0.012030370361533543 0.012646826495427916
0 0.5696937200471387 0.6019357636200765 0.008102086161849088 0.016135606218304586
0 0.502790129771264 0.4765577423291958 0.0088386394492899 0.014827313822225961
0 0.5339708856062588 0.45954994118017195 0.007365532874408273 0.00872194930719175
0 0.5126410880588124 0.6129349875628965 0.004419319724644879 0.010902436633989581
0 0.5080990094529273 0.6242735216622457 0.004664837487125198 0.010030241703270376
0 0.5150962656836151 0.6231832779988468 0.009329674974250395 0.006105364515034211
0 0.37380079337621736 0.40971356870533 0.005646908537046258 0.010902436633989652
0 0.3632435295895655 0.4179994205471621 0.0061379440620068235 0.011774631564708855
0 0.3534228190903546 0.4339169780327869 0.01006622826169128 0.018316093545102562
0 0.3658214660956085 0.40273600925957675 0.01325795917393478 0.018752191010462126
0 0.4082960390046958 0.3523667520105445 0.00982071049921096 0.009594144237910811
0 0.362752494064605 0.3480057773569487 0.008593121686809582 0.01221072903006835
0 0.3599290397960818 0.36108870131773635 0.010311746024171526 0.012210729030068422
0 0.39724773969308347 0.3301257812772057 0.00785656839936884 0.01482731382222589
0 0.4274464244781572 0.353020898208584 0.007365532874408203 0.014391216356866394
0 0.5654274069920714 0.40971356870533 0.00982071049921096 0.014391216356866323
0 0.4603458046505139 0.39706674220990207 0.00982071049921096 0.014391216356866252
0 0.4640285710877181 0.43478917296350617 0.006874497349447708 0.014827313822225961
0 0.4754451470430508 0.4297740521118709 0.005155873012085692 0.014391216356866323
0 0.47581342368677126 0.4424208786072989 0.008347603924329334 0.009158046772551245
0 0.477409289142893 0.4895194048661341 0.008593121686809582 0.010030241703270448
0 0.5292135370262308 0.39728479094258184 0.005155873012085763 0.013955118891506685
0 0.5343694100383166 0.39597649854650313 0.00662897958696739 0.010466339168630085
0 0.3772380420509412 0.29000481446412396 0.007120015111927955 0.011338534099349217
0 0.431742985321562 0.29371164291968044 0.01104829931161234 0.010030241703270484
0 0.3614021463709635 0.2544628710373178 0.011293817074092587 0.012646826495427952
0 0.39393324989959977 0.22328190226410743 0.008593121686809653 0.01482731382222589
0 0.36606698385808867 0.2368009236902546 0.009820710499211032 0.010466339168630014
0 0.3535455779715948 0.20322141885756662 0.008347603924329263 0.011338534099349217
0 0.35023108817811105 0.18272483798566608 0.00662897958696739 0.01482731382222589
0 0.3539138546153151 0.3115916389994234 0.013012441411454603 0.017879996079742923
0 0.383375986112948 0.2051838574516847 0.01104829931161234 0.011774631564708784
0 0.37441458778241804 0.16876971909415936 0.0058924262995266475 0.009594144237910883
0 0.4069456913110543 0.17051410895559768 0.0061379440620068235 0.013955118891506685
0 0.5068714206405259 0.29894481250399546 0.008593121686809582 0.013519021426147155
0 0.5400163185753629 0.2932755454543209 0.008102086161849016 0.015263411287585526
0 0.5062576262343252 0.22262775606606808 0.008347603924329334 0.014391216356866288
0 0.4534713073010663 0.1914467872928578 0.010802781549132022 0.015699508752945058
0 0.375273899951099 0.19689800560985254 0.009575192736730784 0.009158046772551281
0 0.36999526805777305 0.2213194636699893 0.005892426299526505 0.009158046772551281
0 0.44205473134573353 0.14543850469742156 0.011048299311612268 0.011774631564708801
0 0.5601487750987454 0.24356043440332814 0.012030370361533472 0.0187521910104622
0 0.5336328567508758 0.21521409915495515 0.007120015111927955 0.015263411287585455
0 0.5185335143583389 0.20561995491704427 0.005401390774566011 0.01351902142614712
0 0.40829603900469585 0.11575964867663656 0.003928284199684384 0.012695283248094427
0 0.40129878277400804 0.15350630780657387 0.007611050636888521 0.014827313822225872
0 0.39822981074300456 0.13933314018238735 0.011784852599053224 0.010902436633989616
0 0.3933194554933991 0.10924241507257601 0.012275888124013718 0.01003024170327043
0 0.384235298281629 0.14413021230134282 0.007856568399368697 0.013519021426147155
0 0.41504777747290333 0.10662583028041851 0.00662897958696739 0.010030241703270448
0 0.40191257718020873 0.09310680885427139 0.0088386394492899 0.013519021426147138
0 0.43002436098420005 0.1151297308549304 0.007611050636888521 0.015699508752945058
0 0.44352783792061523 0.10793412267649727 0.006628979586967461 0.014391216356866323
0 0.43849472378976956 0.1179643643797677 0.0058924262995266475 0.010030241703270448
0 0.4743403171118895 0.20191312646148782 0.008347603924329334 0.012210729030068422
0 0.47753204802413324 0.16811557289611997 0.005401390774566081 0.014391216356866323
0 0.48096929669885696 0.1609199647176868 0.007365532874408203 0.01046633916863005
0 0.48219688551125833 0.11033265873597499 0.007856568399368768 0.013082923960787553
0 0.5080990094529273 0.16876971909415936 0.007120015111927955 0.0209326783372601
0 0.5465225392810902 0.1757472785399127 0.005401390774566011 0.01308292396078759
0 0.5704605211229169 0.16615313430200182 0.010066228261691137 0.015699508752945058
0 0.5676370668543937 0.1358443604595107 0.007365532874408203 0.008285851841832113
0 0.5727929398664795 0.09962404245833191 0.00982071049921089 0.01085397988132316
0 0.5586756685238637 0.11883655931048688 0.00662897958696739 0.01613560621830466
0 0.541857701793965 0.10531753788433974 0.009329674974250395 0.015263411287585474
0 0.5336328567508758 0.15197996667781535 0.0076110506368885925 0.011774631564708801
0 0.5268811182826683 0.14652874836082053 0.005401390774566011 0.013082923960787536
0 0.513254882465013 0.1415136275091853 0.005646908537046258 0.012646826495427952
0 0.5055210729468844 0.14238582243990447 0.009329674974250395 0.010902436633989633
0 0.5036796897282824 0.11992680297388583 0.005155873012085692 0.011338534099349217
0 0.5198838620519804 0.13606240919219048 0.005155873012085834 0.013082923960787536
0 0.5982065691465115 0.5743051029624012 0.012369578684247174 0.013426899325369702
0 0.5980347694425636 0.5181562512381283 0.009964382828976994 0.013426899325369633
0 0.6031887605610001 0.6106187625014691 0.012713178092142882 0.016478467353862884
0 0.6079991522715406 0.6316745818980715 0.010651581644768413 0.012206272113972502
0 0.6177917353965696 0.5483667747202099 0.015118373947413347 0.012816585719670997
0 0.6124659445741856 0.5669813396940175 0.009964382828976923 0.012206272113972573
0 0.6396102977979503 0.5453152066917168 0.007902786381602382 0.01769909456525994
0 0.656790268192738 0.607567194472976 0.00790278638160231 0.010375331296876667
0 0.6457950871400737 0.6344209931237152 0.015461973355308913 0.01647846735386274
0 0.6612570604953828 0.6316745818980715 0.00858998519739373 0.013426899325369633
0 0.6626314581269659 0.5450100498888675 0.00790278638160231 0.015868153748164034
0 0.6662392519098713 0.5187665648438269 0.008933584605289724 0.013426899325369562
0 0.6641776554624969 0.5303625233521007 0.009620783421081143 0.013426899325369702
0 0.6753446362191088 0.5404326978461279 0.007902786381602453 0.009154704085479254
0 0.6670982504296107 0.5855959046678257 0.011338780460559974 0.012816585719671139
0 0.6670982504296106 0.6011589016131405 0.008589985197393872 0.014647526536766833
0 0.6341127072716181 0.44919081379418424 0.012025979276351321 0.015868153748164103
0 0.6179635351005175 0.45346300903407455 0.013400376907934443 0.017088780959561303
0 0.5746700097056522 0.42477826956623943 0.0072155875658107506 0.015868153748164176
0 0.5896165839491175 0.41898029031210243 0.011682379868455684 0.01647846735386274
0 0.6621160590151223 0.42966077841182837 0.011682379868455684 0.02197128980515032
0 0.6542132726335198 0.4971004318415258 0.009620783421081285 0.021360976199451612
0 0.6811858261533367 0.6667676142257422 0.011338780460559974 0.014037212931068268
0 0.6997401941797076 0.6432705404063455 0.016149172171100474 0.01953003538235592
0 0.6980221971402287 0.6057362536558802 0.010651581644768413 0.01769909456526001
0 0.6861680175678252 0.6270972298553319 0.006871988157915041 0.012816585719671068
0 0.7286025444429511 0.6240456618268388 0.009964382828976851 0.01769909456526001
0 0.7194971601337135 0.6508994604775781 0.008933584605289866 0.014037212931068268
0 0.7287743441468989 0.6621902621830026 0.015118373947413204 0.014647526536766833
0 0.7542007003311848 0.6646315166057971 0.008246385789498163 0.015868153748164245
0 0.7968070269102586 0.6750068479026736 0.008933584605289724 0.014647526536766691
0 0.8139869973050464 0.6615799485773038 0.009620783421081285 0.014647526536766833
0 0.8270437748050852 0.655781969323167 0.008246385789498163 0.015257840142465397
0 0.7835784497062721 0.6371674043493591 0.009964382828976994 0.01953003538235585
0 0.8038508147721217 0.5990228039931954 0.008589985197394156 0.014037212931068197
0 0.7938864319431448 0.6093981352900719 0.006528388750019332 0.012816585719670997
0 0.8256693771735022 0.627097229855332 0.008246385789498163 0.01647846735386281
0 0.8167357925682126 0.6121445465157157 0.004810391710540643 0.013426899325369702
0 0.8009302198050077 0.6246559754325375 0.010995181052664265 0.01769909456526001
0 0.7894196396404999 0.627097229855332 0.009277184013185575 0.01525784014246554
0 0.6897758113507305 0.5846804342592777 0.007215587565811035 0.015868153748164034
0 0.6935554048375839 0.5752205733709492 0.00790278638160231 0.014037212931068339
0 0.7158893663508081 0.5965815495704009 0.008589985197393872 0.01647846735386267
0 0.7052377847060396 0.5736947893567027 0.009277184013185433 0.01830940817095865
0 0.7255101497718891 0.569117437313963 0.005153991118436352 0.01403721293106841
0 0.7182945622060782 0.5669813396940178 0.007902786381602453 0.01830940817095872
0 0.7457825148377387 0.5733896325538533 0.009964382828976994 0.01647846735386281
0 0.7564340964825073 0.5453152066917168 0.010651581644768555 0.012816585719671068
0 0.7547160994430284 0.5715586917367574 0.00858998519739373 0.01647846735386274
0 0.7621034867127873 0.5791876118079903 0.008933584605289724 0.013426899325369562
0 0.765024081679901 0.5974970199789489 0.012025979276351535 0.02075066259375312
0 0.8102074038181931 0.5376862866204841 0.008933584605289582 0.015868153748164103
0 0.773614066877295 0.5318883073663472 0.011338780460559831 0.016478467353862884
0 0.7741294659891387 0.5453152066917166 0.010307982236872562 0.010375331296876454
0 0.780657854739158 0.5608782036370316 0.007559186973706602 0.012206272113972289
0 0.7727550683575558 0.5630143012569768 0.009620783421081143 0.015257840142465468
0 0.6988811956599682 0.49282823660163544 0.013056777500038806 0.01647846735386267
0 0.6873706154954604 0.5062551359270051 0.016149172171100616 0.015257840142465468
0 0.7042069864823524 0.5077809199412516 0.009277184013185433 0.013426899325369774
0 0.7019735903310298 0.5224284464780186 0.008933584605289582 0.017088780959561376
0 0.7299769420745341 0.4552939498511704 0.011338780460559831 0.015868153748164103
0 0.7454389154298431 0.48703025734749866 0.009964382828976994 0.017088780959561376
0 0.7280871453311073 0.5154098400124845 0.010307982236872704 0.015257840142465397
0 0.7167483648705474 0.5212078192666213 0.009620783421081143 0.01953003538235585
0 0.7421747210548334 0.5102221743640462 0.006184789342123622 0.017088780959561446
0 0.7863272449694381 0.4967952750386766 0.009964382828976994 0.01953003538235585
0 0.776534661844409 0.48977666857314245 0.008933584605289582 0.018919721776657284
0 0.77241146894966 0.4610919291053072 0.013056777500038664 0.011595958508273796
0 0.770865271614129 0.4732982012192797 0.011338780460559974 0.012816585719671068
0 0.7911376366799786 0.45041144100558145 0.00790278638160231 0.01953003538235585
0 0.74406451779826 0.43118656242607495 0.009964382828976994 0.020140348988054484
0 0.7028325888507692 0.41196168384656845 0.013400376907934514 0.017088780959561376
0 0.6323947102321393 0.38968523723856874 0.009277184013185362 0.014037212931068268
0 0.6382359001663671 0.3786995923359936 0.012025979276351463 0.011595958508273796
0 0.6341127072716181 0.36496753620777467 0.012025979276351321 0.017088780959561303
0 0.6567902681927381 0.3967038437041029 0.010651581644768413 0.01953003538235585
0 0.6806704270414928 0.40463792057818493 0.008933584605289724 0.014647526536766904
0 0.6985375962520723 0.3823614739701853 0.010995181052664265 0.01647846735386274
0 0.7219023559889837 0.36832426103911703 0.010995181052664265 0.02014034898805441
0 0.725853749179785 0.33597763993709023 0.009964382828976994 0.01647846735386267
0 0.6705342445085682 0.3274332494573096 0.011338780460559831 0.018919721776657142
0 0.6482002829953442 0.3362827967399395 0.011338780460560116 0.014647526536766833
0 0.6495746806269271 0.3182785453718303 0.008589985197394014 0.017699094565259976
0 0.7487031098048527 0.3933471188727605 0.014431175131621643 0.012816585719670997
0 0.769662673686494 0.43118656242607495 0.011682379868455684 0.01891972177665721
0 0.7935428325352489 0.408604959015226 0.01202597927635125 0.025022857833643358
0 0.8050534126997567 0.4330175032431708 0.012369578684247387 0.01525784014246554
0 0.8084894067787144 0.35062516647385705 0.010307982236872704 0.01525784014246554
0 0.7887324408247083 0.31858370217467963 0.016149172171100474 0.01953003538235585
0 0.7426901201666769 0.2798287882128172 0.009964382828976994 0.01647846735386274
0 0.7292897432587426 0.2798287882128172 0.013400376907934657 0.023802230622246193
0 0.7914812360878741 0.2523646759563794 0.008589985197394014 0.02014034898805452
0 0.5837753940148898 0.23527589499681795 0.008246385789498092 0.014037212931068304
0 0.6009553644096776 0.27433596576152963 0.006184789342123622 0.012816585719671031
0 0.6071401537518012 0.28227004263561173 0.008933584605289582 0.011595958508273831
0 0.6792960294099101 0.2691483001130914 0.012369578684247387 0.01708878095956134
0 0.6732830397717342 0.2862370810726527 0.009964382828976994 0.019530035382355884
0 0.6859962178638773 0.2569420279991189 0.007215587565810893 0.01830940817095854
0 0.735646332304814 0.3027155484265155 0.009620783421081 0.014647526536766868
0 0.7430337195745728 0.3109547821034468 0.007215587565811035 0.02380223062224612
0 0.82017178664717 0.22612119091133867 0.008933584605289866 0.025022857833643428
0 0.817422991384004 0.31553213414618647 0.008246385789498021 0.020750662593753154
0 0.8102074038181932 0.28745770828405 0.007559186973706744 0.014647526536766797
0 0.731007740298221 0.15776606707309315 0.007902786381602453 0.01647846735386276
0 0.7255101497718893 0.1354896204650936 0.010651581644768555 0.015868153748164103
0 0.6427026924690119 0.1599021646930383 0.013400376907934443 0.013426899325369633
0 0.6287869164492339 0.15776606707309324 0.010307982236872704 0.01769909456526001
0 0.6212277294755273 0.11809568270268293 0.008933584605289724 0.01891972177665721
0 0.682044824673076 0.1486113629876139 0.015118373947413347 0.020140348988054467
0 0.6966477995086457 0.14250822693062773 0.013400376907934514 0.017699094565259976
0 0.6523234758900932 0.14037212931068255 0.010651581644768413 0.015868153748164103
0 0.652495275594041 0.10375331296876539 0.009620783421081285 0.01708878095956136
0 0.6588518646401126 0.12816585719671017 0.009277184013185433 0.015868153748164124
0 0.6360025040150447 0.14647526536766875 0.008246385789498163 0.01708878095956136
0 0.7066121823376227 0.12572460277391567 0.00790278638160231 0.018309408170958594
0 0.7712088710220248 0.16325888952438078 0.017523569802683596 0.020140348988054467
0 0.7834066500023242 0.16783624156712043 0.006871988157915041 0.018309408170958576
0 0.783578449706272 0.2660967320845982 0.007902786381602595 0.01464752653676694
0 0.8229205819103362 0.18950237456942143 0.008246385789498021 0.01891972177665721
0 0.8244667792458671 0.28806802188974856 0.011338780460559831 0.01830940817095854
0 0.5251291035296088 0.8148692647514539 0.005808950260283297 0.018056615553213504
0 0.5787166696807221 0.736451962920355 0.008422977877410745 0.023215648568417464
0 0.585687409993062 0.7036921032738103 0.011908348033580651 0.02166793866385632
0 0.5901893464447816 0.6753174216901888 0.009294320416453275 0.02166793866385632
0 0.6128442524598863 0.6755753733409491 0.011037005494538264 0.01599300234713212
0 0.5984671005656853 0.7129783627011773 0.007842082851382486 0.017540712251693406
0 0.637096619796569 0.6975012636555655 0.009003872903438933 0.020636132060815555
0 0.6596063020551668 0.6763492282932296 0.008132530364396616 0.014445292442570833
0 0.6061639596605606 0.7047239098768511 0.0069707403123398844 0.0165089056486525
0 0.5546095261005465 0.8218339593219792 0.007842082851382414 0.016508905648652643
0 0.5395062554238099 0.808162521831689 0.009003872903439215 0.014961195744091356
0 0.5684057829687192 0.7944910843413987 0.007551635338368215 0.014445292442570833
0 0.5506884846748552 0.8027455371657248 0.008132530364396685 0.012381679236489305
0 0.5570783299611669 0.8115158932915715 0.004647160208226637 0.012381679236489163
0 0.48560014751286146 0.8641203349547283 0.010171450159897049 0.014951913098042979
0 0.4815666414149712 0.8192645956605995 0.00982071049921096 0.012459927581702317
0 0.49822677529756126 0.8734652806410051 0.009469970838524943 0.011213934823532128
0 0.4782346146384532 0.8877941973599629 0.007365532874408203 0.013705920339872647
0 0.48945828378040857 0.8877941973599629 0.006664053553036026 0.01245992758170246
0 0.5047154590202542 0.9018116158893781 0.007716272535094291 0.014328916718957743
0 0.49419326919967105 0.9033691068370908 0.007014793213722115 0.01245992758170246
0 0.5080474857967722 0.84729943271943 0.008768491517152626 0.014951913098042837
0 0.49752529597618905 0.8588248657325047 0.008067012195780378 0.02055888050980897
0 0.5157637583318665 0.8208220866083125 0.011574408802641543 0.013082923960787553
0 0.5203233739207859 0.8342165087586424 0.005261094910291603 0.009967942065361796
0 0.567497858283067 0.84729943271943 0.009820710499210818 0.014951913098042837
0 0.5745126514967893 0.8781377534841434 0.010522189820583278 0.013082923960787553
0 0.5155570981175933 0.8962073412117766 0.005268278927010072 0.011059107321037659
0 0.5120449121662533 0.8862825013082815 0.004948989295070234 0.010491973612266463
0 0.5095704175187181 0.8685595729091827 0.00510863411104026 0.0096412730491096
0 0.5169140790533384 0.8590600832872659 0.00542792374298017 0.007656305068410774
0 0.5177123031331885 0.8782008459582926 0.006066503006860274 0.011909807884194521
0 0.5269717024594489 0.9035800794258018 0.007024371902680357 0.011059107321037659
0 0.5246568526278836 0.8922374052503786 0.004948989295070234 0.010491973612266463
0 0.5369495034575743 0.8502695108013127 0.003991120399250079 0.00992483990349541
0 0.4968786546491025 0.814965437430308 0.007184016718650384 0.012476941592965574
0 0.4904130396023173 0.814965437430308 0.0044700548471601565 0.015312610136821406
0 0.5804527158094013 0.7999363941478721 0.0063857926388002535 0.011909807884194379
0 0.5886744238318566 0.7866087519917498 0.0071840167186503125 0.013611209010507821
0 0.596337374998417 0.7988021267303299 0.006545437454770209 0.008507005631567494
0 0.4702179703821113 0.8840139664731967 0.0033525411353700465 0.0127605084473511
0 0.5411800910807796 0.8912449212600291 0.004470054847160228 0.0079398719227963
0 0.5508386024469649 0.8912449212600291 0.004629699663130182 0.006238470796482716
0 0.55187629375077 0.9020204617266814 0.005747213374920222 0.010208406757880794
0 0.5478053509435348 0.9025875954354524 0.005268278927010215 0.008507005631567352
0 0.5332776726902643 0.8838721830460039 0.006545437454770351 0.011909807884194521
0 0.5439738753602547 0.8502695108013127 0.007503306350590222 0.010491973612266463
0 0.5482044629834597 0.8776337122495212 0.004470054847160228 0.008507005631567494
0 0.552754340238605 0.8698356237539179 0.004629699663130253 0.008223438777181968
0 0.5581024415736003 0.8896853035609084 0.004789344479100137 0.008223438777181968
0 0.5639294773565056 0.8827379156284617 0.005587568558950195 0.007939871922796158
0 0.5195482185168436 0.8665746049284837 0.004310410031190201 0.007372738214024963
0 0.530244421186834 0.8460160079855291 0.005906858190890176 0.008223438777181825
0 0.5781378659778362 0.8481427593934208 0.005268278927010357 0.010208406757880937
0 0.5893130030957365 0.8689849231907609 0.0055875685589502665 0.008223438777181825
0 0.5952996836946118 0.859627216996037 0.005427923742980312 0.009357706194724216
0 0.5921067873752118 0.8740891265697015 0.005427923742980028 0.00992483990349541
0 0.571911718155006 0.9004608440275607 0.004310410031190272 0.00879057248595302
0 0.5676811305318007 0.8916702715416075 0.0047893444791002795 0.0070891713596395785
0 0.5627321412367304 0.8998937103187895 0.0031928963194000916 0.005954903942097189
0 0.5660846823721006 0.9003190606003677 0.003831475583280124 0.006805604505253768
0 0.5898717599516317 0.9006026274547534 0.0035121859513402853 0.007372738214024963
0 0.5829272104569364 0.8981923091924758 0.004948989295070305 0.006522037650868384
0 0.5933839459029718 0.8952148572214272 0.004470054847160228 0.0079398719227963
0 0.598811869645952 0.9028711622898379 0.0044700548471601565 0.006805604505253911
0 0.6038406813490073 0.8974833920565117 0.004948989295070234 0.0079398719227963
0 0.6029626348611723 0.8858571510267033 0.005747213374920222 0.010208406757880937
0 0.6051178398767674 0.8779172791039067 0.005906858190890247 0.008507005631567494
0 0.5908296288474517 0.8477174091118426 0.005747213374920363 0.011059107321037659
0 0.5391845308811544 0.8695520568995322 0.006226147822830299 0.012760508447351241
0 0.5785369780177612 0.8117044186048736 0.004150765215220176 0.011059107321037659
0 0.5920269649672267 0.8129804694496088 0.004629699663130111 0.00907413934033869
0 0.5837254345367863 0.8450235239951794 0.003671830767310169 0.012476941592965432
0 0.5939427027588668 0.8350986840916841 0.00399112039925015 0.006805604505253911
0 0.5865192188162616 0.8176593225469709 0.005427923742980312 0.011626241029808852
0 0.6036810365330374 0.8321212321206355 0.004310410031190131 0.007656305068410774
0 0.6098273619478826 0.8414789383153597 0.003831475583280266 0.009357706194724074
0 0.6036810365330372 0.84403104000483 0.004629699663130182 0.010491973612266463
0 0.6136588375311628 0.8485681096749993 0.00510863411104026 0.00879057248595302
0 0.6013661867014721 0.8654403375109412 0.00510863411104026 0.007372738214025105
0 0.6154947529148177 0.8664328215012906 0.004310410031190201 0.008223438777181685
0 0.618927116458173 0.863597152957435 0.007343661534620338 0.005387770233326137
0 0.6179692475623529 0.873663776288123 0.004470054847160228 0.005671337087711521
0 0.6137386599391478 0.8745144768512799 0.004629699663130324 0.005671337087711663
0 0.6231577040813782 0.8701191906083033 0.005587568558950124 0.005954903942097189
0 0.621561255921678 0.878342629385485 0.0055875685589502665 0.006522037650868384
0 0.6162131545866828 0.9092514165135134 0.004470054847160014 0.008223438777181825
0 0.6134193703072077 0.9003190606003676 0.006226147822830228 0.0079398719227963
0 0.6338539067513687 0.8641642866662061 0.004948989295070092 0.00879057248595302
0 0.6399204097582288 0.847433842257457 0.0033525411353701883 0.010491973612266605
0 0.6232375264893631 0.9000354937459821 0.003831475583280195 0.007372738214025105
0 0.6422352595897941 0.8626046689670855 0.0038314755832800527 0.00907413934033869
0 0.641037923470019 0.8925209721047642 0.0030332515034300657 0.006522037650868242
0 0.644949221461284 0.896065557784584 0.005747213374920222 0.007372738214025105
0 0.6513350141000845 0.8964909080661624 0.0067050822707403765 0.006522037650868384
0 0.6772872944099041 0.8253317837062875 0.00555045197370049 0.014084160131506707
0 0.6755692973704254 0.8424675118662871 0.009515060526344002 0.015492576144657164
0 0.6418701246729568 0.8368338478136846 0.00607906644738641 0.009858912092054624
0 0.6060564940807454 0.8260359917128628 0.006343373684229334 0.012675744118355965
0 0.6123998677649748 0.786835079346836 0.006871988157915041 0.013145216122739499
0 0.6093603345412815 0.8020929194893016 0.007136295394757966 0.01361468812712303
0 0.6072458766465384 0.8112476235747809 0.005550451973700703 0.01314521612273964
0 0.6180824733570968 0.8168812876273835 0.005550451973700774 0.01314521612273964
0 0.6114747924360247 0.8201675916580683 0.004493223026329147 0.015023104140273772
0 0.6077744911202242 0.7713425032021788 0.00607906644738641 0.01502310414027363
0 0.6531031822387797 0.8220454796756026 0.007400602631601032 0.008450496078903882
0 0.6261438440808049 0.8293222957435478 0.005814759210543628 0.011736800109588757
0 0.6336766003308273 0.8354254318005339 0.006607680921072188 0.014553632135890098
0 0.625879536843962 0.7988066154586168 0.006871988157915112 0.01079785610082169
0 0.6334122930939844 0.8011539754805344 0.006607680921072259 0.015492576144657306
0 0.6283904555939696 0.8124213035857397 0.007664909868443743 0.01361468812712303
0 0.6388305914492637 0.7725161832131378 0.005814759210543628 0.015492576144657164
0 0.6631468572388095 0.8194633836514931 0.007929217105286738 0.012675744118355965
0 0.7017357138178713 0.8976304723813547 0.008986446052658153 0.014084160131506707
0 0.6938064967125845 0.8957525843638204 0.005286144736857778 0.009389440087670948
0 0.7105900062521081 0.8858936722717659 0.008193524342129593 0.012206272113972431
0 0.7218230638179309 0.8678190001029991 0.00740060263160089 0.014553632135890098
0 0.6656577759888168 0.8499790639364241 0.005021837500014925 0.011736800109588757
0 0.6598430167782733 0.7924687433994387 0.008193524342129593 0.013145216122739499
0 0.6566713299361586 0.8511527439473829 0.0060790664473864804 0.014084160131506564
0 0.6640719325677596 0.8788515922060125 0.0044932230263292185 0.013145216122739356
0 0.7018678674362927 0.811012887572589 0.0060790664473864804 0.014553632135890098
0 0.7125723105284297 0.8532653679671088 0.009515060526344002 0.016431520153424372
0 0.7041144789494572 0.8250970477040958 0.0058147592105434855 0.010797856100821832
0 0.71534753651528 0.8276791437282052 0.00660768092107233 0.011267328105205365
0 0.7133652322389585 0.816411815623 0.006871988157915183 0.010328384096438157
0 0.7120436960547439 0.838476999829027 0.009515060526344144 0.011267328105205365
0 0.7304130490153247 0.8675842641008071 0.008193524342129735 0.0103283840964383
0 0.7279021302653175 0.8765042321840949 0.005286144736857778 0.007511552070136957
0 0.6753049901335824 0.7936424234103976 0.008457831578972445 0.015492576144657306
0 0.672265456909889 0.773220391219713 0.00819352434212945 0.012206272113972431
0 0.6700188453967246 0.7870698153490278 0.006343373684229476 0.011736800109588899
0 0.6209898529623685 0.7032690625665634 0.006607680921072259 0.013145216122739356
0 0.6268046121729123 0.7074943106060155 0.005550451973700774 0.016900992157807906
0 0.6361875190808347 0.7377752548887547 0.008986446052658366 0.012675744118355965
0 0.6623539355282807 0.7304984388208097 0.00740060263160089 0.012206272113972431
0 0.6771551407914825 0.7443478629501245 0.011629518421087113 0.02018729618849278
0 0.6886525055941481 0.7549109830487544 0.008193524342129735 0.014084160131506707
0 0.6860094332257194 0.7326110628405357 0.008722138815815158 0.015492576144657306
0 0.6680365411204028 0.7089027266191661 0.00819352434212945 0.013145216122739499
0 0.6718689960546249 0.6762744223145092 0.006871988157915041 0.009858912092054624
0 0.6787409842125399 0.6920017344613583 0.004228915789486223 0.014084160131506564
0 0.6833663608572905 0.6870722784153309 0.004493223026329076 0.016431520153424372
0 0.6780802161204329 0.7051469505840978 0.007136295394758036 0.010328384096438157
0 0.6774194480283257 0.7189963747134125 0.00740060263160089 0.011736800109588899
0 0.7062289368442003 0.6807344063561529 0.00475753026317193 0.017839936166575115
0 0.7039823253310358 0.7096069346257414 0.006607680921072188 0.016431520153424372
0 0.7120436960547439 0.7157100706827276 0.009515060526344144 0.012675744118355965
0 0.7112507743442155 0.734254214855878 0.0058147592105434855 0.011267328105205223
0 0.7195764523047663 0.7307331748230014 0.0087221388158153 0.009858912092054766
0 0.7502360917785416 0.7589014950860147 0.010307982236872704 0.012675744118355823
0 0.7470644049364268 0.7361321028734121 0.010836596710558553 0.014084160131506707
0 0.7185192233573949 0.6870722784153309 0.007664909868443743 0.01079785610082169
0 0.7507647062522272 0.6891849024350569 0.0076649098684438855 0.014084160131506564
0 0.756315158225928 0.6903585824460157 0.007136295394758036 0.01455363213589024
0 0.7737594358575586 0.7081985186125909 0.010307982236872704 0.01643152015342423
0 0.7407210312521975 0.7086679906169744 0.007136295394758036 0.01079785610082169
0 0.7282985911205817 0.7258037187769741 0.0060790664473864804 0.008450496078904024
0 0.7219552174363524 0.7215784707375221 0.006607680921072188 0.012206272113972431
0 0.7473287121732697 0.7004522305402623 0.005550451973700774 0.012206272113972431
0 0.6988283342125995 0.7708730311977952 0.008457831578972445 0.013145216122739499
0 0.7115150815810583 0.7760372232460143 0.006343373684229334 0.012206272113972431
0 0.7058324759889356 0.7812014152942334 0.005550451973700632 0.008450496078903882
0 0.6997534095415497 0.7985718794564249 0.007664909868443743 0.011267328105205365
0 0.7247304434232027 0.8168812876273834 0.006871988157915183 0.014084160131506564
0 0.7070218585547291 0.7539720390399873 0.01004367500002985 0.014084160131506564
0 0.7356991937521826 0.7741593352284801 0.008193524342129735 0.014084160131506564
0 0.7276378230284744 0.7783845832679321 0.007929217105286596 0.015023104140273772
0 0.7113829279626368 0.799510823465192 0.006607680921072188 0.010328384096438157
0 0.7371528835548184 0.8412938318553284 0.005814759210543628 0.014084160131506564
0 0.7397959559232474 0.8229844236843697 0.006871988157915041 0.011267328105205223
0 0.7294879736863747 0.8380075278246434 0.007400602631601032 0.014084160131506707
0 0.758693923357514 0.8441106638816297 0.0087221388158153 0.012206272113972289
0 0.7469322513180054 0.8661758480876566 0.006871988157914899 0.007511552070136957
0 0.7445534861864193 0.9011515124142312 0.007929217105286596 0.01361468812712303
0 0.7606762276338356 0.879321064210396 0.006343373684229192 0.010328384096438157
0 0.788428487502339 0.8171160236295754 0.006343373684229334 0.010797856100821832
0 0.7793098878312594 0.7952855754257401 0.0087221388158153 0.015962048149040696
0 0.7856532615154888 0.7917645353928634 0.006079066447386339 0.01455363213589024
0 0.7561830046075064 0.7870698153490278 0.008986446052658153 0.014553632135890098
0 0.7289593592126888 0.701625910551221 0.006871988157915041 0.009858912092054624
0 0.7579010016469855 0.8243928396975204 0.00660768092107233 0.010328384096438157
0 0.7503682453969628 0.8248623117019039 0.004757530263172072 0.010328384096438157
0 0.7497074773048559 0.804909751515603 0.006079066447386339 0.01079785610082169
0 0.7434962572390478 0.8044402795112192 0.0058147592105434855 0.012675744118355965
0 0.7656980651338506 0.8081960555462877 0.008457831578972588 0.01079785610082169
0 0.7695305200680724 0.783548775316151 0.006607680921072188 0.014084160131506707
0 0.7351705792784969 0.8039708075068358 0.009779367763186855 0.009858912092054624
0 0.7851246470418028 0.768995143180261 0.010307982236872704 0.013145216122739499
0 0.7986043161207903 0.7471646949764255 0.011893825657930108 0.016431520153424372
0 0.8045512289497553 0.734254214855878 0.008457831578972445 0.015023104140273772
0 0.815784286515578 0.7319068548339602 0.007664909868443743 0.01502310414027363
0 0.7764025082259874 0.8185244396427259 0.007136295394758036 0.016431520153424372
0 0.7690019055943867 0.8192286476493013 0.007136295394758036 0.015023104140273772
0 0.7934503250023539 0.8211065356668353 0.008457831578972303 0.013145216122739356
0 0.7762703546075662 0.879321064210396 0.007929217105286738 0.015962048149040696
0 0.7596189986864641 0.9013862484164231 0.00740060263160089 0.010328384096438015
0 0.8194845878313786 0.8795558002125878 0.006079066447386339 0.012675744118355823
0 0.7959612437523614 0.7919992713950552 0.007664909868443743 0.013145216122739356
0 0.7938467858576184 0.7704035591934116 0.00660768092107233 0.013145216122739499
0 0.7937146322391966 0.7821403593030004 0.008457831578972445 0.007511552070136814
0 0.8120839851997776 0.7617183271123159 0.0060790664473864804 0.01643152015342423
0 0.8052119970418624 0.7598404390947817 0.006079066447386339 0.01079785610082169
0 0.7799706559233667 0.6821428223693036 0.00740060263160089 0.011267328105205223
0 0.8104981417787204 0.6976353985139607 0.007136295394758036 0.014084160131506564
0 0.8115553707260917 0.7797929992810826 0.009250753289501147 0.019717824184109247
0 0.801776002962905 0.8434064558750544 0.0060790664473864804 0.012675744118356107
0 0.7987364697392116 0.8328433357764243 0.006343373684229334 0.008450496078904024
0 0.825563654278765 0.746929958974234 0.007136295394757895 0.015023104140273772
0 0.6636754717124953 0.7438783909457407 0.004757530263172072 0.01079785610082169
0 0.6638076253309165 0.7546762470465626 0.00872213881581544 0.012675744118355965
0 0.6816483638178119 0.895987320366012 0.005814759210543769 0.009858912092054624
0 0.7030572500020856 0.8739221361599852 0.006343373684229334 0.015492576144657448
0 0.6856129723704549 0.8713400401358757 0.00740060263160089 0.012206272113972289
0 0.6710760743440961 0.859368504024095 0.006871988157915326 0.007981024074520348
0 0.7798385023049451 0.864767432074506 0.006607680921072188 0.010328384096438157
0 0.7835388036207456 0.8999778324032723 0.008193524342129593 0.014084160131506564
