0 0.20577168443117466 0.5638762181534167 0.0062811872719815654 0.0030942054731544744
0 0.2042013876131792 0.5576878072071078 0.005757754999316447 0.0025048330020774755
0 0.20734198124917 0.5389015596915269 0.003664025908655937 0.002946862355385207
0 0.2570680471523574 0.5335235358929488 0.0031405936359907827 0.0025048330020775466
0 0.2636109505606716 0.5546672732928378 0.004710890453986174 0.002946862355385207
0 0.34840697873242266 0.5709486878063413 0.006804619544646684 0.0022101467665388698
0 0.36790483088919873 0.5974704490048083 0.004449174317653686 0.0025048330020775466
0 0.44524194921968996 0.5743375795150343 0.00418745818132102 0.0025048330020774044
0 0.38347694106731395 0.522104446081755 0.004710890453986138 0.002946862355385207
0 0.39198271543179475 0.5431008385479508 0.0044491743176536145 0.0033888917086929383
0 0.4004884898626031 0.5428061523124122 0.0036640259086559014 0.0030942054731545455
0 0.4460270975844695 0.5242409194734854 0.0036640259086558303 0.0025048330020774044
0 0.1459067460054051 0.5359605908856888 0.004972606590318751 0.0027995192376158683
0 0.14957077191406096 0.5153325543979922 0.004449174317653597 0.0019154605310004768
0 0.2418257099712902 0.4939678023214493 0.005234322726651328 0.002210146766538941
0 0.26066927178723487 0.46589893838640506 0.004187458181321091 0.002062803648769673
0 0.31877025405306436 0.4635414485020968 0.005234322726651257 0.003241548590923813
0 0.32478972518871335 0.4882950922873327 0.005234322726651328 0.002946862355385278
0 0.13308492561355398 0.4876985568039692 0.004444633740764434 0.003227222566350676
0 0.5055047173263496 0.46582526682752035 0.003925742044988567 0.0033888917086930094
0 0.0638585376385279 0.5586746219233305 0.0046972271379625945 0.003305604791303054
0 0.040372401948714935 0.5309901817961676 0.004110073745717262 0.0024792035934773082
0 0.045950359175045516 0.5596663033607213 0.003522920353471939 0.0019833628747817043
0 0.11479409441580976 0.5585919818035479 0.0038164970495945917 0.0021486431143468822
0 0.06356496094240524 0.4864471572333595 0.006458687314698572 0.002644483833042344
0 0.26701361135541 0.4585974368666315 0.005284380530207926 0.004132005989128871
0 0.13989490193429735 0.4570272745907626 0.005284380530207908 0.002313923353912131
0 0.1215463585382341 0.46074607998097844 0.004990803908487281 0.003470883672875323
0 0.0893997102011995 0.4543001506379376 0.005284380530207926 0.0028097640726075213
0 0.07560160548343438 0.44801950153446185 0.004110073745717271 0.002479203593477237
0 0.07927131418496765 0.44760630093554893 0.002642190265103936 0.0029750443121726988
0 0.11728389010100347 0.4296459827496101 0.004990803834085238 0.0028097640726075924
0 0.09379775441119051 0.42923278215069716 0.0038164970495946095 0.0026444838330424857
0 0.11713710175294216 0.41287003571776154 0.004697227137962585 0.0029750443121726988
0 0.07823818951668943 0.4108866755589654 0.005577957226330588 0.00297504431217277
0 0.09321060101894518 0.3941933713628852 0.004990803834085256 0.0026444838330424146
0 0.09056841075384124 0.3881606426187571 0.006165110618575902 0.002479203593477237
0 0.13328382003968856 0.37221109950072007 0.004697227137962585 0.003636165270433338
0 0.14532046458071768 0.3628727659652891 0.004110073745717262 0.0028097640726075924
0 0.15133878685123225 0.3533691521902928 0.00440365044183995 0.003966725749563622
0 0.17453134586972333 0.3259326310644849 0.00440365044183995 0.003305604791303054
0 0.21020091442382602 0.3293208773335634 0.00411007374571728 0.003140324551737876
0 0.03757781710370074 0.36452556836094063 0.0052843805302079175 0.0031403245517378055
0 0.03111912978900217 0.3807230318383254 0.005871533922453236 0.002148643114346953
0 0.04946767329666855 0.36477348872028825 0.0038164970495946095 0.002313923353912131
0 0.054164900434631146 0.37064093722485114 0.004990803834085256 0.0031403245517378055
0 0.2535034771019186 0.3676658929126784 0.0049908038340852915 0.002479203593477166
0 0.251888805273244 0.37039301686550347 0.00411007374571728 0.002644483833042344
0 0.21651281348966603 0.38047511147897767 0.004403650441839915 0.0029750443121726988
0 0.273173115742137 0.4112998761578783 0.0038164970495946095 0.0028097640726075924
0 0.2460172713755915 0.4268362207139917 0.0035229203534719393 0.0024792035934773082
0 0.24029252587560165 0.4309682260241241 0.006165110618575902 0.002148643114346953
0 0.2231182891028245 0.4036143450180987 0.005284380530207891 0.002313923353912131
0 0.21739354347883122 0.40105250130483894 0.003816497049594574 0.003140324551737876
0 0.2808061098413262 0.38204527375484654 0.0032293436573492683 0.002479203593477166
0 0.2915216592498034 0.37369862165680645 0.003522920353471939 0.0029750443121726988
0 0.26010895276467855 0.37485558333376245 0.00411007374571728 0.003636165270433338
0 0.2570263974553906 0.3789875893228913 0.0049908038340852915 0.00297504431217277
0 0.32425546086748014 0.393449610284842 0.005577957226330525 0.0028097640726075213
0 0.3470076548169865 0.4070852300489669 0.004110073745717245 0.0029750443121726988
0 0.36873233033006353 0.4208034899328744 0.004697227137962585 0.00297504431217277
0 0.38913591071058845 0.3785743887239784 0.004990803834085185 0.003140324551737876
0 0.3492094800379064 0.34502250009225277 0.003229343657349304 0.004132005989128871
0 0.2878519506226722 0.35659211482482406 0.0044036504418400214 0.0028097640726075213
0 0.29137487095134346 0.35171634843664845 0.004403650441839915 0.0029750443121726988
0 0.3003289601334832 0.34469193961312244 0.004697227137962549 0.003140324551737876
0 0.32851232296125876 0.370475656985286 0.004110073745717245 0.0034708850308681604
0 0.3245490375636028 0.3714673384226769 0.004990803834085185 0.0024792035934773082
0 0.05093555677728186 0.3127102132572658 0.005577957226330579 0.0029750443121726988
0 0.035522780230842106 0.29990099469096654 0.004697227137962599 0.003140324551737841
0 0.10891695426150762 0.2865132952861893 0.004697227137962585 0.0034708850308681604
0 0.12051323378315341 0.2751089553612118 0.004403650441839932 0.0028097640726075573
0 0.03743102875563941 0.27428255755836817 0.006165110618575898 0.0024792035934772727
0 0.043889716070337974 0.26544006474163256 0.004403650441839932 0.003966725749563622
0 0.04242183258972466 0.24378835335859775 0.005577957226330575 0.0026444838330423794
0 0.09996286502976641 0.23155761563077656 0.0038164970495945917 0.0026444838330424146
0 0.11772425514518747 0.25866357491946135 0.004697227137962603 0.0026444838330423794
0 0.14590761797296303 0.2518870850972902 0.0052843805302079435 0.0029750443121727343
0 0.14091681411407714 0.2621344599503295 0.005871533922453249 0.002313923353912131
0 0.16719192844185599 0.2587462150392439 0.00440365044183995 0.002479203593477237
0 0.13049484147612467 0.2794062449848878 0.004403650441839932 0.002148643114346953
0 0.15324703537602957 0.29130642223357867 0.005284380530207926 0.0028097640726075924
0 0.17966893802706912 0.28907513899944914 0.005284380530207891 0.00297504431217277
0 0.22135682897568998 0.3179165414825643 0.004110073745717245 0.0028097640726075213
0 0.18392580012084775 0.26932415037141355 0.004403650441839915 0.002479203593477237
0 0.21269631634086864 0.2997357144514014 0.004403650441839915 0.0028097640726075213
0 0.22355865409740713 0.28163752821901733 0.0032293436573492327 0.003305604791302983
0 0.2254669026222044 0.26808454857467495 0.004110073745717316 0.004297286228693977
0 0.15324703537602954 0.2684151090538052 0.00411007374571728 0.003305604791302983
0 0.19610923300993824 0.23849938569251294 0.00411007374571728 0.0029750443121727343
0 0.03933927728043671 0.22626864796469173 0.004110073745717271 0.0029750443121726988
0 0.06150431783769769 0.21271566832034935 0.004403650441839932 0.0026444838330424146
0 0.09585279128404917 0.21288094855991452 0.004403650441839932 0.0023139233539120952
0 0.14223790927142976 0.22792145036034323 0.00440365044183995 0.0026444838330424146
0 0.15647637903337885 0.2247811258086054 0.0046972271379626205 0.0026444838330423794
0 0.1771735361100265 0.22709504916251752 0.0049908038340852915 0.0023139233539120952
0 0.1789349962867625 0.22015327910078114 0.004990803834085256 0.0029750443121727343
0 0.20579726398198606 0.21271566832034935 0.004697227137962585 0.002313923353912131
0 0.21739354347883122 0.2210623204183895 0.004403650441839915 0.0021486431143469885
0 0.23398062680976162 0.22891313179773415 0.005871533922453232 0.0026444838330424146
0 0.23926500733996953 0.21850047670512965 0.004110073745717245 0.0029750443121726988
0 0.22370544244546844 0.20932742340926377 0.004110073745717316 0.002479203593477237
0 0.28858589228857673 0.27461311803749844 0.004697227137962692 0.0028097640726075924
0 0.30620049417993994 0.2678366282153272 0.0035229203534719393 0.0028097640726075924
0 0.2758153060072409 0.2697373509703265 0.004403650441839915 0.0026444838330423794
0 0.2442558111740548 0.25734133300294015 0.005871533922453267 0.002313923353912131
0 0.2442558111740548 0.26610118569989316 0.004110073745717245 0.0029750443121726988
0 0.24777873152752672 0.2766791210320628 0.0029357669612266337 0.0023139233539120952
0 0.25320990040579594 0.2732082360011946 0.0038164970495946095 0.0029750443121727343
0 0.2567328207592679 0.27502631863641125 0.0049908038340852915 0.002975044312172663
0 0.25174201692518267 0.29196754319183926 0.0038164970495946095 0.0028097640726075213
0 0.24161362090895083 0.2965953898996635 0.003522920353471939 0.0031403245517379118
0 0.25790712754375855 0.30064475576900973 0.005577957226330561 0.0026444838330423794
0 0.26803552355999044 0.3121317324187877 0.005284380530207926 0.002809764072607557
0 0.28183362827775554 0.3072559653516157 0.004110073745717245 0.001983362874781811
0 0.26920983034448104 0.2973391509777067 0.005871533922453267 0.0029750443121727343
0 0.28858589228857673 0.29205018331162186 0.005871533922453267 0.002313923353912131
0 0.37254882737965805 0.2848604928905378 0.0035229203534719034 0.0028097640726075924
0 0.3936863495004897 0.2975870713370544 0.004697227137962585 0.0041320059891288
0 0.37665890112537537 0.29419882642596884 0.004697227137962656 0.0033056047913030185
0 0.3750442292967007 0.2975870713370544 0.006165110618575866 0.003470885030868196
0 0.3615397012750583 0.3135366144550915 0.0038164970495946447 0.0026444838330423794
0 0.3509709402146424 0.314032455173787 0.0038164970495946447 0.0026444838330423794
0 0.36095254788281295 0.3173380599650899 0.0038164970495946447 0.00264448383304245
0 0.3663837167610822 0.32180062643334906 0.005871533922453196 0.003305604791303054
0 0.3781267846059887 0.31295813361661345 0.0035229203534719034 0.0038014455099985157
0 0.3930991962322481 0.3260152711842676 0.004110073745717316 0.002148643114346953
0 0.35889751100995426 0.3302299186511718 0.0038164970495946447 0.00297504431217277
0 0.35566816735260504 0.33262648212486645 0.004403650441839986 0.0028097640726075213
0 0.47564290617080396 0.4094296885013356 0.004763233681252643 0.002107006584100475
0 0.47360152030741 0.43844891554599164 0.004763233681252643 0.00268164474340054
0 0.48619006646500634 0.4417051984486923 0.0040827717267879395 0.0019154605310003348
0 0.47462221323910697 0.37772881671327896 0.006124157590182051 0.0019154605310004059
0 0.4230772201884083 0.3313746718630693 0.0037425407495556584 0.0030647368496005355
0 0.41508179236715825 0.339419606093271 0.004082771726788153 0.0030647368496006066
0 0.4419600394248029 0.34267588899597157 0.004763233681252714 0.0030647368496006066
0 0.4246082595859538 0.34832649756242273 0.0047632336812527855 0.002873190796500609
0 0.4246082595859538 0.35819111929707487 0.004082771726788082 0.0030647368496006066
0 0.4720704809098645 0.349284227827923 0.005783926612949699 0.002873190796500609
0 0.48278775669268303 0.3414308396508213 0.0034023097723233776 0.00402246711510088
0 0.4361761128118532 0.2769755927826579 0.004763233681252714 0.00268164474340054
0 0.4519968532531567 0.27209116842860687 0.0037425407495556584 0.003639375008900778
0 0.4599922812181165 0.29153309281826095 0.004082771726788011 0.0030647368496006778
0 0.46645666978553096 0.30178080665911305 0.004763233681252714 0.002490098690300471
0 0.4550589320482477 0.29833297770331235 0.0044230027040203625 0.002107006584100475
0 0.4817670637609861 0.29143731979171095 0.005443695635717418 0.003256282902700711
0 0.47938544692035967 0.2943105105882115 0.004763233681252643 0.002107006584100475
0 0.4452050319151767 0.3184878161012499 0.004026402097424153 0.003885972336771708
0 0.42953082375020446 0.3195402669424589 0.007765204045032092 0.0034002257946752577
0 0.45210743551076077 0.3244786901204397 0.004601602397056084 0.0032383102806431197
0 0.4641866418030331 0.31614004114778366 0.004026402097424224 0.0034002257946752577
0 0.46778164367573316 0.3239119858213272 0.0031636016479760086 0.0027525637385465984
0 0.38107019850620744 0.30682989909093467 0.005752002996320016 0.002914479252578808
0 0.38351479968246016 0.30925863113624336 0.0043140022472400825 0.0019429861683858717
0 0.33002117191386643 0.2762278669388573 0.0048892025468720846 0.0025906482245144956
0 0.3431069787304947 0.30051519404368066 0.0063272032959521595 0.002266817196450148
0 0.34066237745705863 0.2912860097438478 0.0048892025468720846 0.002266817196450148
0 0.3446887795544827 0.2730705144152302 0.004314002247240012 0.0030763947666109814
0 0.3538919843485949 0.26772730245216914 0.005464402846504086 0.0027525637385465984
0 0.3666901910154071 0.26327462581628486 0.005752002996320087 0.002914479252578808
0 0.37848179715786334 0.26910358432144244 0.0063272032959521595 0.003562141308707396
0 0.3935808050232037 0.267565386938137 0.0037388019476081525 0.00372405682273957
0 0.255676533186429 0.24522104600169953 0.0046016023970561195 0.002428732710482322
0 0.2503559304148329 0.24797360974024618 0.006039603146136123 0.003076394766610946
0 0.2700565406772293 0.2517786243200018 0.0034512017977920808 0.0025906482245144956
0 0.27782174472226145 0.2553407656287092 0.005752002996320123 0.003238310280643084
0 0.3303087720636825 0.24489721497363517 0.004314002247240012 0.002752563738546634
0 0.34267557850577063 0.25566459665677355 0.0048892025468720846 0.0032383102806431553
0 0.3429631786555866 0.24263039777718504 0.004314002247240083 0.0034002257946752577
0 0.35331678404896294 0.24246848226315287 0.004314002247240083 0.0027525637385466695
0 0.3701413928131993 0.25331682170330727 0.004601602397056084 0.0034002257946752577
0 0.38020739805675946 0.25963152675056134 0.004601602397056155 0.0030763947666109103
0 0.3498655822511708 0.26230313273209194 0.006039603146136159 0.002914479252578808
0 0.3981824074202598 0.23882538319742935 0.0031636016479760086 0.0035621413087074316
0 0.44808103341333677 0.23793484787025254 0.004026402097424082 0.0027525637385466695
0 0.45785943850708094 0.2536406527313716 0.005176802696688085 0.0027525637385465984
0 0.4672064433761012 0.25404544151645203 0.004889202546872156 0.0025906482245145667
0 0.05176802696688101 0.19365095478245797 0.008052804194848164 0.002914479252578808
0 0.06873643580602534 0.16871596562150606 0.0034512017977920716 0.004209803364836055
0 0.07937764134921756 0.18239782655722314 0.006327203295952124 0.002752563738546634
0 0.09807165108725792 0.17470683964069578 0.004026402097424082 0.0035621413087074316
0 0.09893445153670591 0.18911732038955764 0.006902403595584143 0.0025906482245144956
0 0.13402166981425861 0.17875472749149968 0.0057520029963201045 0.002266817196450148
0 0.17931869341027948 0.18304548861335185 0.00488920254687212 0.0030763947666109814
0 0.21066710974022412 0.19251754618423292 0.0066148034457681245 0.0029144792525787723
0 0.19959450397230788 0.17235906468722959 0.004601602397056084 0.0030763947666109814
0 0.22504711723102439 0.18782199627730037 0.00488920254687212 0.002914479252578808
0 0.23180572075170056 0.2012609839419693 0.005752002996320123 0.003238310280643084
0 0.25351953206280897 0.203042054596323 0.0071900037454001265 0.003238310280643084
0 0.26962514045250524 0.17907855851956397 0.0048892025468720846 0.0035621413087074316
0 0.2923455522879697 0.1670158527241684 0.004314002247240083 0.004047887850803882
0 0.30571895925441395 0.1611868942190108 0.004601602397056048 0.002752563738546634
0 0.30485615880496597 0.17681174132311384 0.004601602397056048 0.002914479252578843
0 0.3106081618012861 0.18660762992205926 0.004601602397056084 0.002752563738546634
0 0.26933754030268925 0.1539816538445799 0.0048892025468720846 0.0019429861683858717
0 0.28041014607060544 0.13301359477741578 0.0034512017977920808 0.00242873271048234
0 0.35633658562203097 0.203042054596323 0.002876001498160079 0.0022668171964501838
0 0.3502969824758948 0.2173715775881688 0.005176802696688085 0.002428732710482322
0 0.33289717341202646 0.23170110058001456 0.005464402846504086 0.0016191551403215599
0 0.35087218277552684 0.2274103394581624 0.004026402097424011 0.002752563738546705
0 0.35259778367442285 0.23024386095372512 0.004026402097424011 0.0022668171964501838
0 0.39343700494829564 0.224900648990664 0.0034512017977920808 0.0019429861683858717
0 0.40609141154019995 0.19826554693237441 0.0034512017977920808 0.002752563738546705
0 0.4000518083940638 0.2129998587093006 0.005752002996320087 0.002428732710482322
0 0.4029278098922239 0.2168858310460723 0.004601602397056013 0.0030763947666109814
0 0.38063879828148345 0.18401698169754474 0.0048892025468720846 0.002428732710482322
0 0.3815015987309314 0.17826898094940322 0.004314002247240083 0.0025906482245144956
0 0.3865346013527116 0.1758402482389209 0.004026402097424082 0.0025906482245144956
0 0.3999080083191558 0.1620774295461877 0.0048892025468720846 0.002266817196450148
0 0.41227481476124406 0.17244002244424564 0.005464402846504157 0.002914479252578843
0 0.3557613853223989 0.14839556861047054 0.004601602397056013 0.0027525637385466695
0 0.3540357844235029 0.140542666179911 0.00690240359558409 0.00259064822451446
0 0.36927859236375127 0.13819489122644474 0.005176802696688085 0.00242873271048234
0 0.34023097723233464 0.13414700337564084 0.004601602397056084 0.002752563738546634
0 0.3226873680935583 0.13382317234757657 0.005752002996320087 0.0021049016824180454
0 0.32858317116478636 0.12095088565615214 0.006039603146136159 0.0019429861683858717
0 0.3773313965585993 0.1615916830040912 0.002876001498160079 0.002266817196450148
0 0.38567180090326353 0.16312988038739668 0.004026402097424153 0.0034002257946752577
0 0.38092639843129944 0.16312988038739668 0.0037388019476080102 0.002752563738546634
0 0.06772983528166933 0.13843776449749298 0.004314002247240083 0.0032383102806431197
0 0.11877886187401032 0.12896570692661188 0.004601602397056084 0.003076394766610946
0 0.1325836690651786 0.14459055403071489 0.004026402097424082 0.002266817196450166
0 0.13172086861573057 0.14726216001224546 0.005176802696688085 0.0017810706543536802
0 0.17701789221175146 0.1406236239369271 0.006039603146136123 0.0027525637385466518
0 0.2113861101147641 0.12758942505733856 0.005752002996320087 0.002914479252578808
0 0.23482552232476858 0.12208429758024528 0.004314002247240083 0.0022668171964501838
0 0.21627531266163622 0.14337618767547372 0.005752002996320123 0.0030763947666109814
0 0.20764730816715604 0.15131004786304936 0.004026402097424082 0.003076394766610946
0 0.2438849270439728 0.1339850878616087 0.005176802696688121 0.0034002257946752754
0 0.25265673161336094 0.1344708344037052 0.004314002247240118 0.003076394766610946
0 0.25869633475949705 0.13544232748789808 0.004314002247240083 0.003076394766610946
0 0.04659122427019291 0.12880379141257972 0.003451201797792063 0.0017810706543537336
0 0.06485383378350927 0.11706491664524844 0.005464402846504104 0.003238310280643102
0 0.1438000749080028 0.11245032449533202 0.0034512017977920808 0.0017810706543537158
0 0.17299149011432738 0.1099406340278336 0.005464402846504086 0.0025906482245145134
0 0.20232670539555997 0.10054953421396856 0.004314002247240048 0.0022668171964502016
0 0.15602308127518302 0.10694519701823872 0.005464402846504104 0.003076394766610946
0 0.21857611386016426 0.1099406340278336 0.004026402097424082 0.003562141308707414
0 0.22447191693139237 0.11925077608468254 0.0048892025468720846 0.0021049016824180276
0 0.26344173723146114 0.10524508412090108 0.004601602397056084 0.0035621413087074316
0 0.26775573947870124 0.10540699963493325 0.004026402097424046 0.00291447925257879
0 0.251506331014097 0.11568863610632228 0.006039603146136123 0.004047887850803864
0 0.25078733063955694 0.1186031140285539 0.0034512017977920808 0.0014572396262893862
0 0.3668339911146109 0.11795544997690445 0.006039603146136159 0.002428732710482322
0 0.38279579940510344 0.11091212711202653 0.0034512017977920808 0.0019429861683858717
0 0.3633827892925231 0.10378784449461169 0.004314002247240012 0.0032383102806431197
0 0.3610819880939951 0.10905009870065674 0.0048892025468720846 0.00210490168241801
0 0.3704289929630153 0.10686423926122263 0.005176802696688085 0.0022668171964502016
0 0.33419137449922715 0.10613561878290435 0.005752002996320087 0.00242873271048234
0 0.3389367765581626 0.10734998580331911 0.004314002247240154 0.0019429861683858717
0 0.4134252153605081 0.11058829608396223 0.0037388019476080813 0.0032383102806431375
0 0.5378122801559306 0.5847578789271296 0.0063272032959521595 0.002428732710482251
0 0.5682978960364271 0.5724522998606859 0.004026402097424082 0.0021049016824180454
0 0.5444270836016987 0.5471934796716696 0.005752002996320016 0.002428732710482251
0 0.6061173157372319 0.48461313349824153 0.006039603146136088 0.0016191551403215243
0 0.6174775216549641 0.49853786770500685 0.004601602397055942 0.0025906482245144956
0 0.6357401311682804 0.5015333047146017 0.005464402846504157 0.001781070654353698
0 0.6492573382096327 0.5046096994812127 0.006039603146136159 0.0021049016824180454
0 0.6614803445768129 0.4974044591067818 0.004026402097424153 0.0038859723367717434
0 0.7681800001585511 0.5429836763068335 0.004601602397056155 0.002428732710482393
0 0.7942078137168997 0.5386929151849814 0.004889202546872156 0.0029144792525787723
0 0.8083002210578837 0.5046906572382288 0.006039603146136159 0.0032383102806431197
0 0.8652450507214531 0.5104386579863703 0.005464402846504299 0.003076394766610946
0 0.858917847425501 0.5426598452787692 0.004314002247240154 0.004047887850803917
0 0.8301578324439004 0.5623325802336762 0.005464402846504157 0.0019429861683858008
0 0.8147712244287441 0.5698616516361713 0.004026402097424011 0.0034002257946752932
0 0.7716312019563432 0.5907487529463193 0.005752002996320016 0.0030763947666108747
0 0.8497146426313887 0.5955252606102681 0.002588401348344007 0.0019429861683858717
0 0.5319164770847025 0.4676120045248651 0.0048892025468720846 0.0019429861683858008
0 0.5293280757363584 0.4534443970470515 0.006039603146136017 0.0027525637385465984
0 0.563121093339739 0.43587656377456263 0.004601602397056084 0.0025906482245144956
0 0.5828217036021355 0.42170895629674904 0.006039603146136017 0.0034002257946752225
0 0.51911827041789 0.42519013984844034 0.004601602397056084 0.0022668171964502905
0 0.561251692365935 0.3959643895656363 0.00661480344576816 0.0027525637385466695
0 0.5553558892947069 0.3771012321808901 0.004026402097424153 0.0032383102806431197
0 0.510058865698686 0.3845493458263693 0.005464402846504157 0.0025906482245144956
0 0.5777887009803553 0.3537853981602598 0.0063272032959521595 0.0025906482245144956
0 0.5960513104936717 0.37702027442387404 0.004314002247240154 0.0027525637385466695
0 0.6363153314679125 0.39191650171483233 0.004314002247240083 0.00372405682273957
0 0.6502639387339887 0.4011456860146653 0.0023008011985280064 0.0030763947666108747
0 0.6813247549141174 0.39701684040684526 0.004601602397056013 0.0025906482245144245
0 0.6836255561126454 0.3848731768544337 0.005176802696688014 0.003562141308707396
0 0.665362946599329 0.4247043933063439 0.004314002247240012 0.00420980336483602
0 0.8035548185859198 0.46267358134688436 0.005752002996319874 0.0027525637385465984
0 0.8773242570137252 0.4344193241482732 0.004314002247240012 0.002266817196450148
0 0.7992408163386796 0.40754134881893544 0.0063272032959521595 0.0025906482245144956
0 0.8310206328933484 0.3834159372281442 0.0037388019476080102 0.0032383102806431197
0 0.8489956422568485 0.37523920376952036 0.004601602397056155 0.0027525637385465984
0 0.8776118571635412 0.3734581331151666 0.0037388019476080102 0.0027525637385465984
0 0.7479041895965227 0.3511947499357453 0.005464402846504157 0.0016191551403215954
0 0.6923973606820336 0.3513566654497774 0.00719000374540002 0.0019429861683858008
0 0.7381257845027784 0.31638291441883193 0.00661480344576816 0.002914479252578808
0 0.7972276152899676 0.3317648882518867 0.004601602397056013 0.0029144792525787723
0 0.8602120480996729 0.3181639850731856 0.004601602397056013 0.00259064822451446
0 0.6863577575358975 0.31654482993286404 0.004889202546872156 0.002266817196450148
0 0.5979207114674757 0.33306021236414396 0.005752002996320158 0.0016191551403215243
0 0.5659970948378991 0.32982190208350076 0.004026402097424082 0.0025906482245144956
0 0.5375246800061145 0.3455277069446198 0.0034512017977920096 0.0022668171964502193
0 0.5427014827028026 0.30334871553924336 0.004601602397056084 0.0034002257946752577
0 0.5707424973098632 0.31727344974600874 0.0037388019476081525 0.002752563738546705
0 0.509483665399054 0.2749325428266001 0.004314002247240083 0.0035621413087074316
0 0.6321451292955804 0.3035915888102916 0.004601602397056084 0.003238310280643084
0 0.6226543244002437 0.3022153042803239 0.004601602397056084 0.0024287327104823573
0 0.6204973232280322 0.2970340104919893 0.0048892025468720846 0.004047887850803882
0 0.660329943977549 0.2591457802084649 0.004601602397056297 0.002752563738546634
0 0.8106010222564118 0.2525881992294681 0.0054644028465040155 0.0019429861683858717
0 0.6003653127409118 0.2608458931058026 0.0037388019476081525 0.0029144792525787723
0 0.5707424973098632 0.25955056899354534 0.0048892025468720846 0.002914479252578808
0 0.5365180794817586 0.2582552448812881 0.0048892025468720846 0.002266817196450148
0 0.5736184988080233 0.2681320912372495 0.004889202546872013 0.00259064822451446
0 0.605254515287784 0.2714513592749087 0.0048892025468720846 0.002428732710482322
0 0.608849517160484 0.27080369721878017 0.0034512017977920096 0.002752563738546705
0 0.5746250994052664 0.29395761306468393 0.004026402097424082 0.002428732710482322
0 0.5752002996320112 0.3039154198383559 0.005176802696688014 0.002266817196450148
0 0.5832531038268595 0.3044011663804524 0.004601602397056013 0.0025906482245144956
0 0.5918811083213398 0.30739660339004726 0.005176802696688085 0.0034002257946752577
0 0.5642714939390031 0.29930082768843946 0.005176802696688085 0.0030763947666109103
0 0.5687292962611512 0.30051519404368066 0.0037388019476080102 0.0035621413087074316
0 0.5645590940888191 0.23736814357114 0.004601602397056226 0.00259064822451446
0 0.5224256721407743 0.22830087478533925 0.005464402846504157 0.0016191551403215599
0 0.5009994609794819 0.22077180338284408 0.004601602397056155 0.0030763947666109814
0 0.4808674504923614 0.21696678880308837 0.004026402097424011 0.0019429861683858364
0 0.508908465099422 0.20215151926914615 0.0054644028465040155 0.002752563738546705
0 0.5291842756614504 0.18498847478173766 0.00402640209742394 0.002428732710482322
0 0.48101125056726945 0.18579805235189847 0.0037388019476080102 0.002428732710482322
0 0.47066013999635986 0.18012313791869985 0.0043090126023068364 0.0020891587982717398
0 0.5314850768599784 0.1615916830040912 0.005176802696688085 0.002914479252578808
0 0.5437080832271587 0.1408664972079753 0.006039603146136159 0.003562141308707414
0 0.5429890828526187 0.15406261160159598 0.0063272032959521595 0.0021049016824180276
0 0.5693044965607831 0.13730435589926787 0.004889202546871942 0.00291447925257879
0 0.5874233059991915 0.1355232852449142 0.004314002247240012 0.002590648224514478
0 0.6169023215011069 0.15228153762137425 0.004601602397056084 0.002752563738546634
0 0.6340145302693844 0.14378097646055413 0.0031636016479760086 0.00291447925257879
0 0.6084181169357599 0.16750159926626487 0.004314002247240083 0.0021049016824180454
0 0.5835407039766755 0.1663681906680398 0.0034512017977920808 0.0034002257946752932
0 0.6121569189805512 0.20182768691073463 0.004314002247240154 0.002752563738546705
0 0.6078429166361279 0.21510476039171864 0.005464402846504086 0.002752563738546634
0 0.6154643206062521 0.23186301609404672 0.004026402097424011 0.002590648224514531
0 0.6135949197053355 0.2343727045660243 0.004889202546872227 0.001781070654353698
0 0.6348773307188325 0.21461901384962215 0.0048892025468720846 0.0027525637385466695
0 0.6935477612812976 0.19227467291318467 0.004314002247240012 0.002428732710482322
0 0.7008815651016057 0.1906555177728631 0.005176802696688014 0.0037240568227395344
0 0.819229026750892 0.23502036861767372 0.004889202546872013 0.002428732710482322
0 0.8570484464516969 0.24926893385250345 0.005176802696688156 0.0027525637385466695
0 0.7927698129678195 0.20862813983043238 0.005464402846504157 0.0034002257946752932
0 0.7428711869747425 0.2235243671213907 0.008052804194848022 0.002428732710482322
0 0.8281446314437798 0.18482655660701108 0.0031636016479760086 0.0034002257946752932
0 0.8451130402343325 0.18377410842649652 0.004889202546872013 0.0019429861683858717
0 0.8577674468262368 0.19106030655794348 0.006614803445768302 0.0016191551403215599
0 0.6932601611314817 0.1835312351554483 0.003163601647976151 0.0021049016824180454
0 0.47439644712150125 0.208223351045352 0.0048892025468720846 0.0022668171964502193
0 0.6486821379100007 0.11002159178484966 0.005464402846504157 0.002752563738546634
0 0.6600423438277329 0.11730778991629666 0.005176802696688156 0.002428732710482322
0 0.6689579484720292 0.11819832524347351 0.00287600149816015 0.0029144792525787723
0 0.6673761476480411 0.12402728374863109 0.0037388019476080102 0.00291447925257879
0 0.6834817560377374 0.13001815776782089 0.0037388019476081525 0.0022668171964502016
0 0.6840569563373694 0.13835680674047687 0.004314002247240012 0.0027525637385466518
0 0.7277721791094023 0.1309896508520138 0.0037388019476080102 0.004533634392900332
0 0.7932012131925436 0.11941269159871468 0.004026402097424011 0.002428732710482322
0 0.7860112094471432 0.14620970917103646 0.005752002996320158 0.002266817196450166
0 0.8068622203088038 0.14823365309643838 0.004889202546872013 0.0021049016824180276
0 0.8518716437550087 0.13592807402999454 0.0034512017977920096 0.0030763947666109636
0 0.41860201805719627 0.1959987297359242 0.005464402846504086 0.0017810706543537336
0 0.42636722222370727 0.1763259927854965 0.0031636016479760086 0.002590648224514531
0 0.4368646275705126 0.1628060493593324 0.004601602397056084 0.0030763947666109103
0 0.4404596294432126 0.15527697795683715 0.004314002247240083 0.0022668171964502016
0 0.4464992325893487 0.15641038655506223 0.0037388019476080102 0.0025906482245144956
0 0.45599003753327694 0.16280604935933238 0.006614803445768231 0.002428732710482322
0 0.4569966380576329 0.1813453757160142 0.004601602397056155 0.002590648224514531
0 0.4490876339376928 0.18304548861335185 0.0031636016479760086 0.0030763947666109814
0 0.4355704268963405 0.19786075814729404 0.004314002247240154 0.0025906482245145667
0 0.43628942727088055 0.20255630805422656 0.004601602397056155 0.002266817196450255
0 0.4666312430764691 0.20725185796115908 0.0037388019476080102 0.00259064822451446
0 0.4659122427019291 0.21971935254163505 0.005752002996320158 0.0022668171964501838
0 0.4542644366343809 0.20093715291390496 0.0037388019476080102 0.002914479252578808
0 0.455558637405736 0.19721309542599172 0.002876001498160079 0.0025906482245144956
0 0.45354543625984084 0.19316520824036154 0.004601602397056155 0.00259064822451446
0 0.4925152565599096 0.1048402953358207 0.004314002247240083 0.0030763947666109636
0 0.4817302509904009 0.11269319510568579 0.004026402097424082 0.002914479252578808
0 0.4922276564100936 0.12872283365556364 0.006039603146136088 0.0029144792525788252
0 0.5192620704927982 0.1237844104775829 0.0048892025468720846 0.0030763947666109814
0 0.506751463975802 0.12119376225306841 0.004601602397056226 0.002752563738546616
0 0.508908465099422 0.11455522617775 0.004314002247240154 0.0034002257946752577
0 0.4548396370311961 0.11091212245581125 0.006039603146136088 0.0022668171964501838
0 0.4912210558857376 0.09609685757808428 0.0069024035955841615 0.0040478878508039
0 0.5168174692193621 0.10208773159727405 0.004601602397056084 0.003076394766610946
0 0.48288065154107346 0.13495658094580162 0.005752002996320158 0.0024287327104823577
0 0.4731022464473293 0.13398508786160868 0.006902403595584019 0.0034002257946752577
0 0.4439108312410046 0.13479466543176943 0.004314002247240083 0.0021049016824180276
0 0.43542662682143246 0.14021883515184666 0.005176802696688085 0.003885972336771708
0 0.4286680233007564 0.13260880599233535 0.0037388019476081525 0.0035621413087074316
0 0.41802681787904317 0.14540013027052848 0.0043140022472400825 0.00291447925257879
0 0.41716401730811614 0.14831461085345446 0.00661480344576816 0.001942986168385854
0 0.43643322734578854 0.10556891514896542 0.0037388019476080102 0.003238310280643102
0 0.44462983161554476 0.1019258160832419 0.005176802696688085 0.0034002257946752577
0 0.4512446350613128 0.10224964711130621 0.004026402097424082 0.0034002257946752754
