0.0 0.3707105502330381 0.20440389809093346 0.011315951444679317 0.009901457514094148
0.0 0.3678815623718682 0.1846009830627448 0.010372955490956048 0.00801546560664761
0.0 0.3735395380942078 0.12448499101288597 0.006600971676062972 0.00942995953723269
0.0 0.4631241536979189 0.10727531485743605 0.005657975722339614 0.00801546560664832
0.0 0.4749116031194599 0.17493527453708105 0.008486963583509421 0.00942995953723269
0.0 0.6276769476226302 0.22703580098029227 0.012258947398402498 0.007072469652924696
0.0 0.6628035468988221 0.3119054368153865 0.008015465606647964 0.00801546560664832
0.0 0.8021311991410978 0.2378802544481097 0.007543967629786152 0.00801546560664761
0.0 0.6908576766415828 0.07073422746161598 0.008486963583509421 0.00942995953723269
0.0 0.7061813607700927 0.13792268335344246 0.008015465606647787 0.010844453467817062
0.0 0.7215050450180959 0.1369796873997192 0.006600971676062883 0.009901457514094858
0.0 0.8035456929920208 0.07757094231515324 0.006600971676062883 0.00801546560664761
0.0 0.26286012210036264 0.1150738908342042 0.008958461560371144 0.008958461560370523
0.0 0.26946109377642546 0.049064174073575016 0.008015465606647787 0.006129473699201781
0.0 0.11504514671441042 0.18775879015465763 0.00846234826573573 0.010577935332170085
0.0 0.07273340538573175 0.09916858174773643 0.007404554732518753 0.007933451499127386
0.0 0.08278244395129294 0.1909321707543082 0.006346761199301798 0.006346761199301198
0.0 0.2068087357209823 0.18749434177135313 0.006875657965910253 0.006875657965910165
0.0 0.9689024359684189 0.27122521256681476 0.011398852187863896 0.007771944673542919
0.0 0.9808194178011853 0.15101913494934288 0.010362592898057698 0.007771944673542919
