0.0 0.014300580938890129 0.870691738971542 0.006742421069121462 0.011646000028482461
0.0 0.02870484413201311 0.9329058970184351 0.007355368439041499 0.009807157918721998
0.0 0.04035084416049557 0.9656985813091618 0.008581263178881925 0.007968315808961535
0.0 0.01981710726817134 0.9546655286505995 0.007968315808961535 0.006742421069121462
0.0 0.06793347580690146 0.932599423333475 0.009807157918721998 0.01042010528864239
0.0 0.0636428442174605 0.9417936338822768 0.008581263178881571 0.006742421069121462
0.0 0.007245986758714551 0.7613915131848081 0.007253815028640531 0.008808203963349293
0.0 0.02486239468541296 0.8116500887403891 0.009326333608252213 0.008808203963349115
0.0 0.04170160814475725 0.8129454128526465 0.00880820396334947 0.008290074318446727
0.0 0.17771063993176775 0.9707158897255788 0.008290074318446371 0.010880722542960797
0.0 0.11786666594548319 0.8797841370451204 0.007771944673543629 0.011398852187863896
0.0 0.33884895949656907 0.971493084192933 0.008290074318446371 0.010362592898057698
0.0 0.32175068130231405 0.9670889736970365 0.008290074318446371 0.007771944673543629
0.0 0.3178647088780018 0.9505088335743658 0.008808203963349115 0.012953241122572479
0.0 0.38962566469705295 0.8292664966670877 0.008290074318446727 0.008808203963349115
0.0 0.6603484041588169 0.808282237534298 0.009844463253154957 0.00621755573883469
0.0 0.2815956337347988 0.8347068579385682 0.006735685383737788 0.009326333608252213
0.0 0.22822828030980027 0.830561820779345 0.008808203963349115 0.009326333608252213
0.0 0.16657085256635557 0.8264167836201219 0.008808203963349115 0.007253815028640531
0.0 0.23340957675882948 0.8580226919591984 0.008808203963349115 0.008290074318446371
0.0 0.29040383769814826 0.8686443496797078 0.008808203963349115 0.007771944673543274
0.0 0.2968804582594345 0.8665718311000965 0.00621755573883469 0.00880820396334947
0.0 0.2352230306473002 0.9406643618069885 0.007253815028640531 0.007771944673543274
0.0 0.23625928980579528 0.9725293434827389 0.009326333608251858 0.007253815028640531
0.0 0.25076691986307653 0.9740837324174476 0.008290074318446371 0.008290074318446371
0.0 0.26631080921016376 0.9836691308481512 0.009326333608252213 0.010880722542960797
0.0 0.21657036329948537 0.9577626486030063 0.009326333608252213 0.009844463253154957
0.0 0.22460137279548018 0.9616486209397781 0.006735685383737433 0.011398852187863896
0.0 0.2170884929443881 0.759578059427648 0.008290074318446727 0.008290074318446194
0.0 0.1411824999661137 0.7305627993130857 0.00984446325315531 0.005181296449029027
0.0 0.10258184142084784 0.7064697708251011 0.008290074318446371 0.009844463253155133
0.0 0.06631276627764482 0.6942937241698828 0.007253815028640531 0.00621755573883469
0.0 0.11683040665567752 0.6468848616612677 0.009844463253154957 0.00880820396334947
0.0 0.15335854662133172 0.5919631193015605 0.0072538150286401756 0.007771944673543451
0.0 0.06657183110009637 0.5945537675260751 0.006735685383737433 0.007771944673543451
0.0 0.047923658462192084 0.5763940413398395 0.00776295551634334 0.006685308154469638
0.0 0.15750358378055473 0.5170933856130919 0.009326333608252213 0.009326333608252213
0.0 0.17952409368892805 0.450772791065521 0.010880722542960797 0.011398852187863717
0.0 0.17822876957667083 0.49300035712510715 0.011398852187863896 0.006735685383737611
0.0 0.22563763208528584 0.4393739388776572 0.008808203963349115 0.009326333608252213
0.0 0.2582797997141684 0.43367451278372543 0.007771944673543274 0.008290074318446371
0.0 0.311388088579338 0.4873009203883976 0.008290074318446371 0.008808203963349293
0.0 0.3422168021884378 0.46009912467377323 0.005699426093931948 0.009326333608252213
0.0 0.29610326379207985 0.5360051176520476 0.007771944673543629 0.006735685383737788
0.0 0.2512850495079794 0.5323782101377273 0.00621755573883469 0.010880722542960974
0.0 0.30283894935089944 0.6458485981143508 0.007771944673543629 0.00880820396334947
0.0 0.2950670045022742 0.6883352332534997 0.009844463253154957 0.008808203963349293
0.0 0.3087974400922011 0.7419616515009495 0.007253815028640531 0.00829007431844655
0.0 0.30542959753164356 0.7499926546112777 0.00880820396334947 0.00569942609393177
0.0 0.3437711911231466 0.6867808443187908 0.008808203963349115 0.008808203963349293
0.0 0.4494696386833377 0.615278953322191 0.007771944673543274 0.007771944673543451
0.0 0.46268194462836154 0.610097656873162 0.009326333608251858 0.01191698183276646
0.0 0.675892293505904 0.7520651795765559 0.008808203963349115 0.007771944673543451
0.0 0.7440263418106351 0.797660588328011 0.009326333608252213 0.008808203963349293
0.0 0.6282243661748372 0.6676100474573836 0.00984446325315531 0.010880722542960974
0.0 0.5383288727841846 0.7152779747884502 0.014507630057281062 0.007771944673543451
0.0 0.6919543125854346 0.5914449811424355 0.005699426093931948 0.010880722542960974
0.0 0.7225239615471647 0.5880771469647889 0.008808203963349115 0.006217555738834868
0.0 0.7453216659228923 0.6113929809854192 0.011916981832766993 0.005181296449029027
0.0 0.44895150903843495 0.5872999524974346 0.005699426093931948 0.006735685383737788
0.0 0.05465484926732955 0.6663147233451264 0.008808203963349115 0.007253815028640709
0.0 0.36864141407848566 0.3520690937115189 0.00984446325315531 0.008808203963349203
0.0 0.38910753505215007 0.3753849277321493 0.009326333608252213 0.007771944673543451
0.0 0.40516955404414007 0.3782346407791152 0.005181296449029205 0.009326333608252035
0.0 0.4023198409971741 0.3968873079956195 0.006735685383737433 0.009326333608252168
0.0 0.4313351011117364 0.4160581048570268 0.006735685383737788 0.007253815028640709
0.0 0.43237136040154206 0.442741781569526 0.007771944673543274 0.008808203963349293
0.0 0.5111270664267826 0.4191668827264442 0.006735685383737433 0.014507630057281062
0.0 0.6290015606421917 0.38212061311588696 0.007253815028640531 0.007771944673543451
0.0 0.6160483195196189 0.46787106934731665 0.010362592898058054 0.007253815028640531
0.0 0.6536127187750795 0.4743476899086028 0.008808203963349115 0.006735685383737611
0.0 0.7347000082023829 0.43496983689598256 0.00621755573883469 0.009844463253155133
0.0 0.004396273711748578 0.5005132369761991 0.006735685383737433 0.008290074318446371
0.0 0.02149455199354424 0.5209793579498636 0.011916981832766993 0.007771944673543451
0.0 0.023308005750704373 0.5803052022912454 0.008290074318446371 0.00829007431844655
0.0 0.009059440515874683 0.5857455635627259 0.005699426093931948 0.009844463253155133
0.0 0.04066534885495141 0.6632059454757091 0.006735685383737433 0.008290074318446194
0.0 0.0393700247426942 0.7031019281332321 0.010362592898058054 0.007253815028640531
0.0 0.01838577412412672 0.6429988893244959 0.006735685383737433 0.009326333608252213
0.0 0.020717357701271234 0.6310819053631735 0.005181296449028849 0.008290074318446371
0.0 0.017090450011869505 0.618128666369157 0.008290074318446371 0.008290074318446194
0.0 0.08729701689621212 0.33548894507462623 0.007771944673543629 0.009844463253155045
0.0 0.06786715529989404 0.3606182243381945 0.007253815028640531 0.009326333608252213
0.0 0.0867788872513092 0.41191306769780367 0.010880722542960797 0.009326333608252213
0.0 0.1354830738721816 0.3961101135282653 0.008808203963349115 0.009844463253155133
0.0 0.1129444343189057 0.3878200392098189 0.008290074318446727 0.008808203963349203
0.0 0.11683040665567752 0.3665767237688 0.007771944673543629 0.010880722542960797
0.0 0.019422033589014197 0.354918791858596 0.010880722542960797 0.00725381502864062
0.0 0.08496543349414924 0.3075099442498697 0.012435111477669736 0.012953241122572479
0.0 0.13107897189050705 0.326680741111277 0.008290074318446371 0.009844463253155045
0.0 0.06993967379196508 0.4318610590265652 0.010362592898058054 0.007771944673543629
0.0 0.05232326586526668 0.42875228115714775 0.01243511147766938 0.010880722542960797
0.0 0.0018095396221970538 0.4313429293816622 0.0036190792443941077 0.006735685383737611
0.0 0.0028457989120029836 0.3261626114663741 0.005691597824005967 0.010880722542960797
0.0 0.012945412852646321 0.32719887075617987 0.007253815028640531 0.010880722542960885
