0.0 0.09176358900657185 0.9979563057618872 0.010049038565561186 0.004087388476225762
0.0 0.06399650875962648 0.9596831830110929 0.008462348265735753 0.010049038565561118
0.0 0.19622070041174727 0.9168425449158057 0.00846234826573571 0.011106832098777986
0.0 0.21711212273746233 0.8803486571558778 0.00793345149912721 0.008991245032344252
0.0 0.06743433774258163 0.8777041841867781 0.01110683209877814 0.007933451499127386
0.0 0.07907006660796825 0.8494082071732242 0.007933451499127253 0.012693522398603463
0.0 0.07642558277492582 0.7801227307475128 0.010049038565561186 0.008462348265735642
0.0 0.18008934903018853 0.740984370018485 0.006875657965910253 0.008462348265735642
0.0 0.2120876034100018 0.8277234397422764 0.00846234826573573 0.008462348265735642
0.0 0.2628616930044162 0.8060386723113286 0.009520141798952775 0.009520141798952863
0.0 0.2538704479273921 0.8388302718410545 0.01057793533216964 0.0074045547325187755
0.0 0.30120670858353116 0.8279878881255804 0.007933451499127298 0.00793345149912703
0.0 0.23509461284683084 0.894099983951641 0.00793345149912721 0.006875657965910165
0.0 0.2760841121696283 0.9321805511474517 0.009520141798952686 0.008991245032344252
0.0 0.32368482116439173 0.9250404447982372 0.009520141798952686 0.009520141798952863
0.0 0.33135382428021476 0.8618372811885233 0.00793345149912721 0.00793345149912703
0.0 0.38318570740784613 0.9591542862444845 0.00793345149912721 0.008991245032343897
0.0 0.40275488777236007 0.9012400903008555 0.0058178644326932535 0.010577935332169375
0.0 0.4061927167553151 0.8578705554389598 0.0074045547325187755 0.013751315931820685
0.0 0.2760841121696282 0.8589283489721767 0.0074045547325187755 0.010577935332169375
0.0 0.3533030400944669 0.7631980342160414 0.0074045547325187755 0.009520141798952686
0.0 0.07087216672553676 0.7240596734870135 0.0074045547325187755 0.009520141798952686
0.0 0.11080387260447724 0.680690138625118 0.007933451499127253 0.008462348265735642
0.0 0.17268479429766984 0.6812190353917265 0.007933451499127253 0.0074045547325187755
0.0 0.25625048342181017 0.7293486411530983 0.007933451499127298 0.008462348265735642
0.0 0.2819019766023216 0.7192996025875373 0.00846234826573582 0.008462348265735642
0.0 0.31918919864821965 0.7267041573200561 0.008991245032344252 0.0074045547325187755
0.0 0.32236257924787054 0.7044904931224997 0.008991245032344252 0.009520141798952686
0.0 0.3707566333925468 0.680690138625118 0.00846234826573573 0.0074045547325187755
0.0 0.39164805567358185 0.7073994253388464 0.00793345149912721 0.0068756579659103425
0.0 0.42153072298696115 0.7325220217527493 0.01057793533216973 0.008462348265735642
0.0 0.4310508647859138 0.6992015254564149 0.0074045547325187755 0.009520141798952686
0.0 0.4030193361556642 0.6698477549096441 0.00740455473251882 0.00793345149912721
0.0 0.519905521576139 0.878761977719995 0.008462348265735997 0.008991245032344252
0.0 0.5516393277960481 0.8570772102890472 0.006346761199301732 0.008991245032344252
0.0 0.49689851222867 0.8631595231050447 0.00793345149912721 0.008462348265735642
0.0 0.4400421098182581 0.8234922656094085 0.01057793533216973 0.0074045547325187755
0.0 0.4400421098182581 0.8515237942396581 0.0074045547325187755 0.009520141798952508
0.0 0.4463888710175598 0.8853731873026011 0.005288967666084865 0.0074045547325187755
0.0 0.4561734611998167 0.8742663552038227 0.0068756579659103425 0.009520141798952863
0.0 0.46252022239911855 0.880084219636516 0.008991245032344252 0.009520141798952508
0.0 0.4535289773667744 0.9342961382138857 0.0068756579659103425 0.008991245032343897
0.0 0.43528203891878176 0.9491052476789232 0.006346761199301732 0.010049038565561474
0.0 0.46463580946555255 0.9620632184608311 0.010049038565561118 0.008462348265735642
0.0 0.48288274791354524 0.9971629606119743 0.009520141798952686 0.005674078776051417
0.0 0.507740895944144 0.9832190891251702 0.0074045547325187755 0.006346761199301909
0.0 0.4849983349799791 0.9514852831286614 0.01057793533216973 0.009520141798952863
0.0 0.519905521576139 0.93456058659719 0.01057793533216973 0.0074045547325187755
0.0 0.6711699968261653 0.9115535772497209 0.006346761199301732 0.008991245032344252
0.0 0.709250564021976 0.9522786282785741 0.008462348265735642 0.013222419165212074
0.0 0.6785745515586841 0.9414362445631003 0.00846234826573582 0.01057793533216973
0.0 0.6756656193423374 0.9522786282785741 0.011106832098778163 0.01110683209877834
0.0 0.6513363680783473 0.9995429960617125 0.0068756579659103425 0.0009140078765749848
0.0 0.6812190353917266 0.9976918573785827 0.006346761199301732 0.0046162852428345506
0.0 0.7857985282376043 0.8863218969045052 0.008581263178881925 0.008581263178881571
0.0 0.8143005809388901 0.870691738971542 0.006742421069121462 0.011646000028482461
0.0 0.8287048441320131 0.9329058970184351 0.007355368439041499 0.009807157918721998
0.0 0.8403508441604955 0.9656985813091618 0.008581263178881925 0.007968315808961535
0.0 0.8198171072681714 0.9546655286505995 0.007968315808961535 0.006742421069121462
0.0 0.8679334758069015 0.932599423333475 0.009807157918721998 0.01042010528864239
0.0 0.8636428442174605 0.9417936338822768 0.008581263178881571 0.006742421069121462
0.0 0.6865217794963393 0.981855677090991 0.010362592898057698 0.009326333608252213
0.0 0.6909258813029322 0.9896276196359788 0.007771944673543451 0.00621755573883469
0.0 0.594553767526075 0.8839291742043434 0.008808203963349293 0.008290074318446371
0.0 0.618128666369157 0.9616486209397781 0.011398852187863896 0.007253815028640531
0.0 0.6137245643874822 0.9321152311803129 0.008808203963349293 0.007253815028640531
0.0 0.6209783794161228 0.8738256461287367 0.007771944673543274 0.00984446325315531
0.0 0.6375585280530156 0.8567273678469413 0.009844463253154957 0.008808203963349115
0.0 0.6606152972511944 0.8424788026121115 0.010362592898057877 0.009326333608252213
0.0 0.6818586126922133 0.8611314698286158 0.011398852187863896 0.01139885218786354
0.0 0.7090604190496154 0.8562092382020383 0.006735685383737788 0.011916981832766637
0.0 0.46061725431867606 0.7847073472054384 0.008290074318446371 0.007771944673543451
0.0 0.45103185588797234 0.7935155511687878 0.010880722542960797 0.009844463253154957
0.0 0.4865237365638209 0.8056915978240058 0.006217555738834868 0.008290074318446371
0.0 0.5005132369761991 0.8170904500118695 0.010362592898058054 0.010362592898057698
0.0 0.595071897170978 0.7836710879156326 0.007771944673543274 0.008808203963349293
0.0 0.6173514719018024 0.8181267093016753 0.008808203963349293 0.010362592898058054
0.0 0.6178696015467053 0.7764172728869921 0.007771944673543451 0.010880722542960797
0.0 0.6365222687632098 0.7758991432420892 0.007771944673543451 0.008808203963349293
0.0 0.6668328529900294 0.8106138294505832 0.008290074318446371 0.010880722542960797
0.0 0.6849673905616307 0.8308208856017962 0.00829007431844655 0.009844463253154957
0.0 0.630304713024375 0.8393700247426942 0.010880722542960974 0.009326333608252213
0.0 0.7173504933680618 0.7642412262317739 0.00569942609393177 0.011398852187863717
0.0 0.8072459867587145 0.7613915131848081 0.007253815028640531 0.008808203963349293
0.0 0.824862394685413 0.8116500887403891 0.009326333608252213 0.008808203963349115
0.0 0.8417016081447573 0.8129454128526465 0.00880820396334947 0.008290074318446727
0.0 0.09326333608252155 0.6196830553038655 0.01450763005728114 0.009326333608252213
0.0 0.12383298513179253 0.5398910899888194 0.006217555738834779 0.013471370767475399
0.0 0.14300378199319977 0.583673044983114 0.011398852187863762 0.008808203963349293
0.0 0.1766822089118881 0.5590618868502265 0.007253815028640575 0.011398852187863717
0.0 0.17823659784659673 0.6051754252465844 0.012435111477669559 0.008290074318446371
0.0 0.24144841452475027 0.572015127972799 0.010362592898057965 0.007253815028640531
0.0 0.3230538335969566 0.5857455635627259 0.008808203963349293 0.009844463253155133
0.0 0.37952996489137253 0.6160561477895453 0.011916981832766637 0.009326333608252035
0.0 0.3595819735626109 0.5515490069991347 0.008290074318446371 0.009844463253155133
0.0 0.4054364471365174 0.6010303880873612 0.008808203963349293 0.009326333608252213
0.0 0.4176124937917355 0.6440351486143018 0.010362592898058054 0.010362592898057877
0.0 0.4567312819819043 0.6497345747082336 0.012953241122572479 0.010362592898057877
0.0 0.48574654209646645 0.5730513872626047 0.008808203963349293 0.011398852187863717
0.0 0.5266787840437954 0.5344507287173389 0.007771944673543451 0.012953241122572479
0.0 0.5507718125317801 0.5157980615008346 0.008290074318446371 0.008808203963349293
0.0 0.5492174235970715 0.5657975722339643 0.008290074318446371 0.009326333608252213
0.0 0.5595800164951295 0.5971444157505896 0.008290074318446371 0.008808203963349293
0.0 0.4852284124515636 0.4927412923026557 0.008808203963349293 0.006217555738834868
0.0 0.505176403780325 0.4256435032877305 0.006217555738834868 0.007771944673543451
0.0 0.6419626300346901 0.6497345747082336 0.005181296449029027 0.007253815028640531
0.0 0.6310819074917292 0.6955890482821402 0.009326333608252213 0.007771944673543451
0.0 0.5997350639751039 0.7414435218560466 0.009844463253154957 0.005181296449029027
0.0 0.6321181667815351 0.7277130862661197 0.007253815028640531 0.00880820396334947
0.0 0.6352269446509524 0.7367803550519204 0.007253815028640531 0.007253815028640531
0.0 0.7088013542271638 0.7196820767701249 0.006217555738834868 0.006217555738834868
0.0 0.7315990586028914 0.6344497501835982 0.006217555738834868 0.00880820396334947
0.0 0.7207183360599305 0.681599547869762 0.010362592898057877 0.007771944673543451
0.0 0.7258996325089596 0.6940346593474314 0.008290074318446194 0.009844463253155133
0.0 0.685744585028985 0.5888543414321432 0.008808203963349293 0.007771944673543451
0.0 0.6872989739636937 0.5704607390380902 0.007771944673543451 0.008290074318446371
0.0 0.6963662427494945 0.5626887943645469 0.007253815028640531 0.008290074318446371
0.0 0.7204592712374791 0.5186477745478006 0.008808203963349293 0.007253815028640531
0.0 0.7427388459683038 0.5518080718215861 0.009844463253155133 0.009326333608252213
0.0 0.6409263707448842 0.4748658195535057 0.008290074318446194 0.008808203963349293
0.0 0.637817592875467 0.44973653177571526 0.01243511147766938 0.008290074318446194
0.0 0.6652784640553207 0.44222365192462315 0.009326333608252213 0.007771944673543451
0.0 0.6129473699201279 0.4292704108020507 0.008290074318446371 0.008808203963349293
0.0 0.581341461581051 0.42823415151224503 0.010362592898057877 0.006735685383737788
0.0 0.5919631193015604 0.38704283409968687 0.010880722542960974 0.006217555738834779
0.0 0.6797860941126016 0.5170933856130919 0.005181296449029027 0.007253815028640531
0.0 0.6948118538147857 0.5220156172396694 0.007253815028640709 0.010880722542960797
0.0 0.6862627146738879 0.5220156172396694 0.006735685383737611 0.008808203963349293
0.0 0.1220195313746324 0.44300084639197757 0.007771944673543451 0.010362592898058054
0.0 0.21398754334489672 0.41269026216515803 0.008290074318446371 0.009844463253154957
0.0 0.2388577663002358 0.4626897728982876 0.007253815028640531 0.007253815028640531
0.0 0.2373033773655271 0.47123891203918544 0.009326333608252125 0.00569942609393177
0.0 0.3189087964377335 0.4499955965981667 0.010880722542960885 0.008808203963349293
0.0 0.3808252890036297 0.4082861601834834 0.010362592898057877 0.009326333608252213
0.0 0.4230528550632159 0.3906697522567849 0.007771944673543451 0.00725381502864062
0.0 0.389633492966979 0.45880380056151593 0.010362592898057965 0.009844463253155133
0.0 0.3740896036198921 0.48419215316175795 0.007253815028640531 0.009844463253154957
0.0 0.4393739388776573 0.42875228115714786 0.009326333608252213 0.010880722542960797
0.0 0.45517689304719555 0.43030667009185664 0.007771944673543451 0.009844463253154957
0.0 0.46605761559015646 0.43341544796127385 0.007771944673543451 0.009844463253154957
0.0 0.08393700247426941 0.4121721325202551 0.006217555738834757 0.005699426093931948
0.0 0.11683823492560341 0.374607733264795 0.009844463253155045 0.010362592898057965
0.0 0.2590648224514488 0.35984103838506243 0.006217555738834779 0.0056994260939318584
0.0 0.3116549814090929 0.35181002888906754 0.009844463253155045 0.008290074318446462
0.0 0.3645042051891885 0.3217585094846994 0.007771944673543363 0.00725381502864062
0.0 0.2810853323598219 0.34222463045836393 0.009844463253155045 0.009844463253155045
0.0 0.3937785301262022 0.35181002888906754 0.007253815028640531 0.011398852187863717
0.0 0.40440018784671156 0.38160248347098413 0.008808203963349248 0.0067356853837376995
0.0 0.4746067547310542 0.3367842691868835 0.008290074318446371 0.011398852187863805
0.0 0.4823786994045977 0.33730239883178637 0.007253815028640531 0.009326333608252125
0.0 0.45310437446758406 0.3702036355402313 0.010880722542960797 0.01295324112257239
0.0 0.4518090503553268 0.3795299648913725 0.006217555738834868 0.004663166804126017
0.0 0.6608743621174162 0.37745743992609426 0.010880722542960974 0.007771944673543451
0.0 0.6896305573657566 0.35491880675848486 0.006217555738834868 0.006217555738834779
0.0 0.6546568063348112 0.3321211023827574 0.007771944673543274 0.010362592898057965
0.0 0.6505117691755881 0.3489603158421016 0.008808203963349293 0.006735685383737611
0.0 0.6673509826349322 0.3419655656359124 0.009326333608252213 0.00725381502864062
0.0 0.6020666481212639 0.33963398010529394 0.010362592898057877 0.007771944673543451
0.0 0.6106157865180648 0.3435199545706212 0.007771944673543629 0.006217555738834779
0.0 0.7448113645479153 0.35388254746867914 0.006735685383737611 0.010362592898058054
0.0 0.9777106399317678 0.9707158897255788 0.008290074318446371 0.010880722542960797
0.0 0.9178666659454832 0.8797841370451204 0.007771944673543629 0.011398852187863896
0.0 0.9665708525663556 0.8264167836201219 0.008808203963349115 0.007253815028640531
0.0 0.9411824999661137 0.7305627993130857 0.00984446325315531 0.005181296449029027
0.0 0.9025818414208479 0.7064697708251011 0.008290074318446371 0.009844463253155133
0.0 0.8663127662776449 0.6942937241698828 0.007253815028640531 0.00621755573883469
0.0 0.9168304066556775 0.6468848616612677 0.009844463253154957 0.00880820396334947
0.0 0.9533585466213317 0.5919631193015605 0.0072538150286401756 0.007771944673543451
0.0 0.8665718311000964 0.5945537675260751 0.006735685383737433 0.007771944673543451
0.0 0.8479236584621921 0.5763940413398395 0.00776295551634334 0.006685308154469638
0.0 0.9575035837805548 0.5170933856130919 0.009326333608252213 0.009326333608252213
0.0 0.979524093688928 0.450772791065521 0.010880722542960797 0.011398852187863717
0.0 0.9782287695766708 0.49300035712510715 0.011398852187863896 0.006735685383737611
0.0 0.8546548492673296 0.6663147233451264 0.008808203963349115 0.007253815028640709
0.0 0.7541376981561677 0.6271959351549574 0.009844463253154957 0.005699426093931948
0.0 0.7681271987873977 0.5642431769135887 0.00569942609393177 0.00829007431844655
0.0 0.7870389306075015 0.5209793579498637 0.008290074318446371 0.009844463253154957
0.0 0.7935155511687877 0.4968863294618789 0.007771944673543451 0.007253815028640709
0.0 0.8043962737117486 0.5005132369761991 0.006735685383737433 0.008290074318446371
0.0 0.8214945519935443 0.5209793579498636 0.011916981832766993 0.007771944673543451
0.0 0.8233080057507044 0.5803052022912454 0.008290074318446371 0.00829007431844655
0.0 0.8090594405158746 0.5857455635627259 0.005699426093931948 0.009844463253155133
0.0 0.7847073472054384 0.6331544260713409 0.007771944673543629 0.00829007431844655
0.0 0.7860026713176957 0.648180185773525 0.00829007431844655 0.007253815028640887
0.0 0.8406653488549514 0.6632059454757091 0.006735685383737433 0.008290074318446194
0.0 0.8393700247426942 0.7031019281332321 0.010362592898058054 0.007253815028640531
0.0 0.8183857741241267 0.6429988893244959 0.006735685383737433 0.009326333608252213
0.0 0.8207173577012712 0.6310819053631735 0.005181296449028849 0.008290074318446371
0.0 0.8170904500118695 0.618128666369157 0.008290074318446371 0.008290074318446194
0.0 0.8872970168962121 0.33548894507462623 0.007771944673543629 0.009844463253155045
0.0 0.867867155299894 0.3606182243381945 0.007253815028640531 0.009326333608252213
0.0 0.8867788872513092 0.41191306769780367 0.010880722542960797 0.009326333608252213
0.0 0.9354830738721815 0.3961101135282653 0.008808203963349115 0.009844463253155133
0.0 0.9129444343189057 0.3878200392098189 0.008290074318446727 0.008808203963349203
0.0 0.9168304066556775 0.3665767237688 0.007771944673543629 0.010880722542960797
0.0 0.8194220335890142 0.354918791858596 0.010880722542960797 0.00725381502864062
0.0 0.8849654334941492 0.3075099442498697 0.012435111477669736 0.012953241122572479
0.0 0.931078971890507 0.326680741111277 0.008290074318446371 0.009844463253155045
0.0 0.8699396737919651 0.4318610590265652 0.010362592898058054 0.007771944673543629
0.0 0.8523232658652666 0.42875228115714775 0.01243511147766938 0.010880722542960797
0.0 0.7997331069076223 0.4313429293816622 0.007771944673543451 0.006735685383737611
0.0 0.7844482823829869 0.4487002724859093 0.009326333608252213 0.01243511147766938
0.0 0.7722722357277689 0.42434817917547313 0.006735685383737788 0.011398852187863717
0.0 0.7531014390852138 0.4652804168656911 0.007771944673543451 0.009326333608252213
0.0 0.751547049931653 0.4746067547310543 0.011916981832766637 0.00621755573883469
0.0 0.7862617361401472 0.33782052847668936 0.006735685383737611 0.010362592898057965
0.0 0.8010284310198799 0.3261626114663741 0.009326333608252213 0.010880722542960797
0.0 0.8129454128526463 0.32719887075617987 0.007253815028640531 0.010880722542960885
