0.0 0.9962500664090894 0.2604195390473841 0.007499867181821074 0.01219983340939237
0.0 0.9733920914693488 0.15522058464281066 0.00648076203328003 0.007316989392412587
0.0 0.9775732282650132 0.15783379514010082 0.005644534674146939 0.009198500950461508
0.0 0.9573992432259327 0.16807758028947842 0.012125296707426968 0.010034728309594376
0.0 0.9401520539438181 0.14811265209018126 0.01233435354720953 0.008989444110678323
0.0 0.9186426623916024 0.1251778966809088 0.01336688818492462 0.010318299651520712
0.0 0.9311292733528613 0.1949924127327153 0.009380272410473367 0.01242886094387725
0.0 0.9424940380415141 0.38914121326267315 0.016677196913654057 0.011562856526800048
0.0 0.9225312505252592 0.2991474896122527 0.009727863739450981 0.008730134125148226
0.0 0.9209099399020172 0.2863017208281059 0.009478431335875115 0.01047616095017787
0.0 0.9088493013902408 0.24294624538801618 0.01129893549434513 0.015379106645080664
0.0 0.8965665504078227 0.19882987876854236 0.012868232090781362 0.010985076175057618
0.0 0.9188505620772254 0.15457571474902468 0.01035735753648268 0.007846482982183956
0.0 0.8541955423040293 0.12554372771494388 0.01035735753648268 0.010043498217195523
0.0 0.8295575857399718 0.17136718833089842 0.00941577957862023 0.013182091410069097
0.0 0.8640821108615814 0.16399149432764545 0.00878806094004574 0.011612794813632333
0.0 0.8585895727740521 0.19255269238279524 0.008474201620759203 0.013495950729356433
0.0 0.8656514074580179 0.2669373510538995 0.008160342301471247 0.014123669367931236
0.0 0.8731840311209144 0.27242988914142824 0.010043498217195435 0.010043498217195523
0.0 0.8786765692084433 0.34289130632144055 0.008474201620758492 0.012240513452207136
0.0 0.7776450830655618 0.12246031670703081 0.010643291451002668 0.00851463316080241
0.0 0.783915282299265 0.1670996757807471 0.009288690720875436 0.011804377791112408
0.0 0.8040263753746644 0.2251701963265445 0.010636541129722765 0.008248746182234257
0.0 0.7792486465811935 0.26205697841293285 0.010957410598521022 0.008035434438915079
0.0 0.7402889644531202 0.24537736450185146 0.010470414571920017 0.009252924505417415
0.0 0.6517528027778885 0.1418784554074049 0.006141626373647924 0.006464869866998102
0.0 0.7150840607254549 0.2748869186385856 0.004467988119978372 0.006530136483045545
0.0 0.7192083574515893 0.27419953585089657 0.006530136483045723 0.005842753695356517
0.0 0.7242713317003713 0.33578649178607956 0.008248593452267982 0.009623359027646128
0.0 0.7387063702418404 0.34094186269374704 0.008248593452267982 0.00962335902764604
0.0 0.7847610170170036 0.38459066971199884 0.008248593452267982 0.010998124603024096
0.0 0.816380625250698 0.42308410582258327 0.012372890178401975 0.0089359762399571
0.0 0.8115689457368749 0.47326304932388086 0.007561210664579221 0.011685507390713034
0.0 0.8643255746920062 0.4856359395022829 0.007904902058423601 0.011685507390713034
0.0 0.7402529815141407 0.4995554409529853 0.007904902058423601 0.009967050421490598
0.0 0.7680919844155453 0.500758360831441 0.009967050421490598 0.0089359762399571
0.0 0.7426588212710522 0.5308313577928349 0.009967050421490598 0.012029198784557594
0.0 0.6936827976482105 0.5454382420312264 0.0089359762399571 0.010310741815335155
0.0 0.7471268093910306 0.4923379216822507 0.005155370907667489 0.006530136483045545
0.0 0.6007742625607551 0.18538854126892337 0.009783860101854457 0.013045146802472684
0.0 0.5506319795387509 0.18430144570205068 0.008968538426699979 0.011414503452163594
0.0 0.5916182125429446 0.2411993288998854 0.011686277343882168 0.011142729560445375
0.0 0.5610436497246492 0.26905615280099887 0.004891930050927229 0.011414503452163594
0.0 0.6491187992167579 0.30747409610579035 0.01108109103435062 0.010050291868364347
0.0 0.6264412175650642 0.31340119131021027 0.007988693536391978 0.011596490617343492
0.0 0.21360872349308463 0.2654817931692732 0.00843081524085747 0.012321960736637739
0.0 0.22187740767161798 0.250079342248476 0.00875507736550567 0.010700650113396026
0.0 0.24246805258678883 0.2854239138351475 0.009727863739450981 0.01199769861198945
0.0 0.28108992357764195 0.22049824476088675 0.009079339490154225 0.012321960736637827
0.0 0.25109567704766816 0.2076898908372764 0.00875507736550567 0.010700650113395938
0.0 0.25352764298253094 0.28551280075288354 0.010376387988747382 0.010700650113396026
0.0 0.2545004293564759 0.29767263042719716 0.011024912238044138 0.0077822909915607145
0.0 0.25660813316669023 0.30902180478988983 0.009403601614802425 0.013619009235231249
0.0 0.31497531560339576 0.314534260908912 0.010052125864099181 0.012970484985934583
0.0 0.3198004024701081 0.1515054894279109 0.010392481451300738 0.009992770626250858
0.0 0.4408461794201708 0.18503601695402988 0.009312309473361324 0.012416412631148298
0.0 0.4287074999573829 0.27316107788526234 0.013451113683743899 0.012416412631148255
0.0 0.9760518349546956 0.5545136929879594 0.012345349274333017 0.009812969936008465
0.0 0.9354360647654915 0.8258611472417883 0.008083621583222822 0.0072415776683037334
0.0 0.21411546316310498 0.513159792332779 0.008424990643263542 0.012773372910754689
0.0 0.3044202486894081 0.44927596056493757 0.011107959123851785 0.00858342295933987
0.0 0.31489707377213155 0.46732639414119637 0.012875134439009627 0.010855505507400488
0.0 0.3481385558154718 0.42873310766996997 0.009391062999653954 0.009391062999653954
0.0 0.3712900030949662 0.45794049719006125 0.010338076418720376 0.007894531083386447
0.0 0.8336197175955959 0.5694340317443309 0.009193348976150872 0.009992770626250902
0.0 0.6539497017356055 0.535258756202553 0.01119190310140077 0.00959305980120071
0.0 0.42388042915373847 0.49371252337452437 0.010233307113583478 0.007201216116966336
0.0 0.4540118334326239 0.5230859049042558 0.010612318488161066 0.007580227491543567
0.0 0.47656301021996567 0.4984501655567392 0.007201216116966336 0.0128863867356241
0.0 0.5430795064582604 0.5198643082203497 0.008338250240697676 0.01099132986273812
0.0 0.5427004950836831 0.535403774578014 0.008338250240697676 0.007959238866120622
0.0 0.5639251320600052 0.53995191107294 0.0053061592440801775 0.006443193367811873
0.0 0.5696103026786627 0.5414679565712488 0.006064181993234996 0.008717261615275085
0.0 0.24537043238662867 0.5942842207311467 0.0045568537680903635 0.005468224521708365
0.0 0.24187684449775942 0.5941323256055437 0.003037902512060242 0.0045568537680903635
0.0 0.24111736886974455 0.5983853891224282 0.0045568537680903635 0.005164434270502305
0.0 0.36853025720079363 0.5124186671487496 0.010223183734076357 0.007863987487750457
0.0 0.3687196071378212 0.5740710866057707 0.01336877872917519 0.009436784985300406
0.0 0.39204943668481357 0.6283326002712475 0.007077588738975393 0.005766924157683562
0.0 0.3963746298030763 0.6312160623500893 0.007863987487750279 0.00681545582271692
0.0 0.7705222067767474 0.7645275329591757 0.010870955668727334 0.008968538426699979
0.0 0.6896529206900451 0.7176197766849566 0.007504217928378765 0.008911258789948917
0.0 0.5238276401112696 0.6870510270634921 0.008822848149556962 0.011891664897229504
0.0 0.30945526460301875 0.8305831901152516 0.009876462287470744 0.010656182994376451
0.0 0.3470991133092717 0.9415127535884981 0.008576927775961706 0.011695810603583467
0.0 0.24492976254007975 0.9212447558834113 0.00981639460154895 0.00928577867714111
0.0 0.7852941047968157 0.8790002863647894 0.005077637055872231 0.009026910321550475
0.0 0.7869866504821067 0.979706754639586 0.01184781979703473 0.008462728426453481
0.0 0.8783841174878042 0.9836560279052643 0.010719456006840744 0.01184781979703473
