0.0 0.9884007437271158 0.8845475320085804 0.008267361786067084 0.01194174480209682
0.0 0.9486714773662935 0.8829399894390676 0.0078080639090629235 0.012401042679100272
0.0 0.9344056853065567 0.7956008247109418 0.007348766032059473 0.010104553294081775
0.0 0.8188892705085774 0.8771921121376245 0.009277282973228296 0.01012067233443048
0.0 0.8085091682542753 0.8090814775043775 0.013072535098640259 0.011596603716535725
0.0 0.5737054005574045 0.9032053804854933 0.00799713545544165 0.007711523474890214
0.0 0.6544559134439073 0.6957987374161764 0.01462434804930055 0.009478744106028003
0.0 0.5599391591226712 0.6763505790003173 0.008015388935666579 0.01046907942617672
0.0 0.5811544237253716 0.605890691130395 0.00903377629344675 0.010567813777239721
0.0 0.7487571553169537 0.5555043450279546 0.0084127351579248 0.012045507157937507
0.0 0.34389774733073003 0.34331902126096614 0.015763062087283685 0.01226015940122096
0.0 0.5223960667500787 0.37372700871758846 0.01006892311952754 0.011051257082408127
0.0 0.6661313501846415 0.33345446723451905 0.01141691455679279 0.010432697784656142
0.0 0.7566625319438653 0.34773109833710214 0.01258596997498813 0.009494679103938353
0.0 0.7823864881208145 0.34033408089566153 0.011923550502619663 0.008832259631570593
0.0 0.7577717086477715 0.2963042267687005 0.011040324539462886 0.012806776465777502
0.0 0.8789090628862251 0.4178866275800209 0.011916239867642986 0.009616614630027697
0.0 0.9065915090007582 0.353993755603352 0.010870955668727334 0.008780387270894963
0.0 0.8877763934202694 0.27005743443039076 0.012961524066559349 0.009825671469811326
0.0 0.9549463560426166 0.3508265444806362 0.016306433503091 0.009512086210136416
0.0 0.9841818213356909 0.26384041217858345 0.008654509038896663 0.012153140352493352
0.0 0.9425985303040886 0.1598115831497129 0.011751498256470682 0.010772206735098423
0.0 0.9660035976648924 0.13787545307096724 0.00959705690945114 0.009988773518000116
0.0 0.7804600399821421 0.1754390778744229 0.009657209824226954 0.007428622941712959
0.0 0.7728878831565652 0.12309925829456887 0.011142934412568906 0.0087286319565127
0.0 0.6212724818823187 0.0783383164017275 0.01278789145665371 0.009310482376335472
0.0 0.6684431726401943 0.02695592323778495 0.01439498421099259 0.009160444497904763
0.0 0.9637940785744291 0.07791454510546494 0.011773530313429603 0.008830147735071847
0.0 0.9639278686916267 0.07296431076913698 0.005084024453525871 0.006421925625506475
0.0 0.4257952991387288 0.7860237084417253 0.011254018163614177 0.009930016026718036
0.0 0.48703039797015607 0.7827137030994858 0.00728201175292611 0.00993001602671768
0.0 0.4835548923608052 0.7863547089759491 0.006951011218702519 0.007944012821374358
0.0 0.4492243073803749 0.7325324734568139 0.009268014958269788 0.011254018163613466
0.0 0.41860675796466074 0.7133344424718256 0.012247019766285661 0.009268014958269788
0.0 0.13543606476549144 0.025861147241788274 0.008083621583222822 0.0072415776683037334
0.0 0.07838411748780416 0.18365602790526428 0.010719456006840744 0.01184781979703473
0.0 0.13141721562691266 0.23809958078211507 0.010719456006840744 0.009026910321550475
0.0 0.17768013102485866 0.24430558162818078 0.01184781979703473 0.009026910321550475
0.0 0.18852068614612208 0.3209455868975814 0.004115116424777909 0.007818721207077672
0.0 0.19510487242576638 0.32156285436129844 0.005761162994689073 0.009053256134511401
0.0 0.05938739850982948 0.341042577292572 0.008986330736874493 0.010324720421089496
0.0 0.289322914375478 0.8740738031781135 0.009591092216646757 0.011847819797035442
0.0 0.2646211632952543 0.7407807555096335 0.010155274111744461 0.01579709306271333
0.0 0.18563569798168836 0.6680012910421332 0.012412001692132435 0.01241200169213208
0.0 0.027212174547028668 0.8975223218891604 0.008908006180492123 0.013127588055461104
0.0 0.041511868678870203 0.9179169676181804 0.008439163749939383 0.012658745624909073
0.0 0.08206673892163323 0.9043205371321669 0.009845691041595472 0.010783375902700242
0.0 0.11418244541446043 0.8806439943892815 0.008439163749943645 0.013127588055460392
0.0 0.027446595762304328 0.777967502098355 0.009376848611044153 0.010314533472147858
0.0 0.1179331848588749 0.8032849933481728 0.014065272916565164 0.01031453347214768
0.0 0.13963983856385553 0.7769515151622495 0.009845691041595472 0.014534115347117548
0.0 0.001720556244223559 0.5973848642607654 0.003441112488447118 0.012658745624908718
0.0 0.15367794847149058 0.8706244986210319 0.008212410937801451 0.01359295603498154
0.0 0.24978160308052785 0.8065777751893656 0.007782290991560359 0.010052125864099537
0.0 0.24345849164988492 0.8067399062516898 0.006160980368319002 0.009727863739450981
0.0 0.19806179419911416 0.8454892301471695 0.010052125864099537 0.011349174362692338
0.0 0.2680741000992203 0.9502048177895404 0.011024912238043782 0.008755077365506025
