0 0.8291848104134822 0.9373425639696731 0.002440019971582359 0.00611866035626818
0 0.8212188628591989 0.9489425242284315 0.002583550558145902 0.0053538278117346745
0 0.8088752324147237 0.9350480663360724 0.002583550558145902 0.0066285487192905635
0 0.7964598366769667 0.9341557617007834 0.0024400199715820746 0.0068834929008015425
0 0.792001776658299 0.8856760865698203 0.002296489385018674 0.005608771993245796
0 0.8437875756050139 0.8483967595948095 0.0023539749905543837 0.006743501668049376
0 0.8339446742997759 0.8249494253712393 0.003267705834242207 0.005804216434109293
0 0.842112714436673 0.7731105827260109 0.0025894475182870733 0.005928205338964716
0 0.7559028970339304 0.9309652660607803 0.0028991509291338958 0.0056177192489468555
0 0.752659115079461 0.8931588426737221 0.004085167218325125 0.0064369699727517115
0 0.6792829376741889 0.9454045477109415 0.002499104829825569 0.004280464027692829
0 0.704517472951221 0.8302785706386409 0.00457010876540636 0.005261401758766624
0 0.6749809872258348 0.8194834089854319 0.002504809042395806 0.005811110869690452
0 0.6816107574141786 0.7803729768633589 0.0028230550917021447 0.005865915713298761
0 0.733986611036548 0.7524048402583616 0.00262897973685142 0.006686144476218629
0 0.6074680460408531 0.6346263431110306 0.00492595690227624 0.006805292295560647
0 0.6632487708593996 0.6515050178484446 0.003146538474852463 0.00613426238745987
0 0.7081660469327005 0.629150788404243 0.0035677857989976757 0.005790916376565392
0 0.7364570412324579 0.6370753711498225 0.003933115617183774 0.005270246857346592
0 0.7444957775377545 0.6329694811563082 0.0037261095320687333 0.004902555216136335
0 0.7368036589524286 0.6085296662029214 0.0034501014185822497 0.007108705063397665
0 0.7746590821519453 0.6760168617963689 0.0037238249586384596 0.0053379300635019436
0 0.7833098465627369 0.6405516076202474 0.0033971736464773984 0.0048737622318931525
0 0.7774301229438342 0.5939607615225065 0.004050476270799805 0.005453972021404283
0 0.8266192690723666 0.6804343127217629 0.003991679034610911 0.0064867454467339766
0 0.7984207362633177 0.6387935719580288 0.005095760469715885 0.0052799090845509515
0 0.8371909805037396 0.6460345901311273 0.003312244305315204 0.005279909084550809
0 0.8322226140457665 0.6233309810675582 0.003567032328801076 0.007241018173098368
0 0.8467683215449767 0.6167480170160647 0.004397002692409586 0.004906353705925071
0 0.8075568191674034 0.5905098558493438 0.0027045340746552427 0.0067458888339945134
0 0.8187893735526557 0.5433077938865464 0.0033283636352126676 0.004748950670678979
0 0.7945620407200277 0.5327661866572561 0.003672343205147115 0.005979368872908068
0 0.8018761242702789 0.5205900173160616 0.0029990802842034727 0.0055445056821510266
0 0.8194727687949427 0.5116209640066994 0.004161988965833245 0.003913768716812598
0 0.7438937624944194 0.5414405982997664 0.0030178780700708787 0.004123433376145869
0 0.7415274634864266 0.5123881399033167 0.0034821670039276854 0.004845034216971414
0 0.6941476505882246 0.4875425173435434 0.003996216080204249 0.005168004094409895
0 0.7088884914500607 0.4590215011900975 0.004498432565935247 0.005084722010979164
0 0.8011856495545091 0.48730729303338904 0.0036792282229467332 0.004901382957888885
0 0.8012274589661333 0.48455954804184537 0.0015887576417269145 0.0035646421511918904
0 0.8302228430642741 0.45550358527200574 0.004401306494273456 0.004741919168953998
0 0.8396387528593996 0.4414700677314522 0.0027417974882358465 0.004870079146493467
0 0.8387014211382352 0.40331944931617913 0.00259749235727611 0.003075839460943186
0 0.7972926193799773 0.395939611485263 0.0025526035003322536 0.005308127990537343
0 0.8071606109605307 0.38311163550813104 0.003361965585803404 0.004865783991325898
0 0.8295066325339451 0.3730426862542916 0.0027327533164411477 0.006095739219666782
0 0.7327126724155621 0.39132900856186636 0.004230341427583397 0.005287688979799156
0 0.740505598967273 0.37612166611571446 0.003995322459384454 0.004731090139820253
0 0.7483395645739088 0.3251232974026515 0.003995322459384312 0.00487023984981505
0 0.7310265005832431 0.3116257755331642 0.003368605210853417 0.006261736949762167
0 0.7522565473772269 0.31482621886304263 0.003681963835119006 0.0057051381097833346
0 0.7566827379449762 0.3093993801732487 0.00391698280331795 0.0048702398498150145
0 0.7718022915657842 0.3357682502172472 0.003916982803317518 0.005565988399788615
0 0.7731732355469453 0.32303605175273076 0.0018018120895263224 0.006540036369751583
0 0.7298122359142147 0.2960410080137561 0.002036831057725408 0.006261736949762202
0 0.7373328428965852 0.28490903121417893 0.005013737988247015 0.006261736949762167
0 0.7737720720783762 0.30475176796228665 0.004182921281583703 0.006118704095993514
0 0.7712261112919993 0.28544847233541093 0.004244434829842305 0.004916815791423339
0 0.8001704392707885 0.3042166736128625 0.003312097361839079 0.005515374618153359
0 0.7950413708980983 0.28967973133345554 0.0044161298157852965 0.005760502378960197
0 0.811079478515868 0.3365649714838081 0.0038458024414542535 0.006261798019736986
0 0.8157908428934789 0.29937087077997093 0.002756158416375598 0.00580639452739252
0 0.8189956782613572 0.29851698923182496 0.0032689320752361086 0.005692543654306341
0 0.8083235764863218 0.2828055687459395 0.003973995856169381 0.005464841908134055
0 0.803644516849219 0.27517756024916895 0.0029484485384482185 0.004554034923445087
0 0.7991577473341893 0.2750637093760828 0.004102189270884366 0.004554034923445087
0 0.7948632679412322 0.26698029738696777 0.004358576100314764 0.005237140161961804
0 0.820854482774727 0.273412871716334 0.004550866222387384 0.005123289288875732
0 0.8299669369531051 0.29029635095149575 0.003397456165356232 0.004911951792749498
0 0.8334038984227096 0.29029635095149575 0.003002403122872863 0.004911951792749498
0 0.8326928029462397 0.27738493481055415 0.003002403122872863 0.006034683631092222
0 0.8379470084112671 0.28320910622195716 0.0026073500803896364 0.005332976232128033
0 0.8391716728429653 0.2760516907525221 0.003634487990846083 0.004771610312956618
0 0.8370383864135555 0.272192300058219 0.003002403122872721 0.006596049550263601
0 0.8383025561495023 0.24236973560223987 0.004108551641825926 0.005332976232127997
0 0.8237250988818694 0.23008985612036612 0.004977668335289422 0.006315366590677911
0 0.8129582477770092 0.24390871374573117 0.0038713203868793755 0.005157283707065723
0 0.8087580975112786 0.21704846128412236 0.004433074559026551 0.005785116397116746
0 0.7872260210817211 0.2127899728251336 0.004252132740290619 0.00562441871941914
0 0.7913876829126439 0.1897298560755153 0.003709307284083394 0.005785116397116816
0 0.8375966408961304 0.21594500380164866 0.0030166427091475614 0.007032728189235762
0 0.8424986852984953 0.20506101969926008 0.003393723047791042 0.005693160915095597
0 0.850323102325347 0.21895903016846396 0.0033937230477911837 0.005693160915095597
0 0.8504645074523381 0.21276353152556587 0.0038650734710954284 0.008037403644840815
0 0.8233077843856474 0.20110253703028838 0.004053613640417097 0.005358269096560555
0 0.8243447553169169 0.20470262407954004 0.004430693979060436 0.006865282279968276
0 0.8256174014598386 0.1945721465688552 0.003959343555756049 0.005358269096560555
0 0.8184057399832827 0.18854409383522458 0.004807774317704059 0.006697836370700685
0 0.8136451007079089 0.17598565064016078 0.0028281025398258918 0.005693160915095597
0 0.8390980235663421 0.18988366110936472 0.0030166427091475614 0.005358269096560591
0 0.8365998663228291 0.1882092020166895 0.002733832455164844 0.006362944552165644
0 0.832546252682412 0.18276720996549523 0.0029223726244867977 0.0055257150058280755
0 0.8287754492959775 0.1773252179143009 0.002545292285843317 0.005693160915095597
0 0.8417375859368461 0.17598565064016078 0.0030166427091475614 0.005693160915095597
0 0.8486664371594196 0.17481352927528815 0.0042421538097386245 0.006028052733630602
0 0.8487135722017501 0.16225508608022438 0.003393723047791042 0.004353593640955431
0 0.8496562730483587 0.1556409726641574 0.0037708033864346647 0.00552571500582804
0 0.8393808338203247 0.14375231310616368 0.003582263217112711 0.0038512559131529222
0 0.8385795381007073 0.14023594901154582 0.003299452963130136 0.004521039550222987
0 0.833960303952325 0.14885941333882294 0.004053613640417097 0.006362944552165644
0 0.8224122185813693 0.1476035690193166 0.003582263217112995 0.006195498642898141
0 0.8389566184393508 0.13044036331939604 0.004053613640416956 0.004353593640955467
0 0.8382967278467247 0.11327715761947552 0.003299452963130136 0.007535065917038289
0 0.8249575108672126 0.11687724466872713 0.004902044402364822 0.006362944552165679
0 0.8226478937930213 0.11285854284630674 0.0032994529631302782 0.008037403644840832
0 0.8301895005658905 0.09284875668883838 0.004242153809738909 0.00418614773168791
0 0.8300952304812296 0.086736981000574 0.002545292285843317 0.005358269096560555
0 0.8327347928517338 0.08874633191178422 0.0032994529631302782 0.006697836370700702
0 0.8252403211211953 0.08983473032202305 0.0032051828784692305 0.006195498642898141
0 0.8197255211685348 0.08615092031813769 0.0027338324551649863 0.0055257150058280755
0 0.8194427109145521 0.08137871190401345 0.0023567521165213635 0.005693160915095578
0 0.8145878015545176 0.081881049631816 0.0030166427091478454 0.005693160915095588
0 0.8106284579987613 0.07819723962793061 0.004336423894399672 0.004688485459490499
0 0.8117596990146917 0.08522996781716635 0.0032051828784693728 0.005023377278025531
0 0.811005538337405 0.0900021762312906 0.0033937230477911837 0.004855931368758011
0 0.8086487862208827 0.09954659305953902 0.002828102539825092 0.005525715005827897
0 0.8102042426177875 0.10950962466095639 0.0029223726244866554 0.005358269096560537
0 0.808743056305544 0.12725889104331323 0.0026395623705040804 0.005358269096560537
0 0.8113354836337179 0.13856148991887063 0.003110912793808609 0.005860606824363117
0 0.8039824170301705 0.13814287514570187 0.0036765333017734748 0.005358269096560537
0 0.8089787315171963 0.16325976153582944 0.0029223726244869395 0.005693160915095597
0 0.8080360306705876 0.16744590926751737 0.0032994529631302782 0.0050233772780255495
0 0.8193955758722216 0.16962270608799507 0.002451022201182411 0.005693160915095597
0 0.814304991300535 0.15672937107439627 0.003582263217112995 0.0066978363707007205
0 0.7169277318883519 0.3047548164377962 0.001532928798985722 0.0038573611640277507
0 0.7136702581905073 0.30475481643779617 0.0035768338643003723 0.005672589947099528
0 0.7154906111393027 0.30719403011504903 0.002746497431516133 0.0037439093650857205
0 0.7187200546077952 0.28589853333381976 0.0031297296312625634 0.005445686349215606
0 0.7062330720993901 0.26967492608511495 0.002938113531389206 0.004991879153447698
0 0.7209236397563368 0.2582730202914448 0.002682625398225014 0.004197716560853699
0 0.7254904901366485 0.26076895986816856 0.002746497431516133 0.005559138148157601
0 0.7253308100534208 0.2661579203179132 0.0024271372650608216 0.0038573611640276796
0 0.7287479638344933 0.23830550367765413 0.0047904024968303816 0.0064667525396935235
0 0.7197739431570974 0.21533151439190074 0.002938113531389348 0.005445686349215606
0 0.7170593817422269 0.21709001727550167 0.0027464974315159906 0.0057860417460415545
0 0.7071911525987562 0.21527478849242976 0.003065857597971444 0.006920559735461467
0 0.7286521557845567 0.22639306478874496 0.004087810130628782 0.004878427354505668
0 0.6931208158301763 0.2255910962940465 0.003915872476578386 0.006955513297512823
0 0.758603487612653 0.25994691891610616 0.0038908628549044976 0.0058198655237827876
0 0.7586546831765335 0.24630660909474028 0.0047099918769895055 0.004728640738073509
0 0.7469564968298797 0.2453517874072447 0.00199662699133242 0.0031827389583187226
0 0.7402242801796176 0.24471523961558092 0.004402818493707628 0.004637705339264393
0 0.7383249462029287 0.21133208527551298 0.003887431317306351 0.005021814610324533
0 0.7360278276972474 0.20270084141401767 0.0037107298937924327 0.005335678023469832
0 0.7230533137097302 0.1942085873322405 0.003607468226186654 0.006293291119403826
0 0.7241484379926797 0.18585567366466813 0.0033497919243161787 0.005606750270014338
0 0.7345521186807003 0.1855696149774225 0.002770020245107645 0.005263479845319559
0 0.7401887877841169 0.1880297196877349 0.003993982678992438 0.005606750270014338
0 0.7432486938688289 0.18883068401202266 0.0022546676413668365 0.00492020942062485
0 0.7317820984355927 0.1825373928926188 0.003156534697913429 0.0049202094206248145
0 0.7325873368789378 0.1787042064835274 0.002963277471510537 0.003890398146540548
0 0.7670181537296017 0.21577835339188042 0.0037575858318092516 0.006160946654382897
0 0.7776405598310626 0.2143664697835843 0.0028904506398532703 0.00539082832258508
0 0.7690766539989733 0.20016658973979573 0.0034685407678239242 0.0042356508248882815
0 0.7713890145108558 0.1969577633573046 0.0031794957038387395 0.0037222386036896895
0 0.7675230367800521 0.18521345879738715 0.0042634146937837155 0.005647534433184376
0 0.7712806226118613 0.16878426771903265 0.002962711905849602 0.005647534433184376
0 0.7633680139852629 0.14722095442869232 0.0034685407678239242 0.005647534433184358
0 0.7661862033591197 0.1556922560784688 0.002456883043875546 0.004877416101386467
0 0.7672339917160668 0.15357443066602475 0.001806531649908294 0.0029521202718918362
0 0.7773866995885516 0.1493387798411365 0.0036130632998167293 0.005775887488484006
0 0.7859496596091171 0.1592861416268589 0.003396279501827593 0.005904240543783618
0 0.7894543310099392 0.1470926013733927 0.0028904506398532703 0.007187771096780082
0 0.7580568109345326 0.13079176335033782 0.0033962795018277346 0.0064176527649822115
0 0.7722922803358101 0.11782810476507372 0.0046969822897617065 0.005647534433184376
0 0.7736291137567423 0.10627632978810571 0.003902108363802057 0.004877416101386505
0 0.7635847977832521 0.09966614744017402 0.0044801984917727114 0.0042356508248882815
0 0.7596104281534537 0.09344102425814127 0.0028904506398532703 0.006417652764982229
0 0.7535766124427599 0.09222167023279465 0.003829847097805583 0.005262475267285432
0 0.7478679724290496 0.0915799049562964 0.0032517569698350714 0.004235650824888264
0 0.7489157607859963 0.11295068866368724 0.0023123605118826164 0.00539082832258508
0 0.7742794651507091 0.09915273521897544 0.003034973171846076 0.005005769156686135
0 0.7776757446525369 0.10396597479271211 0.002745928107860749 0.006931064986180822
0 0.7814694611173444 0.10499279923510926 0.002673666841864417 0.004877416101386505
0 0.7849741325181665 0.1091642735323477 0.0026014055758679434 0.004235650824888264
0 0.786347096572097 0.11622369157382821 0.003179495703838597 0.004235650824888264
0 0.78746714619504 0.11956087101161895 0.0038298470978057253 0.004749063046086857
0 0.7882258894880017 0.1243741105853556 0.004624721023765233 0.005647534433184394
0 0.7985499323907511 0.15982898219331843 0.0034226524488258294 0.0056872163567877184
0 0.7965395513565809 0.14825984709419074 0.00408510130988887 0.005883327265642482
0 0.7938897559123288 0.12580514803032192 0.0029810198747837547 0.005294994539078246
0 0.7970551520907716 0.12115186306958908 0.002899272001431399 0.004943799389917025
0 0.7998384532121456 0.11970992158086328 0.002744644161355154 0.00480647162908598
0 0.8061715727180243 0.1109264988112629 0.003517783361736946 0.007209707443628979
0 0.7989233927144458 0.10749330479048719 0.0040203238419849185 0.005699102074487677
0 0.8009722115954573 0.09935663496124877 0.0031698707215650755 0.004806471629085997
0 0.7984208522341976 0.09695339914670581 0.002396731521183284 0.005081127150748017
0 0.796294719433148 0.09554578959818777 0.002628673281297864 0.005561774313656631
0 0.7986721224743217 0.07916945411908768 0.003827039041889293 0.006454404759058318
0 0.6972974897903075 0.1573345365683547 0.003348127021971976 0.006468735666558789
0 0.691770033995854 0.11575906809753199 0.0030544316691673147 0.004903718973036479
0 0.6907127307257577 0.12050628540121629 0.0028194753869237844 0.006260066774089186
0 0.6977026801225061 0.11925427204639845 0.004346691221507513 0.006886073451498067
0 0.7041052388136455 0.11925427204639845 0.0031719098102891505 0.006468735666558789
0 0.7079820174706657 0.1249926665893135 0.004229213080385676 0.005842728989149872
0 0.7197298315828479 0.12311464655708676 0.0021146065401929093 0.006260066774089132
0 0.6818987556662718 0.10314357375582145 0.002891856928955292 0.0059119589981923145
0 0.6713134680395295 0.10251361091175175 0.003437490311777083 0.00465203331005295
0 0.6725411431508784 0.09471176338135041 0.002509913560980124 0.005330454834435674
0 0.6741234799610615 0.0964562758726203 0.002728166914108812 0.00494278539193127
0 0.6757123812864737 0.08451193846596233 0.0031646736203661875 0.00523353747380959
0 0.6786860832228521 0.08208900445030974 0.002673603575826604 0.004264363867548564
0 0.6840605720436457 0.08528727735097114 0.0030555469438009425 0.004652033310052895
0 0.6893259341878766 0.09381600508606827 0.002673603575826604 0.006008876358818416
0 0.6809504617615625 0.09245916203730281 0.0030555469438019144 0.00523353747380959
0 0.6871871448416661 0.0872396569193229 0.0018422921745822407 0.005327074086772629
0 0.7022084777503941 0.09315333929160188 0.002114627163698515 0.0035853459377256413
0 0.7096543077014614 0.14558526411867245 0.004062318902583399 0.0061633563459838215
0 0.7083245428160919 0.16919164798548308 0.00482400369681784 0.006764659404128643
0 0.675487465020209 0.16325378028630355 0.003639160683564313 0.006013030581447651
0 0.7161529698679456 0.164381223520325 0.0032160024645453687 0.006464007875056232
0 0.716364548977455 0.15769172699846448 0.0029621075331337466 0.0072156366977371884
0 0.7200883413048232 0.15603814358856638 0.003131370820741495 0.0066143336395924025
0 0.7284324261196431 0.18119951726431455 0.0032665131216127463 0.006382307684622006
0 0.7432623956917649 0.16338707672632397 0.002351889447561177 0.006266265726719773
0 0.7400612128325845 0.16309697183156843 0.0036584946962062758 0.006846475516230903
0 0.7331035398835494 0.13832201381944473 0.0038544854835031116 0.0062662657267198085
0 0.7272564813958624 0.13524690193503594 0.004050476270799663 0.007078559432035352
0 0.7372520115479975 0.11639008377592538 0.0037891552210707856 0.005337930063502068
0 0.7277137932328883 0.10913746140703673 0.004311797320528683 0.005686055937208731
0 0.7318295997661203 0.1227143704815963 0.003397173646477256 0.004525636358186524
0 0.7311109668793656 0.12665979705027172 0.003527834171341766 0.004757720273990973
0 0.7386892773215077 0.10577224462787228 0.004181136795665074 0.005453972021404097
0 0.7450263127774357 0.1089633984701834 0.0037891552210707856 0.005105846147697637
0 0.7452223035647324 0.11644810475487649 0.0037891552210707856 0.005453972021404283
0 0.7445036706779777 0.09428409079555271 0.004181136795664173 0.005918139853013145
0 0.7346388010507073 0.09341377611128607 0.0036584946962062758 0.005337930063502032
0 0.7361087319554329 0.09706909778520596 0.004115806533232132 0.006150223768817593
0 0.7395385707331263 0.09828753834317926 0.0031358525967482365 0.005337930063502068
0 0.7287264123005882 0.09132502086904616 0.002809201284586891 0.004409594400284309
0 0.7241859590615465 0.09161512576380168 0.002743871022154707 0.004293552442382094
0 0.7260805366720819 0.0941100278586994 0.004050476270799805 0.00464167831608874
0 0.7221569779381996 0.11793229266631487 0.0024787873679326822 0.0036166769972464864
0 0.7246578973362031 0.11974063116493809 0.0028771639092076383 0.004088417475148187
0 0.6330610309808528 0.8803600810084165 0.0035168806761293326 0.005511890942844389
0 0.6521969993656738 0.8785227840274683 0.0022756286727894804 0.0055118909428442464
0 0.6511109038627516 0.8805438107065112 0.0021721910058445813 0.004409512754275369
0 0.6403825960563672 0.8506685021789774 0.0028962546744593 0.0062468097352234506
0 0.6308146118639565 0.8400121796894783 0.0038271936769642425 0.005144431546654573
0 0.6082256681477161 0.3815254516897317 0.0027462690437644 0.0064633787312740765
0 0.5898887824968655 0.319621918098711 0.0030405121555963175 0.005749096984691313
0 0.6023941147497213 0.3213640687001326 0.003923241491092 0.005400666864406958
0 0.6249527533235003 0.3287682087561744 0.002353944894655271 0.006271742165117757
0 0.6612223944829839 0.3574420522899995 0.004400845477798754 0.0048104244651580785
0 0.6455701789355581 0.3170370374068273 0.00457010876540636 0.00481042446515815
0 0.6405345961292306 0.31200112429486493 0.003808423971172061 0.006163356345983857
0 0.6553874496168015 0.2935110552569134 0.004062318902583541 0.004660098700621944
0 0.6603807166012271 0.2756222892771067 0.0037237923273681873 0.007065310933200948
0 0.6717636726928411 0.30290641554042536 0.003131370820741352 0.005411727523302865
0 0.6750246980274628 0.2859669124128543 0.0033704539704810087 0.005687385294855041
0 0.582453419888679 0.28368097707384854 0.00334475292995144 0.006169572953985955
0 0.5839809971351612 0.26095008568340505 0.00334475292995144 0.006626578357984875
0 0.5864895618326248 0.2409560992584506 0.003216108586491799 0.005027059443988549
0 0.5866825283478143 0.23581478846346232 0.0025728868691933114 0.00548406484798754
0 0.5962343708496946 0.20359590748153578 0.00405229681897957 0.005027059443988549
0 0.5754583093809583 0.1700060102876124 0.003280430758221584 0.0047985567419890525
0 0.5778060686490971 0.15589596843914452 0.003859330303790003 0.00605532160298619
0 0.5958372379290053 0.17817213770769824 0.0031253605263269436 0.006122842926940102
0 0.6012760549895165 0.20087797006630295 0.0039034354951080984 0.006391748668485881
0 0.6073501665669824 0.1758814231065552 0.0039034354951081695 0.005741740329317793
0 0.5749756455967271 0.13319288248987274 0.0030745547906735025 0.006771806922819739
0 0.5614476045177638 0.14455204248944128 0.0025826260241657195 0.006771806922819721
0 0.5796765602335802 0.1324871257641989 0.0025826260241657195 0.006334916153605565
0 0.5690635665465462 0.1016805493498855 0.0031907077481727695 0.0034800129545962833
0 0.5689516118887156 0.10471313206746227 0.0019592065120358627 0.003977157662395783
0 0.566322636636208 0.08207859125769285 0.0015673652096286617 0.005866307552033776
0 0.5648392374199522 0.06930197226724641 0.0029667984325114816 0.004374873428635348
0 0.5674981605434296 0.07014711827050552 0.003022775761426857 0.005070876019554609
0 0.569989151680161 0.08138258866677357 0.0021831158276971506 0.007059454850752509
0 0.5681418998259558 0.08168087549145327 0.0020711611698664713 0.004076586603955663
0 0.5764545331698794 0.08690089492334772 0.00279886644576564 0.006960025909192602
0 0.5778341691819735 0.10115795267423194 0.002441610234689051 0.006411033744178294
0 0.584336283393917 0.10808752591242467 0.0028131596182285534 0.0057510743881599245
0 0.5911303292643558 0.10596622798236567 0.0028131596182286245 0.005845354296162561
0 0.6237550133469262 0.2568014774230467 0.002604745335054517 0.0052875910753975575
0 0.6708264826161261 0.23003304760384657 0.0027287808271999835 0.005948539959822235
0 0.6130162701629756 0.20510167134259077 0.0027041754810061035 0.004330802413952668
0 0.6140802080571419 0.21081045634280116 0.002260868025103662 0.005669414069174472
0 0.6275681999485905 0.20287840762816672 0.003413467410450508 0.006378090827821303
0 0.6261717814624972 0.19252385276571615 0.003635121138401729 0.004409544276024597
0 0.6189237045584888 0.1880355666276197 0.0028814984633672935 0.0036221256553058724
0 0.6327327318098565 0.19185454693810527 0.003014490700138026 0.004645769862240137
0 0.6370168877028156 0.211846251871827 0.0033971736464773273 0.006962517474133136
0 0.6473575704412146 0.20725093681336262 0.0040504762707999475 0.004641678316088722
0 0.6456263184867598 0.19477642633887413 0.002547880234857871 0.00591813985301318
0 0.638766640931373 0.18166368509592343 0.003462503908909582 0.007542727263644196
0 0.6441890527132501 0.17864659419046575 0.003462503908909582 0.005453972021404212
0 0.6493501434453983 0.17325064314801256 0.0029398618094514006 0.005337930063502015
0 0.6290324318289671 0.16947927951619043 0.0030705223343160527 0.004989804189795386
0 0.6274645055305929 0.1661720837159772 0.003462503908909582 0.003713342652870999
0 0.6296857344532896 0.16367718162107953 0.003593164433774021 0.00452563635818656
0 0.6318089679823379 0.15659862218904416 0.003658494696206418 0.005453972021404301
0 0.6479455428031048 0.16164644735779066 0.0030051920718837267 0.005337930063502068
0 0.6494808039702628 0.15265319562036875 0.0024172197099933614 0.007078559432035369
0 0.6385706501440762 0.14151316766175573 0.0028092012845871038 0.006382307684622042
0 0.6498401204136403 0.13478273410342706 0.0031358525967482365 0.005686055937208731
0 0.6366434074023247 0.12607958726076066 0.002743871022154707 0.0066143916004264905
0 0.6311883304892315 0.12428093691327625 0.003593164433774021 0.00533793006350205
0 0.6225974009793899 0.11041392294396112 0.003005192071883798 0.006150223768817593
0 0.6237080154407382 0.10136265022758803 0.002743871022154636 0.005918139853013162
0 0.6204088371879094 0.08993251737421952 0.0028092012845871038 0.005570013979306499
0 0.6276278311866735 0.09579263624828156 0.002874531547019217 0.005918139853013145
0 0.6353368021536796 0.07304841249944669 0.002613210497290268 0.004989804189795404
0 0.6392239527683988 0.08279593696323306 0.0030705223343159816 0.0038293846107732145
0 0.6363494212213796 0.08476865024757078 0.0037238249586385307 0.004757720273990973
0 0.6374600356827279 0.08795980408988179 0.0030705223343159105 0.00464167831608874
0 0.6373947054202956 0.09875170617478814 0.0033318433840450012 0.007194601389937567
0 0.6405305580170437 0.1078609998701123 0.0032011828591804203 0.006150223768817593
0 0.640301902098531 0.12834240543985392 0.002874531547019288 0.006498349642524257
0 0.6503627625130983 0.09057074814268173 0.0030051920718837267 0.0073106433478397825
0 0.6691644299027942 0.18202404952350484 0.0029922504655759494 0.007308046236827401
0 0.6637019457601173 0.15845897036072054 0.0026464855967003585 0.0056180086434133615
0 0.6641387879134263 0.1431445671694197 0.0025819371675125068 0.006076621593896103
0 0.6673016609436292 0.11064037430395675 0.0027110340258882106 0.0077964201582062746
0 0.6561025084795434 0.10020692968047483 0.0017428075880710026 0.005503355405792689
0 0.6540692329601273 0.09722594550233712 0.0027110340258883524 0.003668903603861793
0 0.6595235752264975 0.08404082317595886 0.003550163605329857 0.006879194257240844
0 0.663557852050736 0.08707913397290688 0.0033565183177663017 0.007681766920585602
0 0.6118491745909577 0.1570939717235266 0.0027858771090480874 0.0062612091225815545
0 0.6145781970651274 0.1585077931383031 0.0026721678392910065 0.00484738770780508
0 0.6146350517000059 0.1654759129682729 0.002444749299776987 0.002625668341727767
0 0.6155731531755017 0.16749565784652504 0.0021604761253843207 0.0028276428295529853
0 0.6017198450775644 0.11585326027389503 0.0028453886478981617 0.004792663476078172
0 0.5987848252950966 0.08433828642675033 0.0028575270504066453 0.005311718529326477
0 0.6151792576206198 0.08681944747024123 0.003211128224164668 0.005805573416802296
0 0.6168708340958494 0.09007871675686709 0.0022363214418289344 0.004990756095145841
0 0.6116937418728109 0.1486758966218233 0.0033190180120747925 0.0067924788095829495
0 0.6160950483670835 0.13195101955294455 0.0031747128811151267 0.004870079146493383
0 0.5541850285841715 0.0861588674513433 0.0020252381353999026 0.004061468526577663
0 0.5554916338328166 0.08760939192512102 0.0017639170856708119 0.005105846147697637
0 0.549187263508104 0.09329544786232974 0.003789155221070928 0.0055700139793065165
0 0.5437975168574432 0.08221344088266784 0.0038544854835030405 0.004989804189795421
0 0.5370758319973757 0.0694829608636441 0.004177152557788872 0.005727416979161539
0 0.5409778979227692 0.10823516404938228 0.0029313351282728205 0.006898934088535497
0 0.5445293868879731 0.21600206113452805 0.005211624035516991 0.0064182377945811095
0 0.5382910157891435 0.16604891010567363 0.003039957418578396 0.004845868031305152
0 0.5377843562193804 0.15891856143103886 0.002962009792460947 0.005815041637566196
0 0.5340154066844502 0.13485307636455365 0.0035309173419828 0.008536537946965836
0 0.5301770470024446 0.1103652406000582 0.004021322528369282 0.006097527104975615
0 0.5371408006491329 0.0858009171200137 0.003236674230150882 0.004355376503553981
0 0.5169361069700091 0.06968602405686392 0.0032366742301508113 0.0055748819245491086
0 0.5092367455437412 0.09512142283761925 0.0029424311183188934 0.0073170325259706995
0 0.5200256596442442 0.09102736892427848 0.0027462690437644 0.006445957225259935
0 0.5183092414918913 0.10688093939721505 0.002648188006487189 0.007491247586112859
0 0.5205160648306306 0.1481699086509069 0.0025501069692097644 0.007839677706397215
0 0.5228700097252857 0.1512186722033947 0.003138593192873671 0.0055748819245491354
0 0.5245864278776385 0.19032995320530957 0.002648188006487118 0.006794387345544273
0 0.49301408845798805 0.06797450363616628 0.0033260285784383827 0.004726249109205148
0 0.4949735257185203 0.09275263876815104 0.002902715850273552 0.006552299901398051
0 0.5012582423045826 0.12498605867214958 0.003323919103038406 0.0045786622347180565
0 0.49351520205662297 0.14546094205054383 0.003424190812037793 0.004460258491678815
0 0.48134030139160006 0.13620252669660446 0.003272004553724983 0.005136055232842285
0 0.45367275086809017 0.07875300213420566 0.0019192582417650072 0.0035884793711004194
0 0.47346376897670467 0.15258250470832158 0.0013962462874932413 0.003624707154509252
0 0.47475261170362165 0.15220095658679428 0.002040667650951775 0.0032431590329819572
0 0.476334791156366 0.18638625736608058 0.00257768545383378 0.0053416737013820634
0 0.4808457407005751 0.18924786827753523 0.002577685453833709 0.005341673701382028
0 0.4952378178178136 0.213476173994518 0.002577685453833709 0.006104769944436619
0 0.5051189453908431 0.23484286880004623 0.0038665281807505635 0.0049601255798547685
0 0.5036152955427734 0.26269588167153834 0.0023628783326810066 0.0064863180659639145
0 0.5201017420912519 0.26956374785902953 0.0024702818932573934 0.006486318065963879
0 0.48132905672316895 0.27729009731995713 0.0024702818932573222 0.005532447762145693
0 0.4900287451298579 0.27795780653262986 0.0031147032567157853 0.0049601255798547685
0 0.4820808816472038 0.2946505368494487 0.0031147032567157853 0.00667709212672758
0 0.4667758742650658 0.30275843443190364 0.0027924925749865537 0.005723221822909324
0 0.48347712793469705 0.2732838420439206 0.001611053408646086 0.003624707154509252
0 0.43774195705023594 0.10290430738257672 0.003057456281829474 0.007241018173098457
0 0.42207249360585963 0.1023008892014852 0.0028026682583437434 0.006335890901461134
0 0.4348806914196702 0.13388340892968487 0.0036519616699631284 0.006185036356188238
0 0.42532614053895285 0.1493459998201555 0.0015287281409148078 0.006335890901461134
0 0.4528496247552368 0.17067079055308398 0.003462840948234529 0.00557865290178075
0 0.4457628804890826 0.1739607653413136 0.0024964667301225064 0.006436907194362398
0 0.31675272609158894 0.14736196672015164 0.0026346297627679507 0.0068395965927564185
0 0.3193366898973806 0.1388124709792061 0.002735961676720571 0.00593964967265693
0 0.3257712664333715 0.15843131383737588 0.003039957418578396 0.00665960720873656
0 0.3378406011180131 0.12239278113353645 0.0028372935906731556 0.006839596592756454
0 0.3284673990773963 0.11528320046475013 0.0027359616767205354 0.0059396496726568946
0 0.3292273884320409 0.15848065262952774 0.0032426212464835655 0.00593964967265693
0 0.3295313841738987 0.16523025453027423 0.0034452850743888065 0.004319745216477777
0 0.3301900416145907 0.17152988297097094 0.002938625504625776 0.007559554128836084
0 0.3484297861260612 0.17458970249930936 0.0031412893325309453 0.007199575360796295
0 0.3499376257719088 0.08409671572754811 0.0032476504535315343 0.005546724371899874
0 0.3877644310688034 0.1027086303994615 0.0029100967104253783 0.006892024357272248
0 0.38397109373668215 0.1516245358599895 0.0042034730261699595 0.006892024357272231
0 0.6123986038555229 0.2933832069761644 0.0046006696697065055 0.005707341032731747
0 0.5756343613682127 0.3185226927568065 0.0032053940666215653 0.005825943849843754
0 0.5682545006101772 0.3044874643912739 0.0018636012015240766 0.004237050072613613
0 0.5550161984233424 0.30779597876174675 0.0038579216482291655 0.005446921733777472
0 0.577768044041104 0.347681502425214 0.0038579216482291655 0.005798336039182459
0 0.5423237702392161 0.45841381980463525 0.002526131744757123 0.004019609460289928
0 0.3169110822384703 0.2848415152584376 0.0026328095760198523 0.007090163627825632
0 0.34513132771544003 0.24938127906466612 0.0034712372262036694 0.004764432518627508
0 0.3484053355537911 0.25940060039060336 0.004023479512190562 0.006025605832381835
0 0.35879329869233495 0.23797848127387752 0.002934707187391865 0.005212732280813945
0 0.36602812596717693 0.25419073564756217 0.0032306488808501394 0.004382046741862382
0 0.5105061617486237 0.31607786670977606 0.0028729215550470856 0.005546724371899856
0 0.4543592817923767 0.2971080693578785 0.0034974697191877623 0.005324855397023817
0 0.38246263411054326 0.2740468473197707 0.0031979084729948674 0.003997205823814802
0 0.391878697947695 0.29035123949585745 0.003316349527550315 0.004207585077699818
0 0.39892594069373927 0.2766765879933331 0.002250380036551931 0.0071528946320896835
0 0.4197123457682064 0.28856301583783506 0.002605703200218059 0.006100998362664676
0 0.419593904713651 0.2971885652471197 0.002605703200218059 0.004417964331584763
0 0.4262266037687516 0.2997131162937395 0.0016581747637750511 0.0035764473160447706
0 0.4280032195870821 0.30055463330927945 0.0018950568728859452 0.004838722839354759
0 0.32667826012082146 0.32987155357149517 0.0014240168025282428 0.0030352677310436604
0 0.3255865139055498 0.32978724057896613 0.0009493445350188523 0.002529389775869717
0 0.3253491777717952 0.332148004369778 0.0014240168025282428 0.002866641745985703
0 0.365165705375248 0.28443013614501284 0.0031947449168988518 0.004365092794588251
0 0.3652248772305691 0.3186517740049377 0.0041777433528672955 0.005238111353505843
0 0.37251544896400424 0.3487709142875962 0.0022117464809298325 0.0032010680493647216
0 0.37386707181346135 0.35037144831227857 0.0024574960899219887 0.00378308042197645
0 0.4907881896177336 0.42436914231905676 0.003397173646477256 0.004978199994005195
0 0.4655165377156391 0.39833187951289867 0.002345068102618319 0.004946405572911845
0 0.41369613753477175 0.38136396992249344 0.0027571400467365946 0.006600750680162051
0 0.34670477018844337 0.4610349017118482 0.003086394464834612 0.0059149671434526145
0 0.3584684729091474 0.5226089872477353 0.002680289929988007 0.0064920371086673615
0 0.3265405507937749 0.5113587543498553 0.0030676233129840113 0.005154291720182371
0 0.4954044077490049 0.48790995947395077 0.0015867615799600543 0.005010600698865772
0 0.49593332827565834 0.5438094735206722 0.003702443686573318 0.004697438155186759
0 0.4954925611701138 0.5713677773644341 0.0035261368443555343 0.005950088329903167
0 0.5244950367149388 0.546001611326426 0.003349830002137679 0.006576413417261335
0 0.5410678798834102 0.5762217967914602 0.0033498300021378214 0.005010600698865772
0 0.5555250409452683 0.5796665847719303 0.0037024436865733894 0.005010600698865772
0 0.5589127144206631 0.6222074376534711 0.0012859738827430789 0.004339966671751725
0 0.560970272633052 0.6225500666012411 0.001800363435840353 0.005025224567291602
0 0.5185585620343217 0.633362748887464 0.0028082283552731723 0.005730980979616049
0 0.4570010645406582 0.6199243762139717 0.0033295103778685584 0.0059139958836730245
0 0.4772912487322014 0.6955182173790851 0.001613657482076789 0.004223927267640732
0 0.47580498526186765 0.6952919355611757 0.0013588694585908456 0.0046764909034594385
0 0.34373633989316943 0.6422030533937053 0.0016440936624044155 0.004672477114455163
0 0.34570925228805477 0.6421300459387919 0.00147968429616391 0.0045264622046284585
0 0.3715111553027841 0.6622511556259593 0.0012241144017157523 0.005000926693704884
0 0.34397601693053004 0.6798305555191462 0.0025501069692098356 0.006445957225259775
0 0.3268360176594706 0.8188762864200373 0.0027177389171818334 0.006939309082552683
0 0.32575554182682387 0.8702445047842208 0.004082931071523035 0.006508428385410809
0 0.32694855734272693 0.940653856788592 0.003978240531227541 0.008739889546123153
0 0.36071422175162526 0.9655742441555581 0.003170752063208508 0.007092152763012228
0 0.39546170121821034 0.9483513883174038 0.0020708220922384868 0.0033438805053255293
0 0.42351767703436577 0.9761067702525665 0.003695551267104591 0.0056264321608452406
0 0.45959203545905003 0.8826924518177008 0.003316349527550244 0.005680239854894608
0 0.4783057220787981 0.9026784809367748 0.003316349527550315 0.0061009983626647115
0 0.5904134107423369 0.9292343747042434 0.0029972163177021827 0.006576413417261478
0 0.582694113529767 0.8552469067876544 0.0031735231599201085 0.008768551223015208
0 0.5580111556192776 0.8148489386530489 0.003878750528791315 0.006889575960940562
0 0.5085038045459465 0.9422500312307568 0.0027837519314036995 0.007286779146136268
0 0.5129724589621469 0.9535705631185042 0.002637238671855968 0.00702653703377436
0 0.5256458559130104 0.9460235418600058 0.003076778450498594 0.00598556858432616
0 0.5356820141920189 0.9328813151857244 0.0026372386718574777 0.007286779146135724
0 0.5085770611757201 0.8758882925784451 0.002930265190951218 0.0057253264719641095
0 0.5368541202683984 0.8899413666459935 0.004395397786426614 0.0057253264719641095
0 0.5436374495512049 0.8753243449296094 0.003076778450498594 0.008067505483222135
0 0.4996102150571642 0.7756516158949609 0.0029302651909511716 0.007026537033774087
0 0.5480243588973408 0.9273197563898181 0.0025663784180629534 0.007545092682036625
0 0.578056750962665 0.8917691033141317 0.002431965934862674 0.00557967090461716
0 0.576080778640589 0.8918590980061417 0.001925306365099715 0.005399681520597142
0 0.5618943106872232 0.9133678293965207 0.0031412893325310164 0.006299628440696665
0 0.5837731562810063 0.9714927002474465 0.0034452850743887354 0.004859713368537513
0 0.5913570080708692 0.07161081818222549 0.0032011828591804914 0.006730433558328679
0 0.6014505336166526 0.07265519580334547 0.0020905683978321575 0.006498349642524257
0 0.6196959168811563 0.192606663083382 0.005079345165315274 0.0027903449267886416
