0.0 0.2462353834967262 0.4695650920716793 0.01273036969992809 0.07811699726108395
0.0 0.35428550960520083 0.692303127995027 0.010146406602267177 0.06338955143994536
0.0 0.46547744389827306 0.5383655095346258 0.006626630695163271 0.02988755211348929
0.0 0.5552565665099705 0.7864426829551103 0.011825764054734834 0.05028896342212668
0.0 0.730578310652154 0.13014177147365374 0.010612318488161066 0.054530628776376044
0.0 0.8272121745470287 0.48383167448885744 0.008908006180492123 0.06512911903484578
0.0 0.8415118686788702 0.585014412989422 0.008439163749939383 0.06280307906931633
0.0 0.8820667389216332 0.517559253989045 0.009845691041595472 0.053498919207195
0.0 0.9141824454144605 0.400094235729769 0.008439163749943645 0.06512911903484225
0.0 0.9179331848588749 0.020942040519061223 0.014065272916565164 0.041884081038122446
0.0 0.9536779484714906 0.3503851094376775 0.008212410937801451 0.0674379214138619
0.0 0.9965178656335322 0.22568300228053076 0.006964268732935608 0.05630598133428757
