0 0.3862069295178938 0.3822940289965451 0.005462615693322377 0.011643472964361763
0 0.39221580678054835 0.3269875324158267 0.005462615693322377 0.009702894136968112
0 0.36189828968260906 0.45166972207586736 0.006008877262654692 0.008732604723271323
0 0.39713216090453857 0.4487588538347769 0.005462615693322448 0.010673183550664902
0 0.39818405301738496 0.49717308800993826 0.0081262051636201 0.020849194013320017
0 0.4245942197991502 0.5164184978683874 0.007674749321196828 0.019245409858449206
0 0.3654535044416929 0.5372676918817074 0.012189307745430185 0.017641625703578256
0 0.3388176097387158 0.5849802704891128 0.008577661006043442 0.01683973362614296
0 0.32030792019935894 0.5244374186427413 0.010383484375736779 0.024056762323061563
0 0.3744826212901596 0.7926703185448774 0.008577661006043442 0.01844351778101384
0 0.40811608155069834 0.7862551819253943 0.00993202853331347 0.018443517781013982
0 0.3616161297810945 0.7754296388800167 0.007223293478773414 0.01764162570357854
0 0.39998987638707834 0.8564207387009906 0.0081262051636201 0.012830273238966185
0 0.4212083009809751 0.8684491198625213 0.007223293478773414 0.012830273238966043
0 0.43836362299306203 0.9181664286635152 0.0117378519030067 0.014434057393836923
0 0.4117277282900851 0.911751292044032 0.010834940218160156 0.019245409858449136
0 0.3977325971749616 0.8888973678371237 0.010834940218160156 0.01844351778101384
0 0.3923151270658815 0.9101475078891613 0.010834940218160227 0.016037841548707518
0 0.35123264540535765 0.8748642564820044 0.010834940218160085 0.020849194013320017
0 0.3234681110963223 0.9005248029599368 0.00677183763635 0.011226489084095306
0 0.32685402991449736 0.8864916916048173 0.0081262051636201 0.015235949471272221
0 0.31872782475087724 0.8840860153725112 0.008126205163620065 0.012028381161530745
0 0.33746324221144575 0.8612320911656027 0.009480572690890128 0.01603784154870766
0 0.3248224786235923 0.8592273609720144 0.005868925951503314 0.012028381161530745
0 0.3151161780114905 0.8540150624686844 0.008126205163620136 0.011226489084095306
0 0.31150453127210376 0.8375762748812587 0.008126205163620136 0.016839733626143102
0 0.3622933135447295 0.8323639763779289 0.010383484375736813 0.012830273238966043
0 0.3512326454053577 0.8131185665194798 0.007223293478773414 0.022452978168190897
0 0.34288071232052586 0.8107128902871736 0.005868925951503385 0.014434057393837066
0 0.3196307364357239 0.7950759947771837 0.0081262051636201 0.01844351778101384
0 0.33204577210236574 0.7806419373833466 0.004966014266656771 0.015235949471272364
0 0.33656033052659917 0.7529766607118259 0.007674749321196828 0.01764162570357854
0 0.32346811109632234 0.743754901821319 0.011286396060583464 0.02646243855536767
0 0.32391956693874563 0.6972451613300669 0.011286396060583428 0.021651086090755455
0 0.4941184195323444 0.9274287669920978 0.010383484375736742 0.01683973362614296
0 0.48508930268387773 0.9166032239467201 0.005868925951503385 0.01603784154870766
0 0.5126281090717013 0.9125937635595431 0.011286396060583357 0.008018920774353688
0 0.5087907344111029 0.8857303789654577 0.011737851903006842 0.010424597006660008
0 0.4925383240838627 0.8981597061657061 0.0081262051636201 0.012830273238966327
0 0.4911839565565927 0.8789142963072569 0.00993202853331347 0.014434057393836923
0 0.45348739371424385 0.851649965674454 0.010383484375736813 0.01603784154870766
0 0.4670310689869441 0.8516499656744538 0.006771837636350142 0.012830273238966185
0 0.48396066307781926 0.8472395592485593 0.00812620516362017 0.013632165316401483
0 0.454164577477879 0.8251875271190862 0.00812620516362017 0.020849194013320017
0 0.4593563196657473 0.813961038034991 0.007674749321196685 0.014434057393836923
0 0.4640966060111924 0.8312017176998517 0.008126205163620028 0.01363216531640134
0 0.47402863454450583 0.8115553618026847 0.006320381793926728 0.012830273238966185
0 0.48441211892024255 0.8035364410283308 0.006320381793926728 0.016037841548707518
0 0.4936669636899211 0.7887014375957763 0.010383484375736813 0.016839733626143244
0 0.46590242938088566 0.7562248084596432 0.006320381793926728 0.01764162570357854
0 0.45732476837484226 0.7558238624209256 0.0081262051636201 0.016839733626143102
0 0.4011185159931366 0.7397860208722178 0.017606777854510227 0.01844351778101384
0 0.3898321199325531 0.6832526294130232 0.010383484375736813 0.014434057393837066
0 0.5033732643020229 0.7534181861886193 0.012640763587853456 0.020047301935884575
0 0.4774145533626809 0.6992904709617309 0.01309221943027687 0.012830273238966043
0 0.4751572741505642 0.7173330427040271 0.009480572690890057 0.010424597006660008
0 0.4236913081143035 0.6299268062635702 0.008577661006043442 0.015235949471272364
0 0.5035989922232346 0.6531816765091963 0.013092219430276799 0.020047301935884717
0 0.46567670145967405 0.6355400508056178 0.009480572690890199 0.013632165316401412
0 0.4805747442596443 0.6359409968443356 0.008577661006043442 0.019245409858449136
0 0.5435528342777001 0.8644802389134201 0.01625241032724013 0.012830273238966185
0 0.5282033356353065 0.8316026637385694 0.0135436752727 0.014434057393836781
0 0.5690600893746186 0.8821218646169986 0.0076747493211967565 0.00801892077435383
0 0.5692858172958303 0.8664849691070086 0.010834940218160156 0.01363216531640134
0 0.55303340696859 0.8263903652352395 0.008126205163620028 0.018443517781013698
0 0.5370067245625616 0.7425926431432417 0.008577661006043513 0.01764162570357854
0 0.5559678699443418 0.7806825168214224 0.013995131115123485 0.015235949471272364
0 0.5593537887625168 0.80714495537679 0.009029116848466714 0.013632165316401625
0 0.565448442635232 0.8207771206931918 0.00677183763635 0.00882081285178927
0 0.5710916406655236 0.8352111780870285 0.010834940218160156 0.013632165316401483
0 0.587344050992764 0.8628764547585493 0.010834940218160085 0.025660546477932228
0 0.6184945041199743 0.868489699300597 0.010834940218159943 0.01764162570357854
0 0.6135284898533176 0.8809190265008453 0.0162524103272402 0.015235949471272506
0 0.6336182748411562 0.8813199725395632 0.006771837636350142 0.01764162570357854
0 0.6478391338774913 0.8797161883846925 0.009029116848466856 0.014434057393837066
0 0.6564167948835348 0.907381465056213 0.011737851903006913 0.020047301935884575
0 0.671314837683505 0.9077824110949309 0.005417470109080114 0.019245409858449136
0 0.6543852435926297 0.8051402251832016 0.0103834843757366 0.0128302732389659
0 0.6327153631563095 0.7991260346024361 0.008577661006043513 0.012028381161530745
0 0.6216546950169376 0.7830881930537285 0.0117378519030067 0.020047301935884575
0 0.6137542177745293 0.7650456213114325 0.008577661006043371 0.016037841548707802
0 0.6112712106412009 0.7758711643568101 0.012640763587853456 0.01844351778101384
0 0.6760551240289501 0.8267913112739569 0.006771837636350142 0.017641625703578398
0 0.6753779402653151 0.7907061677893649 0.00812620516362017 0.011226489084095449
0 0.6816983220592419 0.803536441028331 0.007223293478773485 0.009622704929224568
0 0.34942682203566433 0.46589929698995824 0.009932028533313328 0.01924540985844928
0 0.31714772930239554 0.39533279417564443 0.009480572690890164 0.012830273238966185
0 0.3182763689084539 0.4105687436469168 0.010834940218160121 0.012830273238966114
0 0.32911130912661407 0.4430453727830498 0.013543675272700142 0.016839733626143102
0 0.4198539334537051 0.4177857723438352 0.0081262051636201 0.01924540985844928
0 0.42707722693247857 0.45346996978970977 0.00993202853331347 0.01683973362614303
0 0.42730295485369024 0.4679040271835467 0.01309221943027687 0.021651086090755386
0 0.44062090220517874 0.42460185500203595 0.01173785190300677 0.016839733626143102
0 0.4394922625991204 0.43663023616356667 0.013092219430276799 0.018443517781013767
0 0.4593563196657473 0.4642955128350874 0.011286396060583428 0.019245409858449206
0 0.4620650547202873 0.5128099835199282 0.010383484375736742 0.020047301935884505
0 0.4354291600173104 0.613447439238069 0.012189307745430185 0.014434057393836852
0 0.46838543651421405 0.6150512233929396 0.009480572690890128 0.014434057393836994
0 0.4787689208899508 0.5966077056119258 0.006771837636350142 0.012830273238966114
0 0.4837349351566076 0.5962067595732081 0.005868925951503456 0.008820812851789199
0 0.49321550784749774 0.6026218961926912 0.0031601908969633996 0.015235949471272364
0 0.511499469465643 0.5541074255078504 0.011737851903006913 0.020849194013319874
0 0.48170338386570266 0.4951683578163498 0.006320381793926728 0.021651086090755386
0 0.4844121189202427 0.39412995605949136 0.012640763587853527 0.020047301935884648
0 0.5124023811504896 0.3837053590528313 0.012640763587853598 0.015235949471272221
0 0.5413355956474714 0.3996420950350556 0.011286396060583355 0.00962270492922464
0 0.54219846675043 0.4759229479579005 0.007223293478773485 0.015235949471272364
0 0.5302348869262115 0.5549093175852859 0.004063102581809943 0.02405676232306149
0 0.5212057700777447 0.6086360867734567 0.005868925951503456 0.017641625703578398
0 0.5151111162050297 0.6174568996252459 0.010834940218160227 0.01603784154870766
0 0.5232373213686498 0.6840139420523828 0.010834940218159943 0.033679467252286203
0 0.5403926433807367 0.6334947411739535 0.007223293478773485 0.016037841548707733
0 0.5503246719140501 0.5962067595732081 0.007223293478773485 0.015235949471272292
0 0.5374581804049849 0.664367586155216 0.005868925951503456 0.015235949471272221
0 0.5514533115201085 0.665570424271369 0.004966014266656771 0.011226489084095449
0 0.5507761277564736 0.6755940752393113 0.006320381793926728 0.013632165316401483
0 0.5584508770776703 0.671985560890852 0.007223293478773485 0.009622704929224568
0 0.5713173685867353 0.6699808306972637 0.006771837636350071 0.018443517781013698
0 0.5787663899867205 0.699249891523655 0.013543675272700142 0.012830273238966043
0 0.590729969810939 0.6912309707493012 0.006771837636350071 0.016037841548707518
0 0.5846353159382239 0.6619619099229097 0.007223293478773343 0.01683973362614296
0 0.6013391821078875 0.6599571797293211 0.0081262051636201 0.012830273238966043
0 0.6056280126109091 0.6763959673167466 0.010383484375736671 0.012028381161530887
0 0.6058537405321208 0.7056650281431383 0.008126205163620028 0.01924540985844928
0 0.6139799456957409 0.6920328628267366 0.00812620516362017 0.011226489084095306
0 0.6146571294593759 0.7052640821044204 0.005868925951503456 0.013632165316401768
0 0.6345211865260028 0.7285189523500466 0.014898042799970241 0.012028381161530745
0 0.6293294443381344 0.6852167801685358 0.008126205163620028 0.008820812851789412
0 0.645356126744163 0.7277170602726112 0.005868925951503456 0.013632165316401483
0 0.6333925469199445 0.7104763806077505 0.005417470109080114 0.016037841548707802
0 0.6412930241623529 0.6856177262072535 0.005868925951503456 0.011226489084095306
0 0.6426473916896229 0.6948394850977604 0.010383484375736671 0.008820812851789128
0 0.6426473916896229 0.707268812298009 0.009480572690889985 0.00962270492922471
0 0.6552881552774766 0.6844148880911004 0.00677183763635 0.020047301935884575
0 0.6582226182532281 0.7052640821044204 0.009932028533313257 0.01202838116153103
0 0.6677031909441182 0.6924338088654542 0.00812620516362017 0.012028381161530604
0 0.6767323077925851 0.6944385390590426 0.005417470109080114 0.011226489084095449
0 0.6819240499804533 0.6948394850977604 0.004966014266656629 0.021651086090755313
0 0.6898245272228618 0.7149669750177984 0.0135436752727 0.012188757129837312
0 0.34536371945385425 0.3512287299166983 0.014446586957546827 0.022452978168190755
0 0.33430305131448246 0.3295776438259429 0.01128639606058357 0.012830273238966114
0 0.4092447211567567 0.3640590031556644 0.005868925951503456 0.01764162570357847
0 0.40292433936282995 0.36887035562027676 0.010383484375736742 0.020849194013320086
0 0.44536118855062384 0.3528325140715691 0.01489804279997017 0.022452978168190755
0 0.4719970832536008 0.3652618412718175 0.01489804279997017 0.023254870245626193
0 0.480800472180856 0.33238426609696675 0.0054174701090800425 0.015235949471272292
0 0.5200771304716865 0.3552381903038752 0.01173785190300677 0.022452978168190755
0 0.5717688244291587 0.3367946725228614 0.006771837636350071 0.022452978168190755
0 0.5645455309503853 0.3640590031556644 0.012189307745430113 0.022452978168190755
0 0.5769605666170271 0.3821015748979606 0.00812620516362017 0.023254870245626124
0 0.5805722133564138 0.3644599491943822 0.007223293478773343 0.020047301935884648
0 0.5986304470533474 0.3404031868713206 0.00993202853331347 0.015235949471272292
0 0.590729969810939 0.36887035562027676 0.01128639606058357 0.01603784154870766
0 0.5997590866594058 0.3588467046523345 0.006771837636350071 0.012028381161530887
0 0.6078852918230259 0.3656627873105352 0.012189307745430113 0.01603784154870766
0 0.6320381793926744 0.33037953590337826 0.007223293478773414 0.01603784154870766
0 0.6293294443381344 0.36205427296207604 0.009932028533313542 0.023254870245626124
0 0.6388100170290245 0.3624552190007937 0.011737851903006842 0.01764162570357854
0 0.6058537405321208 0.3949318481369268 0.004514558424233286 0.01844351778101391
0 0.5584508770776702 0.4266065851956244 0.008126205163620028 0.022452978168190755
0 0.5589023329200935 0.4498614554412505 0.01173785190300677 0.020849194013319944
0 0.5719945523503703 0.44063969655074364 0.009029116848466856 0.020047301935884575
0 0.5801207575139905 0.4478567252476621 0.009029116848466856 0.00882081285178927
0 0.5866668672291289 0.46229078264149903 0.005868925951503456 0.013632165316401412
0 0.5765091107746038 0.4691068652996998 0.007223293478773485 0.014434057393836923
0 0.5760576549321804 0.48233808457738364 0.0072232934787732715 0.010424597006659937
0 0.5467130251746635 0.5360648537655543 0.007223293478773414 0.016839733626143102
0 0.5652227147140202 0.5280459329912006 0.0081262051636201 0.013632165316401483
0 0.571543096507947 0.5468903968109321 0.007223293478773414 0.011226489084095377
0 0.5744775594836987 0.562527292320922 0.013995131115123485 0.012028381161530816
0 0.5871183230715522 0.566536752708099 0.004063102581810085 0.020047301935884505
0 0.33227150002357747 0.2898839859928914 0.011737851903006842 0.020047301935884613
0 0.3464923590599126 0.3063227735803168 0.007674749321196685 0.01924540985844917
0 0.35461856422353266 0.3119360181223645 0.012189307745430042 0.017641625703578433
0 0.32595111822965067 0.19165220650705683 0.01173785190300677 0.01764162570357847
0 0.33814042597508087 0.0717693409304669 0.005417470109080114 0.013632165316401528
0 0.3426549843993142 0.0974298874083992 0.0081262051636201 0.010424597006659991
0 0.3417520727144675 0.11827908142171918 0.010834940218160085 0.024858654400496914
0 0.3471695428235476 0.19245409858449222 0.010834940218160085 0.016037841548707698
0 0.3410748889508325 0.19686450501038685 0.005868925951503385 0.012028381161530781
0 0.34694381490233595 0.22332694356575453 0.008577661006043371 0.013632165316401554
0 0.3591331226477661 0.2445770836177922 0.009480572690890199 0.01764162570357847
0 0.3613904018598828 0.2654262776311122 0.010383484375736813 0.014434057393836887
0 0.40834180947191 0.31995493889671833 0.007674749321196828 0.017641625703578433
0 0.3855432894295314 0.27865749690879604 0.0099320285333134 0.01844351778101384
0 0.3972811413325383 0.26943573801828913 0.0081262051636201 0.02886811478767388
0 0.3916379433022465 0.19967112728141068 0.005868925951503456 0.01924540985844928
0 0.37222534207804286 0.14434057393836916 0.009480572690890128 0.025660546477932283
0 0.39908696470223165 0.2024777495524345 0.004514558424233357 0.02325487024562616
0 0.39366949459315154 0.21851559110114224 0.014446586957546899 0.008820812851789235
0 0.42098257305976344 0.2582092489341937 0.010383484375736813 0.0256605464779323
0 0.4408466301263904 0.25299695043086373 0.013092219430276799 0.016839733626143064
0 0.4401694463627554 0.19405788273936297 0.0180582336969335 0.02726433063280304
0 0.45709904045363076 0.2397657311531799 0.01309221943027687 0.020849194013319982
0 0.4440068210233538 0.27184141425059527 0.013995131115123485 0.014434057393836852
0 0.4631936943263457 0.2546007345857345 0.015349498642393442 0.010424597006660008
0 0.5704144569018886 0.5837774323729599 0.009480572690890128 0.006415136619483021
0 0.5674799939261369 0.603022842231409 0.009029116848466785 0.012830273238966114
0 0.573574647798852 0.5917963531473136 0.010383484375736813 0.006415136619483021
0 0.5692858172958303 0.6306881189029298 0.013543675272700213 0.016839733626143102
0 0.5774120224594504 0.6190606837801166 0.007223293478773485 0.014434057393836852
0 0.5841838600958006 0.6278814966319058 0.008126205163620028 0.020849194013319944
0 0.5769605666170271 0.6371032555224128 0.012640763587853385 0.021651086090755386
0 0.5830552204897422 0.6046266263862797 0.004966014266656629 0.014434057393836852
0 0.5896013302048806 0.6022209501539736 0.006320381793926799 0.014434057393836994
0 0.5965988957624424 0.6138483852767866 0.006771837636350071 0.010424597006659866
0 0.6203003274896676 0.6495325827226612 0.009932028533313684 0.012830273238966185
0 0.6087882035078725 0.6018200041152559 0.016703866169663472 0.023254870245626124
0 0.5801207575139905 0.49436646573891435 0.0099320285333134 0.012028381161530745
0 0.5898270581260923 0.47512105588046516 0.009480572690890199 0.010424597006660008
0 0.5961474399200191 0.5188241741006936 0.011286396060583499 0.011226489084095449
0 0.592761521101844 0.4939655197001967 0.00812620516362017 0.00962270492922464
0 0.5814751250412605 0.5128099835199282 0.0099320285333134 0.016839733626143102
0 0.6354240982108494 0.6503344748000967 0.005868925951503385 0.014434057393836923
0 0.6419702079259879 0.6559477193421444 0.009029116848466785 0.011226489084095306
0 0.6406158403987179 0.6142493313155043 0.004514558424233428 0.01603784154870759
0 0.6586740740956515 0.6627638020003451 0.01173785190300677 0.01844351778101384
0 0.3546185642235327 0.05934001373021843 0.010383484375736742 0.016037841548707688
0 0.40789035362948667 0.0713683948917492 0.009480572690890057 0.019245409858449226
0 0.42098257305976344 0.07377407112405536 0.006771837636350071 0.014434057393836923
0 0.42346558019309183 0.10344407798916457 0.012640763587853527 0.020849194013319982
0 0.4410723580476021 0.11948191953787222 0.007223293478773414 0.017641625703578453
0 0.45890486382332396 0.0866043443630215 0.011286396060583428 0.024056762323061528
0 0.4586791359021123 0.11988286557658995 0.008126205163620028 0.018443517781013857
0 0.4546160333203022 0.13471786900914456 0.011737851903006842 0.009622704929224585
0 0.4577762242172656 0.1519585486740053 0.01173785190300677 0.01844351778101384
0 0.4735771787020825 0.1391282754350392 0.0081262051636201 0.018443517781013857
0 0.489603861108111 0.11747718934428379 0.0076747493211967565 0.021651086090755348
0 0.49163541239901604 0.07096744885303151 0.010834940218160156 0.016839733626143084
0 0.4864436702111476 0.2834688493734083 0.013995131115123556 0.023254870245626193
0 0.49231259616265105 0.25139316627599295 0.008577661006043442 0.015235949471272256
0 0.5087907344111029 0.27384614444418376 0.007223293478773414 0.016839733626143064
0 0.5094679181747379 0.2024777495524345 0.01128639606058357 0.020047301935884613
0 0.5383610920898316 0.2658272236698299 0.010383484375736884 0.015235949471272327
0 0.5365552687201383 0.21971842921729529 0.010383484375736742 0.01603784154870766
0 0.5370067245625616 0.23776100095959143 0.018509689539356843 0.013632165316401554
0 0.5561935978655534 0.32115777701287146 0.009029116848466714 0.023254870245626124
0 0.564771258871597 0.31835115474184755 0.006320381793926799 0.011226489084095412
0 0.5652227147140202 0.23094491830139066 0.0081262051636201 0.020849194013319944
0 0.5218829538413798 0.15195854867400532 0.0099320285333134 0.020047301935884613
0 0.5683829056109836 0.20087396539756378 0.009029116848466785 0.023254870245626124
0 0.5444557459625468 0.1639869298355361 0.00993202853331347 0.021651086090755386
0 0.5139824765989713 0.08740623644045689 0.009480572690890199 0.019245409858449216
0 0.5203028583928981 0.11627435122813072 0.013092219430276799 0.014434057393836923
0 0.5437785621989117 0.1022412398730115 0.007674749321196828 0.021651086090755386
0 0.5304606148474231 0.07417501716277305 0.008126205163620028 0.016839733626143074
0 0.5776377503806621 0.1896474763134684 0.007674749321196685 0.015235949471272292
0 0.5896013302048806 0.19766639708782222 0.00812620516362017 0.013632165316401554
0 0.5839581321745889 0.17561436495834915 0.007674749321196685 0.014434057393836923
0 0.572220280271582 0.11507151311197764 0.008577661006043442 0.02165108609075537
0 0.5643198030291736 0.08379772209199766 0.009029116848466856 0.01844351778101384
0 0.5805722133564138 0.08700529040173921 0.0099320285333134 0.021651086090755393
0 0.5877955068351873 0.06775988054328996 0.01173785190300677 0.021651086090755375
0 0.6882444317743801 0.07377407112405536 0.005868925951503314 0.014434057393836923
0 0.6875672480107451 0.09903367156326998 0.0063203817939269415 0.01523594947127231
0 0.6613828091501915 0.09502421117609304 0.012640763587853456 0.015235949471272292
0 0.6282008047320761 0.11026016064736535 0.009480572690890199 0.02325487024562614
0 0.592084337338209 0.15596800906118224 0.008577661006043513 0.016839733626143046
0 0.5995333587381941 0.1531613867901584 0.0081262051636201 0.014434057393836923
0 0.5956959840775957 0.17561436495834912 0.01580095448481693 0.016037841548707698
0 0.612625578168471 0.18363328573270302 0.007223293478773343 0.020849194013319982
0 0.6184945041199743 0.152359494712723 0.011737851903006628 0.017641625703578433
0 0.5972760795260774 0.062146636001242275 0.009029116848466785 0.01844351778101383
0 0.6257177975987477 0.062146636001242275 0.0117378519030067 0.021651086090755375
0 0.6394872007926595 0.0717693409304669 0.02302424796359027 0.01042459700666
0 0.6078852918230259 0.06334947411739536 0.004966014266656629 0.014434057393836915
0 0.6130770340108942 0.06775988054328996 0.006320381793926799 0.01042459700666
0 0.6157857690654343 0.0769816394337969 0.011737851903006913 0.004811352464612311
0 0.6207517833320909 0.08901002059532764 0.012640763587853456 0.011226489084095395
0 0.6322639073138862 0.14514246601580455 0.006771837636349929 0.01764162570357847
0 0.6361012819744845 0.15957652340964146 0.0216698804363201 0.014434057393836906
0 0.6708633818410816 0.15596800906118224 0.012640763587853598 0.01844351778101384
0 0.6792153149259132 0.18082666346167917 0.013092219430276799 0.020047301935884575
0 0.6864386084046867 0.16599166002912455 0.00677183763635 0.024056762323061545
0 0.6699604701562349 0.1230904338863315 0.006320381793926799 0.012028381161530764
0 0.6776352194774318 0.10625070026018842 0.007223293478773485 0.021651086090755386
0 0.6823755058228766 0.12429327200248456 0.012189307745430113 0.011226489084095377
0 0.6557396111198996 0.35203062199413365 0.007674749321196828 0.020849194013319944
0 0.6674774630229067 0.3404031868713206 0.013995131115123485 0.015235949471272292
0 0.6638658162835198 0.35523819030387527 0.015800954484816998 0.01764162570357833
0 0.6537080598289947 0.37568643827847753 0.008126205163620028 0.015235949471272292
0 0.6753779402653151 0.3728798160074537 0.013543675272700284 0.014434057393836852
0 0.6830526895865119 0.36566278731053514 0.006320381793926799 0.014434057393836994
0 0.68553569671984 0.3600495427684875 0.004966014266656629 0.01764162570357847
0 0.6918560785137668 0.3626155980280759 0.0031601908969632574 0.01315103129353048
0 0.6839556012713583 0.30953034189005835 0.007223293478773485 0.016037841548707698
0 0.5891498743624574 0.23776100095959143 0.014446586957546827 0.020047301935884613
0 0.5875697789139755 0.2562045187406053 0.007674749321196828 0.012028381161530816
0 0.5801207575139905 0.2738461444441837 0.012640763587853456 0.02004730193588454
0 0.6044993730048508 0.2958981765736567 0.009029116848466714 0.012830273238966185
0 0.6223318787805726 0.303516151309293 0.008577661006043371 0.016839733626143102
0 0.6437760312956813 0.31233696416108214 0.010834940218160227 0.010424597006660043
0 0.6552881552774764 0.29950669092211607 0.006771837636350284 0.015235949471272221
0 0.6620599929138266 0.30191236715442216 0.010383484375736742 0.010424597006660008
0 0.6081110197442375 0.24377519154035682 0.012640763587853456 0.019245409858449244
0 0.6108197547987776 0.26261965536008836 0.010834940218160085 0.012028381161530852
0 0.6392614728714479 0.21651086090755378 0.010834940218160156 0.024056762323061528
0 0.6306838118654043 0.2321477564175437 0.015349498642393584 0.016839733626143064
0 0.6250406138351127 0.24738370588881609 0.010383484375736742 0.012028381161530781
0 0.6473876780350679 0.24056762323061526 0.0099320285333134 0.01283027323896615
0 0.624137702150266 0.27184141425059527 0.008577661006043371 0.01283027323896615
0 0.6311352677078277 0.2550016806244522 0.009029116848466785 0.014434057393836923
0 0.6433245754532578 0.2646243855536768 0.007223293478773485 0.009622704929224568
0 0.6284265326532876 0.2862754716444322 0.0054174701090800425 0.009622704929224568
0 0.6374556495017545 0.2822660112572553 0.01625241032724027 0.012830273238966185
0 0.6133027619321059 0.3969365783305153 0.004966014266656771 0.011226489084095377
0 0.5943416165503257 0.39974320060153906 0.0076747493211967565 0.015235949471272221
0 0.5984047191321358 0.4314179376602367 0.010383484375736813 0.01603784154870766
0 0.5990819028957708 0.4675030811448291 0.009029116848466785 0.01764162570357847
0 0.6171401365927042 0.47231443360944136 0.010834940218160085 0.014434057393836923
0 0.6205260554108792 0.4955693038550675 0.013092219430276799 0.016037841548707733
0 0.6282008047320761 0.4919607895066082 0.012189307745430256 0.01683973362614303
0 0.6688318305501766 0.2594120870503468 0.006771837636350142 0.02646243855536767
0 0.6756036681865267 0.2626196553600883 0.004063102581810085 0.020047301935884613
0 0.6798924986895483 0.2590111410116291 0.009029116848466714 0.020849194013319944
0 0.6830526895865119 0.2798603350249491 0.007223293478773485 0.011226489084095377
0 0.6902759830652851 0.2782565508700784 0.0036116467393867424 0.01924540985844917
0 0.6997320318280543 0.07678710549842678 0.01241719675278162 0.026140291233506998
0 0.7132989690209085 0.10251895468141024 0.00827813116852127 0.013887029717800594
0 0.7031812531482714 0.15398265304737713 0.017476054689100094 0.01715456612198894
0 0.7061705782924597 0.17317942942198386 0.012417196752781905 0.016337682020941848
0 0.707780214908561 0.2132067503732914 0.01103750822469479 0.013070145616753485
0 0.69283358918762 0.2585438179814051 0.008738027344550118 0.017154566121988887
0 0.706860422556503 0.23730483135418068 0.00919792352057911 0.01552079791989474
0 0.717897930781198 0.23567106315208652 0.00919792352057911 0.0220558707282715
0 0.6953630181557793 0.30224711738742466 0.011037508224694932 0.014703913818847702
0 0.7153685018130389 0.29897958098323624 0.013336989104839887 0.014703913818847739
0 0.7123791766688505 0.3434997644903028 0.016556262337042257 0.012253261515706342
0 0.7027213569722426 0.3659640772690979 0.004598961760289626 0.01307014561675345
0 0.6942132777157068 0.37699201263323373 0.012417196752781762 0.012253261515706484
0 0.7158283979890677 0.08536438855942129 0.006898442640434297 0.017154566121988967
0 0.7224968925414876 0.12865924591491726 0.011957300576752913 0.022055870728271573
0 0.723186736805531 0.1927846478471141 0.011497404400723782 0.008168841010470941
0 0.7245664253336179 0.20626323551439113 0.014256781456897443 0.007351956909423869
0 0.7441120128148484 0.17317942942198386 0.011957300576752771 0.02450652303141279
0 0.7346841412062548 0.22750222214161556 0.006898442640434297 0.012253261515706413
0 0.7549195729515287 0.20217881500915566 0.01241719675278162 0.012253261515706413
0 0.7466414417830077 0.21892493908062108 0.014256781456897728 0.013070145616753485
0 0.7388232067905155 0.2642620066887348 0.012417196752781762 0.01552079791989481
0 0.7139888132849519 0.2642620066887348 0.008738027344550118 0.012253261515706377
0 0.7500906631032248 0.3014302332863775 0.012877092928810611 0.00653507280837669
0 0.7415825838466893 0.28672631946752986 0.01149740440072364 0.014703913818847739
0 0.748710974575138 0.271205521547635 0.005518754112347608 0.009802609212565159
0 0.7546896248635144 0.2822334569117708 0.005518754112347466 0.012253261515706342
0 0.7629677560320357 0.2801912466591531 0.008278131168521129 0.0179714502230361
0 0.7898716823297295 0.2924445081748595 0.010577612048666083 0.02287275482931861
0 0.7517002997193262 0.3455419747429206 0.00873802734455026 0.013070145616753593
0 0.7307750237100088 0.3447250906418735 0.011037508224694932 0.009802609212565087
0 0.7093898515246623 0.3692316136732863 0.007818234992492137 0.009802609212565159
0 0.7066304744684886 0.3823017592900398 0.005978650288376457 0.016337682020941883
0 0.7264060100377336 0.3635134249659566 0.007818234992492422 0.014703913818847668
0 0.7328445565021391 0.3737244762290453 0.01977553556924491 0.00898572511151805
0 0.7222669444534731 0.3823017592900398 0.005058857936318617 0.009802609212565087
0 0.7307750237100089 0.38924527414894006 0.010117715872637092 0.007351956909423905
0 0.7236466329815598 0.3954535920704318 0.011497404400723922 0.009965983539842113
0 0.7572190538316735 0.37699201263323373 0.004139065584260635 0.015520797919894776
0 0.7445719089908774 0.39096072951467276 0.010117715872637092 0.010782867640889222
0 0.7712458872005566 0.3169510312062723 0.00919792352057911 0.011436377414659304
0 0.773775316168716 0.33778157578297324 0.010577612048665799 0.013887029717800559
0 0.7671068216162962 0.3724991500774747 0.00919792352057911 0.0179714502230361
0 0.7882620457136281 0.37413291827956885 0.01011771587263695 0.01307014561675345
0 0.7779143817529766 0.38352708544161046 0.007818234992492137 0.010619493313612125
0 0.7673367697043106 0.38761150594684596 0.007818234992492137 0.007351956909423905
0 0.7740052642567303 0.3946367079693847 0.015636469984984417 0.005064678933559535
0 0.8096472178989744 0.3729075921279983 0.008738027344550118 0.00898572511151805
0 0.8151659720113219 0.3602458885617682 0.006898442640434297 0.00816884101047087
0 0.798839657762294 0.3169510312062722 0.012877092928810611 0.016337682020941848
0 0.8020589309944967 0.3308380609240729 0.011957300576752913 0.006535072808376725
0 0.8105670102510323 0.3161341471052252 0.00873802734455026 0.011436377414659233
0 0.819534985683597 0.3165425891557488 0.01011771587263695 0.008985725111518015
0 0.7972300211461927 0.3475841849955383 0.010577612048665799 0.013887029717800559
0 0.8112568545150758 0.34104911218716155 0.006438546464405306 0.015520797919894847
0 0.819534985683597 0.3316549450251199 0.00827813116852127 0.013070145616753522
0 0.7305450756219943 0.08822348291308608 0.008738027344550118 0.017971450223036055
0 0.731004971798023 0.10170207058036315 0.01609636616101341 0.008985725111518033
0 0.738593258702501 0.11354689004554601 0.011957300576752913 0.019605218425130265
0 0.7436521166388195 0.06412540193219683 0.007358338816463146 0.025323407132459907
0 0.7560693133916012 0.061674749629055566 0.011957300576752771 0.030224711738742468
0 0.7528500401593986 0.08250529420575643 0.012877092928810611 0.008168841010470933
0 0.7480211303110945 0.09189946136779803 0.004139065584260635 0.004084420505235471
0 0.7466414417830077 0.09394167162041576 0.013336989104839603 0.017971450223036048
0 0.7604383270638764 0.10374428083298089 0.008738027344550118 0.019605218425130248
0 0.7659570811762237 0.17767229197774284 0.008738027344550118 0.017154566121988957
0 0.7604383270638764 0.14948979049161815 0.017016158513071387 0.02123898662722441
0 0.7698661986724699 0.10578649108559862 0.005518754112347324 0.018788334324083156
0 0.7705560429365133 0.06453384398272038 0.015176573808955566 0.016337682020941866
0 0.7696362505844556 0.08209685215523291 0.014256781456897585 0.010619493313612205
0 0.8052782042266995 0.12171573105601695 0.011957300576752771 0.017971450223036065
0 0.7786042260170202 0.11313844799502246 0.005518754112347608 0.013887029717800576
0 0.7730854719046725 0.2422061359604632 0.011957300576752629 0.020422102526177318
0 0.7585987423597603 0.25037497697093414 0.005058857936318333 0.01552079791989474
0 0.7691763544084265 0.2573184918298345 0.010577612048665941 0.008168841010470941
0 0.7779143817529766 0.1854326909376902 0.008738027344550118 0.014703913818847702
0 0.7866524090975267 0.2209671493332388 0.005978650288376457 0.0253234071324599
0 0.7751550046968029 0.135194318723294 0.009657819696607959 0.01552079791989481
0 0.7855026686574543 0.15765863150208903 0.007358338816463288 0.016337682020941866
0 0.7970000730581782 0.1360112028243411 0.009197923520578825 0.01878833432408314
0 0.797459969234207 0.17726384992721925 0.004598961760289484 0.016337682020941848
0 0.7880320976256137 0.17644696582617223 0.005058857936318475 0.009802609212565124
0 0.7898716823297295 0.19074243759449633 0.007818234992492137 0.012253261515706413
0 0.7999893982023665 0.2062632355143911 0.005058857936318333 0.015520797919894776
0 0.8140162315712496 0.14663069613795326 0.00919792352057911 0.01715456612198899
0 0.8176954009794812 0.16051772585575388 0.010117715872637234 0.01878833432408312
0 0.8066578927547863 0.1772638499272193 0.006438546464405448 0.01797145022303603
0 0.8101071140750034 0.1976859524533966 0.005978650288376599 0.01960521842513021
0 0.8020589309944967 0.19319308989763762 0.006438546464405306 0.010619493313612196
0 0.814706075835293 0.1809398283819312 0.0096578196966081 0.01388702971780063
0 0.7958503326181059 0.22750222214161553 0.005058857936318617 0.013887029717800594
0 0.81815529715551 0.2205587072827152 0.003679169408231644 0.021238986627224427
0 0.8057381004027283 0.22219247548480944 0.005518754112347466 0.014703913818847702
0 0.8004492943783953 0.22219247548480944 0.005058857936318617 0.011436377414659304
0 0.8045883599626561 0.25445939747616964 0.009657819696607959 0.015520797919894776
0 0.8112568545150758 0.24302302006151033 0.011957300576752913 0.010619493313612196
0 0.8110269064270613 0.23076975854580392 0.006898442640434297 0.01388702971780063
0 0.7986097096742795 0.2818250148612473 0.005978650288376173 0.02287275482931861
0 0.8117167506911048 0.2985711389327127 0.005518754112347324 0.01552079791989481
0 0.8153959200993364 0.26221979643611704 0.007358338816463288 0.016337682020941883
0 0.8117167506911048 0.2834587830633415 0.011037508224695075 0.01307014561675345
0 0.6935234334516635 0.8746082904892711 0.00827813116852127 0.015520797919894705
0 0.7109994881407639 0.8893122043081186 0.011957300576752771 0.022055870728271573
0 0.6926036410996055 0.8292712228811574 0.009197923520578967 0.009802609212565016
0 0.6939833296276925 0.8443835787505286 0.011037508224695075 0.020422102526177356
0 0.6990421875640109 0.7912861121824675 0.00827813116852127 0.017154566121988922
0 0.7011117203561412 0.7667795891510546 0.010577612048665941 0.025323407132460146
0 0.7174380346051692 0.8288627808306337 0.015636469984984417 0.01878833432408328
0 0.7450318051669064 0.8803264791966007 0.01747605468910038 0.03349224814293095
0 0.7234166848935455 0.8868615520049774 0.011037508224694932 0.017154566121988922
0 0.7206573078373717 0.901565465823825 0.007358338816463146 0.010619493313612196
0 0.7349140892942694 0.9040161181269665 0.006438546464405448 0.015520797919894705
0 0.7512404035432971 0.9121849591374372 0.007818234992492137 0.020422102526177356
0 0.7431922204627903 0.9130018432384844 0.007358338816463146 0.01878833432408328
0 0.764577392648137 0.8799180371460773 0.011497404400723782 0.027774059435601402
0 0.7604383270638764 0.8390738320937225 0.006898442640434155 0.014703913818847668
0 0.7657271330882094 0.8452004628515756 0.012877092928810754 0.010619493313612338
0 0.7749250566087883 0.8635803551251352 0.00919792352057911 0.016337682020941883
0 0.7268659062137623 0.8010887213950326 0.006898442640434297 0.017154566121988922
0 0.738133362526472 0.782708829121473 0.011957300576752913 0.019605218425130317
0 0.7576789500077026 0.7961874167887502 0.008738027344550118 0.017154566121989064
0 0.7634276522080645 0.7704555676057666 0.013796885280868736 0.016337682020941883
0 0.7208872559253863 0.7496250230290659 0.006898442640434155 0.012253261515706555
0 0.7123791766688505 0.7402308558670241 0.003679169408231644 0.016337682020941883
0 0.7197375154853138 0.7381886456144063 0.011957300576752913 0.012253261515706413
0 0.7199674635733282 0.6912178098041986 0.006898442640434297 0.02123898662722425
0 0.7061705782924597 0.6977528826125753 0.006898442640434297 0.016337682020941883
0 0.6997320318280543 0.7055132815725227 0.006898442640434297 0.017154566121988922
0 0.7362937778223562 0.7014288610672872 0.01011771587263695 0.01388702971780063
0 0.7484810264871236 0.7336957830586474 0.010577612048666083 0.014703913818847668
0 0.7418125319347039 0.7463574866248774 0.00919792352057911 0.01878833432408328
0 0.7162882941650967 0.707147049774617 0.005058857936318617 0.012253261515706413
0 0.7098497477006913 0.7222594056439879 0.005058857936318617 0.011436377414659233
0 0.713528917108923 0.7177665430882292 0.005978650288376457 0.0040844205052353285
0 0.7712458872005566 0.7957789747382265 0.008278131168521129 0.011436377414659233
0 0.7763047451368752 0.8255952444264455 0.011957300576752771 0.015520797919894705
0 0.7827432916012806 0.8411160423463402 0.003679169408231644 0.012253261515706413
0 0.7878021495375992 0.8194686136685922 0.00919792352057911 0.0098026092125653
0 0.7599784308878474 0.7287944784523647 0.005978650288376314 0.01470391381884781
0 0.7698661986724699 0.7328788989576003 0.01747605468910052 0.006535072808376725
0 0.773315419992687 0.7165412169366584 0.005978650288376457 0.019605218425130175
0 0.8011391386424388 0.7659627050500076 0.007358338816463288 0.017154566121988922
0 0.8011391386424387 0.7941452065361322 0.006438546464405448 0.01470391381884781
0 0.8098771659869891 0.7945536485866558 0.008278131168521129 0.01878833432408314
0 0.7811336549851794 0.7823003870709495 0.00781823499249228 0.013887029717800488
0 0.7878021495375991 0.7716808937573373 0.011957300576752913 0.020422102526177356
0 0.7912513708578163 0.8904036701413319 0.006898442640434155 0.009802609212565016
0 0.8236740512678576 0.8654887050593956 0.00735833881646343 0.012253261515706413
0 0.7974599692342074 0.8238276159059938 0.004598961760289484 0.010619493313612196
0 0.8107969583390467 0.828320478461753 0.003679169408231502 0.0065350728083768675
0 0.8133263873072061 0.837306203573271 0.005058857936318475 0.011436377414659091
0 0.7990696058503084 0.8368977615227473 0.010577612048665941 0.008985725111518121
0 0.8245938436199157 0.8475172548363596 0.005518754112347466 0.017154566121989064
0 0.821144622299698 0.8164756589965703 0.011497404400723922 0.007351956909423905
0 0.8103370621630178 0.810349028238717 0.00827813116852127 0.009802609212565159
0 0.8199948818596259 0.7952366723693456 0.007358338816463288 0.017154566121989064
0 0.8103370621630178 0.7351956909423842 0.01011771587263695 0.021238986627224534
0 0.7811336549851794 0.6616761218481457 0.014256781456897585 0.02287275482931875
0 0.7314648679740523 0.6686196367070459 0.010577612048665941 0.015520797919894705
0 0.7344541931182405 0.6400286931703978 0.009197923520579252 0.015520797919894847
0 0.7395130510545589 0.6722956151617581 0.00827813116852127 0.0081688410104708
0 0.74779118222308 0.6637183321007636 0.010117715872637092 0.020422102526177356
0 0.7549195729515289 0.6763800356669936 0.005058857936318475 0.016337682020941883
0 0.7765346932248894 0.6910839494858414 0.010577612048665941 0.0179714502230361
0 0.7873422533615702 0.7110976099614951 0.006438546464405448 0.020422102526177214
0 0.7901016304177437 0.6886332971826999 0.011957300576752771 0.016337682020941883
0 0.8101071140750034 0.7029287689510241 0.008738027344549976 0.015520797919894847
0 0.8257435840599879 0.7315197124876724 0.005978650288376173 0.015520797919894705
0 0.8096472178989744 0.7168157986688246 0.005978650288376457 0.008985725111517979
0 0.8174654528914667 0.7204917771235365 0.0096578196966081 0.01307014561675345
0 0.651442933345014 0.40190697771517003 0.008738027344550118 0.016337682020941883
0 0.6137314469106397 0.4051745141193584 0.011497404400723782 0.009802609212565159
0 0.6270684360154796 0.43703299406019497 0.014256781456897585 0.014703913818847739
0 0.6429348540884783 0.44846937147485433 0.008278131168521129 0.024506523031412753
0 0.6266085398394506 0.4010900936141229 0.00873802734455019 0.011436377414659304
0 0.627298384103494 0.4186531017866355 0.007358338816463288 0.01715456612198899
0 0.6348866710079717 0.4080336084730232 0.013336989104839745 0.010619493313612196
0 0.8009091905544244 0.5795792696929128 0.005978650288376599 0.01388702971780063
0 0.6721382612663171 0.6665774264544282 0.009657819696607959 0.013070145616753593
0 0.7022614607962134 0.6661689844039047 0.012877092928810754 0.017154566121988922
0 0.6997320318280543 0.6392118090693507 0.008738027344550118 0.01878833432408314
0 0.6535124661371444 0.6359442726651623 0.015636469984984417 0.017154566121989134
0 0.647993712024797 0.6167474962905556 0.004598961760289484 0.013070145616753593
0 0.6523627256970721 0.6122546337347966 0.005058857936318617 0.020422102526177356
0 0.6139613949986543 0.5591571671667355 0.014716677632926646 0.015520797919894705
0 0.6197100971990163 0.536284412337417 0.010577612048665941 0.0220558707282715
0 0.6300577611596677 0.5591571671667355 0.008278131168521198 0.010619493313612196
0 0.6169507201428425 0.5734526389350596 0.011497404400723853 0.013070145616753593
0 0.642704906000464 0.5309746656806108 0.009657819696608243 0.021238986627224322
0 0.6560418951053038 0.5272986872258989 0.009657819696607959 0.008985725111517979
0 0.6567317393693471 0.5379181805395111 0.006438546464405448 0.01388702971780063
0 0.6656997148019117 0.5236227087711869 0.010577612048666083 0.01797145022303603
0 0.676967171114621 0.5534389784594058 0.011957300576752771 0.023689638930365787
0 0.7001919280040831 0.5562980728130706 0.006898442640434297 0.01797145022303603
0 0.6847854061071132 0.5885649948044309 0.005518754112347466 0.015520797919894847
0 0.7004218760920977 0.5930578573601898 0.007358338816463288 0.016337682020941883
0 0.7073203187325321 0.602860466572755 0.006438546464405306 0.021238986627224465
0 0.6744377421464618 0.5922409732591427 0.005978650288376457 0.01797145022303603
0 0.6546769642833661 0.4551052069556862 0.006907862452870148 0.014872719181558408
0 0.6403379164645296 0.5071597240911404 0.005861216626677503 0.011154539386168736
0 0.652060349717885 0.5021401813673645 0.007535849948585565 0.01450090120201935
0 0.6587588830055165 0.48354928239041656 0.005861216626677503 0.013757265242941514
0 0.6639921121364787 0.4731383789633257 0.005442558296200701 0.01226999332478563
0 0.6659807392062446 0.45975293169992315 0.008163837444300982 0.017475445038331046
0 0.6657714100410058 0.4367002169685077 0.010257129096685844 0.012269993324785702
0 0.6868089911474736 0.5211028983238514 0.012559749914309179 0.010782721406629819
0 0.6892162765477161 0.5331869826588675 0.004814570800485143 0.011898175345246714
0 0.7077419076713223 0.519801535395465 0.008373166609539453 0.011154539386168736
0 0.6725746079112566 0.47090747108609193 0.006698533287631534 0.007808177570318122
0 0.6754005516419761 0.4919151869300431 0.0073265207833470925 0.01487271918155848
0 0.6685973537717252 0.4885688251141924 0.008791824940016396 0.01635999109971415
0 0.6837737182515154 0.43186658323450117 0.008582495774777783 0.01003908544755184
0 0.6794824703641267 0.4489702102932933 0.007954508279062508 0.010039085447551912
0 0.6857623453212812 0.4465533934262901 0.01046645826192446 0.014129083222480432
0 0.6830410661731808 0.4604965676590011 0.004186583304769727 0.008551813529396029
0 0.6863903328169967 0.48745337117557563 0.00711719161810862 0.014129083222480432
0 0.6958101452527287 0.49377427682773795 0.003349266643815838 0.010410903427090829
0 0.7099398639063265 0.4272188584902642 0.008163837444301124 0.013385447263402525
0 0.7222902846553971 0.41123068537008906 0.00816383744430084 0.011898175345246714
0 0.7665634031033369 0.40751250557469937 0.009210483270493341 0.007436359590779204
0 0.7340127179087523 0.3952425122499137 0.003977254139531254 0.010410903427090829
0 0.74123457410948 0.4021211448713845 0.004605241635246671 0.011526357365707795
0 0.7294074762735057 0.4417197596922837 0.003977254139531254 0.013385447263402525
0 0.7410252449442416 0.43186658323450117 0.0054425582962008435 0.013013629283863537
0 0.7048112993579835 0.4497138462523712 0.004605241635246671 0.011526357365707724
0 0.7004153868879753 0.47499746886102046 0.005442558296200559 0.010782721406629819
0 0.7072185847582262 0.4742538329019426 0.003977254139531112 0.010782721406629819
0 0.7136031242979999 0.47276656098378667 0.005023899965723757 0.01450090120201942
0 0.7199876638377738 0.49972336450036126 0.00732652078334695 0.014872719181558268
0 0.7160104096982424 0.5227760792317767 0.00523322913096223 0.010410903427090829
0 0.7129751368022843 0.5376487984133351 0.011722433253355148 0.010410903427090829
0 0.742909207431388 0.5285392579146305 0.009210483270493484 0.007808177570318193
0 0.7428045428487686 0.5179424454977704 0.009001154105255012 0.011154539386168878
0 0.7445838407532961 0.5079033600502183 0.008373166609539311 0.007436359590779204
0 0.7511777094583081 0.44246339565136156 0.007745179113823894 0.014872719181558337
0 0.7647841051988098 0.4409761237332057 0.005651887461439174 0.013385447263402525
0 0.7717966322342992 0.44357884958997845 0.006698533287631676 0.014129083222480432
0 0.7822630904962234 0.4198196801300897 0.008791824940016396 0.017177989520001446
0 0.7664587385207178 0.4558488429147641 0.006070545791916118 0.008923631508935017
0 0.7693893468340565 0.46105429462830955 0.0073265207833470925 0.006692723631701156
0 0.7759832155390689 0.4755551958303289 0.006698533287631676 0.014129083222480432
0 0.7695986759992951 0.49972336450036126 0.009419812435731955 0.018590898976947868
0 0.7554689573456972 0.5183142634773092 0.010047799931447372 0.013385447263402525
0 0.7687613593383411 0.5356037995258709 0.00941981243573167 0.01226999332478563
0 0.777343855113119 0.49247291389935155 0.004814570800485285 0.010039085447551912
0 0.7300354637692211 0.45566293392499463 0.0073265207833470925 0.01078272140662989
0 0.7229182721511126 0.4683047452293192 0.008163837444301124 0.01003908544755184
0 0.7254302221339743 0.4976783656128971 0.010257129096685844 0.0055772696930844745
0 0.7383039657961413 0.49637700268451057 0.007954508279062508 0.009667267468012924
0 0.7455258219968691 0.4712792890656308 0.006489204122393062 0.013013629283863608
0 0.7357920158132795 0.4634711114953127 0.006698533287631676 0.005577269693084403
0 0.7278375075342172 0.4850365543085723 0.008373166609539595 0.0085518135293961
0 0.7408159157790031 0.4854083722881114 0.009210483270493341 0.009295449488474005
0 0.7483517657275887 0.48615200824718924 0.009210483270493341 0.007064541611240287
0 0.6371631430116902 0.565980296908358 0.01056655295210092 0.00917580437139563
0 0.6327017095430253 0.5849575286764717 0.005870307195611772 0.011261214455803739
0 0.6274184330669748 0.6005981043095324 0.008453242361680822 0.011678296472685333
0 0.639628672033847 0.59997248128421 0.0070443686347339 0.01126121445580381
0 0.6443249177903363 0.5864173157355573 0.0070443686347339 0.011678296472685402
0 0.6504300372737724 0.5855831517017941 0.004226621180840198 0.0058391482363426665
0 0.6526607540081047 0.5905881359043735 0.0039918088930159 0.007507476303869112
0 0.663344713104118 0.5964272841407162 0.006105119483436141 0.012512460506448591
0 0.667806146572783 0.6147788928835075 0.006105119483436141 0.015849116641501553
0 0.6817774776983387 0.6258315663308704 0.005870307195611559 0.01960285479343618
0 0.6877651910378626 0.6214522051536133 0.01033174066427648 0.015014952607738224
0 0.7191126314624289 0.6231205332211399 0.005870307195611701 0.012512460506448591
0 0.7235740649310938 0.6081055806134016 0.00821843007385624 0.009175804371395629
0 0.7256873755215139 0.6264571893561929 0.005870307195611559 0.014180788573975249
0 0.73073583970974 0.6008483528832447 0.005635494907787119 0.018017941856452568
0 0.7239262833628304 0.5590984436298112 0.007044368634734042 0.01626619865838322
0 0.7188778191746045 0.5678571659843253 0.006339931771260581 0.02127118286096248
0 0.7411434565783179 0.5457979320789415 0.009330580572554653 0.014253048526304468
0 0.7330258514801955 0.5686691029699882 0.005784959954983861 0.012264251057517725
0 0.7375045301550216 0.5801046884155114 0.006158183177886087 0.007955189875146757
0 0.7398371752981603 0.5900486757594449 0.008957357349652426 0.00861812236474229
0 0.7559790796886798 0.640763011213505 0.007651076069494564 0.011269852323124354
0 0.7523401532653835 0.6183890396896549 0.0074644644580438065 0.014253048526304468
0 0.759431394500525 0.622698100872026 0.005225125120630594 0.012927183547113473
0 0.7665226357356666 0.6294931588903805 0.007091241235141581 0.015247447260697839
0 0.7528066822940113 0.5822592190066971 0.007651076069494707 0.014253048526304468
0 0.7610175931978594 0.5670117717459993 0.009517192184005551 0.012927183547113402
0 0.7609242873921338 0.5920374732282316 0.0063447947893371295 0.015910379750293444
0 0.7769728859769279 0.5587251156260549 0.0059715715664349035 0.013590116036708864
0 0.7773461091998299 0.574801228498747 0.005971571566435046 0.010606919833528891
0 0.7634435441467236 0.5766242928451348 0.004665290286277468 0.0076237236303489195
0 0.7670824705700199 0.581099087149905 0.0037322322290218326 0.00861812236474229
0 0.8152282663244018 0.5444720670997504 0.007837687680946033 0.01823064346387774
0 0.772587513107827 0.5892200101474505 0.0042920670633751 0.008286656119944454
0 0.7741737118051614 0.5991639974913838 0.006718018012239497 0.012927183547113402
0 0.7800519775658707 0.6072849204889293 0.004292067063374958 0.013258649791911168
0 0.78760974782964 0.5986667981241871 0.0063447947893371295 0.009943987343933288
0 0.7877030536353656 0.6099366504473116 0.007651076069494707 0.014584514771102236
0 0.8020721477170997 0.5956836019210071 0.004665290286277326 0.010606919833529033
0 0.796660410985018 0.612422647283295 0.005411736732081635 0.013590116036708864
0 0.8015123128827465 0.6168974415880649 0.0057849599549840034 0.011269852323124496
0 0.8173742998560894 0.5875626789234616 0.0042920670633751 0.01292718354711333
0 0.8179341346904426 0.6000258092220807 0.008024299292397074 0.010673212070933786
0 0.8120558689297331 0.6097709173249128 0.010823473464163553 0.008286656119944525
0 0.8114960340953801 0.6230295671168238 0.0059715715664349035 0.010938386078326801
0 0.819520333387777 0.6205767163995429 0.00485190189772851 0.010010279581338181
0 0.8006725606312165 0.5375112759589971 0.005225125120630736 0.015578913505495607
0 0.8117759515125565 0.6371168825207293 0.005411736732081635 0.011932784812720101
0 0.820733308862209 0.6407961573322075 0.0035456206175707907 0.008684414602147257
0 0.818680581136247 0.6535576077569217 0.005411736732081635 0.00901588084694481
0 0.8013213039992209 0.6773781406553273 0.006007747042344533 0.01249308411250894
0 0.800075795466052 0.6901314973535136 0.004395912470008198 0.011451993769799884
0 0.8071825206258985 0.6831041375402274 0.0033701995603396995 0.007808177570318122
0 0.8054974208457287 0.690001361060675 0.004982034132675892 0.0070273598132862955
0 0.8134100632917435 0.6702206445492024 0.007033459952013032 0.018999898754440636
0 0.823154335933595 0.6641042387857864 0.005421625379676982 0.00832872274167272
0 0.8222751534395933 0.688179452960934 0.006886929536346287 0.010150630841413743
0 0.8120912895507411 0.687528771496741 0.004102851638674281 0.007808177570318264
0 0.8212494405299248 0.7010629459519591 0.006300807873678451 0.011972538941154482
0 0.7948078883273013 0.4665030223608906 0.008672208274165882 0.012216876470565765
0 0.7913689091840976 0.49492053936851116 0.010167416597297745 0.012748045012764352
0 0.7863284918282955 0.5114642926813633 0.0035389546109634296 0.0108796469726596
0 0.7823811963006826 0.5204097801922166 0.006805681944160255 0.007494867914498826
0 0.7941550260640802 0.5120687175131776 0.0066695683052773805 0.008703717578127552
0 0.7892549350642847 0.5175085409995074 0.0036750682498465892 0.007978407779950417
0 0.8065413672024522 0.48728729940878646 0.005580659194211393 0.006044248318144128
0 0.8102164354522986 0.46383561593438694 0.008575159249642042 0.008461947645401863
0 0.8102164354522986 0.4742317230415949 0.007214022860809877 0.009429027376304902
0 0.8051802308136202 0.5007055306750665 0.006669568305277381 0.01063787703993377
0 0.8059969126469193 0.510618097916823 0.0069417955830437 0.006286018250869887
0 0.8079025035912841 0.5187173906631363 0.00421952280537937 0.013297346299917266
0 0.8181110265075249 0.47664942236885255 0.006397341027510777 0.012330266569014228
0 0.812053969577222 0.49985933591052634 0.004900090999795595 0.013297346299917336
0 0.820152731090773 0.4881334941733266 0.008302931971875722 0.01063787703993377
0 0.8203569015490979 0.5046947345650417 0.005172318277561914 0.01136318683811112
0 0.8148442991743278 0.5082003985895653 0.0047639773609124345 0.0072530979817730665
0 0.8188596515213824 0.5153326116049755 0.005172318277562055 0.008945487510853382
0 0.8202207879102145 0.526333143543998 0.004355636444262671 0.009670797309030732
0 0.8158651514659518 0.5224648246203857 0.003811181888729749 0.006769558116321548
0 0.7906841282725583 0.40109631839204996 0.007077909221926859 0.013539116232643025
0 0.7958564465501203 0.40242605302204176 0.006805681944160539 0.005560708452692608
0 0.8038871512442295 0.45114269446628397 0.005716772833094694 0.010637877039933841
0 0.808446958146817 0.4461864108454058 0.00421952280537937 0.009429027376305044
0 0.811033117285598 0.4414718971572533 0.005852886471978138 0.009187257443579212
0 0.8208332992851889 0.45440658855808197 0.0023139318610145665 0.01136318683811112
0 0.818587424243616 0.43663649850273795 0.005172318277561914 0.007736637847224586
0 0.816341549202043 0.44654906574449443 0.0039472955276130504 0.010154337174482322
0 0.7989190034249924 0.395777379872083 0.006669568305277238 0.010637877039933841
0 0.8036829807859047 0.38949136162121306 0.003402840972080412 0.010637877039933841
0 0.8079705604107257 0.38634835249577804 0.0038111818887298908 0.007736637847224515
0 0.808106674049609 0.40726145167655703 0.00653345466639422 0.009912567241756492
0 0.8133470491466125 0.3890078217557615 0.004763977360912292 0.008220177712676104
0 0.8101483786328572 0.3968653445693489 0.0065334546663937945 0.01039610710720801
0 0.8188596515213828 0.39408499034300276 0.009255727444058408 0.007736637847224515
0 0.8210374697435137 0.4082285314074602 0.004900090999795595 0.01136318683811112
0 0.8157970946465102 0.4149980895237816 0.005036204638678754 0.012813806434465747
0 0.818927708340824 0.4262403913955298 0.009119613805174964 0.008703717578127624
