0.0 0.7863897552719245 0.03536884440928425 0.013066432992240352 0.00529720256442161
0.0 0.8667306608323184 0.008353111330734108 0.00847552410307415 0.008475524103074505
0.0 0.9555470904957876 0.022125837998230223 0.00953496461595904 0.007769230427818385
0.0 0.7865663286907385 0.20346673912026264 0.00706293675256191 0.008122377265446446
0.0 0.5214120210200395 0.6516112066406101 0.007922758091253711 0.007130482282128625
0.0 0.6067797394532992 0.544653972408684 0.009903447614067317 0.007922758091254067
0.0 0.5017096526573468 0.25550944670728537 0.01069572342319276 0.008318895995816433
0.0 0.5948020602295792 0.20222889854360365 0.009111171804941875 0.007130482282128625
0.0 0.6266911615468758 0.3480076474226733 0.007922758091253711 0.00871503390037951
0.0 0.598763439275206 0.02099580720617329 0.009903447614066608 0.006734344377565549
0.0 0.7599915664322208 0.03129539272480333 0.009903447614066608 0.006734344377565904
0.0 0.26076829834351933 0.014960969352122789 0.008442888995469388 0.004443625787088834
0.0 0.38207928233104943 0.056953233040113814 0.006665438680633429 0.005776713523215804
0.0 0.3940770719561897 0.07406119232040638 0.008442888995469388 0.007109801259342419
0.0 0.26032393576481033 0.22336701876659698 0.005776713523216159 0.007109801259342774
0.0 0.146122753036623 0.4402159571765402 0.009331614152887368 0.0079985264167604
0.0 0.15700963621499114 0.46043445450779535 0.0079985264167604 0.006665438680633784
