0.0 0.6459539364201513 0.7272393196224719 0.007401852070041315 0.00910997177851236
0.0 0.6960587812019701 0.8991900369418954 0.005124359125413314 0.006832478833884892
0.0 0.19387158691146894 0.6893759994180293 0.007401852070041404 0.00740185207004167
0.0 0.6496548624551721 0.5798760378265637 0.006832478833884536 0.0028468661807849573
0.0 0.6485161159828579 0.44721207380197575 0.007971225306198449 0.006263105597727403
0.0 0.29294253000279236 0.4369633555511491 0.007401852070041315 0.003985612653099224
0.0 0.3037606214897759 0.40251627476364893 0.006263105597727314 0.007971225306198449
0.0 0.26988291393843256 0.3712007467750123 0.00797122530619836 0.005693732361570625
0.0 0.813634354468397 0.5998041010920602 0.007971225306198449 0.00740185207004167
0.0 0.7814647666255247 0.37376292633771885 0.006263105597727403 0.00740185207004167
0.0 0.39115941323988007 0.1850156985516632 0.004554985889256358 0.006832478833884536
0.0 0.397137832219529 0.116975596830898 0.007401852070041359 0.007401852070041315
0.0 0.5750669685186011 0.0298614916988722 0.006832478833884359 0.009679345014669494
0.0 0.6636045067410192 0.035839910678521034 0.007401852070041315 0.005693732361570269
0.0 0.6971975276742841 0.10131783283657966 0.008540598542355404 0.007971225306198449
0.0 0.5799066410259359 0.16337951557769603 0.006263105597727403 0.005693732361570269
0.0 0.28155506527965174 0.08252851604339746 0.007401852070041404 0.006832478833884182
0.0 0.11985306621105496 0.25362517350858516 0.005124359125413269 0.003985612653099224
0.0 0.6704369855749035 0.33162930686209846 0.006263105597727403 0.009679345014669138
0.0 0.3151480862129165 0.34273208496716057 0.006263105597727403 0.005693732361570625
0.0 0.8324236714058773 0.038971454121096726 0.009109971778512716 0.006263105597727403
0.0 0.860038273215195 0.009364055197219123 0.009679345014669494 0.007401852070041315
0.0 0.8759807238275918 0.12096120948399722 0.007401852070041315 0.006263105597727403
0.0 0.9835922654612705 0.04295707613048379 0.007401852070041315 0.00740185207004167
0.0 0.9878625647324482 0.09761690680155884 0.007971225306198449 0.008540598542355227
0.0 0.9092890581427779 0.22145558566571316 0.006832478833884182 0.004554985889256002
0.0 0.7996847101825496 0.8725338812112777 0.011956837959297672 0.010818091486983405
0.0 0.840110209805401 0.8184434284545038 0.01309558443161194 0.008540598542354871
0.0 0.8503589282005253 0.7230734067200568 0.009679345014669494 0.004554985889256002
0.0 0.8719951111744926 0.46884825677594294 0.006263105597727403 0.008540598542355582
