0 0.3585520549079764 0.4772622873820225 0.0041085735688000825 0.002846866180785099
0 0.3863639375275463 0.5309968865443423 0.0028443970860923427 0.002135149635588931
0 0.10761302309049448 0.46542999981813415 0.0041085735688000825 0.002313078771887973
0 0.36060634169237654 0.43121126182080116 0.0037925294481232184 0.0008896456814953524
0 0.3599742534510226 0.3897537730631174 0.004424617689477018 0.001957220499289818
0 0.16260470008828024 0.3865510486097341 0.004108573568800047 0.0012455039540935076
0 0.16860953838114187 0.3757863358636403 0.0034764853274462126 0.002491007908187015
0 0.14980491320086456 0.36600023336719134 0.004424617689476982 0.0017792913629907758
0 0.45162704844733226 0.4374387815912688 0.004424617689477018 0.002313078771887973
0 0.4337705556290857 0.36680091448053714 0.0034764853274462126 0.002313078771887973
0 0.21712231090505052 0.30781740579739475 0.002528352965415479 0.0021351496355888956
0 0.22044077417215832 0.2865548740096556 0.0041085735688000825 0.002313078771887902
0 0.3192045618836988 0.25933171615589756 0.0037925294481231473 0.003024795317084177
0 0.36834942264896126 0.2611999720870378 0.004108573568800011 0.0017792913629907049
0 0.38699602576890013 0.28166182276143115 0.004740661810153952 0.002491007908187015
0 0.3218909369094527 0.30105609861803 0.0034764853274462126 0.0017792913629907049
0 0.15628381767474164 0.2757901612635617 0.0041085735688001 0.00213514963558886
0 0.06652728740249364 0.32925786672143287 0.0028443970860923605 0.0012455039540935076
0 0.41370175396610065 0.2362009284370182 0.003160441206769278 0.0030247953170842124
0 0.37214195209708434 0.35363415839440576 0.0034764853274462126 0.0030247953170841413
0 0.17493042079468046 0.3571037765522377 0.003476485327446248 0.0017792913629907758
0 0.165133053026997 0.1831780436270147 0.003476485327446248 0.0023130787718879373
0 0.24493419352462034 0.15960243526026768 0.0037925294481231473 0.00106757481779443
0 0.3097232382633909 0.16849889207522126 0.003160441206769278 0.0024910079081869796
0 0.2973975175569906 0.19358690029339043 0.003792529448123112 0.0014234330903925496
0 0.34875468716699165 0.22081005814714844 0.0034764853274462837 0.0021351496355888956
0 0.3621865622957611 0.21903076678415775 0.003160441206769278 0.0032027244533833253
0 0.4154399966832212 0.21467150002099042 0.0028443970860923427 0.002313078771887902
0 0.422392967311415 0.13994126204442014 0.0034764853274462837 0.0019572204992898
0 0.12404731736569481 0.1979461641327177 0.0028443970860923783 0.0012455039540935076
0 0.16813547220012648 0.1190345921840792 0.003160441206769278 0.0024910079081869973
0 0.23576891402498937 0.15346388005794964 0.005688794172184721 0.0019572204992897822
0 0.2616845319204976 0.14305502558445396 0.002528352965415479 0.00213514963558886
0 0.24856870091240502 0.14341088385705208 0.005372750051507822 0.0028468661807851525
0 0.3057726867549293 0.12499521825009813 0.0028443970860923427 0.002313078771887902
0 0.3174663192199756 0.15835693130617415 0.004740661810153952 0.0017792913629907049
0 0.41212153336271595 0.07561988292710564 0.003160441206769278 0.0021351496355888687
0 0.4287138496982548 0.08469426887835832 0.0034764853274462126 0.0017792913629907049
0 0.4416716586460089 0.09243418630736794 0.0034764853274462126 0.0023130787718879373
0 0.38715404782923857 0.09465830051110637 0.005056705930830887 0.002135149635588878
0 0.4585800191022246 0.14394467126594931 0.0037925294481230766 0.0024910079081869796
0 0.45447144553342456 0.1278420844308833 0.0037925294481231473 0.002313078771887973
0 0.4889202546872099 0.12748622615828514 0.0056887941721847565 0.0016013622266916627
0 0.4991916886092101 0.12259317491006066 0.002844397086092414 0.0014234330903925851
0 0.5020360856953024 0.1853131925316437 0.0034764853274462837 0.0019572204992897822
0 0.4865499237821329 0.17864085284426834 0.002844397086092414 0.0017792913629906693
0 0.47232793835167114 0.1574672856246788 0.0041085735688000825 0.0010675748177944656
0 0.5298479683148722 0.16440652194034264 0.002844397086092272 0.0014234330903925851
0 0.5375910492714571 0.15017219103641682 0.002528352965415479 0.0021351496355888422
0 0.5349046742457031 0.14394467126594931 0.002844397086092414 0.0014234330903925851
0 0.5129396078586566 0.14892668708232334 0.005688794172184685 0.0017792913629907402
0 0.5412255566592417 0.12721933245383657 0.0034764853274462837 0.0017792913629907225
0 0.5413835787195801 0.11823391107073342 0.0037925294481232184 0.0019572204992898
0 0.4802290413685944 0.06823582377069415 0.0028443970860923427 0.0019572204992897822
0 0.5034582842383486 0.059784189796488224 0.003160441206769349 0.0014234330903925851
0 0.5609783142015499 0.06120762288688081 0.005688794172184685 0.0014234330903925762
0 0.5620844686239191 0.09003214296733048 0.004740661810153881 0.0017792913629907402
0 0.5635066671669652 0.09590380446519987 0.0037925294481231473 0.0014234330903925673
0 0.5780446967181041 0.08834181617248929 0.004424617689477018 0.0023130787718879373
0 0.5752002996320117 0.10649058807499465 0.0037925294481231473 0.0023130787718879196
0 0.6507348444737977 0.13976333656292111 0.0037925294481233607 0.0019572204992897822
0 0.661006278395798 0.14180952163036045 0.004108573568800154 0.0014234330903925851
0 0.6701715578954288 0.1431439901526035 0.002212308844738402 0.002313078771887973
0 0.6636926534215519 0.16574099046258567 0.0037925294481229344 0.0019572204992897822
0 0.7159979553935837 0.1581790021698751 0.004740661810153881 0.0028468661807851702
0 0.7096770729800452 0.1776622389398234 0.004740661810153881 0.002668937044486093
0 0.6967192640322909 0.18762627422737155 0.004108573568800011 0.0019572204992897822
0 0.7291137864016761 0.17712845518572629 0.0037925294481230766 0.0026689370444860573
0 0.6564236386459825 0.09270108001181654 0.0037925294481232184 0.0028468661807851525
0 0.6632185872405364 0.11814494650258385 0.004740661810153881 0.001423433090392603
0 0.6726999108608445 0.10657955264314417 0.004740661810153881 0.0028468661807851525
0 0.6998797052390603 0.1236607497278551 0.0022123088447385444 0.002491007908187015
0 0.6632185872405364 0.07366266242781584 0.0034764853274462837 0.002491007908187015
0 0.6763344182486289 0.06485517018101178 0.0037925294481230766 0.002668937044486075
0 0.6576878152888823 0.06423242039684504 0.003160441206769349 0.0024910079081869973
0 0.6404634105517976 0.0624531268409743 0.002844397086092272 0.00213514963558886
0 0.7357507129358919 0.13140066715686474 0.0031604412067692067 0.002313078771887973
0 0.7365408232375842 0.1441226004022484 0.004108573568800154 0.002491007908187015
0 0.7804709560116773 0.1676092463937259 0.0034764853274461415 0.0021351496355888244
0 0.8262973535098322 0.17383676616419344 0.004740661810154023 0.00213514963558886
0 0.7709896323913693 0.18958349472666128 0.004108573568800011 0.0023130787718879373
0 0.8533191258277095 0.18531319545548355 0.0037925294481232184 0.0019572204992897822
0 0.8583758317585404 0.1819325418658012 0.0044246176894769465 0.0016013622266916982
0 0.864696714172079 0.17926360482131515 0.0031604412067692067 0.002668937044486093
0 0.7727278750283939 0.09652655424936661 0.005056705930830675 0.0019572204992898
0 0.7747821618394926 0.0841604814694611 0.003476485327446426 0.002135149635588878
0 0.7869498604855543 0.08976524926288185 0.004424617689477089 0.002668937044486075
0 0.781735132494385 0.116009796866995 0.003476485327446426 0.002135149635588878
0 0.46205650450976704 0.2621785794128427 0.005056705930830958 0.001957220499289818
0 0.477384644282502 0.252926267249131 0.005372750051507822 0.0023130787718879373
0 0.5402774242972109 0.24536427895642043 0.004740661810154023 0.00213514963558886
0 0.5761484320207413 0.22196659460925244 0.004424617689477089 0.002313078771887973
0 0.486233879661456 0.28780037796374913 0.0041085735688000825 0.001957220499289818
0 0.5459662184693956 0.2634240862907762 0.004108573568800011 0.002313078771887973
0 0.5483365493744725 0.28050528337548714 0.0044246176894769465 0.0026689370444860573
0 0.5734620569682886 0.28379697239702 0.004740661810153952 0.002135149635588931
0 0.5774126084767504 0.2629792612571486 0.0037925294481231473 0.0021351496355888244
0 0.6355647266813051 0.2902024213037866 0.0037925294481231473 0.002491007908187015
0 0.6325623075348743 0.2807721770799358 0.006004838292861692 0.0032027244533833253
0 0.6128095499925662 0.2401153694355978 0.0037925294481231473 0.002313078771887902
0 0.6352486825606282 0.2107570619462509 0.0037925294481230055 0.0023130787718879373
0 0.6540533077409054 0.23246441657473768 0.004740661810154023 0.0019572204992897822
0 0.6611643004561364 0.19501033338378304 0.004424617689477089 0.0032027244533833253
0 0.7084128964973374 0.22668171964501785 0.002844397086092272 0.0035585827259814098
0 0.6415695649741667 0.2632461571544772 0.0044246176894769465 0.0026689370444860573
0 0.6850256315672445 0.29011345673563704 0.0034764853274462837 0.002313078771887973
0 0.6910304698601064 0.2885120945089454 0.004740661810154023 0.0019572204992897467
0 0.8370428536128478 0.2521255861357852 0.002844397086092272 0.002846866180785206
0 0.8319861476820168 0.24349602302528017 0.0060048382928616206 0.0026689370444860573
0 0.8496846184399248 0.2417167316622894 0.0034764853274462837 0.0037365118622805227
0 0.7921645884767237 0.23335406225623306 0.0034764853274461415 0.002313078771887973
0 0.821872735820355 0.22614793223612062 0.004740661810153881 0.0017792913629907402
0 0.8501586846209404 0.20070406574535332 0.005056705930830816 0.00213514963558886
0 0.8213986696393397 0.19803512870086729 0.0031604412067692067 0.0021351496355888956
0 0.8310380153199861 0.19349793572524093 0.004108573568800154 0.0019572204992897822
0 0.7641946837968154 0.1982130578371663 0.003160441206769349 0.0017792913629907402
0 0.7240570804708457 0.19136278389677203 0.006320882413538556 0.002313078771887973
0 0.7902683237526622 0.21173567219589579 0.005372750051507893 0.0017792913629907049
0 0.8654868244737713 0.21903076678415778 0.004740661810153881 0.0017792913629907402
0 0.878286611361187 0.23397681423327985 0.0037925294481229344 0.00213514963558886
0 0.8781285893008485 0.22241142037384015 0.004108573568800011 0.002491007908187015
0 0.8768644128181406 0.21013430996920415 0.004740661810154023 0.002491007908187015
0 0.8694373759822329 0.19856891610976446 0.0044246176894769465 0.002491007908187015
0 0.8719657289476485 0.17632777407238046 0.005688794172184685 0.00320272445338329
0 0.8710175965856176 0.16769821096187548 0.0031604412067690645 0.0019572204992897822
0 0.8580597876378636 0.2786370274443469 0.005056705930830816 0.00213514963558886
0 0.8707015524649406 0.28006046053473954 0.005056705930830816 0.00213514963558886
0 0.8735459495510329 0.27623498410430947 0.0037925294481230766 0.0033806535896823676
0 0.8816050746282947 0.30568225616180583 0.002844397086092556 0.0017792913629907402
0 0.7869498604855545 0.32080623274722697 0.0031604412067692067 0.0017792913629907758
0 0.8139716328034318 0.33432884710595645 0.004740661810153881 0.0017792913629907758
0 0.7717797426930617 0.3091518743196378 0.005056705930830958 0.0023130787718879373
0 0.731010051045642 0.3088849791532692 0.006320882413538698 0.002491007908187015
0 0.663060565180198 0.31030841370558176 0.0037925294481232184 0.0021351496355888956
0 0.72152872750543 0.33388402426520886 0.0044246176894769465 0.0033806535896824387
0 0.5047224607210563 0.31920487052053537 0.0037925294481231473 0.0014234330903925496
0 0.44388396749074743 0.5226668378785243 0.006636926534215561 0.0033806535896822964
0 0.4663230999787134 0.5057635713920324 0.007269014775569432 0.0026689370444859866
0 0.4720118942309941 0.47596043960001777 0.005372750051507822 0.0014234330903925496
0 0.5837334908902886 0.4673308764895128 0.0037925294481231473 0.0019572204992897467
0 0.6117033956769916 0.48120934619700045 0.0041085735688000825 0.0026689370444860573
0 0.8005397576746622 0.5197310071295895 0.0037925294481230766 0.0028468661807852414
0 0.7329063158497994 0.5014043060907852 0.0037925294481232184 0.0028468661807851702
0 0.4840215708167175 0.39651508024248217 0.0034764853274462126 0.002668937044486128
0 0.6602161680941055 0.41991276166581015 0.004424617689477089 0.0032027244533832542
0 0.6663790284473058 0.43459191541048364 0.0060048382928616206 0.002313078771887831
0 0.6951390434289064 0.4087032260789687 0.004740661810154023 0.002491007908186944
0 0.6941909110668755 0.39615922196988407 0.004740661810153881 0.002668937044486128
0 0.7992755811919545 0.4171548600531746 0.0037925294481230766 0.0026689370444860573
0 0.7883720590286005 0.38886412738162207 0.005372750051507751 0.002313078771887973
0 0.804174265062447 0.3795228477259208 0.005372750051507893 0.0032027244533833253
0 0.8000656914936468 0.388508269109024 0.0034764853274462837 0.005159944952673143
0 0.5880000865194273 0.3724946468421074 0.0034764853274462837 0.002313078771887973
0 0.64536209442229 0.3712491428880139 0.003160441206769349 0.0033806535896823676
0 0.6366708811036743 0.3555913788936957 0.006004838292861692 0.0030247953170842124
0 0.7107832274024143 0.3385991463771342 0.006320882413538698 0.002491007908187015
0 0.7913343737626407 0.5344093937103753 0.004963257753553023 0.0016765535712440992
0 0.8671481359481635 0.4769874338952637 0.0037224433151648384 0.00223540476165887
0 0.8165229068619224 0.4591740522007947 0.005707746416586019 0.002375117559262563
0 0.8844525316831513 0.42242164355472056 0.003970606202842504 0.0020956919640552486
0 0.8251416015281927 0.3981814731704824 0.003474280427487173 0.0025148303568661846
0 0.885445183233862 0.3709374776377652 0.003474280427487173 0.0025148303568661846
0 0.895371698740968 0.3747795795718663 0.003970606202842504 0.0023751175592624917
