0 0.08474617747911634 0.6393288043397671 0.004272916511552083 0.0011226142306229293
0 0.08930395509143857 0.6323525587637531 0.003133472108471498 0.0019244815382107561
0 0.11280499590497502 0.6205651093422122 0.0051274998138625 0.0020848549997283783
0 0.13872735607505768 0.6165557728042731 0.0039880554107819145 0.0020848549997283783
0 0.18302325724481427 0.6275413549182263 0.004272916511552047 0.0022452284612458585
0 0.1605192302839733 0.6247348193416689 0.004272916511552083 0.0014433611536581025
0 0.11750520406768232 0.6395693645320435 0.003703194310011799 0.0022452284612459296
0 0.1259086065404014 0.6533614822225539 0.003988055410781932 0.0016037346151755115
0 0.10440159343225591 0.6362817085709334 0.004272916511552083 0.0020848549997283072
0 0.11138069040112435 0.6349185341480341 0.003418333209241684 0.0022452284612458585
0 0.05725708125479793 0.6218480970343526 0.004557777612322216 0.0014433611536581025
0 0.0863129135333521 0.6193623083808305 0.006266944216943049 0.001924481538210827
0 0.10511374618418126 0.6143907310737861 0.0028486110077014003 0.001924481538210827
0 0.09314957995183544 0.6047683233827321 0.00398805541078195 0.002565975384281103
0 0.13303013405965486 0.6027636551137626 0.004557777612322198 0.0030470957688338274
0 0.13459687011389065 0.5946647953071257 0.004842638713092349 0.0019244815382108982
0 0.1458488835943111 0.5945846085763669 0.0028486110077013825 0.001764108076693276
0 0.139439508826983 0.6304280772255424 0.0031334721084715334 0.0022452284612458585
0 0.14599131414469618 0.6330742393405822 0.004272916511552101 0.001764108076693276
0 0.15325527221433474 0.6356402147248632 0.005127499813862517 0.0020848549997284495
0 0.16265568853974932 0.6370033891477624 0.005127499813862535 0.0025659753842810318
0 0.17177124376439373 0.6365222687632097 0.0045577776123222336 0.0025659753842810318
0 0.18074436843865313 0.6422957133778421 0.007691249720793749 0.0012829876921404094
0 0.22660700566264552 0.6416542195317717 0.00256374990693125 0.0019244815382107561
0 0.25309908803426845 0.6339562933789287 0.004842638713092384 0.0022452284612458585
0 0.29839200305672053 0.6511964404920669 0.004842638713092384 0.002726348845798583
0 0.2929796421420879 0.644861688762123 0.003703194310011817 0.0016037346151756538
0 0.293122072692473 0.6338761066481698 0.0011394444030805673 0.0014433611536579605
0 0.32203547442064206 0.6504747599152378 0.00256374990693125 0.0019244815382107561
0 0.21578228383338022 0.63716376260928 0.0025637499069312143 0.0016037346151757247
0 0.2048151314537299 0.6313903179946476 0.005697222015402801 0.0019244815382107561
0 0.24540783831347468 0.6209660429960061 0.0025637499069312854 0.001924481538210685
0 0.20866075631412678 0.604126829536662 0.003703194310011817 0.0016037346151755827
0 0.17419256312093992 0.5809528643473739 0.0019940277053909837 0.001764108076693134
0 0.06779694198329306 0.5861650018466947 0.0034183332092416574 0.0016037346151755827
0 0.09386173270376076 0.5776652083862639 0.003133472108471498 0.0016037346151755827
0 0.0504204148363146 0.5803915572320625 0.004557777612322216 0.001924481538210827
0 0.057969234006723276 0.5796698766552335 0.007121527519253466 0.001764108076693134
0 0.06679992813059758 0.5771039012709526 0.004842638713092366 0.0024056019227634094
0 0.1693499244078476 0.6135086770354394 0.00256374990693125 0.0011226142306230002
0 0.15524929991972572 0.6033249622290741 0.005697222015402801 0.0016037346151757247
0 0.1730531187178594 0.6012401072293457 0.0037031943100117814 0.0012829876921404094
0 0.2043878398025747 0.5944242351148493 0.003133472108471551 0.0020848549997283783
0 0.14000923102852328 0.584641453962278 0.004272916511552083 0.0014433611536580316
0 0.23358610263151391 0.6016410408831397 0.003988055410781967 0.002084854999728236
0 0.23899846354614657 0.596749650306854 0.003988055410781896 0.0025659753842810318
0 0.2462624216157851 0.5990750654988587 0.0059820831161729515 0.002084854999728236
0 0.2230462419030188 0.5959477829992662 0.0045577776123222336 0.0016037346151757247
0 0.2718999206850976 0.5938629279995379 0.004842638713092349 0.0012829876921405514
0 0.2892764478320761 0.5811132378088915 0.003703194310011817 0.0024056019227634094
0 0.29839200305672053 0.5785472624246105 0.00256374990693125 0.001764108076693134
0 0.3093591554363709 0.5950657289609196 0.002278888806161099 0.001764108076693276
0 0.2926947810413177 0.5888913506924933 0.004842638713092384 0.002886722307315992
0 0.04685965107668785 0.5596231939655381 0.0025637499069312585 0.0014433611536580316
0 0.09215256609913994 0.5642740243495475 0.003703194310011799 0.001764108076693134
0 0.14257298093545454 0.5746982993481891 0.008260971922334015 0.00048112038455272454
0 0.18231110449288893 0.560024127619332 0.0034183332092416665 0.0022452284612458585
0 0.18601429880290068 0.5592222603117442 0.003988055410781932 0.0032074692303512365
0 0.19042964586483788 0.5695663485796271 0.004272916511552083 0.001764108076693134
0 0.2224765197014785 0.5563355380044279 0.005697222015402801 0.0025659753842810318
0 0.24939589372425666 0.5730143780022546 0.004272916511552118 0.0022452284612457163
0 0.26306922656122333 0.560745808196161 0.003703194310011817 0.001764108076693276
0 0.2781668649020406 0.5613071153114725 0.004842638713092349 0.0012829876921405514
0 0.30351950287058305 0.560745808196161 0.004842638713092313 0.0020848549997283072
0 0.28001846205704656 0.5544110564662172 0.0028486110077013647 0.0012829876921404094
0 0.28286707306474795 0.5457508895442689 0.0034183332092416665 0.0019244815382107561
0 0.30850457213406046 0.5496800393514492 0.0045577776123222336 0.001764108076693276
0 0.30109818351403683 0.5370907226223204 0.003988055410781932 0.001924481538210685
0 0.30138304461480697 0.522496737624222 0.003988055410781967 0.001924481538210685
0 0.3100713081882962 0.517765720509454 0.00256374990693125 0.0011226142306229293
0 0.3150563774517737 0.5110300351257163 0.002848611007701329 0.0020848549997283783
0 0.24668971326694034 0.5098272341643346 0.003418333209241631 0.0012829876921404094
0 0.2550931157396594 0.5043745364727374 0.00313347210847148 0.0025659753842808895
0 0.262499504359683 0.4860117751289764 0.00256374990693125 0.0020848549997283783
0 0.26079033775506216 0.4932285808972668 0.003133472108471551 0.0020848549997284495
0 0.18914777091137225 0.5083838730106764 0.003418333209241631 0.0012829876921404094
0 0.19313582632215417 0.5040537895497024 0.004557777612322269 0.0019244815382107561
0 0.17006207715977298 0.5022094947422504 0.003988055410781932 0.001764108076693134
0 0.15097638340817363 0.4974784776274822 0.003988055410781932 0.0012829876921404803
0 0.16251325798936428 0.5005255733963159 0.00541236091463265 0.0025659753842809606
0 0.04700208162707292 0.5378925899299083 0.004557777612322216 0.0016037346151755827
0 0.06081784501442467 0.5271475680082314 0.004272916511552083 0.001924481538210827
0 0.04928097043323404 0.5110300351257163 0.00398805541078195 0.001764108076693276
0 0.060248122812884386 0.5119922758948217 0.004842638713092366 0.001764108076693134
0 0.061529997766350014 0.4909833524360208 0.006266944216943049 0.0024056019227634094
0 0.07548819170408683 0.49314839416650796 0.006266944216943058 0.001924481538210827
0 0.08688263573489237 0.4872145760903581 0.0045577776123222336 0.0022452284612458585
0 0.09357687160299064 0.5253032732007794 0.004272916511552083 0.0014433611536580316
0 0.0974224964633875 0.5222561774319457 0.0034183332092416665 0.001764108076693276
0 0.11465659305998091 0.5305154107001003 0.004842638713092366 0.0016037346151757247
0 0.13274527295888475 0.5192090816631121 0.003988055410781932 0.0024056019227634094
0 0.15425228606703023 0.5245815926239503 0.005412360914632632 0.0019244815382107561
0 0.17860791018287714 0.5455905160827512 0.0045577776123222336 0.002886722307316134
0 0.13032395360233856 0.5476753710824795 0.004272916511552083 0.0022452284612459296
0 0.11180798205227953 0.5491989189668964 0.004272916511552083 0.0020848549997283072
0 0.09870437141685315 0.5492791056976553 0.004272916511552083 0.0022452284612459296
0 0.10012867692070383 0.5372510960838379 0.00256374990693125 0.0022452284612458585
0 0.0742063167506212 0.5439867814675756 0.005412360914632632 0.0022452284612460003
0 0.07591548335524202 0.550802653582072 0.004842638713092376 0.0017641080766932049
0 0.09132394266537583 0.485348952894453 0.004159682688692073 0.0020225090700722605
0 0.06504231113227595 0.4730010027824328 0.004159682688692054 0.0024483004532454087
0 0.06759484369124609 0.4655496535769032 0.0032143002594438564 0.002448300453245338
0 0.10295214654512864 0.44750674371494253 0.005105065117940253 0.0025547482990386783
0 0.12630309254755911 0.45458552546019554 0.0045378356603913515 0.002448300453245338
0 0.1401056760145828 0.4756089750043681 0.0030252237735942165 0.002128956915865601
0 0.17101968145099883 0.47986688883609924 0.0032143002594438386 0.0008515827663462971
0 0.17413944346751786 0.46661413203483604 0.004159682688692073 0.00244830045324548
0 0.22443378870352196 0.47273488316794954 0.003781529716992793 0.0019160612242789198
0 0.22537917113277017 0.4681576257988385 0.0034033767452935136 0.0025547482990386783
0 0.05993724601433569 0.4148272550564061 0.004915988632090631 0.001916061224278991
0 0.08366634498846544 0.42728165301421966 0.0039706062028424145 0.0014902698411059134
0 0.0662713082902986 0.4302621926964315 0.004726912146240983 0.002128956915865601
0 0.23398215123892874 0.41413534405874985 0.0028361472877446304 0.002022509070072331
0 0.22339386803134892 0.40828071254011944 0.0032143002594438386 0.001596717686899254
0 0.2184778793992583 0.39875363034162103 0.003592453231143118 0.002554748299038607
0 0.20949674632140045 0.4007761394116933 0.003403376745293549 0.002767643990625288
0 0.20807867267752816 0.41381600052136996 0.0035924532311431535 0.0022354047616587993
0 0.19720677474117387 0.4076420254653598 0.0030252237735941987 0.001596717686899254
0 0.1996647690572192 0.4049808293205278 0.0007563059433985941 0.001596717686899254
0 0.1713978344226981 0.39508117966175293 0.0032143002594439097 0.00223540476165887
0 0.14464351167497413 0.39923264564769084 0.0030252237735942343 0.0020225090700722605
0 0.10522106437532433 0.41349665698399013 0.002836147287744577 0.003086987528005096
0 0.14662881477639533 0.4294106099300852 0.006239524033038091 0.002128956915865601
0 0.1685616871349535 0.41637074882040864 0.003592453231143118 0.0018096133784857216
0 0.18992733003596274 0.42722842909132297 0.003970606202842433 0.0024483004532454087
0 0.1507884974650874 0.41589173351433883 0.0039706062028424145 0.001916061224279062
0 0.1550427183967043 0.4100371019957086 0.0026470708018949372 0.0019160612242789198
0 0.1417128261443047 0.43611682421506176 0.0032143002594438564 0.0014902698411059134
0 0.13783675818438712 0.4466019370256997 0.00378152971699274 0.0022354047616587993
0 0.056628407511967 0.36804342683026015 0.003970606202842424 0.0022354047616587993
0 0.05880278709923785 0.38220099032076615 0.004915988632090613 0.0020225090700724023
0 0.10096684344370743 0.38619278453801414 0.0030252237735942165 0.0025547482990387494
0 0.1180782654130998 0.38134940755442004 0.003970606202842433 0.002022509070072331
0 0.1402947525004324 0.3907168179842284 0.003781529716992775 0.0020225090700724023
0 0.1664818457906075 0.38816206968518985 0.0035924532311431535 0.00223540476165887
0 0.18586218559019552 0.37932689848434764 0.0034033767452935136 0.002661196144831948
0 0.21223835536622024 0.36889500959660637 0.0035924532311431535 0.00223540476165887
0 0.22405563573182272 0.36873533782791645 0.004159682688692108 0.0017031655326924522
0 0.16922345483542725 0.3626145866948029 0.003781529716992793 0.002022509070072331
0 0.15674440676935106 0.3619758996200433 0.0034033767452935136 0.0020225090700722605
0 0.1407674437150565 0.36437097615039205 0.005105065117940253 0.002128956915865601
0 0.14615612356177127 0.35234236957575155 0.004159682688692073 0.0023418526074520684
0 0.13547330211126662 0.33807835823945226 0.0054832180896395325 0.0029805396822117558
0 0.14814142666319247 0.33674776016703634 0.004348759174541694 0.00244830045324548
0 0.1502212680075385 0.34191048068801033 0.0024579943160453156 0.0031934353737983656
0 0.12687032200510803 0.35537613318086003 0.003781529716992775 0.0015967176868991117
0 0.1137295062385581 0.3663402612975677 0.004348759174541712 0.0020225090700722605
0 0.08489534214648808 0.36735151583260384 0.0034033767452935136 0.0021289569158655297
0 0.0653259258610504 0.3548971178747902 0.004348759174541712 0.0023418526074521395
0 0.10115591992955707 0.34872314281878014 0.004159682688692073 0.002554748299038607
0 0.061638934386982445 0.2958185634595208 0.0034033767452935136 0.002767643990625217
0 0.09520001062529344 0.30161997105525445 0.0035924532311431535 0.003086987528005061
0 0.11779465068432535 0.30598433273277886 0.00567229457548919 0.0028740918364185217
0 0.09671262251209056 0.31646944554341677 0.002836147287744595 0.0027676439906252526
0 0.055588486839793984 0.3314253678773724 0.0030252237735942256 0.00223540476165887
0 0.06466415816057668 0.3193967613027319 0.004915988632090613 0.0018096133784857216
0 0.06390785221717812 0.31412759293596465 0.0034033767452935136 0.002554748299038714
0 0.12233248634471669 0.3325962941810984 0.004159682688692073 0.00223540476165887
0 0.13178631063719867 0.3311060243399926 0.005672294575489207 0.002661196144831948
0 0.20316268404543755 0.323814346903153 0.004726912146240956 0.0023418526074521395
0 0.23454938069647768 0.33839770177683204 0.003970606202842468 0.002767643990625217
0 0.22301571505964965 0.30460051073746625 0.0032143002594439097 0.003086987528005061
0 0.21904510885680722 0.3002893729828384 0.0032143002594438386 0.002341852607452033
0 0.2173434204841605 0.2957121156137275 0.002836147287744595 0.0025547482990387494
0 0.0571010987265911 0.2622874920346381 0.0030252237735942256 0.0021289569158655652
0 0.05237418658035011 0.2576570107426305 0.0030252237735942343 0.0024483004532453736
0 0.062206163844531356 0.23972054872646303 0.002647070801894964 0.0023418526074521395
0 0.1171328829838516 0.24568162809088662 0.003214300259443874 0.0029805396822117913
0 0.1282883956489803 0.2588811609692532 0.003970606202842433 0.00319343537379833
0 0.08858233362055606 0.2689937063196146 0.004348759174541694 0.0029805396822117913
0 0.09037856023612763 0.2804368497423921 0.0045378356603913515 0.002235404761658835
0 0.14795235017734282 0.26792922786168183 0.004348759174541694 0.0025547482990386783
0 0.14681789126224498 0.26468256856498684 0.005105065117940288 0.002661196144831948
0 0.1650637721467352 0.2582424738944935 0.004159682688692037 0.0029805396822117558
0 0.17111421969392362 0.25829569781739015 0.004159682688692073 0.003299883219591635
0 0.19871938662797098 0.2636713140299507 0.003403376745293478 0.0025547482990386783
0 0.2002319985147681 0.2527604098361397 0.0026470708018949195 0.0024483004532454087
0 0.226513630047868 0.26675830155795577 0.005672294575489154 0.003619226756971443
0 0.2360619925832748 0.26703033471605736 0.003592453231143189 0.0035246059984148912
0 0.19805761892749726 0.27979816266763247 0.002836147287744595 0.002235404761658835
0 0.18728025923406783 0.2749547856840382 0.0035924532311431535 0.002980539682211827
0 0.08413903620308955 0.16062979930205715 0.002647070801894973 0.0019160612242790265
0 0.0978470814271884 0.1782469177808447 0.003214300259443874 0.0024483004532453736
0 0.1589187863566219 0.17595828909628924 0.0035924532311431712 0.0023418526074521395
0 0.17839366439913476 0.19096743535314153 0.004726912146240991 0.0029805396822117913
0 0.2250010181610709 0.17569216948180602 0.0026470708018949195 0.0020225090700722956
0 0.07147091165116368 0.19884457594184413 0.004159682688692046 0.0027676439906252526
0 0.05114518942232746 0.19847200848156768 0.0035924532311431535 0.0024483004532453736
0 0.06456961991765185 0.21678103795801157 0.004348759174541703 0.003086987528005061
0 0.0965235460262409 0.2122570045117972 0.0035924532311431357 0.0021289569158655652
0 0.10834082639184338 0.2084248820632392 0.003781529716992793 0.0021289569158655652
0 0.1261140160617095 0.21592945519166531 0.0034033767452935136 0.002661196144831948
0 0.09321470752387223 0.225562985235957 0.004159682688692073 0.0023418526074521395
0 0.06844568787756945 0.2286499727639621 0.005294141603789893 0.0023418526074521395
0 0.11751103595555089 0.23221597559803694 0.003214300259443874 0.00223540476165887
0 0.11250050908053545 0.22407271539485107 0.003781529716992775 0.0019160612242790265
0 0.16336208377408845 0.21976157764022333 0.0030252237735942343 0.0028740918364185217
0 0.1743285199533675 0.22098572786684606 0.0045378356603913515 0.002554748299038714
0 0.18614580031897 0.21481175281083587 0.003970606202842397 0.0027676439906252526
0 0.2014609956727908 0.2232211326285049 0.004726912146241027 0.0031934353737983656
0 0.231240542194109 0.20975548013565518 0.003403376745293549 0.002661196144831948
0 0.3299589906125663 0.6433719076980878 0.004113530029285784 0.0017064299376215787
0 0.3335312666906303 0.6397152721174701 0.00303102212684216 0.0009751028214980551
0 0.33916030778333706 0.6472113750577364 0.004330031609774565 0.0015845420849342417
0 0.3729345543395782 0.6408122627916555 0.003897028448797073 0.0014626542322471892
0 0.3972909821445597 0.639898103896501 0.0032475237073309416 0.0013407663795597814
0 0.43268899055446625 0.6394714964120957 0.006062044253684391 0.002437757053745031
0 0.4599681896960455 0.6463581600889257 0.005196037931729478 0.0018283177903087734
0 0.4441635743203686 0.6261247765428412 0.003897028448797002 0.001584542084934384
0 0.4540143962326057 0.6168612997386098 0.0032475237073308705 0.0018283177903087734
0 0.45975168811555683 0.5983343461301469 0.004763034770752057 0.0028034206118068283
0 0.5043510136962341 0.6010158788892664 0.00303102212684216 0.0018283177903089154
0 0.4952579473157077 0.6148501501692699 0.003897028448797073 0.002437757053745102
0 0.33742829513942724 0.626977991511652 0.001732012643909826 0.00304719631718136
0 0.35031013917850645 0.611742009925745 0.004113530029285784 0.0023158692010577654
0 0.32216493371497223 0.5879738786517301 0.005412539512218118 0.0018283177903087734
0 0.3517173994516831 0.5919961777904096 0.00259801896586481 0.0015845420849343128
0 0.3603774626712321 0.5925446731275023 0.003897028448797073 0.002437757053745102
0 0.37217679880786764 0.5977249068667106 0.0028145205463533784 0.0018283177903088443
0 0.37683158278837525 0.6050381780279459 0.005196037931729407 0.0015845420849343128
0 0.4220804131105187 0.5979077386457415 0.004763034770751915 0.002681532759119634
0 0.41655962280805625 0.5874253833146375 0.0036805268683084338 0.0021939813483705705
0 0.37791409069081877 0.5851704580399232 0.004330031609774565 0.002072093495683376
0 0.420673152837342 0.6104012435461851 0.0041135300292857125 0.002072093495683376
0 0.4519470492702131 0.5198516917111458 0.0036805268683083626 0.002925308464494236
0 0.4996856477679769 0.5399022434781994 0.003464025287819581 0.0023158692010578365
0 0.49957739697773257 0.5731776272618201 0.0036805268683083626 0.0023158692010577654
0 0.47121568993370955 0.5692162720494843 0.0023815173853760285 0.0021939813483707127
0 0.42661636435303235 0.5701304309446388 0.004546533190263276 0.002315869201057907
0 0.3848315593187084 0.5728119637037584 0.004546533190263276 0.002072093495683376
0 0.3294071547135949 0.5730557394091329 0.005412539512218047 0.002072093495683376
0 0.3242111167818655 0.5416086734158209 0.0036805268683083626 0.003534747727930494
0 0.3471602843136703 0.5415477294894774 0.0028145205463533784 0.0021939813483705705
0 0.3627483981088585 0.5295417759997825 0.004979536351240697 0.0028034206118068283
0 0.3869965751235957 0.546179467891593 0.004546533190263205 0.001462654232247118
0 0.3320051736794596 0.4907204949188916 0.004546533190263205 0.0012188785268725866
0 0.3305979134062828 0.48517459762162146 0.005196037931729407 0.0018283177903088443
0 0.36350615364056904 0.4795677563980078 0.005196037931729407 0.0023158692010577654
0 0.3957648891333891 0.48133513026197305 0.003897028448797002 0.0021939813483705705
0 0.46168962039220574 0.46341761591694636 0.0032475237073308705 0.002681532759119634
0 0.44166322419699866 0.48816085001245924 0.004330031609774565 0.0019502056429961812
0 0.422935837484724 0.5057736447257678 0.0041135300292857125 0.0025596449064323678
0 0.3502995572307568 0.4966320557742236 0.00606204425368432 0.0023158692010577654
0 0.49524736536795816 0.5136963551504394 0.004546533190263276 0.001584542084934384
0 0.5057476920216613 0.5122337009181923 0.00346402528781951 0.0023158692010579783
0 0.5122427394363229 0.46622103652875324 0.003031022126842231 0.002925308464494094
0 0.3086230029866773 0.43910098930583885 0.003680526868308327 0.002072093495683447
0 0.3108962695818089 0.4464142604670742 0.005196037931729371 0.002072093495683376
0 0.3193398312208691 0.44848635396275754 0.006495047414661741 0.0020720934956832337
0 0.3469437827331816 0.43233621348169615 0.004546533190263205 0.0021939813483706416
0 0.36090813467470434 0.44385461556064176 0.005629041092706757 0.0030471963171814307
0 0.37779525795282487 0.45573868119764926 0.004763034770751915 0.0021939813483707127
0 0.3911101051528814 0.45098505494284624 0.004979536351240697 0.0017064299376216496
0 0.3987959112602312 0.44190440991764574 0.00303102212684216 0.0028034206118069706
0 0.4289978817384083 0.4344692509037231 0.005845542673195539 0.002072093495683305
0 0.3889450893479942 0.42100064318178126 0.0032475237073309416 0.0021939813483705705
0 0.3103550156305871 0.38583599768150806 0.004546533190263169 0.0023158692010578365
0 0.3544130872600426 0.3916256706841527 0.004763034770751915 0.0019502056429961101
0 0.3315721705184821 0.40393634380556553 0.004546533190263276 0.0017064299376215787
0 0.3307061641965272 0.40680070834371607 0.005412539512218118 0.002072093495683376
0 0.3813675340308888 0.3651150627246746 0.004979536351240626 0.0023158692010578365
0 0.3914348575236145 0.38029010038423794 0.004763034770751915 0.0026815327591195627
0 0.40539920946513724 0.39156472675780907 0.007144552156128014 0.0018283177903088443
0 0.4744632136410405 0.38565316590247717 0.004546533190263205 0.0021939813483706416
0 0.4977371335435784 0.3969277922760483 0.004763034770751844 0.0028034206118068995
0 0.511376733114368 0.39345398847446156 0.00303102212684216 0.0021939813483706416
0 0.4858295466166986 0.4121637738619553 0.00346402528781951 0.0025596449064323678
0 0.45551932534827716 0.41905043753878524 0.003464025287819581 0.0024377570537451733
0 0.30905600614765477 0.3323272303518027 0.004979536351240661 0.00304719631718136
0 0.3110045203720533 0.34018899685013076 0.004979536351240626 0.0026815327591195627
0 0.3656711694454563 0.331961566793741 0.004330031609774494 0.0032909720225558913
0 0.40539920946513724 0.3601786046908407 0.0036805268683083626 0.0017064299376215787
0 0.4213120756310586 0.3468318848215862 0.002165015804887247 0.002072093495683447
0 0.43527642757258134 0.35792367941612646 0.004546533190263276 0.002072093495683447
0 0.4456685034360401 0.3534747727930416 0.004979536351240768 0.0021939813483706416
0 0.5168975234168306 0.35305493659769366 0.004979536351240626 0.0028169631899218218
0 0.3259431294257753 0.2793669583591901 0.0041135300292857125 0.0021939813483706416
0 0.30808174903545543 0.29612653810368783 0.003897028448797073 0.0008532149688108603
0 0.34607777641122667 0.2861317341833329 0.0041135300292857125 0.002559644906432332
0 0.3471602843136703 0.2827188743080897 0.004979536351240626 0.0025596449064323678
0 0.36881044236254273 0.2833892574978696 0.0032475237073309416 0.002193981348370606
0 0.3826665435138212 0.28156093970756074 0.0032475237073309416 0.002193981348370606
0 0.37812001032355796 0.27217557505064216 0.005412539512218118 0.0029253084644941295
0 0.45357081112387865 0.26108378045610187 0.004763034770751915 0.0029253084644941295
0 0.4878863116313415 0.27376011713557635 0.0032475237073307994 0.0029253084644941295
0 0.4819325181679015 0.2843643603193676 0.002598018965864668 0.003169084169868661
0 0.5106189775826576 0.27577126670491614 0.0028145205463533784 0.0023158692010578717
0 0.4517305476897245 0.31312989355356 0.0041135300292857125 0.002681532759119634
0 0.4406889670847994 0.31745691232395756 0.0049795363512405546 0.0020720934956833404
0 0.43376091650916027 0.31434877208043255 0.0028145205463534495 0.001950205642996039
0 0.38472330852846404 0.31514104312289976 0.003031022126842089 0.0018283177903088443
0 0.38937809250897176 0.304110192454703 0.004546533190263276 0.002193981348370606
0 0.42466785012863384 0.30624322987673 0.0036805268683082915 0.0020720934956833404
0 0.4256421072408331 0.2988080708628075 0.005629041092706899 0.0032909720225558913
0 0.4363589354750249 0.2982595755257148 0.0036805268683084338 0.002681532759119634
0 0.4268328659335211 0.3038664167493286 0.004113530029285855 0.002437757053745102
0 0.30245270794274864 0.2269551817036702 0.003897028448797073 0.002681532759119634
0 0.3231286088794218 0.25261257469433757 0.004979536351240697 0.0028034206118068995
0 0.39175960989434755 0.214705452508601 0.0041135300292857125 0.002072093495683305
0 0.38721307670408434 0.20720934956833476 0.0036805268683082915 0.0026815327591195983
0 0.37996027375771213 0.18947466700233906 0.005196037931729336 0.002072093495683376
0 0.3862388195918851 0.19130298479264787 0.004330031609774423 0.002559644906432332
0 0.42261108511399087 0.2056857514097441 0.004330031609774494 0.0018283177903088087
0 0.4492407795141041 0.19416734933079843 0.003897028448797002 0.002193981348370606
0 0.4517305476897244 0.19179053620339695 0.0036805268683083626 0.0023158692010578717
0 0.4570348364116982 0.21397412539247745 0.003897028448797073 0.002803420611806864
0 0.446534509757995 0.2280521723778555 0.004113530029285855 0.0024377570537451377
0 0.4545450682360779 0.23189163973750407 0.004546533190263276 0.0023158692010578365
0 0.4977371335435784 0.14925167561554467 0.004330031609774494 0.002072093495683358
0 0.4703496836117547 0.1782000406287679 0.0023815173853759574 0.0029253084644941295
0 0.3976051525675432 0.1802111901981076 0.005412539512218189 0.0028034206118068995
0 0.3882955846065281 0.17813909670242423 0.004113530029285855 0.0030471963171813956
0 0.3164170598842713 0.15857609634611972 0.004113530029285784 0.0019502056429960746
0 0.31316953617694054 0.14839846064673387 0.004113530029285748 0.0023158692010578543
0 0.34672728115269286 0.15784476922999618 0.0023815173853759574 0.0014626542322470648
0 0.3347114434355686 0.16753485351863304 0.00303102212684216 0.001340766379559817
0 0.3768210008406257 0.16119668517889577 0.003247523707330871 0.0018283177903088443
0 0.3806097784991783 0.1572353299665599 0.005196037931729407 0.0017064299376215964
0 0.38807908302603933 0.16521898431757515 0.0032475237073307994 0.002559644906432332
0 0.39240911463581385 0.16442671327510802 0.004546533190263276 0.001218878526872551
0 0.42358534222619015 0.1629031151165173 0.004113530029285855 0.002072093495683376
0 0.41622428848957355 0.1524207597854133 0.0036805268683082915 0.0023158692010578543
0 0.4251008532896112 0.1498001709526373 0.0036805268683082915 0.0029253084644941295
0 0.4302968912213407 0.14876412420479565 0.004546533190263205 0.0025596449064323678
0 0.4012856794358515 0.1487641242047956 0.0032475237073307994 0.0020720934956833226
0 0.38991934646019344 0.1528473672698187 0.003897028448797073 0.0019502056429960746
0 0.38591406722115207 0.1536396383122859 0.0036805268683082915 0.002072093495683358
0 0.3650216647039901 0.1412680212645294 0.003464025287819652 0.001218878526872551
0 0.3985794096797424 0.14053669414840586 0.003897028448797073 0.001706429937621614
0 0.4942731082557588 0.13895215206347153 0.002598018965864668 0.0021939813483705882
0 0.24718072177239975 0.4835182673512692 0.003400009928093546 0.002296998894780344
0 0.25185573542352835 0.4632281104473758 0.004930014395735611 0.0019141657456502514
0 0.25602074758544296 0.445809202161958 0.0034000099280935814 0.0022969988947804153
0 0.2608657617329762 0.4362383734337065 0.0042500124101168876 0.0015313325965203007
0 0.26783578208556796 0.43532914470452255 0.0028900084388795476 0.00220129060749791
0 0.2516857349271237 0.4212121723303515 0.003910011417307544 0.0017227491710852406
0 0.2466707202831857 0.41460830050785785 0.003400009928093546 0.0026798320439103663
0 0.23876569720036828 0.375463611009309 0.005610016381354264 0.002296998894780344
0 0.2589107560243224 0.3775691933295244 0.0037400109209028897 0.0017227491710853115
0 0.27548580442377846 0.3603417016186715 0.0039100114173075086 0.002488415469345426
0 0.2866208369382847 0.3440234386370027 0.004760013899330886 0.00220129060749791
0 0.3001358764024565 0.364696428690026 0.0035700104244981647 0.00239270718206285
0 0.25695575031566864 0.35220649719965763 0.004250012410116923 0.0017227491710853115
0 0.23808569521474957 0.32741805079348607 0.0028900084388794765 0.0026798320439104374
0 0.23757569372553555 0.30315599996736836 0.0032300094316887852 0.0022012906074978388
0 0.2776958108770392 0.27788901212478423 0.0035700104244982354 0.00220129060749791
0 0.2779508116216462 0.26429843533066705 0.00408001191371227 0.002009874032932828
0 0.24259070836947352 0.25826881323186857 0.004420012906521542 0.0037326232040181396
0 0.2758258054165878 0.24999004638193092 0.004590013402926267 0.0024884154693454617
0 0.28636583619367767 0.2356338032895536 0.0039100114173075086 0.002105582320215298
0 0.24182570613565246 0.20419363091724718 0.004590013402926267 0.002775540331192943
0 0.2697907877942217 0.18476484859889653 0.0037400109209028897 0.002392707182062885
0 0.24437571358172255 0.16567104528603466 0.002890008438879512 0.0017227491710852761
0 0.24692572102779273 0.15289398893381878 0.002890008438879512 0.0018184574583678171
0 0.257040750563871 0.15399463423756773 0.002720007942474858 0.0017227491710852937
0 0.2606107609883692 0.1490178032988769 0.0037400109209029253 0.0017227491710852937
0 0.2671557800999493 0.1503577193208321 0.004250012410116959 0.001914165745650287
0 0.521491515025918 0.6524039758447965 0.0032239367954607443 0.001685393018525474
0 0.5346175434074367 0.6349666403838988 0.004145061594163835 0.0018150386353350712
0 0.5821706111404825 0.6440418335605742 0.004375342793839394 0.002333621102573744
0 0.5797526585438869 0.6342535894914457 0.00552674879221847 0.0019446842521446683
0 0.59264840572573 0.6244653454223174 0.006447873590921418 0.002333621102573602
0 0.7001897259743132 0.582913925234825 0.004605623993515309 0.0019446842521447395
0 0.6906330561877689 0.6126675942926394 0.0057570299918943135 0.002852203569812275
0 0.698347476376907 0.6229744208290064 0.004605623993515309 0.002981849186621943
0 0.6727862632128969 0.623493003296245 0.0036844991948122184 0.0019446842521446683
0 0.6894816501893899 0.6462458090463383 0.004835905193191081 0.0020743298689544078
0 0.699383741775448 0.6512371652935096 0.003914780394488133 0.002203975485764005
0 0.598520576317462 0.6384670720377593 0.003454217995136588 0.0020743298689544078
0 0.5963329049205423 0.6356796912763519 0.0036844991948122895 0.0019446842521446683
0 0.6079621055041684 0.6280305998845825 0.004375342793839678 0.0024632667193831993
0 0.6414680200569925 0.6289381192022502 0.004145061594163906 0.0019446842521446683
0 0.6241969300813099 0.615390152245642 0.0032239367954606736 0.0020743298689544078
0 0.6020899349124363 0.585895774421447 0.004145061594163835 0.0024632667193833415
0 0.6095740739018988 0.6040461607747978 0.003454217995136446 0.0024632667193831993
0 0.588733625331242 0.594387562322479 0.0036844991948122895 0.0020743298689544078
0 0.569965707557667 0.6029441730319157 0.005296467592542768 0.0018150386353350712
0 0.5471678687897659 0.6007401975461516 0.00483590519319101 0.0010371649344772039
0 0.5640935369659349 0.5894610288837123 0.005066186392866854 0.001815038635335
0 0.6860076938341101 0.5775064000785778 0.0036844991948123606 0.0016853930185253318
0 0.5448453184328648 0.5139152250334453 0.0036844991948122895 0.0018150386353350712
0 0.5661463294028732 0.5294078762421982 0.0057570299918941 0.002203975485764076
0 0.597119150759264 0.5189714040890215 0.00460562399351538 0.002333621102573744
0 0.69199500502568 0.5163136689444238 0.0023028119967577255 0.0019446842521448815
0 0.6947583794217891 0.5189714040890215 0.0032239367954606736 0.0018150386353350712
0 0.7031636432099546 0.5428261975819969 0.003914780394487991 0.002333621102573602
0 0.6696577286571306 0.542437260731568 0.004605623993515309 0.0015557474017156637
0 0.6307402059119259 0.5669402823085914 0.005066186392866996 0.0015557474017158768
0 0.6108208821399722 0.5643473699723984 0.003914780394487991 0.0015557474017157346
0 0.5774301081869858 0.5714130560885242 0.004835905193191081 0.0027225579530026065
0 0.5697156879978477 0.5535867837771975 0.005066186392866925 0.0015557474017158057
0 0.5426576470359451 0.564477015589208 0.0066781547905971905 0.0018150386353350712
0 0.5547474100189228 0.4857821261857517 0.005066186392866783 0.0025929123361930094
0 0.5540565664198955 0.4962185983389283 0.004605623993515238 0.001685393018525474
0 0.5965434477600745 0.5039973353475071 0.004835905193191081 0.0019446842521446683
0 0.6615978866684787 0.4542782413010072 0.0023028119967577255 0.002333621102573673
0 0.6581436686733423 0.4568711536372001 0.004145061594163906 0.002333621102573673
0 0.5512931920237862 0.45544505185229395 0.0036844991948122895 0.0020743298689543366
0 0.6602161994704241 0.4784571488360065 0.0046056239935151665 0.0027225579530026065
0 0.6797901014428643 0.48202240329827184 0.0036844991948122184 0.0020743298689544078
0 0.6899224742285981 0.4703542977854035 0.004605623993515451 0.0028522035698122037
0 0.7108780633990928 0.4888936209891832 0.0032239367954608154 0.002333621102573602
0 0.6921101456255179 0.5013396002029095 0.003454217995136446 0.002333621102573602
0 0.6694274474574547 0.5021822967121721 0.0041450615941637636 0.0019446842521446683
0 0.6678154790597245 0.4951814334044511 0.004605623993515451 0.0024632667193832704
0 0.7074238454039563 0.4652332959214224 0.0032239367954608154 0.0019446842521446683
0 0.710762922799255 0.4442307059982593 0.003914780394487991 0.0024632667193833415
0 0.6845108660362175 0.4493517078622405 0.004835905193191223 0.0018150386353351423
0 0.6639006986652365 0.44358247791421107 0.005066186392866854 0.002203975485764076
0 0.6174990369305694 0.44416588318985445 0.004835905193191081 0.002333621102573673
0 0.5655706264036838 0.4274415986214099 0.00552674879221847 0.0020743298689544078
0 0.6200321301270028 0.40896709822603505 0.006217592391245788 0.002203975485764005
0 0.6924555674250314 0.4089670982260351 0.0041450615941637636 0.0027225579530026065
0 0.6954492230208165 0.4219964827154047 0.0046056239935151665 0.0031114948034315403
0 0.6807112262415674 0.4269230161541714 0.0036844991948120766 0.0020743298689543366
0 0.6873893810321647 0.4385911216670397 0.0041450615941637636 0.002333621102573673
0 0.5813448885814739 0.38465854507422603 0.004375342793839537 0.0020743298689543366
0 0.5881381839719091 0.3781762642337436 0.004145061594163835 0.0028522035698122037
0 0.5790420765847162 0.36423936042670646 0.005296467592542626 0.002722557953002536
0 0.5829568569792043 0.34116244063458906 0.003454217995136517 0.002981849186621943
0 0.6086332107430522 0.3718884518184757 0.0041450615941637636 0.0027225579530026065
0 0.6270557067171136 0.3703975272251647 0.004605623993515309 0.0020743298689544078
0 0.6225652233234361 0.3596369410299639 0.003914780394487991 0.002852203569812275
0 0.6610221836692892 0.35983140945517844 0.003454217995136588 0.002203975485764005
0 0.698903441015953 0.364044892001492 0.0041450615941637636 0.0020743298689544078
0 0.6574528250743148 0.34492216352206884 0.005066186392866854 0.002203975485764076
0 0.6434056718940931 0.343755352970782 0.005066186392866854 0.0027225579530026065
0 0.6408725786976597 0.334939451027726 0.004145061594163835 0.0019446842521447395
0 0.5891744493704499 0.3311149053318414 0.003454217995136588 0.002333621102573673
0 0.5518688950229758 0.30103712223200296 0.004835905193191152 0.002592912336192974
0 0.6331581585085215 0.29987031168071615 0.004375342793839537 0.0023336211025736377
0 0.6412180004971734 0.3004537169563596 0.004375342793839537 0.002722557953002642
0 0.6818626322399461 0.32981844916374486 0.0027633743961091284 0.001815038635335
0 0.6476658740880948 0.2887856114434913 0.004375342793839678 0.0014261017849061374
0 0.5345978050472933 0.27264473215069 0.005296467592542697 0.002333621102573673
0 0.5496812236260559 0.2679126671371379 0.005987311191569944 0.002203975485764076
0 0.5751272961902282 0.2544295229889345 0.005296467592542555 0.0016853930185254384
0 0.59516176056202 0.2479472421484521 0.003914780394487991 0.0035004316538605096
0 0.6196867083274892 0.2744597707860251 0.005066186392866854 0.0031114948034315403
0 0.6351155487057656 0.28528517978963075 0.0036844991948122184 0.002203975485764076
0 0.5926286673655865 0.28522035698122594 0.003454217995136446 0.0023336211025736377
0 0.6947583794217893 0.2749135304448589 0.004605623993515451 0.0027225579530025714
0 0.6442116560929583 0.25060497729304987 0.005296467592542484 0.0028522035698123104
0 0.6617130272683166 0.24995674920900166 0.004375342793839537 0.0020743298689543366
0 0.7033939244096306 0.2536516492880766 0.002993655595785043 0.002722557953002642
0 0.7035090650094682 0.24678043159716523 0.0041450615941637636 0.0029818491866219076
0 0.6785235548446475 0.21994378891756805 0.004375342793839537 0.002981849186621872
0 0.6880802246311919 0.19278303219594675 0.0041450615941637636 0.002592912336192974
0 0.6926858486247073 0.2051641886012682 0.0036844991948122184 0.0035004316538605096
0 0.6845108660362175 0.2291486277110531 0.003454217995136588 0.0027225579530026065
0 0.7018970966117379 0.21184093786696503 0.0036844991948122184 0.002852203569812275
0 0.7059270176060639 0.2246110311227154 0.002072530797081953 0.0016853930185254029
0 0.5421970846365936 0.19673722350864103 0.003454217995136588 0.0027225579530026065
0 0.5493358018265424 0.19621864104140244 0.005757029991894242 0.0027225579530025714
0 0.5812297479816361 0.1925237409623275 0.005987311191569944 0.0025929123361929387
0 0.5917075425668834 0.19083834794380208 0.003914780394488133 0.0018150386353351067
0 0.6158870685328389 0.19887637618600024 0.003914780394487991 0.0018150386353350712
0 0.5833022787787179 0.21009072204003482 0.0041450615941637636 0.001944684252144704
0 0.5611952836098443 0.20937767114758174 0.0032239367954607443 0.0015557474017157701
0 0.5479541146284876 0.22195329597811764 0.004375342793839678 0.0023336211025736377
0 0.5517537544231379 0.22901898209424343 0.0032239367954607443 0.0032411404202412086
0 0.5637283768062777 0.23692736471963202 0.004605623993515309 0.003241140420241173
0 0.5761635615887691 0.23576055416834513 0.004605623993515238 0.0024632667193833415
0 0.5838779817779074 0.23413998395822452 0.004375342793839678 0.0023336211025737088
0 0.588138183971909 0.2434744683685192 0.00460562399351538 0.0025929123361929387
0 0.6187655835287861 0.23174154004724606 0.004145061594163835 0.002722557953002642
0 0.59896140035667 0.22124024508566456 0.006908435990272963 0.0035004316538605096
0 0.5530203010213546 0.14423074870073357 0.005296467592542697 0.0029818491866218898
0 0.5344826644474554 0.15259289098495585 0.005066186392866854 0.002074329868954372
0 0.599076540956508 0.16646497198358823 0.003454217995136446 0.002333621102573673
0 0.6027610401513203 0.158815880591819 0.003914780394488133 0.002074329868954372
0 0.617844458730083 0.14662919261171203 0.005066186392866925 0.002852203569812275
0 0.6341944239070625 0.14630507856968794 0.0041450615941637636 0.003500431653860492
0 0.6428299688949036 0.15006480145716775 0.004375342793839678 0.0022039754857640405
0 0.6520412168819344 0.16380723683899043 0.002993655595784901 0.0024632667193833415
0 0.6828988976384872 0.16179772977844087 0.004835905193191081 0.002333621102573673
0 0.688886208830057 0.1734658352913092 0.002993655595785043 0.0025929123361929387
0 0.7041999086084957 0.1745030002257864 0.0041450615941637636 0.0036300772706701423
0 0.7115689069981201 0.20361564345906472 0.0032239367954606736 0.0024776712384079504
0 0.575357577389904 0.17404924056695265 0.003914780394487991 0.002463266719383306
0 0.6280919721156546 0.18247620565957973 0.004375342793839537 0.001944684252144704
0 0.6411028598973354 0.1714563282307597 0.0036844991948122895 0.002463266719383306
0 0.6516957950824207 0.17391959495014297 0.0027633743961091284 0.0016853930185254384
0 0.6572225438746392 0.17787378626283726 0.0036844991948122184 0.0020743298689544078
0 0.6847411472358934 0.15382452434464752 0.003914780394488133 0.002463266719383288
0 0.6834746006376767 0.15136125762526423 0.005066186392866854 0.0024632667193833237
0 0.695909785420168 0.1408599626636827 0.0032239367954608154 0.002463266719383288
0 0.6864682562334616 0.14928692775630983 0.0027633743961092707 0.0016853930185254384
0 0.6892316306295707 0.15466722085391021 0.0032239367954608154 0.002592912336192974
0 0.7169975393860856 0.6273454650474243 0.00815835016571782 0.002026348031308771
0 0.7378733177513044 0.6064740803249444 0.006718641312944129 0.0021614379000626373
0 0.7671473977577036 0.6084328834218762 0.007678447214793209 0.0017561682938009682
0 0.7766254810384641 0.594451082005846 0.006958592788406434 0.0029719771125861173
0 0.7989409682564568 0.5895878467307051 0.007918398690255657 0.002971977112586259
0 0.8267753394100821 0.5939107225308304 0.007438495739330904 0.002701797375078314
0 0.8537698803995895 0.6536204445200606 0.0038392236073967467 0.0027017973750781722
0 0.8466913118734518 0.6553766128138616 0.004559078033783379 0.0018912581625549763
0 0.8238959217045345 0.6476764902948885 0.0050389809847078484 0.0018912581625548342
0 0.8236559702290722 0.6455825973292028 0.00407917508285891 0.002566707506324377
0 0.8182570620311708 0.6393009184321456 0.0062387383620196605 0.002431617637570298
0 0.835773519739918 0.6390982836290148 0.005758835411094907 0.0017561682938008261
0 0.7946218416981355 0.6408544519228156 0.0040791750828587684 0.0020263480313087003
0 0.7955816475999846 0.6480142149667732 0.005038980984708132 0.0022965277688166454
0 0.8020603374374664 0.6478115801636423 0.0031193691810098303 0.002431617637570298
0 0.7760256023498083 0.6370043906633291 0.0062387383620196605 0.0027017973750782433
0 0.7455517649660978 0.6395710981696535 0.004799029509245827 0.00324215685009392
0 0.7409926869323142 0.6461229568042185 0.004319126558321216 0.002296527768816503
0 0.7701467912009821 0.6234954037879378 0.005998786886557212 0.0018912581625549051
0 0.7795048987440114 0.6175514495627654 0.005998786886557212 0.002971977112586259
0 0.7880231761229226 0.6174163596940115 0.004319126558321074 0.002431617637570511
0 0.7979811623546076 0.6280209143911938 0.0050389809847078484 0.0022965277688165742
0 0.8002607013714993 0.6251164822129848 0.0071985442638687405 0.0021614379000626373
0 0.8096188089145283 0.6239682183285764 0.006718641312944129 0.0017561682938008261
0 0.8428520882660553 0.6050556367030283 0.005518883935632601 0.0028368872438321803
0 0.8508904626940419 0.6068118049968292 0.005278932460170154 0.002026348031308771
0 0.8621681820407693 0.6005301260997722 0.005758835411094907 0.0027017973750782433
0 0.8715262895837986 0.630857801635026 0.0038392236073967467 0.003107066981339983
0 0.8734459013874971 0.6349780426320204 0.0033593206564721356 0.002701797375078385
0 0.8794446882740542 0.6290340884068482 0.005758835411094907 0.002161437900062779
0 0.8715262895837986 0.619712887462828 0.0071985442638687405 0.0021614379000626373
0 0.8835238633569128 0.6215366006910057 0.005278932460170296 0.002836887243832251
0 0.7284926795035048 0.5220547977995037 0.004319126558321074 0.002566707506324377
0 0.720454305075518 0.5361716890842878 0.005518883935632601 0.0021614379000626373
0 0.7446894040972092 0.5313084538091468 0.00407917508285891 0.0016210784250470312
0 0.7697643332830182 0.5566378042005059 0.006718641312943987 0.002026348031308842
0 0.729452485405354 0.5619738540162855 0.006238738362019518 0.002701797375078385
0 0.7560870991816679 0.5744696668760226 0.005758835411094907 0.0033772467188477153
0 0.7650852795115037 0.5837233228856659 0.005518883935632601 0.002431617637570369
0 0.8159549923095086 0.5242162356995662 0.006478689837481681 0.0022965277688165742
0 0.8573466218267533 0.5259048590589902 0.005278932460170296 0.002971977112585975
0 0.8707839044526412 0.5489376816815327 0.0038392236073967467 0.002836887243832251
0 0.8442692664140584 0.5487350468784018 0.006478689837481681 0.001891258162554763
0 0.8237534152620327 0.538941031393743 0.005758835411094907 0.002566707506324377
0 0.8341913044446423 0.5462358843064544 0.00407917508285891 0.002836887243832251
0 0.8236334395243017 0.5500859455659409 0.005038980984707991 0.00243161763757044
0 0.8152351378831217 0.5521798385316267 0.00407917508285891 0.0017561682938009682
0 0.8047972487005123 0.5666344544882955 0.005278932460170296 0.002566707506324377
0 0.8239933667374953 0.5812241603137184 0.005758835411094907 0.002566707506324377
0 0.8379105523143079 0.5822373343293726 0.007198544263868598 0.0021614379000626373
0 0.8531474710061632 0.575347751022923 0.005518883935632744 0.0027017973750782433
0 0.8692242198621364 0.5856821259825975 0.004559078033783379 0.003377246718847786
0 0.872943467731802 0.5760232003666927 0.005278932460170296 0.0027017973750782433
0 0.8871006047840768 0.5856821259825975 0.005758835411094907 0.0017561682938009682
0 0.8950190034743324 0.5620413989506625 0.0033593206564718515 0.002566707506324377
0 0.8978984211798797 0.5455604349626848 0.005278932460170154 0.003917606193863463
0 0.8725835405186083 0.5457630697658158 0.00407917508285891 0.002431617637570369
0 0.8309519595259016 0.5554895403160975 0.005758835411094907 0.0029719771125861173
0 0.8356310132974162 0.5556246301848514 0.0026394662300849346 0.0021614379000626373
0 0.8244732696884198 0.564337926719479 0.004799029509245827 0.0022965277688166454
0 0.830592032312708 0.5650133760632485 0.003599272131934157 0.0017561682938010393
0 0.8349111588710292 0.5669721791601803 0.004559078033783379 0.002701797375078314
0 0.843069509036747 0.5670397240945573 0.004559078033783521 0.002296527768816503
0 0.7220139896660228 0.4648442383822207 0.005758835411094907 0.0021614379000626373
0 0.7827217129579815 0.4974008967519142 0.0047990295092456845 0.0024316176375705823
0 0.7703642119716738 0.50881599066162 0.005518883935632601 0.002836887243832251
0 0.8182345313264002 0.49929215491446904 0.0062387383620196605 0.0018912581625548342
0 0.8429495332990159 0.5048308395333795 0.004799029509245827 0.0021614379000626373
0 0.8405500185443929 0.516786292918101 0.005278932460170438 0.0025667075063245193
0 0.8685043654357494 0.513611681002384 0.006958592788406434 0.002431617637570511
0 0.8867406775708834 0.5173941973274936 0.005038980984708132 0.002431617637570511
0 0.8663448021565889 0.5082080862522274 0.004559078033783379 0.0021614379000626373
0 0.8561468644494417 0.49375347029555855 0.005758835411094907 0.002431617637570369
0 0.8891401923255063 0.4930780209517889 0.005518883935632601 0.00162107842504696
0 0.8593862093681827 0.4732873551793404 0.004079175082859052 0.002026348031308771
0 0.8869806290463456 0.4639661542353203 0.005518883935632601 0.002566707506324377
0 0.8958588336384503 0.4671407661510373 0.003599272131934299 0.002161437900062566
0 0.895618882162988 0.4451211175441492 0.00407917508285891 0.0021614379000626373
0 0.8788222788806279 0.42803224914677895 0.004079175082858626 0.002566707506324377
0 0.8512278592024649 0.41654961030269616 0.005518883935632744 0.0028368872438321803
0 0.8694641713375987 0.41958913234965933 0.004559078033783379 0.0021614379000626373
0 0.8977784454421486 0.43505692232198256 0.003599272131934299 0.0017561682938009682
0 0.8207540218187543 0.4357323716657521 0.005038980984707991 0.0020263480313087003
0 0.8273526873939672 0.44268949990657874 0.004799029509245827 0.0021614379000626373
0 0.8165548709981643 0.45525285770069274 0.004799029509245827 0.002431617637570511
0 0.8111559628002628 0.46099417712273405 0.004559078033783521 0.0022965277688165742
0 0.7152953483530788 0.39534050090833156 0.005758835411094907 0.002566707506324377
0 0.7822418100070573 0.4072284093586761 0.005278932460170438 0.001485988556293023
0 0.766165061151084 0.3591364160822823 0.005758835411094907 0.0028368872438321803
0 0.7981985831252993 0.3702813302544804 0.005518883935632601 0.0021614379000626373
0 0.8237534152620328 0.3848710360799032 0.007678447214793209 0.0021614379000626373
0 0.8199141916546364 0.38966672642066713 0.005758835411094907 0.0028368872438321803
0 0.8615457726473431 0.39128780484571407 0.005038980984708132 0.0020263480313087003
0 0.8836213083898735 0.38818073786437407 0.004559078033783379 0.002296527768816503
0 0.8793021818315523 0.3831148677861023 0.005998786886557212 0.002701797375078314
0 0.8906998769160112 0.3864921145049502 0.002399514754622771 0.0010807189500313542
0 0.8880604106859259 0.36974097077946466 0.004799029509245542 0.002701797375078314
0 0.8781024244542411 0.3650128253730777 0.0040791750828587684 0.0029719771125861173
0 0.8962187608516438 0.35677234337908886 0.0028794177055473822 0.0021614379000626373
0 0.799638291978073 0.3434659913068283 0.003599272131934299 0.001756168293800897
0 0.8475086113327994 0.33022718416894464 0.0033593206564719934 0.001756168293800897
0 0.8701840257639856 0.3385352110973104 0.005038980984708132 0.0021614379000627084
0 0.8942991490479454 0.34535724946938307 0.002399514754622771 0.0031070669813401254
0 0.7322119273731701 0.33137544805335295 0.006478689837481824 0.0027017973750782433
0 0.8010780008308467 0.3123277765590509 0.006958592788406293 0.002431617637570511
0 0.8158350165717774 0.29969687383055993 0.0038392236073966045 0.0028368872438321803
0 0.8613058211718808 0.2992916042242981 0.005998786886557212 0.00229652776881661
0 0.8765427398637361 0.30692418180889436 0.0038392236073966045 0.00243161763757044
0 0.8717437103544904 0.3173936466373227 0.005758835411094907 0.002566707506324377
0 0.8911797798669356 0.31989280920927016 0.005278932460170438 0.0024316176375704756
0 0.7139756152380363 0.2930099253272411 0.005998786886557212 0.0021614379000626373
0 0.7265730676998063 0.2907809424928015 0.004319126558321074 0.0017561682938008617
0 0.7667649398397396 0.2584944638606159 0.004559078033783379 0.0022965277688165742
0 0.810436108373876 0.25950763787627024 0.005998786886557212 0.0027017973750782785
0 0.8556669614985171 0.27882548910808 0.0062387383620196605 0.0018912581625548342
0 0.8431894847744782 0.2557926664855376 0.005278932460170438 0.002566707506324377
0 0.8421097031348979 0.24566092632899397 0.004559078033783664 0.002026348031308771
0 0.8815817208484441 0.26464105288891904 0.004319126558321357 0.002431617637570511
0 0.8970585910157618 0.25984536254815505 0.004559078033783379 0.00229652776881661
0 0.8661048506811266 0.2434319434945544 0.00407917508285891 0.0021614379000626373
0 0.8200341673923675 0.23242211919111036 0.005998786886557212 0.002566707506324377
0 0.7973587529611811 0.20364797714652647 0.004319126558321216 0.002836887243832216
0 0.762085886068225 0.1771703628707592 0.005278932460170296 0.0022965277688165387
0 0.7673648185283954 0.18453276071784758 0.005758835411094907 0.002701797375078314
0 0.7802022224656276 0.18095287919586883 0.005038980984708132 0.002566707506324377
0 0.8118758172266496 0.21006474591233748 0.004559078033783379 0.0029719771125861173
0 0.857106670351291 0.21742714375942584 0.005278932460170438 0.002566707506324377
0 0.8877004834727324 0.23269229892861815 0.006958592788406434 0.002836887243832216
0 0.8966986638025684 0.2493083527853497 0.004319126558321216 0.0028368872438321803
0 0.8436693877254027 0.23012559142229383 0.005278932460170296 0.002566707506324377
0 0.8579465005154089 0.20689013399662046 0.005038980984708132 0.0031070669813400187
0 0.8717437103544904 0.19932510134640125 0.005278932460170296 0.0020263480313087003
0 0.836230891986072 0.18095287919586883 0.0047990295092456845 0.0022965277688165742
0 0.8615457726473431 0.1851406651272402 0.004559078033783379 0.0022965277688165387
0 0.892259561506516 0.18453276071784758 0.005038980984708132 0.0032421568500939557
0 0.8953789306875257 0.21384726223744707 0.004559078033783379 0.0024316176375704756
0 0.7138556395003053 0.15258400675754674 0.005278932460170296 0.0025667075063243593
0 0.7407302047520814 0.1398180141603018 0.0038392236073966045 0.001350898687539157
0 0.7560870991816679 0.1393451996196631 0.005278932460170296 0.002026348031308718
0 0.7581266867230971 0.14967957457933756 0.005038980984707991 0.0021614379000626195
0 0.7530877057383892 0.17271239720188003 0.0040791750828587684 0.0022965277688165742
0 0.7758830959073066 0.1431277159447727 0.0031193691810095458 0.0017561682938008793
0 0.7810420526297457 0.14576196838547403 0.0047990295092456845 0.0021614379000626373
0 0.7898002814841192 0.14366807541978838 0.002639466230085219 0.002026348031308718
0 0.807196763455135 0.14555933358234316 0.0043191265583209315 0.0017561682938008793
0 0.8273526873939673 0.1456944234510971 0.0023995147546229134 0.001756168293800897
0 0.8361109162483406 0.14684268733550535 0.00407917508285891 0.0018912581625548164
0 0.8385104310029636 0.14319526087914966 0.003599272131934299 0.0016210784250469778
0 0.8491882716610354 0.1532594561013163 0.0047990295092456845 0.0025667075063243593
0 0.8665847536320512 0.1762922787238588 0.0035992721319344414 0.00243161763757044
0 0.8778624729787787 0.2054716903747044 0.00407917508285891 0.002161437900062673
