0.0 0.08442059014284546 0.9907942206897218 0.004618755691705845 0.004618755691705445
0.0 0.32844484918797023 0.9920772083818623 0.00615834092227443 0.007184731075986406
0.0 0.33511638518710074 0.9895112329975813 0.00718473107598685 0.010263901537123843
0.0 0.4008053550246949 0.9802737216141694 0.010263901537124065 0.008211121229699359
0.0 0.47393565347670397 0.9943865862277154 0.00667153599913064 0.0056451458454183975
0.0 0.5011349925500825 0.996182768996712 0.00872431630655548 0.004105560614849679
0.0 0.5468093543902848 0.9943865862277154 0.008724316306555301 0.00667153599913064
0.0 0.5044707605496479 0.9741153806918952 0.005131950768561921 0.004105560614848969
0.0 0.50960271131821 0.9464028465416604 0.006158340922274519 0.006158340922274163
0.0 0.5557902682352683 0.9589761259246373 0.008211121229699359 0.0056451458454183975
0.0 0.542447196237007 0.9186903123914252 0.007184731075986761 0.006158340922274163
0.0 0.5429603913138632 0.8719895603975104 0.007184731075986939 0.006158340922274163
0.0 0.5586128411579774 0.8568503056302529 0.004618755691705801 0.003592365537993203
0.0 0.5675937550029609 0.8352961124022922 0.005131950768561921 0.00667153599913064
0.0 0.4444269365574722 0.8314471493258708 0.006158340922274341 0.004105560614848969
0.0 0.45956619132473014 0.8139985167127598 0.0056451458454182205 0.008211121229698647
0.0 0.47290926332299144 0.7552376804127245 0.004618755691705801 0.00667153599913064
0.0 0.4698300928618542 0.7783314588712538 0.0056451458454182205 0.006671535999130995
0.0 0.34076153103251905 0.8268283936341646 0.006158340922274341 0.004105560614848969
0.0 0.3479462621085059 0.8129721265590476 0.008211121229699359 0.006158340922274163
0.0 0.3063774608831535 0.8070703831752013 0.00718473107598685 0.005645145845417687
0.0 0.2719933907337878 0.7919311284079431 0.00718473107598685 0.004105560614849679
0.0 0.2927777913464641 0.8016818348682108 0.0097507064602679 0.008211121229699182
0.0 0.08467718768127355 0.9212562877757066 0.008211121229699248 0.005131950768561921
0.0 0.10956714890879944 0.8868722176263404 0.00769792615284306 0.0061583409222748745
0.0 0.0887827482961232 0.8352961124022922 0.00718473107598685 0.0056451458454183975
0.0 0.10854075875508702 0.8383752828634293 0.00872431630655548 0.005645145845417687
0.0 0.11085013660093994 0.7711467277952666 0.011290291690836441 0.007697926152842882
0.0 0.1359966953668939 0.7780748613328254 0.011290291690836484 0.006158340922274519
0.0 0.15652449844114202 0.759086643489146 0.00821112122969927 0.007184731075986761
0.0 0.16858458274726282 0.8809704742424941 0.00769792615284306 0.004618755691705445
0.0 0.17551271628482154 0.8712197677822264 0.00615834092227443 0.0056451458454183975
0.0 0.20656101843462188 0.897649314240321 0.00872431630655548 0.005131950768562632
0.0 0.2391489058149908 0.8614690613219587 0.00718473107598685 0.007697926152842882
0.0 0.27789513411763417 0.878661096396641 0.009750706460267811 0.006158340922274163
0.0 0.3217733131888396 0.9458896514648039 0.00821112122969927 0.009237511383411601
0.0 0.23478674766171306 0.9525611874639346 0.00769792615284306 0.0071847310759871165
0.0 0.20142906766605986 0.9574365406940686 0.00769792615284306 0.00667153599913064
0.0 0.17782209413067449 0.9576931382324968 0.00769792615284306 0.0071847310759871165
0.0 0.1803880695149555 0.9192035074682814 0.004618755691705845 0.007184731075986406
0.0 0.133687317521041 0.940757700696242 0.009750706460267855 0.0071847310759871165
0.0 0.13676648798217822 0.9625684914626305 0.00872431630655548 0.0056451458454183975
0.0 0.16452579045809115 0.7531166492622496 0.00749392834384679 0.006472029024231318
0.0 0.11717778864924089 0.7136032089037849 0.00749392834384679 0.00783456145038528
0.0 0.12177633558751053 0.6897588914460903 0.005790762811154338 0.007834561450384924
0.0 0.18547472651020833 0.6320215798878162 0.009197093876539242 0.008175194556923771
0.0 0.22754291516771197 0.6546736814726257 0.008175194556923771 0.007834561450384924
0.0 0.2524091319450218 0.7219487200139779 0.005450129704615847 0.006812662130769809
0.0 0.3081026448640651 0.7355740442755175 0.0057907628111542485 0.0027250648523082788
0.0 0.3137230911219501 0.6931652225114753 0.00749392834384679 0.007834561450385635
0.0 0.4043314974611888 0.7127516261374385 0.006812662130769809 0.006131395917692473
0.0 0.40603466299388125 0.6981044025562833 0.0061313959176928275 0.008175194556923771
0.0 0.10798069477270164 0.5274472161804995 0.008856460770000796 0.0061313959176928275
0.0 0.15073014964328227 0.567301289645503 0.007153295237308299 0.004768863491538866
0.0 0.11939190384174107 0.5768390166285808 0.008515827663462261 0.006812662130769809
0.0 0.4215334693413825 0.5252331009879996 0.0051094965980773566 0.006472029024231318
0.0 0.4024580153752271 0.5064982801283822 0.005790762811154293 0.005109496598077712
0.0 0.3936015546052263 0.4760116170931873 0.00647202902423123 0.008175194556923416
0.0 0.377421482044648 0.4824836461174186 0.006131395917692917 0.00885646077000075
0.0 0.37486673374560936 0.5242112016683839 0.006472029024231318 0.007153295237308299
0.0 0.35528033011964605 0.5044544814891514 0.005450129704615758 0.005109496598077712
0.0 0.35970856050464645 0.495938653825689 0.0013625324261540505 0.005109496598077712
0.0 0.30878391107714204 0.4642597749176094 0.005790762811154426 0.007153295237308299
0.0 0.2605843265019456 0.4775444660726107 0.005450129704615847 0.006472029024231318
0.0 0.18956232378867025 0.5231893023487684 0.0051094965980773566 0.009878360089616223
0.0 0.26416097412059975 0.5741139517762726 0.011240892515770184 0.006812662130769809
0.0 0.3036744144790647 0.5323863962253077 0.006472029024231318 0.005790762811154338
0.0 0.3421659555179141 0.5671309730922335 0.007153295237308299 0.00783456145038528
0.0 0.2716549024644465 0.5308535472458843 0.007153295237308299 0.0061313959176928275
0.0 0.2793191473615626 0.5121187263862674 0.004768863491538866 0.006131395917692473
0.0 0.25530451335059895 0.5955738374881976 0.005790762811154338 0.004768863491538866
0.0 0.24832153466655993 0.6291261984822392 0.00681266213076972 0.007153295237308299
0.0 0.10201961540827804 0.3777389658568325 0.007153295237308299 0.007153295237308299
0.0 0.10593689613347068 0.42304316902645167 0.00885646077000075 0.006472029024231674
0.0 0.18189807889155415 0.4358169105216453 0.005450129704615847 0.008175194556924125
0.0 0.21272537503328764 0.4203181041741441 0.007153295237308299 0.006472029024231318
0.0 0.25274976505156027 0.4502938175495309 0.006812662130769809 0.006472029024231674
0.0 0.29992745030714135 0.4421186229926075 0.006472029024231318 0.007153295237308299
0.0 0.33484234372733657 0.41384607514991245 0.0061313959176928275 0.008515827663462261
0.0 0.3823606620894561 0.38046403070914037 0.006472029024231318 0.007153295237308299
0.0 0.4036502312481119 0.3799530810493327 0.007493928343846834 0.005450129704615847
0.0 0.3048666303519494 0.36036667742336925 0.006812662130769809 0.006472029024231318
0.0 0.28238484532040903 0.3583228787841385 0.0061313959176928275 0.006472029024231318
0.0 0.2536013478179065 0.3659871236812545 0.009197093876539242 0.006812662130769809
0.0 0.2633093913542536 0.32749558264240497 0.00749392834384679 0.00749392834384679
0.0 0.2440636208348288 0.28185074636624724 0.009878360089616223 0.009537726983077732
0.0 0.26688603897290764 0.2775928325345163 0.00783456145038528 0.007834561450385635
0.0 0.2706330031448311 0.29411353820163305 0.004428230385000375 0.010218993196154713
0.0 0.22856481448732743 0.3372036261787521 0.006812662130769809 0.005109496598077001
0.0 0.20489081358290231 0.37228883615221664 0.00783456145038528 0.006472029024231318
0.0 0.15294426483578244 0.3755248506643323 0.0061313959176928275 0.006812662130769809
0.0 0.11768873830904862 0.3356707771993287 0.00783456145038528 0.00749392834384679
0.0 0.18223871199809266 0.31591405702009645 0.00749392834384679 0.008175194556923416
0.0 0.11104639273154807 0.14661940307046653 0.0061313959176928275 0.00885646077000075
0.0 0.17150876914213023 0.16518390737681427 0.006472029024231318 0.009878360089616223
0.0 0.2122144253734799 0.17914986474489236 0.010218993196154713 0.009197093876539242
0.0 0.17423383399443815 0.21270222573893366 0.0051094965980773566 0.00885646077000075
0.0 0.10014613332231634 0.26056117720759175 0.005450129704615847 0.007153295237308299
0.0 0.1164965224361639 0.22206963616874215 0.00885646077000075 0.005790762811154338
0.0 0.11513399001000997 0.2052082973950869 0.0061313959176928275 0.008175194556923771
0.0 0.22038961993040368 0.2643081413795148 0.00749392834384679 0.007153295237308299
0.0 0.23742127525732823 0.25953927788797626 0.010218993196154802 0.008515827663462261
0.0 0.3660102729756086 0.23620591009008968 0.008515827663462261 0.00749392834384679
0.0 0.4225553686609981 0.2828726456858625 0.007153295237308299 0.00885646077000075
0.0 0.4017767491621501 0.174721634359892 0.005790762811154382 0.009878360089616223
0.0 0.39462345392484177 0.16092599354508294 0.0057907628111542485 0.007493928343846434
0.0 0.3915577559659954 0.14627876996392802 0.0051094965980773566 0.008175194556924125
0.0 0.10287119817462428 0.03931997451084186 0.005450129704615847 0.006812662130769809
0.0 0.094355370511162 0.024502434376417526 0.005450129704615869 0.00783456145038528
0.0 0.2311195627863661 0.028419715101610166 0.007153295237308299 0.010218993196154713
0.0 0.15958661041328304 0.060779860222766754 0.00783456145038528 0.009537726983077732
0.0 0.16282262492539867 0.09739791917565466 0.008175194556923815 0.007153295237308299
0.0 0.26654540586636916 0.05737352915738185 0.00783456145038528 0.008175194556923771
0.0 0.2645016072271382 0.0469842194079579 0.00919709387653933 0.008515827663462261
0.0 0.2973727020081026 0.026375916462379224 0.00749392834384679 0.009537726983077732
0.0 0.3082729614173343 0.026546233015648468 0.00749392834384679 0.010559626302693203
0.0 0.358005394971954 0.04374820489584223 0.006131395917692739 0.008175194556923771
0.0 0.3607304598242619 0.008833311475646966 0.0047688634915387775 0.00783456145038528
0.0 0.4080784616331122 0.05362656498545846 0.010218993196154713 0.011581525622308676
0.0 0.425280433513306 0.054497071091383555 0.006472029024231318 0.011278739194927567
0.0 0.3568131790990693 0.09535412053642389 0.0051094965980773566 0.007153295237308299
0.0 0.3373970920263753 0.07985531418892222 0.006472029024231318 0.009537726983077732
0.0 0.8142108559508683 0.8635254134756665 0.006630699186186817 0.009360987086381556
0.0 0.9002149248069958 0.927687179130238 0.006240658057587467 0.007410781443385162
0.0 0.5840865900773295 0.9331477549306267 0.006630699186186817 0.01131119272937724
0.0 0.6254309497088466 0.9329527343663276 0.005070534671789773 0.007020740314786167
0.0 0.6535139109679904 0.8945336831993039 0.008970945957782028 0.008970945957781851
0.0 0.6971985173711028 0.9477742972530976 0.008190863700583506 0.004680493543190778
0.0 0.5981280707069014 0.7703055837404531 0.008190863700583506 0.003900411285992433
0.0 0.5955928033710063 0.7525587123891887 0.0093609870863812 0.005850616928988472
0.0 0.6548790549180876 0.734616820473625 0.0093609870863812 0.007410781443384806
0.0 0.7129951830793713 0.7402724168383138 0.007020740314785811 0.007020740314785811
0.0 0.8317627067378333 0.6829363709342283 0.005850616928988117 0.008580904829182856
0.0 0.7956839023424054 0.7621147200398696 0.007800822571984512 0.006240658057587822
0.0 0.7619453447185731 0.818475663122457 0.007410781443384984 0.008190863700583861
0.0 0.6310865460735353 0.7892225784775155 0.010921151600778245 0.007410781443384806
0.0 0.8922190816707122 0.8438283364814062 0.008190863700583506 0.005070534671789773
0.0 0.911136076407774 0.8391478429382154 0.006240658057587467 0.007410781443385872
0.0 0.9228373102657506 0.6919073168920103 0.005460575800389123 0.0093609870863812
0.0 0.5560036288181858 0.6051231657786843 0.006630699186186639 0.006630699186187172
0.0 0.5600990606684776 0.6285256334946375 0.0093609870863812 0.006630699186186817
0.0 0.5753106646838471 0.6351563326808242 0.01170123385797659 0.0066306991861864615
0.0 0.6250409085802475 0.5834758831414277 0.008190863700583506 0.007020740314786167
0.0 0.6501985613748971 0.6203347697940537 0.010141069343579546 0.00975102821498055
0.0 0.680621769405636 0.6583637798324776 0.008580904829182678 0.007020740314786167
0.0 0.704609298814488 0.6431521758171079 0.008970945957782028 0.005460575800389123
0.0 0.7184557588797602 0.6140941117364663 0.005460575800389123 0.008970945957782205
0.0 0.7728664963193512 0.590301602891914 0.010531110472178895 0.0066306991861864615
0.0 0.7007088875284958 0.5472020581817001 0.005850616928988472 0.007020740314785811
0.0 0.5591239578469795 0.43467519258082576 0.008190863700583506 0.007410781443385162
0.0 0.6384973275169206 0.45320214618928867 0.008580904829182678 0.006240658057587467
0.0 0.5973479884497028 0.4925963001778097 0.008190863700583684 0.005460575800389123
0.0 0.595787823935306 0.5017622666998914 0.009751028214980372 0.006630699186186817
0.0 0.6870574480275231 0.3683682007189587 0.008970945957781851 0.007410781443385162
0.0 0.7051943605073868 0.4169283212295614 0.008580904829182678 0.0085809048291825
0.0 0.7303520133020364 0.453007125624989 0.012871357243774462 0.005850616928988472
0.0 0.8547751333251871 0.4340901308879269 0.008190863700583506 0.007020740314786167
0.0 0.896704554649603 0.47016893528335457 0.0085809048291825 0.008970945957782205
0.0 0.9212771457513537 0.459052763118277 0.005460575800389123 0.007020740314786167
0.0 0.8752522925766459 0.518924076358257 0.006240658057587467 0.008190863700583506
0.0 0.8206465345727556 0.5409614001241128 0.006240658057587467 0.007800822571984512
0.0 0.5567837110753844 0.2634471371257687 0.008970945957782028 0.009751028214980195
0.0 0.5602940812327772 0.28860478992041844 0.008970945957782028 0.0085809048291825
0.0 0.6587794662040799 0.2622770137399712 0.007800822571984334 0.010531110472178895
0.0 0.7303520133020364 0.35257153501069016 0.006630699186186817 0.005460575800389123
0.0 0.7590200362540791 0.3098620314290759 0.003900411285992256 0.006630699186187172
0.0 0.7841776890487286 0.3453557741316047 0.008190863700583684 0.006630699186187172
0.0 0.8028996632214909 0.3311192729377332 0.008970945957782205 0.007020740314786167
0.0 0.9312231945306338 0.32977579711261973 0.008970945957781851 0.009014282207749958
0.0 0.5872069191061233 0.09397426674940838 0.007410781443384984 0.007020740314786167
0.0 0.5550285259966877 0.14760492193180105 0.007020740314785989 0.0027302879001947387
0.0 0.6234807440658505 0.1156215493866652 0.007410781443384984 0.008190863700583506
0.0 0.6254309497088466 0.10470039778588695 0.008970945957782028 0.008190863700583506
0.0 0.6644350625687684 0.10684562399318268 0.005850616928988472 0.007020740314785811
0.0 0.6893976947991185 0.10099500706419437 0.005850616928988472 0.007020740314785811
0.0 0.6812068310985349 0.07096184016205491 0.009751028214980372 0.0093609870863812
0.0 0.8171361644153625 0.03546809745952597 0.008580904829182856 0.0093609870863812
0.0 0.8789576832983388 0.07603237483384433 0.005850616928988117 0.0093609870863812
0.0 0.86823155226186 0.1099659530219764 0.004680493543190422 0.010141069343579546
0.0 0.9199120018012567 0.08246805345573165 0.005070534671789773 0.007410781443385162
0.0 0.8138208148222693 0.20201565937139207 0.007410781443385162 0.008580904829182856
0.0 0.7939287172637088 0.2158621194366642 0.008970945957781851 0.006630699186186817
0.0 0.7814474011485341 0.20591607065738415 0.00507053467178995 0.006240658057587467
0.0 0.6931030855208109 0.20845133799327922 0.005460575800388945 0.005850616928988472
0.0 0.7014889697856945 0.1731526158550496 0.008190863700583684 0.007020740314785811
0.0 0.7650656737473669 0.17997833560553608 0.006630699186186639 0.006630699186186817
0.0 0.7668208588260634 0.15618582676098391 0.010141069343579723 0.010531110472178895
0.0 0.7861278946917245 0.15443064168228737 0.006630699186186995 0.008580904829182856
0.0 0.7689660850333591 0.1723725335978516 0.007410781443385339 0.007800822571984156
0.0 0.5821363844343332 0.008360239021880211 0.008970945957782028 0.008970945957782205
0.0 0.4453115190680889 0.7472584555240613 0.006125330386081096 0.00735039646329696
0.0 0.45373384834895025 0.6823299534316025 0.008881729059817368 0.006125330386080918
0.0 0.4612373780718996 0.6265894469182657 0.006125330386081096 0.007350396463297315
0.0 0.46996597387206496 0.5959627949878609 0.007656662982601148 0.004900264308864877
0.0 0.4825229011635311 0.5930532630544721 0.005206530828168887 0.007044129943993482
0.0 0.45342758182964626 0.5478789514571248 0.007044129943993127 0.0055127973474728975
0.0 0.4443927195101767 0.5267465616251451 0.006125330386081096 0.008575462540513001
0.0 0.43015132636253844 0.40148355522978874 0.010106795137033586 0.00735039646329696
0.0 0.4664439089000683 0.40822141865447803 0.0067378634246891165 0.0055127973474728975
0.0 0.4963048945322134 0.35309344517974883 0.007044129943993127 0.007962929501905336
0.0 0.5163653515466285 0.3008750036384086 0.008575462540513357 0.007044129943993482
0.0 0.5407135398313005 0.3670285718080832 0.006431596905384929 0.007656662982601148
0.0 0.46292184392807173 0.3270607910389044 0.007656662982601326 0.0055127973474728975
0.0 0.4289262602853222 0.24773776253915542 0.005206530828168887 0.008575462540513357
0.0 0.42800746072741014 0.17009919989557876 0.005819063866776908 0.007044129943993127
0.0 0.500286359283166 0.08924483879930953 0.006431596905385107 0.007044129943993482
0.0 0.500745759062122 0.045754993058134553 0.007350396463297315 0.006431596905385107
0.0 0.4370423230468797 0.026460202341979412 0.007962929501905159 0.011944394252858004
0.0 0.4969174275708214 0.0019748065865658583 0.008269196021209346 0.003949613173131717
0.0 0.9815728939892079 0.8445287201070251 0.006637855580654062 0.005808123633072171
0.0 0.9974243025752582 0.7545028037944054 0.005151394849483815 0.008297319475817489
0.0 0.9970094366014672 0.7878995146845705 0.005981126797065528 0.005393257659281403
0.0 0.9931891412553524 0.6574241659273407 0.006637855580654062 0.006637855580653706
0.0 0.9942263061898297 0.1633187911424095 0.008712185449608612 0.008297319475817489
0.0 0.9631113581555143 0.07246314288220805 0.009541917397190148 0.007467587528235597
0.0 0.9902850794388163 0.057320534838841294 0.010786515318562806 0.007052721554445185
