0.0 0.052367243605541534 0.6033146546140632 0.011805570395639653 0.009759271527062196
0.0 0.03352589228204029 0.5527256097861493 0.009705187912923486 0.010481602945957746
0.0 0.1653236924775388 0.5627690937579946 0.011318003396995336 0.01010536017588919
0.0 0.24270385858238086 0.5455132617014282 0.010527768025603911 0.010049233115348954
0.0 0.26728858959671736 0.560886195693362 0.008254727201894064 0.00897252956727641
0.0 0.17313182352788753 0.5090702905171984 0.009223708942421993 0.011112902340266828
0.0 0.12684658528067358 0.5421311749794941 0.012001934527488833 0.015891450346582302
0.0 0.12546466742161955 0.4991161230531187 0.010223870153046022 0.010223870153046733
0.0 0.09557096012630006 0.5299544270473611 0.010001612106240686 0.009668225036032397
0.0 0.005906849913656088 0.5381715139656749 0.008189041925750486 0.009061644753904119
0.0 0.021714385762133453 0.5339091847666158 0.010672603821264972 0.012887672538885652
0.0 0.08191140875836073 0.5185020600215531 0.011252832603451024 0.009267038614606805
0.0 0.00741187004868474 0.4574068583094686 0.012410573104774452 0.01120398960847666
0.0 0.019908627688909008 0.48059049834547096 0.012927680317473381 0.012065834962975686
0.0 0.03206064718733399 0.4835207725507654 0.009652667970380124 0.010342144253978346
0.0 0.08109964785828302 0.46783518709889726 0.010514513324878383 0.01344478753017242
0.0 0.0683303559539031 0.4164192757450664 0.013824723720193565 0.016841027077326487
0.0 0.14562312948043984 0.45751640898600526 0.009551627297588272 0.011562496202343907
0.0 0.1529125292601783 0.4102609897242527 0.010557061749966002 0.013070647880910257
0.0 0.07147233861758347 0.388518469691585 0.009551627297588294 0.007792117005927679
0.0 0.0957284447811958 0.3862562421737348 0.008294834232116122 0.012819289267815748
0.0 0.10734573563625763 0.5363192570118279 0.01389770684794418 0.010218902094077009
0.0 0.2190051354557349 0.5234860225933116 0.011925791228960403 0.012096159675088813
0.0 0.3143699503406989 0.5388619341020376 0.006577219203725537 0.0072388361803838565
0.0 0.30718478072925237 0.4840539277135626 0.009020948671953999 0.011942017765729673
0.0 0.22730908973107153 0.42166859127724515 0.008607846520458918 0.008332395431803974
0.0 0.22192300464365117 0.38510429197400525 0.009539871784321896 0.009238612675343205
0.0 0.25877703564203175 0.391731992371534 0.010744908220236304 0.008836933863371855
0.0 0.28033697700816673 0.4125090702782412 0.008541176753491619 0.009283887775534082
0.0 0.30973595496402556 0.4038441083544093 0.01015038396791752 0.00755089539076863
0.0 0.2922822459460209 0.3948696835047258 0.009160102605193909 0.010645524649279281
0.0 0.11709716054494032 0.41748390130473184 0.010094234825672732 0.010328984472781855
0.0 0.10782454948414774 0.4180120880107264 0.0065729901190429985 0.00997686000211857
0.0 0.08238798988441368 0.3477924577159328 0.007798541788956515 0.009824137058815552
0.0 0.086594197786465 0.31119977699355345 0.008102381079435329 0.009013898950871634
0.0 0.15539182283137934 0.3348776788285285 0.010565661809511306 0.010452052542742507
0.0 0.025807991398775675 0.21497457021330463 0.013021810876596129 0.00970716810800809
0.0 0.0627425822487574 0.2081677145278114 0.008523367119226544 0.0105358288001554
0.0 0.03154829635102606 0.14480427736500232 0.010299068602398754 0.008996887514739172
0.0 0.11656710779303399 0.12254549910162282 0.007866050638440703 0.007687276760294281
0.0 0.07203934994173186 0.10214560466971712 0.008485735389138127 0.01085809151943522
0.0 0.15399352332192878 0.040689228484894716 0.007823809966341067 0.009593481268251481
0.0 0.14738054108847384 0.03444880863078872 0.005588435690243587 0.009966043647600741
0.0 0.19074414088491187 0.06396164193936435 0.007983479557490902 0.010644639409987633
0.0 0.19920282755892 0.04647402005152692 0.010074390870167038 0.011404970796415625
0.0 0.11126978460857573 0.0210840214582916 0.005277675759227352 0.01072839006793771
0.0 0.16864361957719726 0.2027283599827893 0.011189624047776103 0.009324686706479924
0.0 0.4164147369879081 0.5971784847294334 0.0103831574682685 0.008848255929481042
0.0 0.4064328986383514 0.5757229312312948 0.01020258081664629 0.009119120906914446
0.0 0.40778722352551683 0.5342805896840318 0.008938544255292058 0.009299697558535769
0.0 0.32006123283852134 0.5330716198237461 0.00846718504302224 0.010348781719249444
0.0 0.36485529351971535 0.3851393401454377 0.009173239050031867 0.006656686744270957
0.0 0.31630128310536776 0.30548240786720127 0.007495071349089688 0.009596493222665713
0.0 0.2651054433911694 0.23674764144579258 0.0054220340282634 0.008341590812712952
0.0 0.25493912958817555 0.24284742972758835 0.011991036793274823 0.009071480008825716
0.0 0.44486188536362786 0.38970033215607136 0.00818743779932678 0.010292778947724911
0.0 0.4028804214254412 0.3383174172920345 0.009707961962058854 0.010994559330524113
0.0 0.5291516145617725 0.45376328162400376 0.008541261935324762 0.0073473220949033195
0.0 0.4724215648010993 0.36372177521171134 0.008434425874250806 0.011995627910045669
0.0 0.5516114521760108 0.38199636460592146 0.010121311049101144 0.00993387936300678
0.0 0.4880721105899871 0.3085231436568915 0.009746447676912063 0.0095590159908177
0.0 0.3467035511086133 0.25923720598315825 0.00818602901085983 0.009579395651006451
0.0 0.4199616045441693 0.3282402470535558 0.009575273825806007 0.009080001041712648
0.0 0.43163023133740974 0.2600794861268302 0.009740364753837128 0.007924364545494455
0.0 0.3840014986004267 0.23729693805853316 0.008254546401556961 0.006603637121245498
0.0 0.4432691417636052 0.22128311803951278 0.00957527382580583 0.007594182689432216
0.0 0.39134804489781216 0.2059296617326165 0.011391274034148502 0.008584728257618935
0.0 0.43039204937717634 0.17315911251843552 0.011226183106117383 0.007098909905339212
0.0 0.3141887267835786 0.07023585167539856 0.01084832724055973 0.010629169114488236
0.0 0.33432572132270594 0.04845263478142492 0.006136427530013577 0.00997169473627224
0.0 0.3473498736480846 0.007308575077988167 0.0049328583299084626 0.008143131211276966
0.0 0.46886407474675096 0.5971289145211586 0.006721189591078059 0.006423791821561764
0.0 0.5021831987193329 0.5850035161031819 0.010148176105694694 0.008066498955808753
0.0 0.49170949011267673 0.5557067935289133 0.011449224324373652 0.008413445147456145
0.0 0.48251541603401316 0.5705387432218523 0.009020600982839789 0.008933864434927585
0.0 0.4720202937366708 0.5222698543088683 0.00745934312042511 0.009541020270310696
0.0 0.5762257321783858 0.5603472987947772 0.006946906018668564 0.006810692175164945
0.0 0.625705140123099 0.5566928545305746 0.01024037091873442 0.009830756081984759
0.0 0.5600504897886756 0.5113810990685724 0.004705645630554223 0.006423579749645114
0.0 0.5840021001951721 0.4267240900800992 0.009299288661133076 0.00847063917647759
0.0 0.5769241856500906 0.40072814461801265 0.008654783506401031 0.008286494846554148
0.0 0.5334034117661786 0.37764729248550777 0.010089735982313285 0.009533608802185966
0.0 0.5853260969101884 0.3528045731721864 0.012859778574313373 0.010542701353716665
0.0 0.5959722785430096 0.3088469074844511 0.012345969384718991 0.00766749677577252
0.0 0.4303139029166082 0.11778412947628247 0.01195307538330912 0.009734978920426584
0.0 0.46043985741994264 0.07620317424187632 0.00874915827025724 0.006531061807375238
0.0 0.4779692147120539 0.18351185151524305 0.007096818435458019 0.006512374564302803
0.0 0.526190563825941 0.19079882863453007 0.007091101090238005 0.0074924841708174485
0.0 0.6909787884568093 0.29904743743994794 0.011476464306548983 0.008675660517450723
0.0 0.5591848709676135 0.14408572378439466 0.00994339673925193 0.011440252162365282
0.0 0.5009292487980435 0.23148700891260923 0.007722285763534842 0.0055562787810799815
0.0 0.4950601750418396 0.002870545030453542 0.004018417897507298 0.005114350051373151
0.0 0.7579600333131461 0.5813624813212701 0.010188993556070081 0.009509727318998528
0.0 0.6992546143888153 0.5563060981941739 0.011632238999201761 0.009356366151531858
0.0 0.7215359842983045 0.5071210905945118 0.005226078390945688 0.007923409173369578
0.0 0.7449724365944448 0.4738773308951039 0.01040082990302782 0.009266193913607168
0.0 0.6779184683685372 0.4487974711589892 0.007692525248675253 0.008741505964403729
0.0 0.6804971009756107 0.40110554537128706 0.009440826441555927 0.011189127634436602
0.0 0.6691914199283153 0.3622932588893349 0.007575971835816553 0.00652699112008861
0.0 0.7592953717688331 0.40303499076102156 0.009236201313438386 0.009236201313438386
0.0 0.6891128478674007 0.06120330526128974 0.006507369164528143 0.009761053746792925
0.0 0.7467598418415202 0.11342416239115316 0.006526361480256071 0.008221520306297237
0.0 0.8571579010304031 0.08707250049258128 0.013419316082344679 0.010770766855566194
0.0 0.8351749424481414 0.09157503417810489 0.011830186546277233 0.010947336804017738
0.0 0.729690280645546 0.00026790610493279134 0.006445904301543237 0.0005358122098655827
0.0 0.886041274382001 0.6021470746811712 0.005895031674183926 0.007263521169976172
0.0 0.912312570604142 0.5404208668078742 0.008229678457444222 0.009013457358153686
0.0 0.8309299480916028 0.46541945992580624 0.0075386989976856 0.010141345080219822
0.0 0.8528680566149645 0.4153487984533932 0.007279351603455097 0.00952510901303114
0.0 0.9875556015184477 0.42224008699319204 0.008408039170532788 0.009368957932879595
0.0 0.971610042503206 0.37036478876280726 0.013097875572536211 0.010136616747440996
0.0 0.8428110458139418 0.30841384085169565 0.008488531208961803 0.009260215864321708
0.0 0.845263909658812 0.18537170293654198 0.008180653572228991 0.006658671512278858
0.0 0.9311069564257515 0.27845390348660465 0.011725712368379604 0.007035427421027407
0.0 0.9862515011166393 0.24076546875940927 0.010328076202367953 0.008557548853390528
0.0 0.9992887124116117 0.30641532301135754 0.001422575176776597 0.010918251985360427
0.0 0.9822637187892338 0.15081566394596493 0.010877971421405164 0.007694174907823026
0.0 0.939618826772362 0.09324248842203212 0.009245443182103585 0.009597650541422097
0.0 0.9595386958631493 0.02816393417181402 0.008909222381608827 0.009239193580927462
