0.0 0.005497751740631958 0.9212831579921577 0.010995503481263916 0.007911693083040206
0.0 0.14164389041223174 0.9488637363455046 0.04817267670011651 0.007791818945418427
0.0 0.28807360067456333 0.9967918760683064 0.03958760291960752 0.00641624786338717
0.0 0.09013558607651692 0.9870081550717975 0.0454524329817746 0.006353947725551734
0.0 0.20531906075977757 0.7942796852485889 0.03898585384339915 0.007312385737163219
0.0 0.3612290270903049 0.7770694949672536 0.02487250566061215 0.004901956323945455
0.0 0.36203477244453275 0.7391802928604921 0.03202245091504369 0.007553167860446841
0.0 0.27128402227556536 0.6787358073639139 0.04968834888245334 0.006751892913451485
0.0 0.05056741907491619 0.7187283365328179 0.03075721618002125 0.006722350900791874
0.0 0.001497904831664577 0.5819173934013641 0.002995809663329154 0.010261341976929472
0.0 0.17751398797956827 0.5785596823777578 0.03714946493897345 0.006739145124085866
0.0 0.1215919223866087 0.5557298747695316 0.049945391751287586 0.007238341059203357
0.0 0.02107792380660288 0.5033173852874088 0.038175044281478075 0.00644885569469249
0.0 0.34293778398029623 0.4990192251572364 0.035719147686531096 0.004145247678962427
0.0 0.33076080181443335 0.5036008146971425 0.04275473738236415 0.006326956983679644
0.0 0.08804394725775955 0.4688214623870087 0.035024032027487655 0.005741752250506238
