0 0.029067680752425485 0.6885358295668947 0.00655296188483034 0.003049772352207043
0 0.01860934176973615 0.6727267530581716 0.005387094765196037 0.0032755009206117337
0 0.09176683710808746 0.6758653417993733 0.0062823262567883904 0.003157925054965318
0 0.13471853381849414 0.6704728942816963 0.005843687368938859 0.0031403853485466016
0 0.1483648719357321 0.6752769361541756 0.0045819821415543594 0.0028039154897737716
0 0.09610092546214051 0.6590844657866245 0.005119838441587223 0.0034727819813333838
0 0.07040920605345281 0.6694159921810919 0.006661958454113499 0.004966078233306917
0 0.06964213976568648 0.6559737884540996 0.005675001646096672 0.003194959422826997
0 0.053048928430903766 0.6656107584523003 0.005551632045094576 0.0030213203237602214
0 0.003278737159358106 0.6681785981142734 0.004545521970928283 0.002831763985595046
0 0.012053084898322125 0.6668466202395674 0.0059240819129311225 0.004027397668401846
0 0.04546687042961914 0.6620318937567353 0.0062461516619329235 0.0028959495670645196
0 0.004114134285479821 0.6429396432217089 0.006888782989640632 0.003501246752648939
0 0.011050756045881844 0.6501845307329597 0.00717581561420899 0.0037705734259299104
0 0.017796022723238297 0.6511002414221142 0.005357942325276046 0.0032319200793682512
0 0.04501628328647106 0.6461984959684054 0.005836330032889992 0.004201496103178783
0 0.037928384918038155 0.6301310236703332 0.007673740833411862 0.0052628209616645445
0 0.08083157230484085 0.6429738778081266 0.005301857303084558 0.00361328006323248
0 0.08487772656245803 0.628206559288829 0.005859947545514519 0.0040845774627845085
0 0.03967241692563176 0.6214120217786203 0.005301857303084567 0.002435036564352302
0 0.05313634402425439 0.6207050756792921 0.004604244500047106 0.004006027896192492
0 0.05958479688395913 0.6675997678161962 0.007714251849682805 0.003193406904399012
0 0.12156399539607143 0.6635893820604098 0.006619693310090771 0.0037800498984651653
0 0.1744984980208563 0.6683943544068868 0.0036508415354591147 0.002262136306370028
0 0.17051019919056506 0.6512668524104883 0.005007291543842634 0.0037318805517904253
0 0.12617330219244213 0.6317714347741391 0.004777989395571289 0.002603873572438786
0 0.12318362790280724 0.6203450912418766 0.005295332126596736 0.002887066461044725
0 0.1436403320129231 0.6224162476161044 0.005964216184693196 0.002761541832303678
0 0.15560768888571266 0.6289090844619504 0.004740982759960648 0.0029012149298544188
0 0.1719262889652874 0.6262012838607529 0.005634211395895257 0.002359654809615108
0 0.16223819376015036 0.6233967760952268 0.0050845322353201185 0.003326726452899749
0 0.06499755659042655 0.6304637191577287 0.005603044482593714 0.0032278076477442823
0 0.05985057386804385 0.630628777503352 0.00364849408168908 0.003117768750662151
0 0.045731408088486344 0.608685143036229 0.004328765607053047 0.003070042830879771
0 0.04806616355883573 0.5972499303104855 0.004497418812522644 0.002816843422147386
0 0.08625391726980293 0.6046492746339152 0.0058647212125648275 0.0032662664196070777
0 0.014325337810248424 0.5671795531916577 0.0072280650138955085 0.0030334900337525283
0 0.034826758576933854 0.5650524107899411 0.004731097100004327 0.003292446500048456
0 0.017511630238210472 0.5452513366765632 0.0057167423291719 0.002811527348356009
0 0.005325721624429467 0.44692132828023495 0.004327928694440832 0.002587678447880961
0 0.011023517161920173 0.40694356285236666 0.0035603906361481295 0.0026983091218779265
0 0.004690129972618211 0.37458312702641594 0.003628859686843287 0.0025055727560295083
0 0.026257880941592468 0.3697454442436202 0.004861302599356112 0.0026212145755386018
0 0.02108846761410816 0.3514933103977745 0.004245081143099698 0.0015033436536177902
0 0.03755527430629327 0.33954365571517203 0.005819869309088292 0.002351383663350788
0 0.007531595576467199 0.33141018107636844 0.004929771650051258 0.002043005477993205
0 0.005648696682350399 0.33040795197395667 0.003354983484062661 0.0015804381999570437
0 0.032557033605546855 0.31163542994032 0.005545993106307665 0.0020430054779933472
0 0.029065112020093875 0.2800266659411781 0.0032180453826723544 0.002582667302368904
0 0.031187652591643723 0.2818383877801533 0.004313550193794851 0.0015033436536176837
0 0.01646680669218511 0.247839692844491 0.004313550193794853 0.003430707312101937
0 0.04176612092404538 0.22577137895484622 0.004245081143099694 0.0033150654925929502
0 0.0287227667666181 0.20969716604308744 0.004313550193794851 0.002775403668217358
0 0.02906511202009388 0.19306401767036832 0.005819869309088297 0.0024284782096901836
0 0.02324524271100559 0.18300317937308047 0.005135178802136724 0.004201652775495645
0 0.004861302599356102 0.169222529214918 0.004245081143099694 0.0024670254828598106
0 0.019684852074857453 0.16584964281257059 0.0055459931063076675 0.002736856395047624
0 0.04008862918201405 0.174368590183071 0.004587426396575473 0.0035078018584413684
0 0.007257719373686575 0.12890208147942728 0.00506670975144157 0.0026212145755386018
0 0.04104719589174624 0.09249418197065962 0.003902735889623905 0.002582667302368904
0 0.06638589066577985 0.09567132374313836 0.004953648403131235 0.003428489578468046
0 0.08013749163041978 0.12834568597961604 0.005709627577652307 0.0023534391085236095
0 0.10120492363066902 0.14668059426699698 0.006061592018770891 0.0039277155020656625
0 0.12866104815813045 0.1843852508998999 0.006690463781053033 0.004777834639051122
0 0.08420049352517214 0.17934735955316675 0.0054819315187144115 0.004394570431285985
0 0.09674339118483932 0.18095758383333263 0.0053031728822345945 0.0025830681160994118
0 0.1108355303606649 0.17381221359009666 0.004290207275515616 0.003186902221161567
0 0.16422022437267358 0.17007091771595056 0.004421727310283288 0.003936694994951999
0 0.17776473753220326 0.1638653765770154 0.005143420732617727 0.004136693711431541
0 0.0647033382372435 0.5382954684692571 0.004366237995318354 0.0024022739875919543
0 0.03998715001102202 0.5319205014592866 0.004710208715566702 0.0033931535998235063
0 0.08547775795839932 0.5127153839015296 0.004342791308289922 0.0029979628963285876
0 0.0818070653049638 0.5107652526971215 0.0031019937916356532 0.0031143886398753294
0 0.10587705998815576 0.5199880131060514 0.004431419702336665 0.0033264498156211175
0 0.11057225467277433 0.5145231312661022 0.005592029624377198 0.003564053373879972
0 0.06176293334734472 0.5065887567057161 0.002929499120473107 0.0033526218962305165
0 0.08554446236583203 0.486995674891333 0.004832224004380841 0.0029964767681151016
0 0.05034627949794535 0.48147749090304237 0.003903220455401071 0.0018593954715990435
0 0.09012708590364377 0.4700844508898242 0.006042903983789056 0.0026244648984283005
0 0.033513266724271046 0.4559625296624414 0.0050996695350742985 0.0035484939383639614
0 0.0521566837652546 0.4338774406918634 0.007169151463602894 0.002031991882879751
0 0.05435641311876658 0.42618560935675376 0.0033461526760354943 0.0021793498017450477
0 0.059638085479959864 0.4263518309518021 0.0034117635128205048 0.0027334217852396136
0 0.0639377604469919 0.41008714405039803 0.005839364473865852 0.002437916727375864
0 0.0693834599001477 0.4032720586534157 0.004527147738165676 0.002622607388540672
0 0.05681208720819116 0.3906264532150795 0.004254419583835958 0.0029044016445661214
0 0.052231665789019346 0.3812171493321702 0.004648891719441526 0.0032715894485571793
0 0.05429003260891662 0.35053625645756853 0.00328117499488771 0.0020437804188153308
0 0.06041389120211191 0.33579971224819566 0.004463725395927307 0.002953906683120664
0 0.06578121636103396 0.32352993608075536 0.004228792480352181 0.002490981008900377
0 0.06311864331784925 0.31707102072139437 0.003837237621060314 0.0021382757333037717
0 0.04686368772761079 0.31839873227386234 0.004396608284687819 0.0031181581471168497
0 0.04352340740742589 0.3101211475018764 0.006737659449261733 0.002957428345719215
0 0.06504301178860977 0.23642382444799473 0.005921463772913658 0.0038671090659162743
0 0.06389819545917978 0.23289008685327808 0.005210888120164023 0.0026669717695974172
0 0.15901052131554283 0.1300440316224992 0.006444542304272854 0.004017304414845493
0 0.08564663603195559 0.22510519187762498 0.004702764730527438 0.002694880029776385
0 0.0921129375364308 0.22482152029554325 0.0045348088472943185 0.003545894776021541
0 0.07202201226689758 0.34704510156254753 0.005289758092779263 0.002529321269132471
0 0.0872753558084052 0.34853413747098894 0.006086844928677521 0.0024885257647919447
0 0.08300572459285835 0.37852108702658077 0.005289758092779291 0.003141253834245532
0 0.08898387586209519 0.38625183509917194 0.004492671256881024 0.0028556853038595163
0 0.10595043851192934 0.3683834041978795 0.005486441857481435 0.0033801989310990165
0 0.08519512544730615 0.4116557784451388 0.006211066253752584 0.0028556853038595163
0 0.11055697931679584 0.42478443786729825 0.003992828305983806 0.0032469891210065074
0 0.09360964139584237 0.5633526124946217 0.006211066253752566 0.0029139645957749847
0 0.23114087742607214 0.6866182764779479 0.00576341784882203 0.002765079977962728
0 0.22560022127367296 0.6799134160097796 0.005663184494929467 0.0028497252834107202
0 0.22635197142786712 0.6669626842762599 0.0049615510176816 0.0029061554870425253
0 0.17765757937263976 0.6665848811949207 0.0046999119059273654 0.00323399428726546
0 0.20252158530148986 0.6203560437954493 0.005091823930633481 0.002080214607584736
0 0.17557053008450596 0.5954632524585004 0.004160317140865039 0.0029989041320830977
0 0.14715306484852422 0.5739836379518102 0.003009628601984904 0.0026067471289726997
0 0.14151001121980256 0.5758898217898714 0.006655909408235807 0.002834837502757992
0 0.24693114191909962 0.6217813537987723 0.004544631562505721 0.0032164934211640172
0 0.2236283345292996 0.6057241929037608 0.0053886345669710775 0.0034357997907888916
0 0.2937181555243143 0.6418010255075012 0.004741030042157668 0.002296038154657225
0 0.26222879572654256 0.6136630547536598 0.00468172815222946 0.003748633721889334
0 0.30618502115580826 0.6193738639393505 0.0056180737826753814 0.003104337300939619
0 0.2709160024090128 0.5964134823927786 0.005409996975909586 0.002987192497130522
0 0.1924460301036535 0.581011626869737 0.00454384958104967 0.0029935611409395335
0 0.23310965039745735 0.6025750772042362 0.0053149828694846945 0.0028375003255351316
0 0.23958659848737404 0.5812748394146344 0.005406620505165414 0.0024763639204670794
0 0.2131491405934719 0.5741552931432916 0.0045818817840385506 0.0020636366003892446
0 0.24604705180286848 0.5691509743873477 0.005314982869484623 0.0023731820904475142
0 0.21722701538126607 0.5643530192914427 0.006322996861973173 0.0026827275805059968
0 0.23889931621976832 0.5541122226620111 0.006231359226292383 0.0022184093454184505
0 0.17439790558672186 0.521948703648562 0.0060216213650982195 0.003321615348277476
0 0.18557542206984545 0.5151414483691953 0.003406169661065661 0.0031161546050849863
0 0.1928047867604286 0.5022839297118713 0.0027381000270090537 0.002544728503524141
0 0.19447029477542876 0.49422787190802 0.0035204143204402173 0.002862819566464907
0 0.1761297695000391 0.4911019032650955 0.004651221285500851 0.0029976210265336475
0 0.26025412648562063 0.686602785787862 0.003730755714041578 0.0020074349442380426
0 0.27874869660049706 0.6828135987822443 0.005632985869596326 0.0025207809236901823
0 0.27293501619437394 0.6736583729777854 0.006355163545185683 0.0026292016085800187
0 0.2678316272868764 0.6782933572568288 0.005007098550752325 0.0027918326359149146
0 0.2620060607037895 0.6632093294715213 0.004140485340045181 0.0029815688344721992
0 0.31984776113978053 0.6751085308733679 0.0038560449713337876 0.002128341304739081
0 0.14938097777218587 0.47870052239575245 0.004375513277952852 0.0027938137938357953
0 0.15090184817134966 0.4728604948588409 0.0037351942616670715 0.0027337317767639744
0 0.18193879838158808 0.4674910257453331 0.00599156547509196 0.002453222653686424
0 0.18756712438583353 0.44727505882390406 0.004746564856891027 0.0033293736014315557
0 0.19328634597569405 0.4357317700873615 0.005758127859179289 0.0029351056749462854
0 0.20136207416625346 0.4351886916523118 0.004323975035488452 0.00296355320239698
0 0.18315355773379097 0.4185023362831922 0.005620094700487428 0.0024695004533772645
0 0.17717005854585316 0.4119435443789978 0.004386415375990147 0.002855359899217547
0 0.16264005761288572 0.4092232352858243 0.006031321141986509 0.0018907112846170547
0 0.1320673881871991 0.40918076671469295 0.004520621911603015 0.0029086367545079384
0 0.15014922777824236 0.4030279802965086 0.004951157331755685 0.0022420741649332144
0 0.123576840515377 0.39860441867733326 0.0037864230803870136 0.0024937006220937972
0 0.13435413426693876 0.3931867956239076 0.004848414285740237 0.002323544163869684
0 0.14439155392460756 0.3915061738743125 0.004407649350672944 0.003022863281150805
0 0.19312822702935875 0.36798671600367433 0.0056237647967903115 0.0035019136125491457
0 0.16867337101907368 0.36458074522982514 0.006987101717224355 0.0035019136125490746
0 0.13765745607919994 0.3558979183274768 0.004260427876356197 0.0028303137416492785
0 0.15146124239859424 0.35642560394032713 0.004260427876356268 0.0027343709029493367
0 0.16495846697905187 0.32126796959094023 0.0038782052011788436 0.003138614615785471
0 0.16950988566819183 0.30833477062467407 0.00581730780176823 0.0027747172690278177
0 0.12615071825713972 0.3030204717881503 0.002791459569095715 0.00300024904769703
0 0.11124195208335257 0.24604886480290433 0.005284653305622449 0.004462796822301733
0 0.16986337649475125 0.2799829188031653 0.004163184040352413 0.0035417782280794084
0 0.15270180672840966 0.28055585351653106 0.004255699241249129 0.0027084186450018065
0 0.1476597282795384 0.2756598659659508 0.0049033056475261995 0.0015625492182703127
0 0.1464107730674327 0.27058158100657237 0.0040706688394556954 0.003073013462598233
0 0.12609792711526316 0.2514486136944298 0.002634357808814727 0.0017527694067970146
0 0.12370305637997707 0.2508868286281487 0.0026343578088146914 0.0014381697696796536
0 0.12525859164872258 0.23282450840487967 0.003725162576913661 0.003342448959507074
0 0.1267137332803295 0.22024117114555897 0.005005687212727778 0.003211372529722425
0 0.21142179275611325 0.1413177289269458 0.0035067781038786803 0.002944681322265197
0 0.18211562944490878 0.11842447147951722 0.004368388364888212 0.002083617206947679
0 0.1859295297805533 0.1044541216204275 0.004186372183017859 0.0018445135930356571
0 0.19682016466246202 0.10498356533694703 0.004611076607381967 0.0016737252973842232
0 0.2015829214214026 0.09997946827435948 0.003336963334289571 0.0016395676382539293
0 0.20901524884777484 0.10114082868478935 0.004853764849875759 0.001912828911296245
0 0.34731248020709743 0.6739665170408046 0.0056841607875021795 0.003072111275620273
0 0.31086930916283817 0.6598065934589289 0.002611980228581743 0.002007368671764027
0 0.32416421866861245 0.633351278150031 0.005161790757263774 0.0026470747426492382
0 0.32023545430707545 0.625227545193129 0.0048040428829979834 0.0025895296395481893
0 0.29607821641834714 0.6180147789017212 0.00560054729287117 0.002979252750683159
0 0.3248991344514489 0.6102514291163083 0.00713812514098926 0.003294594173036387
0 0.3308085501019308 0.596514658588891 0.00685292316237657 0.002396092742429019
0 0.23885593917313896 0.5368075404613383 0.00663483802716204 0.003042180912633299
0 0.2555780648298034 0.5238134919505864 0.004856427834314516 0.002040956814804744
0 0.2653081504039154 0.5573474535985135 0.003939257414304506 0.0020351170513445995
0 0.29207455407511035 0.5596246339482907 0.003936083866220557 0.002341401303380479
0 0.3835441670532159 0.5934523241999837 0.006370283743444389 0.0027111439117034307
0 0.3103888269030986 0.5450267886826233 0.005519318224736587 0.0035750788007392485
0 0.2780526619520796 0.5723396902851904 0.004286437891294312 0.0017363371190874943
0 0.27479489334499335 0.5008970453220167 0.0022305181738115467 0.001598234391054092
0 0.27319792141602994 0.49356902783730905 0.00442048147173562 0.0030366453430028884
0 0.3149286522436814 0.4874439313009971 0.004724159708092976 0.003467391063526932
0 0.2526941811346352 0.4482990476075986 0.0038700745867594932 0.00297770240787564
0 0.2615631020626257 0.45040522735951055 0.0053536031783506036 0.0018156721999242364
0 0.2509743369513507 0.4399373740416276 0.0065791267974910994 0.0030503292958725583
0 0.24187821999438833 0.35324026054993424 0.004324081115736682 0.0031816012216248878
0 0.2522523359794128 0.3779597633053018 0.0035106401137664635 0.002072861401967714
0 0.1916277256012061 0.3375053220091829 0.0062964579099401875 0.0031716918043981223
0 0.21329251169922395 0.3479998904796176 0.0037281658677277463 0.003171691804398051
0 0.22605112377989223 0.3284333505980736 0.006213609779546197 0.002751909065580591
0 0.2555318924391439 0.3249289723317182 0.003891630165560187 0.0032864132672541044
0 0.2539923187946302 0.3163172769732024 0.005033739018496277 0.002119498411489893
0 0.15726374881619115 0.2361874602374668 0.005604032456125623 0.0026587117420308814
0 0.1685662637136579 0.2367014778409261 0.004281732663107221 0.0025523632723496803
0 0.1775030055485176 0.22708943225933498 0.005541065799315206 0.001985171434049775
0 0.2529700919781102 0.27307430955717565 0.003754310187320904 0.0023778367195941286
0 0.27469500558899623 0.2537003396969495 0.0058458977870422405 0.0037813464928609973
0 0.21754202616035967 0.25083804810427923 0.004477708943266414 0.002783177955042438
0 0.21881283904471602 0.23538195055360198 0.005356548751617076 0.002378214593375283
0 0.21813911317125473 0.21740415917234115 0.005797668666605098 0.0028106834737205233
0 0.27281323262612767 0.22178870200448478 0.004896785070304119 0.00312937755772996
0 0.22986484522961725 0.20146507155834759 0.004396608284687709 0.00263596874292368
0 0.2483798186804116 0.19130060962364184 0.0058240785069889256 0.002507384901805416
0 0.2635606357847354 0.10034297459193325 0.0036365682850721015 0.0025265112563986314
0 0.26703630412457224 0.11240797064028797 0.004139497941518186 0.0020909058673643875
0 0.28764624476351336 0.12308474429633709 0.005989135434064643 0.002917915151709369
0 0.3028832482256037 0.11222625886268903 0.00443426373483625 0.0024315959597578287
0 0.30458859257097215 0.09108240915885638 0.006817472130598254 0.002607049981545462
0 0.3237907672966922 0.09302712913932183 0.004958312158073071 0.0023338533381721403
0 0.3375773927720762 0.11695541359673557 0.004514359909289922 0.00285147461972322
0 0.3417614336636132 0.11230627019501291 0.005615423301799609 0.0021076116754476003
0 0.3478384566184266 0.10858027973688957 0.0037266760977252744 0.0022411255372406557
0 0.35283559047674 0.10698288174757975 0.0038960704658036606 0.0024795431475854103
0 0.36613304837089616 0.10364503520275324 0.0037266760977253456 0.002288809059309589
0 0.35046406932364216 0.12202703296033351 0.004065464833882117 0.003385530066895477
0 0.3630472119530721 0.09320189174599347 0.0035152949793380373 0.0023534885041672383
0 0.39934253324964125 0.10378045151540231 0.004426918592710223 0.0023999957604938517
0 0.39343997512602763 0.10477275745483727 0.004426918592710223 0.0029999947006173143
0 0.38302851843576463 0.10770352150851725 0.0036071188533193777 0.0035076861114909795
0 0.3921921953245504 0.12018440308319132 0.005574638227857349 0.002492303289743596
0 0.35601612740400357 0.12150332294249867 0.004081064071368346 0.0019912457475827062
0 0.3395100895688248 0.14994902483437045 0.004789167730749924 0.002061834648328649
0 0.3502756367676655 0.13658538564324588 0.0051596291001399265 0.0033197836788286584
0 0.36164788049858615 0.139371632659406 0.004317240675627332 0.0026084014619370067
0 0.34580044826244205 0.1514354894208646 0.002948359485794256 0.002193428502083368
0 0.34864640207811626 0.17065113107193305 0.0034999707391271785 0.0024577562500881457
0 0.35377930035661787 0.1793420498178541 0.00493006630995339 0.0018433171875661004
0 0.4207236958546518 0.6816757754128969 0.005655642563646879 0.002971789787187049
0 0.3881378605453962 0.6738456556856793 0.00645675018169051 0.002923864422353688
0 0.40050566344398514 0.658475340810785 0.0029008587772811722 0.0024760653666778864
0 0.41351462222068053 0.64808666590472 0.005773227352938264 0.00289568559800216
0 0.37629472658791313 0.6402492097371841 0.0042699186115803655 0.0027317206138761916
0 0.3777260577835133 0.6253454829285272 0.005240354659666764 0.0034966023857614915
0 0.371450571339221 0.6132166434029171 0.004205222875041273 0.002039684725027584
0 0.4214649071396818 0.6259484346128192 0.005126772628447983 0.0028863129104494552
0 0.38250843246759453 0.519126032894153 0.0036120696143088077 0.0030503292958727
0 0.41450676390162444 0.5354450507472354 0.0036226117496651255 0.0025692250957177975
0 0.4757858253768066 0.5272101564039317 0.007448709707459287 0.0033658646423644
0 0.46358366276392926 0.5286171981806578 0.006566625663154824 0.0034210427512556406
0 0.4050318990573716 0.4985193407839384 0.003577952084117655 0.0032962010632891035
0 0.35119665427763125 0.4900233185973569 0.005238825846625304 0.0035024096015021655
0 0.34725445249740244 0.4550183272696717 0.005623786010143661 0.0021107504133123455
0 0.3292449472982518 0.46112442667961107 0.0038830903403373183 0.001507678866651716
0 0.3309307412663014 0.4598778212596571 0.0037177422309509467 0.00150973759974228
0 0.2959389344506454 0.4320981379206826 0.005234006435129679 0.0023573474295719874
0 0.3546140730042221 0.445341418925733 0.0034918862351648984 0.0016449292290631945
0 0.35509509814886214 0.44383691048451657 0.002387309977102561 0.0016449292290631945
0 0.39114599250604476 0.43636703735302573 0.005569166612788478 0.002209693237241126
0 0.3447092523098865 0.4201469027897062 0.003737413032213723 0.0033816210096333068
0 0.3055225538125665 0.3851470899747913 0.006240207046276751 0.0029276361996895873
0 0.364271639747606 0.38569446145391195 0.006370324362823183 0.002069087286940814
0 0.34862488905175854 0.37294295593420157 0.00607818302559053 0.0029092748509364293
0 0.336035537341097 0.3550496879355569 0.005322389127245799 0.0035582757144339183
0 0.36464286936684814 0.34924016395079166 0.0057319061019282455 0.0032269959646111348
0 0.31979079219327256 0.31589914799680513 0.004781764282728774 0.003137896672978187
0 0.34235038783254446 0.29633363169763166 0.00513195857378463 0.002799874829574378
0 0.34738791281493986 0.28417942751132963 0.0061721408104581646 0.0026431462196561824
0 0.29850019170775555 0.2612923411841199 0.004308266441263377 0.003266344738830931
0 0.2986725223654061 0.25800982642182935 0.003848718020861952 0.002005082908985365
0 0.3238902419349341 0.2593195983220537 0.0041933793361629765 0.002425503518933887
0 0.34139631432535417 0.25771479176811896 0.003570675604670015 0.0021689523522250907
0 0.3352415971646731 0.24586490574620637 0.004604292227074538 0.002168952352225055
0 0.560089179032566 0.6789603904475331 0.004172542324933401 0.0032072914212655213
0 0.5571276632562541 0.6683793383756423 0.0038272470489086885 0.002700551364940367
0 0.49181822689026944 0.688170960837866 0.0032721771652018815 0.0022698503656175717
0 0.5064007330326546 0.6688815208774607 0.004568078241773108 0.0028167054244229916
0 0.4612273779519738 0.6454435812268144 0.004184533702097752 0.0031691703375686586
0 0.4734046454757825 0.6297964995166854 0.004040576779021095 0.0029765965665723114
0 0.5744079203346338 0.6696063687407774 0.008136319570168525 0.0036758323096685785
0 0.5793801156275148 0.6725470345885123 0.007634077621392805 0.0034496272444580712
0 0.5903792143057057 0.6612085056948424 0.006529145334085982 0.0028275633151295665
0 0.572700297708796 0.6567692312900888 0.005926454995554949 0.0026579095162220768
0 0.5481661621611505 0.6319500271853725 0.004667081586418931 0.002927799354024856
0 0.5393152013894639 0.6157389964883773 0.00727028652768702 0.0031676927335752936
0 0.4678222630710518 0.5963793252661549 0.004711760601678776 0.002893817457600605
0 0.46918378333186445 0.5579286571676694 0.004540865816328363 0.0020808348475872406
0 0.5168330026994631 0.587016844839564 0.006508634792509013 0.0021985710690710647
0 0.5474422902989151 0.5752392089873154 0.005732843685616231 0.0026742340166845224
0 0.5570686107080155 0.5957547884410492 0.005569048151741427 0.0034119537454250803
0 0.5452287771249867 0.547129894983114 0.006038076070858054 0.0024044296586946956
0 0.521557718243115 0.529138277631885 0.005131902546874514 0.0029992657941944143
0 0.5805730729781725 0.536028433631332 0.005596450292739022 0.003254606346731421
0 0.5811735809389268 0.518016941977305 0.005104980136218913 0.003262428316043824
0 0.5326147140957638 0.5088012294286919 0.004945275216157512 0.0028872479940398677
0 0.5349826202590321 0.4968515554743464 0.004716327289483502 0.0020365409957959456
0 0.5312851514005105 0.4619823242733902 0.004853283981983409 0.0023234200743494425
0 0.4634352933908812 0.4801593967087999 0.0030130273187148047 0.0024416426029490877
0 0.48559595907894454 0.4741492041915296 0.004301594798406257 0.0021334441928805604
0 0.4210725802950322 0.4185919587643052 0.003337813976130519 0.0030472705192765657
0 0.4564445687315668 0.4112323925758738 0.003230399449257675 0.0024979419498853874
0 0.4868223628903896 0.39009334916650173 0.003281218070838463 0.002702002351739807
0 0.47048973264226057 0.39376035235814855 0.004309659555728302 0.0028122881620148378
0 0.44410157173921405 0.3806747125682409 0.003322050438452635 0.002674695022084492
0 0.4007515247525451 0.3474476871105638 0.0033710616399743997 0.002657015478147784
0 0.41158027362150595 0.3423609495733245 0.003899930132972287 0.0023247687838840393
0 0.4069585207621968 0.3000487087067092 0.005268664232974629 0.0025267597438196885
0 0.3988603887004027 0.2961487099716832 0.0046832570959774245 0.0018676050280405576
0 0.39134766377560565 0.2843113898674846 0.00429298567131255 0.0025816893034679112
0 0.3895914423646141 0.2768409697553222 0.0033173071096506135 0.0019225345876888512
0 0.4024216154504688 0.2771156175535635 0.0032197392534844484 0.0019225345876888156
0 0.42169126704329224 0.29672547034798985 0.005073528520642157 0.002471830184171395
0 0.41876423135830637 0.29375927412698416 0.00409784995898022 0.002691548422764427
0 0.39110374413519006 0.2872775860884903 0.0024391964041545534 0.0023619710648748794
0 0.42349327968936856 0.2356203461111822 0.004000282102813913 0.0025816893034679112
0 0.4256295505207601 0.2009279320251351 0.004728334528641795 0.002081197599392084
0 0.4164803022546355 0.1962980735752238 0.004298485935128866 0.0019117977947904308
0 0.3894683772492455 0.17026607121835247 0.004467635304341471 0.0015773453201015641
0 0.4300043431259802 0.17973870799564828 0.004102928867181603 0.0017035518923813697
0 0.4203342473516376 0.15738753051232973 0.004168343924139748 0.0026205138060198863
0 0.42252262791181094 0.15367187660827175 0.0046546507152893215 0.0016818222934157313
0 0.445504990429489 0.13962316987044437 0.0047615087095363865 0.0038784213852901318
0 0.47858167751185354 0.10657606849317088 0.0045053226817822175 0.0019685833044902346
0 0.47490808119532263 0.09451092730115139 0.004370835437549871 0.0029150175854951678
0 0.5423412452819846 0.1019472239078593 0.0033857258820515312 0.0022465032799626884
0 0.5203422991129966 0.110679503950052 0.004053120485730588 0.0026207493363508403
0 0.4566751404766265 0.26253195180468364 0.005437947124800786 0.002780342295647742
0 0.4631228992064111 0.2509542701353798 0.004801707520688367 0.003704529161966299
0 0.4898879726087668 0.25363254459707163 0.0065801177135359264 0.0029536110885947766
0 0.5368481004885698 0.2837742444623153 0.0036562695570216876 0.0028740439927053174
0 0.6290371577893111 0.2840998294305932 0.005396277277951356 0.0022698006498970713
0 0.6388683066232798 0.28476330962056307 0.0035975181853008563 0.0028983608298684873
0 0.6334733314909912 0.29757086520150355 0.0040937275901699625 0.0020602805899066112
0 0.7217497641693633 0.27718210063272036 0.004119329642999219 0.00323879102697866
0 0.7364159981569384 0.27548273497041675 0.003338077469327203 0.0028789253573144437
0 0.8174948701351741 0.3013203146094946 0.0054789647830016 0.0034584830227218076
0 0.8361232317332059 0.2875214534565461 0.00614308172639582 0.0032715379944665557
0 0.8863538983396136 0.2879009868725493 0.005988508522998188 0.0024724040884500555
0 0.903965361546555 0.2965199176079702 0.005389657670698256 0.0024349434204432186
0 0.9203482172480648 0.3119494963316078 0.004429142043911014 0.002909147577832556
0 0.8982025070285089 0.3084400484599367 0.00508531123560175 0.001985608664234917
0 0.8808315874773932 0.2640804151355106 0.0073604931699435385 0.0027891442107973318
0 0.6464930562742751 0.27150489352234264 0.004989806765989685 0.0022368647610094086
0 0.6319591800356106 0.26720471385247097 0.0039046960663517184 0.002275431394819911
0 0.5835913836044937 0.2664811182968021 0.0035656780275795086 0.0022862453531598704
0 0.516871567665106 0.2500699279780383 0.005209441147547054 0.0031818702505849927
0 0.5342934675297932 0.24545525490629785 0.004575667326324293 0.002234643253259989
0 0.5630529900774001 0.2304110148729062 0.005681230471995562 0.0023861573080040444
0 0.6135833292039024 0.2531028611063498 0.004450877210068285 0.001651544536499614
0 0.49368322744726245 0.3424045882566213 0.004965903169895967 0.002473159295418981
0 0.6992683669295076 0.25597400695842565 0.0033345692665326964 0.002137546468401439
0 0.911089469937564 0.24821240164018404 0.004361817125584224 0.002285120542863517
0 0.9285329960924972 0.24283421717726675 0.0027827868432079585 0.0015318613512329549
0 0.9286231445319555 0.2309938415189038 0.0035827373530274544 0.0023603649563896313
0 0.8317576308324324 0.24080451728757474 0.004012311797879135 0.002888409717841185
0 0.8695052449740039 0.23734189186459997 0.0055728249680984734 0.002079023292497908
0 0.7820921960690015 0.2386835242453823 0.0039642948661564505 0.0027806675087375153
0 0.7111179639761553 0.23113398238515526 0.0037951578175274394 0.0030583126373264235
0 0.7115644531311588 0.22376051630064225 0.003943987535862021 0.002220418764086318
0 0.6624217848933557 0.22677651038644975 0.005029140530394187 0.002279474427290431
0 0.6424597433564331 0.22718237631864036 0.005612210411321214 0.0030616363308945084
0 0.5874679674172153 0.2230706481461081 0.0035582769575661644 0.0032052291656826525
0 0.5797856474658301 0.21753489693842382 0.005977905288711156 0.002764510155401254
0 0.5510969162972849 0.20926642447626329 0.004879334354572151 0.0028054550419655657
0 0.5660204123285558 0.20806826138542378 0.005138873415985543 0.002630114101842729
0 0.5382762160996832 0.20042555113427768 0.003314455337395401 0.0026477020126542427
0 0.5334929395096863 0.1917440581354559 0.0021499169756078376 0.0016642698365255271
0 0.5353517218948473 0.1922862066428089 0.002463446534550542 0.0017903508847471627
0 0.5501916282787854 0.17826214517862457 0.004378277910769839 0.002869004263330481
0 0.5285088794212313 0.16231320413212472 0.003927660212121538 0.001965534819694561
0 0.595288357423849 0.19328640938806949 0.0032478669482102164 0.0030475183848358255
0 0.5912402913724567 0.19140489803743171 0.004189277657836143 0.0024115145480005395
0 0.5715706309050144 0.1587095436308406 0.0038016551020423604 0.00273481151397192
0 0.5848500233795094 0.15741645340412563 0.004382463520409985 0.0021105610596957192
0 0.5795111193902504 0.1785723437644335 0.004462525784695188 0.0018976258535182567
0 0.5751672778019566 0.1794810660041465 0.0027059996779534856 0.0022718055992824305
0 0.6155485612834581 0.20511264171376697 0.0024431497596378903 0.0023420074349442643
0 0.6132381300255721 0.16708681135626924 0.003377895016844761 0.0018788030771284526
0 0.5377493757756714 0.16262708197604403 0.004119493951940285 0.0023192268196226707
0 0.6264583283119279 0.1482765829300725 0.003963605125962317 0.0027489039881250753
0 0.6078178955093952 0.14989358527602842 0.0035615002581111097 0.0019727428620662656
0 0.567651053007521 0.13700014287965856 0.002903185816567344 0.0019135136698754352
0 0.5939213441769469 0.1288278449145656 0.0034696610978487284 0.0023121623510994915
0 0.5987289676093824 0.12081048284494753 0.004036136379130042 0.002670946164201116
0 0.6160550699740439 0.10643850106114656 0.003342434825891374 0.002584272249271109
0 0.6346419116570287 0.10662679193907992 0.0031994309134175582 0.002617429942435017
0 0.6448353023776905 0.11121262814550552 0.0033993953455060933 0.002167119414704288
0 0.6548119035864306 0.1273057737995039 0.002760707930461166 0.0028170712607063562
0 0.6428782912754084 0.13609368400860705 0.0040116537114512595 0.0016513866011037238
0 0.6538779869358393 0.138947182914926 0.003407748851662831 0.0014813909215783383
0 0.6418861618628989 0.14388920016969967 0.0016823063951245843 0.0012628250479028047
0 0.6365274613919587 0.14739310808498396 0.002980658901553994 0.0014492474821631517
0 0.660802354234215 0.1437757726923853 0.003962283133569003 0.0020168144123122113
0 0.574850614471012 0.20680412228780248 0.003952452980788053 0.002150178484182881
0 0.6914018583971757 0.2024153229730068 0.0041640332930063554 0.002922349002047433
0 0.6834718755726275 0.19204007727740421 0.0037647424292934772 0.0025690980237779827
0 0.7115880233294061 0.18376265992274377 0.0031911680745297134 0.002101097048011731
0 0.6995959908475115 0.17483258987187347 0.002650292129694094 0.0019183929568803038
0 0.7205819775071299 0.1738277173706505 0.002758467318661104 0.0012484779560649173
0 0.6950676473797438 0.16169250292169812 0.004573739954690553 0.0026800624856073794
0 0.6964223676086811 0.13937098738644568 0.0052352384987632665 0.002526323935159276
0 0.7144465458687088 0.14008677916807413 0.0037394560705452306 0.0019368483502888267
0 0.689705277651345 0.12528461448444173 0.004487347284654248 0.0021473753448854184
0 0.7052157373697656 0.10161175982525968 0.004536972978655598 0.002234979791914586
0 0.7264827982072134 0.11538083175759063 0.0036862905451576465 0.0023148004987686654
0 0.6945822069510419 0.11107051358746965 0.003969851356323488 0.001835876257644138
0 0.6911650862154821 0.11359639739673909 0.00432375383434703 0.0017439207687739789
0 0.6925848262804911 0.11637577112197263 0.003291215605248937 0.002579549470478195
0 0.6975539165080243 0.11737489239574937 0.002516811933425771 0.0021072375956018873
0 0.9184697648512992 0.2121049398012231 0.005559234176787839 0.0021099665354535804
0 0.8937755395148866 0.22460260516650557 0.003441180301147284 0.0021007346564974583
0 0.8676281932848176 0.22640125238527703 0.003853455674234567 0.0024686849230359086
0 0.8426232574095026 0.20995617819357038 0.004409879758166255 0.0023408414469652072
0 0.869215940306685 0.20844612572127771 0.004134049309453332 0.003051507946768375
0 0.8850080893915032 0.1932794101198892 0.0046852558840471655 0.002172259894309718
0 0.8854674282036646 0.18184918543792628 0.005971404558099067 0.003206669367790482
0 0.8338956004066981 0.18474911882925923 0.005311114538799586 0.001963644638980746
0 0.8184665315388935 0.17650487607201878 0.0042805997775398905 0.002231414362478148
0 0.7847762315178227 0.1542803119258721 0.0042497284990666625 0.0031900631246249843
0 0.769605341523939 0.14026635622644493 0.004551384124662406 0.00322669561008059
0 0.7783709702084742 0.14596052495011658 0.00589994238382161 0.0028470843618358366
0 0.7994421930078375 0.15080056836523745 0.004888523689452171 0.003416501234202993
0 0.7561094227022409 0.1025482537381334 0.004749616238327831 0.0023397309972866508
0 0.7764119936845592 0.11396172110895794 0.0041068950528678275 0.002399936335964963
0 0.772824074125735 0.10214363185997165 0.0050946293060891885 0.0022828662707959422
0 0.7965735771993334 0.10754457296746957 0.0034342189001093006 0.0026810159944655786
0 0.8022972753661824 0.11027714696182869 0.004716327289483502 0.0021654359955298828
0 0.8114551924331408 0.10808593196635201 0.002701585534752695 0.002629457994572011
0 0.9079785814825363 0.1807999007430493 0.004156358176173143 0.0021059828512768417
0 0.9017219063207914 0.17366558586547862 0.0055879926590773725 0.0022619815810010734
0 0.8633668078724702 0.15149168345685154 0.003973350700511702 0.002729837143750693
0 0.8904761944241558 0.15728668290231523 0.004271102092203592 0.0020152674045914054
0 0.9264865343742048 0.15594350786163638 0.003996331354347262 0.001295389899675783
0 0.9251241486852229 0.15737525459285703 0.004783487530203701 0.0019771740573998643
0 0.884723756072529 0.14455062848846756 0.004493282582399018 0.0017060534350889433
0 0.8979684901962282 0.14650670699594023 0.00391856039162704 0.0017942975782831994
0 0.8307843590336672 0.11076376830204289 0.003926731100000325 0.003035592993263396
0 0.8789270450761522 0.12006889059200722 0.004399702771903833 0.0018506180643876747
0 0.8538995685297227 0.11156534000459736 0.00371679880347358 0.003225959345601179
0 0.8637077875944448 0.11304753754176548 0.0038200432146813057 0.002470329228613526
0 0.8673987752951166 0.10929844965363439 0.0032521989530394533 0.0027028308030712365
0 0.5778322035210234 0.31937262848729875 0.0036056194899974515 0.0027852411546836465
0 0.5700652116918234 0.3306883777721899 0.004444135650462187 0.0024547888142975437
0 0.5653275953851987 0.35710096126448687 0.003857174338136815 0.003257315926663935
0 0.5755994183508895 0.37331672968200974 0.0036056194899976644 0.0033045234038619497
0 0.5985328353395949 0.3658343445461223 0.004192580802322823 0.0023131663827034997
0 0.5678850696746156 0.3801854176143229 0.0036056194899975937 0.002974071063475847
0 0.6198725835015761 0.3654132733883076 0.005306835152871728 0.0026021781304191903
0 0.6155928777331312 0.35269151363959167 0.003594952845493822 0.0026021781304192615
0 0.6577834272094872 0.35354067660985355 0.004357562707297689 0.0033680304383165095
0 0.6364788328330447 0.32452115232945306 0.004652241168275708 0.002332126326763273
0 0.6401292659554071 0.3345524912908347 0.0033776545468302997 0.0028344304586816094
0 0.6570494033550944 0.3364361317855281 0.004078677188625193 0.0020809742608042113
0 0.6836414576699071 0.31921584962313526 0.004134915198422106 0.002442396118740078
0 0.7417598838739424 0.32212125883154175 0.0032754616976603756 0.002996575646132342
0 0.9223626803401683 0.3407513789283162 0.006126379712556229 0.004652247421165043
0 0.898530278197801 0.332576224641193 0.007414460496923851 0.002864684372638635
0 0.8722703959078604 0.32291991566908806 0.004082564835781426 0.003468549114164219
0 0.8160523196814604 0.3371352580523639 0.005855986422791659 0.002730205339892393
0 0.7787316774847843 0.3540317243930282 0.0051319352698585875 0.0029336689465571195
0 0.7029228918374415 0.35843550621061354 0.004333009853589686 0.0025297831690048868
0 0.9245944622205821 0.3537289317460146 0.004142222747137651 0.0025402391921948465
0 0.9146545603523545 0.36825139633735715 0.0031806353236950714 0.0026651689885323292
0 0.9042990034845101 0.3643993942836191 0.004955873643896922 0.002456952661303191
0 0.8141553532161595 0.3679088741109666 0.004208264286172181 0.002915942741560542
0 0.7198785564484911 0.39545258261171035 0.00434480745081288 0.002216756084180105
0 0.5477022231239022 0.4300088624783143 0.003790943189106031 0.001735862026818964
0 0.611627078513065 0.409436589586166 0.005991041935826118 0.0028871907604094815
0 0.9163285441896625 0.38785114564396284 0.004078305412608785 0.0031570524626535956
0 0.9039479741871003 0.3833820713786478 0.004223959177344767 0.0026650442866557
0 0.9096284710118053 0.38918366778729063 0.0037869978831366778 0.002952049055987871
0 0.8839880141926586 0.39300325012374104 0.005947222358039426 0.0026399399276179026
0 0.8428320264561029 0.38486511694578623 0.0039326900025560005 0.0021805120460579273
0 0.8380204878173819 0.3899258733439119 0.0033368278809565765 0.0021805120460579273
0 0.7957606656501984 0.4091174487869286 0.0025434498128328186 0.0022956377189812826
0 0.6939829150843713 0.41031475548799506 0.00314960774295173 0.002373789624753755
0 0.6074827855590609 0.4496889808727522 0.002818938014105257 0.0024435209452160224
0 0.6965650739940653 0.42528478360461636 0.0042644547413792115 0.0021063956435332185
0 0.6773002396840871 0.43093605855133643 0.0037391998385795946 0.002359192584037757
0 0.6868304616337287 0.4441073106243181 0.0038940044981004007 0.002630734679478408
0 0.7123350756211524 0.4516825079782443 0.005553662628636004 0.0029158617884142046
0 0.6598002736173163 0.4495308632777862 0.005502737166216036 0.0021652524199956245
0 0.684006926670563 0.45611055497575015 0.004886752117446776 0.002176309870168609
0 0.6560558483378921 0.46231165675776764 0.006003044545915799 0.0029163054777051655
0 0.652879506017907 0.4647827786103356 0.004357048460745432 0.0015262907173036666
0 0.6543042189240791 0.48969563567049845 0.0050963287773102195 0.003033798081097885
0 0.6754867484733699 0.4937292790406942 0.0053699731374540986 0.002940403674492982
0 0.6880921743526714 0.48007266753130556 0.004119431447909961 0.003313130900837251
0 0.7239412642069339 0.4746980318195318 0.004935035744415614 0.0023200799033415366
0 0.7082146976911424 0.47539100484181035 0.00378078880543427 0.0031395961922273587
0 0.6282567065187225 0.6618412109590761 0.006012028396775193 0.003016799193282367
0 0.609482648051562 0.6465650722703289 0.005026520656848561 0.004008985652461376
0 0.5927629203769119 0.6337439892813732 0.004502924755093503 0.0028888278966265803
0 0.569927105437844 0.6221029446363481 0.005041190989038853 0.003053141408733495
0 0.5847017730468536 0.6119613434885369 0.0047356642624303905 0.0033541553504395694
0 0.5944304325382145 0.5876583273831231 0.006920321019101437 0.003480479941709689
0 0.6166098511902156 0.5908334309469978 0.006311965979412406 0.0028147032697488326
0 0.6614456891760038 0.5633967538842104 0.00708729955235043 0.002905809367137735
0 0.6628165798741614 0.5164317170028718 0.004622151881967653 0.002125144164026054
0 0.663163241265309 0.5087551758389408 0.005007331205464993 0.002211884742149621
0 0.8789071951662831 0.4862006608744657 0.0041696741818401505 0.0031117727664505424
0 0.8261744185693587 0.4711584918030691 0.004187795567418675 0.00336811404103905
0 0.8325555135849837 0.4648915953190583 0.004024634701155491 0.002082106861733308
0 0.8442097161385209 0.4509478286620695 0.004941637056016788 0.002266883057778557
0 0.8368448826837493 0.44255739696177315 0.004026519082680266 0.002610350187744999
0 0.8726200534113583 0.4218804013370974 0.0050778610160088535 0.0031284721180773545
0 0.891744592749961 0.42545859982937045 0.00603380372553687 0.0034410771627209156
0 0.9022887402297854 0.43562713388829477 0.005720359376158228 0.0031322625455536012
0 0.9224692198758402 0.4431296200513434 0.0032007478478617204 0.002445549075861706
0 0.9213009742800509 0.4540354929001114 0.005601308733757975 0.0019306966388382564
0 0.9093081919976492 0.4762675750278394 0.0054250512639912075 0.002887645362072675
0 0.9115538571913444 0.5085980469274263 0.0047845960069435025 0.0019147785236512504
0 0.8733529191092358 0.5092554507496263 0.006967710722041004 0.0029420546127369106
0 0.8313232440441873 0.5149683082477526 0.006162595768159065 0.0029815750933670417
0 0.6885331694768343 0.5161974293113003 0.0064034033054959135 0.003246924363385375
0 0.7127118534404285 0.5023655625739135 0.005074440434093219 0.0036214041048181402
0 0.9070728047917194 0.5361179409603757 0.008725353440374733 0.0033403447809529753
0 0.8863513169488223 0.5257232401056443 0.004032585183044972 0.0025110874043539153
0 0.8558197552750696 0.5350524877194901 0.004368348658448866 0.003095362491858893
0 0.7916941513076128 0.5128747034634589 0.00457062518521056 0.003015478613976157
0 0.7773194008477451 0.5253311560799404 0.005037324117930382 0.0028681812023351938
0 0.692119896875387 0.5358491463053207 0.003739751794327617 0.002105436434990011
0 0.7308676854004931 0.5401058856541497 0.004511623433254499 0.002629113617855694
0 0.7484941578345798 0.5511557929228512 0.004195018280043712 0.002629113617855694
0 0.7204746017754204 0.5558570045615593 0.006252951775914255 0.0030301648476981314
0 0.7292387867666323 0.5855911259169553 0.004101956419728055 0.002764226032816666
0 0.6791439302742627 0.6028410345420272 0.004322448965851322 0.002668986963824693
0 0.6963291507594618 0.6100433743635247 0.006483673448776983 0.0025512375389500617
0 0.6850035857092232 0.6428726100071276 0.005786504260736364 0.003610982362821744
0 0.6636929210028406 0.6555419836762263 0.007045403165625999 0.0039264139702531505
0 0.692977601837741 0.6552014273624799 0.005835586460417517 0.0032453013427601717
0 0.6820756336146467 0.6816315587531477 0.004939830406296437 0.0031082509395317006
0 0.8585206690586398 0.6926960639262009 0.004398341092059042 0.002543139207763403
0 0.7402166341044976 0.6817108180239804 0.004489962872906119 0.002787663408615515
0 0.7456713460460245 0.6745407891122724 0.005594681104366685 0.0034450280146289458
0 0.7806874567627833 0.6717421578149524 0.007009313721203796 0.0035837588993183544
0 0.8018413132027667 0.6838469046613193 0.004098991839781263 0.002559431756634609
0 0.801017532617623 0.676172499574544 0.0053659529538954585 0.002811179142533149
0 0.8096275770069203 0.6850066400255855 0.006272952085556795 0.003141263940520389
0 0.8327833987526136 0.681270030383765 0.006290835826043946 0.002806603918337345
0 0.8361958804507036 0.684577813573234 0.0029080278818506143 0.002071540987344207
0 0.8469951929210761 0.6745576440109343 0.00690621044884125 0.003171883738601622
0 0.8280068347125293 0.6742800725185447 0.006931483712019855 0.0030606620404255123
0 0.8893439649318532 0.6696802545564399 0.004574995990449082 0.0031923786392421506
0 0.8864765378674168 0.6651274872925207 0.002706335656321954 0.0021403447694919465
0 0.893648119920397 0.6625334556058965 0.0038308867823381833 0.0026857571340872257
0 0.8775902138264513 0.6308625121194207 0.006764674962659854 0.002241843380331545
0 0.8912475115031109 0.6319377970787043 0.0027425106263724787 0.002316002015776988
0 0.9044068035145775 0.6495981201685254 0.002746764177041143 0.0023195940645472034
0 0.8862381204248786 0.5322652214708015 0.006407119374296428 0.0023167765595088954
0 0.9182480785553285 0.5681009640462651 0.005784741774195936 0.005131835609222577
0 0.8726437234849442 0.5457796640835447 0.006276683986420295 0.0031281930260831105
0 0.8871732677199361 0.5719669230190917 0.006173787527626615 0.0030702635256001543
0 0.8902087132543524 0.568578047240835 0.005247719398482502 0.0028964750241508596
0 0.9003996418764997 0.6546803678591389 0.004661304328340066 0.003044141266146738
0 0.9065898695406698 0.6135102863815495 0.005255572077372506 0.0022945993602318995
0 0.8851626637330182 0.6114048111672535 0.006076442189074385 0.0023114633406365924
0 0.8911841497030507 0.6029991465496514 0.005857471299378005 0.003112770632057149
0 0.8689557550462887 0.599561558062431 0.005668333101268814 0.0033431672583422055
0 0.869158195514191 0.6027717584411801 0.004858571229658964 0.0022414416845704466
0 0.8579861581703412 0.5217219805455654 0.00748139606896487 0.0030204031332215207
0 0.826177189514857 0.5435943134280063 0.006533914220986361 0.0025486868735677603
0 0.8356633494793317 0.5605203904673663 0.005563349690751665 0.002776180148526777
0 0.8571264068851591 0.5716403930178431 0.0069825070437717325 0.0033168400082346492
0 0.8460525871204273 0.5680932168979256 0.005891490318182377 0.0033475514897922665
0 0.8152692885719037 0.5911630985672501 0.006025028541607184 0.003206519344044736
0 0.8350441033166601 0.5730152044065222 0.007769255466475471 0.0030150872281367925
0 0.8257662545557233 0.5753508353578959 0.005958943513121966 0.0032698833319228984
0 0.8428887884478584 0.5793851070011774 0.006411521501460271 0.0025904270551598075
0 0.8487345874638959 0.5794063400098263 0.004374920553937756 0.0025479610378621232
0 0.7747174508709631 0.5802141443617885 0.00729539284435063 0.003100548943561847
0 0.8566706277565388 0.5930923318027355 0.004397091106867634 0.002181806097750325
0 0.8493669849010638 0.5923370912304372 0.003055605684433402 0.002181806097750254
0 0.8445599954706747 0.5903440952757617 0.004024456267302412 0.0028111732413319147
0 0.8362129750644175 0.5887916563215932 0.0059621574330408576 0.0025594263838993212
0 0.7371881337054279 0.6371738472306474 0.006577514351661194 0.002203475801497561
0 0.7742316325741379 0.6564535938852383 0.0062987442329414025 0.0019239582837934676
0 0.8054203732949131 0.661689810115008 0.005862890745651299 0.002369761178293004
0 0.80752500074207 0.6583467541670592 0.00496090755401255 0.002539029833885138
0 0.8177098942809897 0.65678101910283 0.0039837590964042135 0.002623664161681347
0 0.7851369195784639 0.6496449684317561 0.003372626656625631 0.003037998855540415
0 0.7939900645521131 0.6492414842087543 0.00438441465361592 0.0017563430883592447
0 0.7707336399859664 0.6393242984419877 0.0060441663161579125 0.0032137506500383496
0 0.8559322381369916 0.6352367482820515 0.005420345704479388 0.0034399754352843104
0 0.8617276750063166 0.6362035844736957 0.0037939942134541126 0.003130307136395274
0 0.8369651349429305 0.6228068781553671 0.006773258376462934 0.0029053448318681774
0 0.8493799995630212 0.609519650763445 0.005428539961742018 0.0023674822683337027
0 0.8364967744425487 0.6087233158186419 0.0059637481269842856 0.002927068986303496
0 0.8074410925643858 0.617440907444498 0.005751256776672875 0.0027601686675701132
0 0.7803062846724503 0.6229511880246842 0.007176613719552876 0.0035725194899574575
0 0.7691636475815659 0.6108301397551856 0.006798897207997356 0.002892039587108428
0 0.7590826236785443 0.600208116684179 0.0077361708963158545 0.0031052200355623683
0 0.699551167981882 0.5639791241085166 0.0066247851084139595 0.0026285338310086813
