0.0 0.03154829635102606 0.9448042773650023 0.010299068602398754 0.008996887514739172
0.0 0.009594620364011212 0.6301482504967518 0.00779703403857856 0.008280571033219174
0.0 0.01985955513702181 0.5022194011275734 0.006414266255435614 0.008634589190009478
0.0 0.008449562278794997 0.398666006484531 0.00653761752957861 0.008017832819294312
0.0 0.047305213633837676 0.3831854215795847 0.008757940464152491 0.008387886641723696
0.0 0.03799219243604173 0.32477859327287834 0.007647778996865551 0.004810699691577014
0.0 0.06765817386743148 0.2865396982885505 0.010484858302154376 0.007524427722722393
0.0 0.01356864015572919 0.260512579444379 0.00888129173829547 0.006537617529578199
0.0 0.01017648011679689 0.25730544631666136 0.006044212433006639 0.005057402239862441
0.0 0.05865353085499301 0.19723337580902403 0.009991453205582413 0.0065376175295785545
0.0 0.05236261587370037 0.09608533101176989 0.005797509884720659 0.00826453536758045
0.0 0.05618650537213314 0.10188284089649055 0.007771130271008531 0.004810699691576659
0.0 0.11656710779303399 0.9225454991016229 0.007866050638440703 0.007687276760294281
0.0 0.07203934994173186 0.9021456046697172 0.008485735389138127 0.01085809151943522
0.0 0.15399352332192878 0.8406892284848947 0.007823809966341067 0.009593481268251481
0.0 0.14738054108847384 0.8344488086307887 0.005588435690243587 0.009966043647600741
0.0 0.19074414088491187 0.8639616419393643 0.007983479557490902 0.010644639409987633
0.0 0.19920282755892 0.8464740200515269 0.010074390870167038 0.011404970796415625
0.0 0.11126978460857573 0.8210840214582916 0.005277675759227352 0.01072839006793771
0.0 0.15411369548094428 0.7583861596522656 0.008705553557892376 0.009588725657968311
0.0 0.09070196915801718 0.7407279708897356 0.007031895601683491 0.005950065509117053
0.0 0.1623695781982832 0.7042702428474374 0.010886669208294952 0.008398287674970462
0.0 0.06037624458294456 0.6590800949198125 0.009187373396782283 0.011355180602764747
0.0 0.0939635255958415 0.5884078102139629 0.012915674433647084 0.006502374025215118
0.0 0.09792647550927791 0.563793949941612 0.006028303180420203 0.00697391936558418
0.0 0.1074417383724902 0.5643258590457668 0.006146505203565677 0.008746949712766749
0.0 0.11518787155528384 0.5122788609612737 0.010519980059948964 0.007801333527602594
0.0 0.12499863947635985 0.4904705876909302 0.008155939597039108 0.008392343643330236
0.0 0.1023505258610069 0.45000465028825437 0.00766460278150447 0.009294085262611418
0.0 0.09409861039803016 0.41989487786294466 0.008375268988306383 0.010469086235383073
0.0 0.09780688687200134 0.3217160206642193 0.005911241826727387 0.006540097340209172
0.0 0.10883940086880473 0.2745590791942261 0.008041680283600305 0.009452501385986167
0.0 0.11850897260042523 0.23529579545841717 0.007618433952884462 0.00797113922848105
0.0 0.11371218085231279 0.214627266308462 0.006913023401691465 0.006842482346571898
0.0 0.08442786242177382 0.21887594327635948 0.00792076461288289 0.009978106070773762
0.0 0.0784101386574407 0.19238767200600454 0.012138314601560585 0.00946377070630149
0.0 0.12975215647458266 0.3105443250001521 0.00952982981402264 0.008093828061224074
0.0 0.15723200819858002 0.3153092399071646 0.010965831566820582 0.007963282447334307
0.0 0.14954000071182136 0.41126747848505846 0.009529829814022683 0.01005201226958583
0.0 0.16031001385780588 0.4360058723173502 0.00809382806122474 0.009138192972350367
0.0 0.1908763368816477 0.37882689343321446 0.009884167908868901 0.010816636579516726
0.0 0.1534843431886625 0.5172984910244441 0.011189624047776148 0.009138192972350367
0.0 0.199175308050415 0.5593102011753543 0.007193329744998955 0.010390365187220852
0.0 0.16864361957719726 0.9990330083147747 0.011189624047776103 0.001933983370450676
0.0 0.43039204937717634 0.9731591125184356 0.011226183106117383 0.007098909905339212
0.0 0.3141887267835786 0.8702358516753985 0.01084832724055973 0.010629169114488236
0.0 0.33432572132270594 0.848452634781425 0.006136427530013577 0.00997169473627224
0.0 0.3473498736480846 0.8073085750779881 0.0049328583299084626 0.008143131211276966
0.0 0.3503503904313584 0.7815291901056639 0.006342246424168074 0.00916102261268783
0.0 0.31730878786491423 0.7715260904483057 0.008379465847160095 0.009592387284907744
0.0 0.2691191677677036 0.7318416716664078 0.00788276063981197 0.008940204140274587
0.0 0.2718591108461971 0.713153583548291 0.006729185912034552 0.008747941685644633
0.0 0.3277741164593298 0.6959712823850659 0.010794179676220317 0.007850312491796529
0.0 0.33791389752635326 0.631280188236493 0.008551233249992763 0.010653995524581105
0.0 0.3482174326718363 0.5943416642795569 0.010373627221302684 0.00939233815982803
0.0 0.362766361740141 0.5926038132873976 0.007789911274872186 0.009483370247670209
0.0 0.3299625813547828 0.5392074761062151 0.01012495185884692 0.007902401450807162
0.0 0.3191829335990136 0.5182193420127928 0.00790240145080725 0.009137151677496291
0.0 0.2930062287932144 0.5095143529146379 0.010865801994860114 0.006050276110774533
0.0 0.23792765403100086 0.5093784534870174 0.008144182912622266 0.009307637614425346
0.0 0.2705032181692397 0.48968953694882755 0.008919819380491134 0.007174637327786115
0.0 0.2226314017409839 0.47553413976746645 0.006821477830759726 0.00797984199070001
0.0 0.24204737001528187 0.4581977459965044 0.008734721361653897 0.00743534132438306
0.0 0.2601304088673008 0.4528197563978001 0.007940655783321749 0.00967316249968242
0.0 0.3479325715075791 0.37755749121175786 0.010131563766717555 0.011206123560157266
0.0 0.3038756199765499 0.36665838473544043 0.012587700437437021 0.01120612356015691
0.0 0.24799851071768364 0.3388733386479258 0.007675427095998 0.009057003973277845
0.0 0.27286689450871743 0.3405619326090468 0.007675427095998088 0.008749986889437978
0.0 0.29718298816694816 0.22805750269100872 0.006986829057748789 0.01004356677051348
0.0 0.30538265339910187 0.18667126599895703 0.01048024358662305 0.008879095260888903
0.0 0.22726840336012827 0.1696655097220809 0.005028988879949026 0.009600796952630474
0.0 0.3060194892163253 0.0959453401701289 0.007500236247697423 0.011333690329854207
0.0 0.27510184868415055 0.0977787312528994 0.007666908164312858 0.008666939664005825
0.0 0.2660182292286059 0.08211157109104264 0.008833611580621436 0.00500015749846483
0.0 0.2637681583542967 0.06586105922103158 0.007333564331081899 0.009833643080314402
0.0 0.22717329681859127 0.004635563822175293 0.004745960239942804 0.005608862101750489
0.0 0.22285878750955246 0.002837851610075859 0.004745960239942715 0.004602143262975034
0.0 0.4303139029166082 0.9177841294762825 0.01195307538330912 0.009734978920426584
0.0 0.46043985741994264 0.8762031742418763 0.00874915827025724 0.006531061807375238
0.0 0.4779692147120539 0.983511851515243 0.007096818435458019 0.006512374564302803
0.0 0.526190563825941 0.9907988286345301 0.007091101090238005 0.0074924841708174485
0.0 0.5591848709676135 0.9440857237843947 0.00994339673925193 0.011440252162365282
0.0 0.4950601750418396 0.8028705450304535 0.004018417897507298 0.005114350051373151
0.0 0.4921831303010665 0.779420889079389 0.007963773651423622 0.009717265097609128
0.0 0.5673636500577572 0.7598205801631908 0.008510868974111218 0.011095651403286055
0.0 0.4552443607003663 0.6345569523443155 0.006972181247708953 0.009528647705202075
0.0 0.471222276059699 0.6412967275504338 0.009644850725997323 0.005810151039757727
0.0 0.4521459539139177 0.6077995969332083 0.01185270812110506 0.009761053746792214
0.0 0.43575873070864024 0.33036883375978954 0.007790102385069453 0.01018112390919974
0.0 0.4544483490379109 0.4094712425769657 0.006324637579957404 0.0066331564862966985
0.0 0.3452293244034229 0.2800170304293852 0.011343462453376585 0.010149413774074034
0.0 0.38425979060813314 0.3135996495347763 0.0067165238210782794 0.01014941377407368
0.0 0.40724522768471205 0.25098672191383553 0.011194206368463711 0.008806109009857722
0.0 0.4603566749723952 0.2397727114614982 0.007011014970142071 0.010516522455213107
0.0 0.4575830368284509 0.21221528631424763 0.009068595450509776 0.006782394916767487
0.0 0.4557414313293142 0.0738377905829621 0.006763624446845284 0.007609077502701211
0.0 0.494880221006426 0.011841087030238385 0.010531750231968218 0.012100308777155178
0.0 0.391915556504523 0.003567419330880739 0.008066872518103363 0.007134838661761478
0.0 0.6891128478674007 0.8612033052612897 0.006507369164528143 0.009761053746792925
0.0 0.7467598418415202 0.9134241623911532 0.006526361480256071 0.008221520306297237
0.0 0.8571579010304031 0.8870725004925812 0.013419316082344679 0.010770766855566194
0.0 0.8351749424481414 0.8915750341781049 0.011830186546277233 0.010947336804017738
0.0 0.729690280645546 0.795261890508603 0.006445904301543237 0.010547843402525282
0.0 0.6327027224720451 0.7680746195115422 0.009438072189310986 0.011207710724806929
0.0 0.6256005995773516 0.6560586472629494 0.010131601983899508 0.006754401322599435
0.0 0.5931553503670068 0.6755981653747554 0.006995629941263992 0.0048245723732854625
0.0 0.5961924135625711 0.6716090280309027 0.006697744987947551 0.004831160319175254
0.0 0.5331524865962408 0.5827140413461842 0.009429389718288305 0.007543511774630219
0.0 0.638859415896669 0.6250925405623455 0.006290851295539213 0.005263773533002336
0.0 0.6397260127588095 0.620278113550453 0.004300888130623903 0.005263773533002336
0.0 0.7046739521241713 0.5963745195296823 0.010033201725851804 0.007071018359171432
0.0 0.62101526236453 0.5444700889270597 0.006733183165847478 0.010821187230826724
0.0 0.5504179758529518 0.4324706879193322 0.011242123006807958 0.00936843583900675
0.0 0.6562581259827964 0.4342222766525182 0.011476537484898585 0.006621079318210476
0.0 0.6280695266823088 0.393417458989445 0.010950226607040392 0.009309679522996462
0.0 0.60538902274107 0.33615900139378213 0.009588616662053795 0.011386482286188482
0.0 0.6569269193437124 0.3175685246425333 0.010326387086755063 0.010326387086755772
0.0 0.5761230990606926 0.21087727358977643 0.008614647215603632 0.010041269353530068
0.0 0.6167656205795684 0.1482676214324213 0.00924554411808387 0.008959599454637868
0.0 0.6258410366806652 0.10937416803625481 0.011119497428841107 0.008458067902899912
0.0 0.5377667516235033 0.03613549178918376 0.00776161126058863 0.010452303164258936
0.0 0.5380772160739269 0.02563144454985391 0.006933706059459155 0.0064162653087532105
0.0 0.5835085139859048 0.029822714630571845 0.007554634960306039 0.007761611260588453
0.0 0.6150467975267708 0.02468733365798066 0.006432795269038394 0.006940647527120447
0.0 0.845263909658812 0.985371702936542 0.008180653572228991 0.006658671512278858
0.0 0.9822637187892338 0.950815663945965 0.010877971421405164 0.007694174907823026
0.0 0.939618826772362 0.8932424884220321 0.009245443182103585 0.009597650541422097
0.0 0.9595386958631493 0.828163934171814 0.008909222381608827 0.009239193580927462
0.0 0.9638046268104125 0.7899249775179085 0.008496758382460001 0.006516931186547126
0.0 0.9571434055699821 0.6783434376748486 0.008743494423791987 0.007434944237918373
0.0 0.8349076457495095 0.7365100694681598 0.0054281570288722495 0.007813256329437124
0.0 0.8748314700281611 0.7172774534128947 0.0077495918790038585 0.0068270214172176935
0.0 0.758588570437769 0.5394942680457767 0.006013280491372619 0.009751265661684983
0.0 0.8223134183554632 0.5159436562427961 0.005819766507803336 0.007993414239633267
0.0 0.8770409131447175 0.4482987173328056 0.00591131943074501 0.008646407525567312
0.0 0.8476166589633225 0.46003312754607534 0.007764121043366856 0.008999322118447495
0.0 0.8000767378364279 0.41815908021837095 0.005984881493024829 0.008559024070670418
0.0 0.721978918812007 0.3118325987538041 0.006073178235766363 0.008502449530072908
0.0 0.7414875866962444 0.2955550386346385 0.007025967880182904 0.007439260108428769
0.0 0.7331612100606452 0.1601558678614694 0.009491827907218387 0.00808563118022292
0.0 0.7185719190180693 0.1476758719093862 0.008437180361971741 0.005976336089729628
0.0 0.7050372755207396 0.10979644757595075 0.007734081998474096 0.00826140577109733
0.0 0.7018733328850002 0.085891103217031 0.0059763360897299835 0.006152110680604395
0.0 0.7249876915849851 0.08676997617140322 0.005800561498855572 0.006152110680604039
0.0 0.7597031732826812 0.14952150511356752 0.009140278725469386 0.007909856589348507
0.0 0.7544299355564489 0.14002967720634932 0.007382532816725273 0.008612954952846152
0.0 0.7045978390435533 0.11928827548316896 0.004394364771859749 0.007558307407599685
0.0 0.8227288077649224 0.040102245774987645 0.009796801617023832 0.008897095346072702
0.0 0.83434484810155 0.004490455546180705 0.008650576205240058 0.00898091109236141
0.0 0.8825638006529815 0.011624142710629216 0.011854493318292114 0.009451555483503427
0.0 0.9671654060364391 0.10807758227940897 0.006586998123821885 0.009196940776656958
0.0 0.9311764336216676 0.0026573809653292813 0.009385133817377777 0.005314761930658563
0.0 0.8894011894479588 0.2956946824211881 0.008946384929515716 0.00791410974534088
0.0 0.9867197863466549 0.5760283599306059 0.006829621089123705 0.005554758485820699
