0.0 0.05865353085499301 0.9969822835221173 0.009991453205582413 0.006035432955765252
0.0 0.05236261587370037 0.8960853310117699 0.005797509884720659 0.00826453536758045
0.0 0.05618650537213314 0.9018828408964905 0.007771130271008531 0.004810699691576659
0.0 0.02966598143138973 0.7930870171023712 0.007771130271008541 0.010978263398726184
0.0 0.0752442772272255 0.7224684126555079 0.007647778996865551 0.010608209576297512
0.0 0.051745859502985415 0.6710309313378798 0.007771130271008531 0.008881291738295615
0.0 0.05236261587370038 0.6178048565451786 0.010484858302154381 0.007771130271008531
0.0 0.04187775757154601 0.5856101739938575 0.009251345560724444 0.013445288881586137
0.0 0.008757940464152476 0.5415120934877377 0.007647778996865542 0.007894481545151422
0.0 0.03546349131611038 0.5307188570002259 0.009991453205582401 0.00875794046415237
0.0 0.07222217101072219 0.5579794885858271 0.008264535367580494 0.011224965947012323
0.0 0.01307523505915722 0.4124866607341673 0.009127994286581453 0.008387886641723519
0.0 0.07394908884872409 0.29598138230611076 0.0070310226261505624 0.00826453536758045
0.0 0.11959833115256902 0.30614823597804275 0.008924307201266135 0.010971166651097786
0.0 0.14437269976542813 0.41070619513477136 0.010286250932864238 0.007531005147275493
0.0 0.18232699522837717 0.4693779016543903 0.010920336871316928 0.012568689606610128
0.0 0.2317909195723819 0.5900328028796797 0.012053288655553374 0.015289070844963604
0.0 0.15169245161644293 0.5739115505701335 0.009876042251683925 0.01406262538011518
0.0 0.1742892656814371 0.5790642682666645 0.009553997395650748 0.008265817971518175
0.0 0.19967713516538538 0.5561990834883093 0.00772907654479611 0.010198087107717057
0.0 0.29585299797139475 0.5442269366910418 0.007966018107432226 0.012597423983846312
0.0 0.3202542849603599 0.5243692050464492 0.009266193913606635 0.013237419876580957
0.0 0.0784101386574407 0.9923876720060045 0.012138314601560585 0.00946377070630149
0.0 0.11717905092541729 0.7565562382335831 0.010667887078389749 0.012374749010932006
0.0 0.11511659275692858 0.7452482779304899 0.009387740628982977 0.008534309662711691
0.0 0.2864673923075326 0.4161409011919974 0.011610245745041593 0.01285537412750557
0.0 0.15429776772632 0.7203366140084 0.008472324584840818 0.008623616095284347
0.0 0.1659472140304761 0.7194288649457384 0.00816974156395367 0.01134686328326886
0.0 0.30538265339910187 0.986671265998957 0.01048024358662305 0.008879095260888903
0.0 0.22726840336012827 0.9696655097220809 0.005028988879949026 0.009600796952630474
0.0 0.20040932930016483 0.7873563673692938 0.009520633220910457 0.014280949831365497
0.0 0.3060194892163253 0.895945340170129 0.007500236247697423 0.011333690329854207
0.0 0.27510184868415055 0.8977787312528994 0.007666908164312858 0.008666939664005825
0.0 0.2660182292286059 0.8821115710910427 0.008833611580621436 0.00500015749846483
0.0 0.2637681583542967 0.8658610592210316 0.007333564331081899 0.009833643080314402
0.0 0.22717329681859127 0.8046355638221753 0.004745960239942804 0.005608862101750489
0.0 0.22285878750955246 0.8028378516100758 0.004745960239942715 0.004602143262975034
0.0 0.22566118151715178 0.745038426895615 0.006711113204971042 0.010695836670422666
0.0 0.22828271011284365 0.7047717476657887 0.009018058369179904 0.010276392095111752
0.0 0.3808895735121853 0.4522167325662266 0.006317679927768971 0.009422980231248702
0.0 0.3280926886718435 0.37895830873445513 0.00786992466361891 0.006667575062232612
0.0 0.33496366849527803 0.334253189185368 0.007542011135968085 0.005902443497714138
0.0 0.35458382789971676 0.3359474090782305 0.008307142700486558 0.005355920951629489
0.0 0.36316423187324565 0.31993429847795035 0.00601174800693105 0.005246616442412577
0.0 0.37655403425231937 0.3236506517913259 0.008744360737354295 0.006121052516147962
0.0 0.28332047247666936 0.7557998727598938 0.010096014721738822 0.008507877574498756
0.0 0.3036826594716368 0.7574447290909635 0.0077138090008791235 0.00816756247151904
0.0 0.31978275843350124 0.7266861832298719 0.009982576354078797 0.006352548588959195
0.0 0.4557414313293142 0.8738377905829621 0.006763624446845284 0.007609077502701211
0.0 0.494880221006426 0.8118410870302384 0.010531750231968218 0.012100308777155178
0.0 0.391915556504523 0.8026817539336936 0.008066872518103363 0.00890616945613587
0.0 0.39420500534149616 0.7532222417715263 0.009650157360335143 0.007610286698800905
0.0 0.3929912460725886 0.6956933093514917 0.010444862457180727 0.008994187115905739
0.0 0.49149008940300815 0.7097238464143513 0.008821864353219766 0.010014008184735879
0.0 0.41411588523398235 0.6446882289867123 0.007920764612882714 0.008435099977355698
0.0 0.44747176709142905 0.6121619507956539 0.010492441435247279 0.00802363168577731
0.0 0.4748209579059373 0.3210975186941864 0.006551505051075246 0.008084836020475628
0.0 0.4810825916494247 0.3597055060489215 0.00745756426026638 0.006690898775566012
0.0 0.518212687831767 0.3938711817482787 0.01078980180543212 0.009337328485469953
0.0 0.5456631018814392 0.35912402836060486 0.007988603259790849 0.0077811070712250794
0.0 0.5487353863036419 0.2914637093083404 0.012282102135280937 0.00834255994094546
0.0 0.583329304207947 0.29768681324582985 0.00893270924727858 0.007468330682150892
0.0 0.6081667716659436 0.3742573235095538 0.008132901524080083 0.009124718783114272
0.0 0.6157045828346032 0.3593800646240413 0.010116536042148284 0.006744357361432307
0.0 0.6266527195016341 0.3474568951580466 0.006713839907308205 0.007171601719170084
0.0 0.635655368468252 0.3423452215922552 0.007019014448549399 0.007934538072273335
0.0 0.6596115699556926 0.33166411264881035 0.006713839907308383 0.0073241889897906805
0.0 0.6313829248908741 0.39048650547306724 0.00732418898979077 0.010833696214065557
0.0 0.6540522427842064 0.2982460535871791 0.006333023611213661 0.0075311632133352015
0.0 0.7194405325575568 0.3320974448492874 0.007975370527179493 0.007679986433580322
0.0 0.7088067051879842 0.3352728238554793 0.007975370527179493 0.009599983041975424
0.0 0.6900498152444322 0.3446512688272552 0.006498450059183192 0.011224595556771178
0.0 0.7065587518893853 0.38459008986621224 0.010043059182374314 0.007975370527179493
0.0 0.6413853045262752 0.38881063341599575 0.007352291991074544 0.006371986392264617
0.0 0.6116486457388359 0.47983687946998543 0.008627984989929161 0.00659787087465169
0.0 0.6310434518642474 0.43707323405838683 0.009295394300720794 0.010623307772251778
0.0 0.6515312597107341 0.4459892245100992 0.007777778904684851 0.008346884678198486
0.0 0.6229811200728058 0.48459356614676674 0.005311653886126244 0.007018971206666791
0.0 0.6281082837438563 0.5460836194301858 0.006305416034708777 0.00786482000028208
0.0 0.6373555207987194 0.5738945594171331 0.008881822586525345 0.005898615000211471
0.0 0.6167656205795684 0.9482676214324213 0.00924554411808387 0.008959599454637868
0.0 0.6258410366806652 0.9093741680362548 0.011119497428841107 0.008458067902899912
0.0 0.5377667516235033 0.8361354917891838 0.00776161126058863 0.010452303164258936
0.0 0.5380772160739269 0.8256314445498539 0.006933706059459155 0.0064162653087532105
0.0 0.5835085139859048 0.8298227146305719 0.007554634960306039 0.007761611260588453
0.0 0.6150467975267708 0.8246873336579806 0.006432795269038394 0.006940647527120447
0.0 0.6039586898919814 0.7867676983878604 0.008294920215339018 0.006940647527120092
0.0 0.7331612100606452 0.9601558678614694 0.009491827907218387 0.00808563118022292
0.0 0.7185719190180693 0.9476758719093862 0.008437180361971741 0.005976336089729628
0.0 0.7050372755207396 0.9097964475759508 0.007734081998474096 0.00826140577109733
0.0 0.7018733328850002 0.885891103217031 0.0059763360897299835 0.006152110680604395
0.0 0.7249876915849851 0.8867699761714032 0.005800561498855572 0.006152110680604039
0.0 0.7597031732826812 0.9495215051135675 0.009140278725469386 0.007909856589348507
0.0 0.7544299355564489 0.9400296772063493 0.007382532816725273 0.008612954952846152
0.0 0.7045978390435533 0.9192882754831689 0.004394364771859749 0.007558307407599685
0.0 0.762949611690378 0.7539851075557831 0.007206758225850684 0.00826140577109733
0.0 0.7667982371100569 0.6429693824804323 0.008518390174256218 0.006659832318054626
0.0 0.7503152945306167 0.6281538354407161 0.00774399106750554 0.006117752943329435
0.0 0.7016516233880938 0.5448514278987279 0.008048724227977644 0.005047505024325005
0.0 0.7746796994128987 0.5751638655860745 0.0073916827872817946 0.005451366055620355
0.0 0.7572584174944346 0.5036400976394552 0.007509532100833027 0.008385644179263707
0.0 0.7612009218473719 0.4917500051464696 0.008385644179263352 0.005381831338930354
0.0 0.8026050843206262 0.446794143585422 0.008578155534524168 0.012410948432928493
0.0 0.8621948033924486 0.3410434191781468 0.008116620393898443 0.006299466574368751
0.0 0.8555765900284484 0.30243496736368447 0.007874333217960938 0.00932805627358455
0.0 0.9770616497033254 0.3262311165051498 0.006099596784383365 0.00718881049588056
0.0 0.9374291732457578 0.35417441264016636 0.007301949875073888 0.008386397876322694
0.0 0.8227288077649224 0.8401022457749876 0.009796801617023832 0.008897095346072702
0.0 0.83434484810155 0.8030536644332154 0.008650576205240058 0.011854493318292114
0.0 0.8825638006529815 0.8116241427106292 0.011854493318292114 0.009451555483503427
0.0 0.9671654060364391 0.9080775822794089 0.006586998123821885 0.009196940776656958
0.0 0.9311764336216676 0.8002237695297225 0.009385133817377777 0.010181984801872001
0.0 0.9625630750966432 0.7854568157001531 0.00824335066758124 0.007150858410432015
0.0 0.9928355382668272 0.6696525583240425 0.008790425798158807 0.008977456134289774
0.0 0.9697382455670855 0.6413617636296886 0.005971198443776515 0.008472646440493569
0.0 0.9611208738354193 0.6135809860334589 0.00387320980136856 0.005325663476881637
0.0 0.9644695864761857 0.6153158612569885 0.004438052897401334 0.0057291228311909135
0.0 0.9912046053209993 0.5704388645715986 0.007887741298621265 0.009180813642657526
0.0 0.9521417780823119 0.5194022532227991 0.007075925350900292 0.006289711423022659
0.0 0.9687891097958581 0.5204066623233409 0.007421525822792319 0.0074215258227924965
