0.0 0.003447081043944156 0.446794143585422 0.006894162087888312 0.012410948432928493
0.0 0.06219480339244861 0.3410434191781468 0.008116620393898443 0.006299466574368751
0.0 0.05557659002844843 0.30243496736368447 0.007874333217960938 0.00932805627358455
0.0 0.1770616497033254 0.3262311165051498 0.006099596784383365 0.00718881049588056
0.0 0.13742917324575785 0.35417441264016636 0.007301949875073888 0.008386397876322694
0.0 0.022728807764922365 0.8401022457749876 0.009796801617023832 0.008897095346072702
0.0 0.03434484810154999 0.8030536644332154 0.008650576205240058 0.011854493318292114
0.0 0.08256380065298145 0.8116241427106292 0.011854493318292114 0.009451555483503427
0.0 0.1671654060364391 0.9080775822794089 0.006586998123821885 0.009196940776656958
0.0 0.33324975457980577 0.9091194541778982 0.009721730783559224 0.007263362079670798
0.0 0.3509611836510024 0.9112425907858018 0.006481153855705912 0.009274754655579188
0.0 0.3412417987642387 0.9522267686448114 0.00737510611166563 0.006592897887701099
0.0 0.5002773095113685 0.8869827220247052 0.007421229809965624 0.010364131286331712
0.0 0.5266994466796092 0.8815447519053337 0.006013755190834758 0.00921256114340636
0.0 0.6727681019778995 0.9642250067503827 0.009870697491876256 0.0110671456727097
0.0 0.7063282596693539 0.9200686510609476 0.011067145672710055 0.010468921582292979
0.0 0.7968219449774603 0.9212831579921577 0.01078867238596395 0.007911693083040206
0.0 0.8285500966612155 0.9488637363455046 0.009709805147367235 0.007791818945418427
0.0 0.8580648351359667 0.9967918760683064 0.00797937621348339 0.00641624786338717
0.0 0.8181679540685479 0.9870081550717975 0.009161506022888944 0.006353947725551734
0.0 0.7868731568147412 0.845057328433634 0.013260388476476237 0.008925261474551504
0.0 0.3646976466941238 0.8688156592714964 0.008989448751853146 0.0071579672352299895
0.0 0.33851396028290476 0.8550550843279071 0.007034554007036675 0.007281380463423659
0.0 0.2513763520249707 0.8527395785497667 0.0064237918215610534 0.007315985130111713
0.0 0.1311764336216676 0.8002237695297225 0.009385133817377777 0.010181984801872001
0.0 0.16256307509664314 0.7854568157001531 0.00824335066758124 0.007150858410432015
0.0 0.21437515243631608 0.7373152475932998 0.010235091772204542 0.007635703385613013
0.0 0.3054087165189053 0.8099291555403193 0.008018533473763512 0.005284942516798808
0.0 0.459775667296441 0.819116822266962 0.006007434944237744 0.006840148698884718
0.0 0.8413846231843927 0.7942796852485889 0.00785808616531014 0.007312385737163219
0.0 0.8728102257728896 0.7770694949672536 0.005013364422217137 0.004901956323945455
0.0 0.8729726338208511 0.7391802928604921 0.006454525262563493 0.007553167860446841
0.0 0.698463356796554 0.7705744553202392 0.007228430473366743 0.009242911097091877
0.0 0.7664680428984789 0.7594940539667199 0.01003979248158977 0.006652874535993369
0.0 0.6089879719805605 0.7637872775852234 0.007141924969809921 0.008898136027960035
0.0 0.48112345697579234 0.7396287436324969 0.006837214005639325 0.009786600439444548
0.0 0.4819278350941033 0.7160336521620552 0.007105340045076502 0.007105340045076148
0.0 0.39339424684693614 0.7256848332366392 0.009060310986788167 0.007294318167329372
0.0 0.35743138139057395 0.7269836042196491 0.01011074781914587 0.009797236258862441
0.0 0.258360260050077 0.713826074067546 0.006410458331365376 0.010256733330184531
0.0 0.24452008051265944 0.6961116702029562 0.010769569996693562 0.008846432497283984
0.0 0.1928355382668272 0.6696525583240425 0.008790425798158807 0.008977456134289774
0.0 0.2197211490856638 0.6658184364333561 0.009258001638486491 0.008416365125896696
0.0 0.1697382455670855 0.6413617636296886 0.005971198443776515 0.008472646440493569
0.0 0.16112087383541934 0.6135809860334589 0.00387320980136856 0.005325663476881637
0.0 0.16446958647618573 0.6153158612569885 0.004438052897401334 0.0057291228311909135
0.0 0.1912046053209993 0.5704388645715986 0.007887741298621265 0.009180813642657526
0.0 0.15214177808231194 0.5194022532227991 0.007075925350900292 0.006289711423022659
0.0 0.272449181421403 0.6185165100418224 0.005851235298884916 0.009752058831474564
0.0 0.26515633742569145 0.6124956737197815 0.007547245530445323 0.0077168465536017194
0.0 0.2297202147398149 0.50787053961869 0.006848919269773291 0.008751396844710158
0.0 0.25364387024464746 0.5037326508932021 0.007895281935988763 0.006753795391026251
0.0 0.24402550102649787 0.5714315000461873 0.008039519108989878 0.006072402731258464
0.0 0.23619979891508755 0.5743394112132688 0.004875027544813193 0.007269777917703735
0.0 0.30894920493723 0.6563604534840544 0.004401486988847481 0.007494423791821703
0.0 0.30478681862419477 0.5346777963400615 0.006085488991284293 0.006012169846811055
0.0 0.16878910979585804 0.5204066623233409 0.007421525822792319 0.0074215258227924965
0.0 0.32860383209945765 0.47448506537623203 0.00714068235974139 0.008796492762000164
0.0 0.29502192737864485 0.4796594728832909 0.0064162653087532105 0.0063127771586120925
0.0 0.222658850183862 0.4384004572149074 0.005230270697659733 0.006123243743601315
0.0 0.2699864216187809 0.4122491037266099 0.00625081132159302 0.007398919523518366
0.0 0.2786476557087781 0.3865935451038321 0.007271351945526305 0.008547027725443534
0.0 0.30986171200011353 0.340603203395669 0.006021605241019756 0.008269671197667527
0.0 0.34334706896961575 0.34120573420505573 0.005763974754953693 0.008375775815792075
0.0 0.36171109943980806 0.35588041006561766 0.006124223177138432 0.00693478212705374
0.0 0.3796845700549289 0.40737847615841244 0.004973587880971309 0.009014628034260319
0.0 0.35818542162585293 0.4354997888275426 0.0072272448895365216 0.005284437123531838
0.0 0.37800206083909804 0.4446309853277632 0.00613927254057387 0.00474045094905069
0.0 0.3563980384811288 0.46044544054303893 0.0030307801149668024 0.004041040153289011
0.0 0.3467440046639506 0.47165794587194865 0.005369843302331034 0.004637591942922015
0.0 0.3904767413000778 0.460082472615633 0.007138300707820377 0.006453806119399097
0.0 0.23562931013293262 0.6617731913209679 0.0071205910732007995 0.006880571149385162
0.0 0.44560366051866185 0.6477290335136218 0.007501766229431795 0.009351516806551708
0.0 0.4313173008363117 0.6145282472876935 0.006782418782773902 0.00822111367608951
0.0 0.48197029827938315 0.58804051175278 0.0057490887342698475 0.006723510553637624
0.0 0.4603659022612199 0.5594642875899951 0.00477466691490207 0.006138857462016922
0.0 0.4981734688526888 0.5562486955860816 0.004969551278775341 0.003995129459407743
0.0 0.4522078084825697 0.517416009349434 0.008239878387122345 0.008576199953943587
0.0 0.4546484216450146 0.44598715963662616 0.009431609357928038 0.008084236592509697
0.0 0.4871201052915957 0.44827769333783724 0.00673686382709171 0.006197914720924303
0.0 0.4425471642687514 0.4009107663502135 0.008084236592510053 0.006871601103633296
0.0 0.47049022685521835 0.325157631440831 0.008173640381859216 0.00715193533412668
0.0 0.5088041661451829 0.36921866162429 0.006641082810260457 0.007407361596059747
0.0 0.45133325721023637 0.3554256434799029 0.007151935334126591 0.005874804024461255
0.0 0.4451771006350794 0.36350847166956507 0.007789512767190842 0.005580546460076707
0.0 0.4477348510959473 0.3724024675903124 0.0059293306138311404 0.008254558305530235
0.0 0.4566869777089876 0.37559965566639797 0.004534193998812342 0.0067431603059260325
0.0 0.8546806857399186 0.6787358073639139 0.010015307821619501 0.006751892913451485
0.0 0.8101924954072878 0.7187283365328179 0.006199501386285533 0.006722350900791874
0.0 0.7630864169646792 0.7244840076328865 0.006942241238113311 0.007899791753714958
0.0 0.718038462176807 0.6718597702194252 0.007944674001821283 0.00749069263028872
0.0 0.7659468424587622 0.6670276023080887 0.007447748209062155 0.009764825429658864
0.0 0.7943973860443799 0.6184941123836454 0.008440781303603729 0.006951231661791013
0.0 0.7952249136231646 0.5819173934013641 0.010757858524200258 0.010261341976929472
0.0 0.7023150426076921 0.5911971802536296 0.009568304786306214 0.0062836628447383806
0.0 0.6745186107255379 0.5648156034304601 0.007711768036724109 0.007140525959930066
0.0 0.6138234295938275 0.4936969981627907 0.007656151499099905 0.010208201998799992
0.0 0.5864921230892213 0.44885233992462376 0.008199602962087127 0.010325425952257916
0.0 0.6022839510162044 0.46707367984037307 0.01062911495085359 0.009110669957874684
0.0 0.6402450758406821 0.4825618187687598 0.008806980959278832 0.010932803949449621
0.0 0.5621783818370059 0.3281544119620269 0.008556730504362519 0.007487139191317294
0.0 0.5987547323723386 0.3646775075486654 0.007398828118682132 0.007679796275087902
0.0 0.5922908710421444 0.32685962195190926 0.009178293109251357 0.007305172066546994
0.0 0.6350770851731742 0.34414263349590263 0.006186959987228136 0.008579251182289837
0.0 0.6453886851518881 0.3528868702778518 0.008496758382460001 0.0069293951856955974
0.0 0.6618872451178301 0.34587498229232644 0.004867075189952885 0.00841426558263043
0.0 0.8357801632021318 0.5785596823777578 0.0074879390267618366 0.006739145124085866
0.0 0.8245083718560509 0.5557298747695316 0.010067118024868904 0.007238341059203357
0.0 0.7554092648077472 0.48477338706192497 0.0071582396213905495 0.00873547886000221
0.0 0.8042485190172683 0.5033173852874088 0.007694657362985424 0.00644885569469249
0.0 0.8691233970835285 0.4990192251572364 0.007199640705566423 0.004145247678962427
0.0 0.8666689741157217 0.5036008146971425 0.008617751753632774 0.006326956983679644
0.0 0.7938851417994155 0.4625620111630962 0.0080949294023533 0.00545937099228464
0.0 0.8177463581191422 0.4688214623870087 0.0070595314555404794 0.005741752250506238
0.0 0.6967099468215912 0.35444405856653727 0.007074251497344264 0.009713897578442853
0.0 0.7834420046450055 0.3842204498944231 0.007926339525008074 0.005921977806040602
0.0 0.7383534414293285 0.35700908801471154 0.006696045344382995 0.010323069905923798
0.0 0.7560235610881169 0.36175212013364955 0.006882046603949377 0.007905053531563322
0.0 0.7626731061176084 0.34975503889163007 0.005859039676334987 0.00864905856982796
