0.0 0.1816587881047454 0.13605091133726654 0.00942995953723269 0.01768117413231174
0.0 0.16774959750850993 0.24479013951467765 0.009901457514094148 0.01827054660338856
0.0 0.059069313841902546 0.5792590168509015 0.009429959537233046 0.01885991907446538
0.0 0.005252511112577007 0.7722785011286337 0.010505022225154015 0.013555566834772215
0.0 0.3872319057376016 0.4610898363999536 0.008486963583509421 0.017091801661234918
0.0 0.3490405696118092 0.398616354465787 0.01037295549095596 0.011198076950463154
0.0 0.34243959793574613 0.4961574984290378 0.012258947398402498 0.022396153900928084
0.0 0.29458255328428995 0.32582885428777164 0.00801546560664832 0.01650242919015721
0.0 0.711386764829977 0.20972247748559303 0.00801546560664761 0.012966194363694505
0.0 0.4881324727859925 0.3529399879573152 0.010372955490956315 0.01650242919015721
0.0 0.46738656180408 0.30637956274222855 0.015087935259572305 0.014144939305848148
0.0 0.4489981407064761 0.2288770827955977 0.014144939305849036 0.0159130567190795
0.0 0.4930832015430392 0.13516685989434674 0.009901457514094148 0.014734311776926745
0.0 0.6510350237916878 0.0028998012464671596 0.01273044537526431 0.005799602492934319
0.0 0.9372140551538408 0.12646910925512334 0.011888012623058586 0.013295803591578448
