0 0.101961437496329 0.7870332635645105 0.004420293533077846 0.003683577944231615
0 0.1273781253115266 0.5601985337587324 0.003683577944231562 0.002946862355385278
0 0.11301217132902361 0.536918321151189 0.0035362348264622767 0.004420293533077811
0 0.16450859098938053 0.5546731668423851 0.00309420547315451 0.005157009121924148
0 0.07271382861913057 0.5603458768765016 0.0036835779442315354 0.003241548590923813
0 0.1571414351009174 0.5015559728865663 0.0033888917086930272 0.0035362348264622767
0 0.13061967390245036 0.4624363751188274 0.0036835779442315085 0.003683577944231473
0 0.1673081102269965 0.4344411827426676 0.00309420547315451 0.0039782641797700795
0 0.20016562548954175 0.43628297171478336 0.0016207742954618353 0.003241548590923813
0 0.1491112351824927 0.268164474340056 0.0026521761198467254 0.003830921062000776
0 0.1592779103085717 0.2869507218556368 0.0029468623553852422 0.003978264179770044
0 0.114927631860024 0.22963424904339413 0.0038309210620008118 0.003683577944231544
0 0.13725011420206712 0.21475259414869868 0.0036835779442315262 0.003388891708693045
0 0.20119702731392664 0.15839385160195615 0.002799519237615975 0.0023574898843081726
0 0.21703641247412228 0.16546632125488073 0.004125607297539311 0.002946862355385207
0 0.21556298129642962 0.1852839705948464 0.0035362348264623123 0.0027995192376159394
0 0.2437055167903586 0.1345242665233358 0.002652176119846672 0.0035362348264622767
0 0.36784209351096137 0.24775745252901327 0.0045676366508470775 0.003683577944231544
0 0.28451956041244403 0.27192172384317215 0.004420293533077846 0.002210146766538941
0 0.2561560102418612 0.39222737950177416 0.0030942054731545455 0.004714979768616345
0 0.35789643306153635 0.34993990470199615 0.0041256072975394175 0.002652176119846814
0 0.21283713361769827 0.32592297650560653 0.0036835779442315085 0.003536234826462348
0 0.2161523537675067 0.31450388487848874 0.0032415485909237773 0.003094205473154439
0 0.23118135177997134 0.4565426504080568 0.002946862355385278 0.0033888917086929383
0 0.24473691861474342 0.4502805679028633 0.0026521761198467432 0.0032415485909237417
0 0.2482731534412057 0.447923078018555 0.0038309210620008118 0.003830921062000883
0 0.2767840467295578 0.48299074004763926 0.0036835779442315796 0.0038309210620008118
0 0.21386853544208315 0.48004387769225404 0.003388891708693045 0.002062803648769602
0 0.20583833552365838 0.5238784552286093 0.0032415485909237417 0.0030942054731545455
0 0.26138669092267 0.5467903100417295 0.004714979768616345 0.004714979768616345
0 0.24532629108582044 0.5274883616139563 0.004714979768616381 0.0035362348264622767
0 0.26521761198467075 0.568449748353811 0.0032415485909237417 0.005599038475232021
0 0.27899419349609667 0.7083520386757249 0.0045676366508470775 0.005746381593001218
0 0.3371210534560704 0.7193291009495348 0.005009666004154951 0.0038309210620006695
0 0.35406551199953556 0.7148351358575722 0.004714979768616345 0.003683577944231615
0 0.35008724781976547 0.7015742552583387 0.004125607297539346 0.004567636650846935
0 0.30676837128273293 0.7840127278343166 0.002946862355385207 0.004420293533077882
0 0.30242174922140935 0.8111975348786694 0.0030942054731544744 0.0045676366508470775
0 0.2133528345298907 0.8055248248445528 0.005009666004154951 0.004125607297539346
0 0.26845916057559455 0.8948147542127254 0.002946862355385278 0.004714979768616416
0 0.2512936873554756 0.9430696252821584 0.003978264179770044 0.00338889170869308
0 0.3710099705430005 0.8652724590999884 0.0026521761198467432 0.004272950415308685
0 0.3590751780036904 0.8496540886164468 0.0032415485909237417 0.0027995192376158683
0 0.35701237435492067 0.8740393746072594 0.0038309210620008118 0.005599038475232021
0 0.3420570479013406 0.8314572135719429 0.0025048330020775466 0.004125607297539204
0 0.4723083640093678 0.8024306193713983 0.0025048330020774044 0.0032415485909236
0 0.40254139774562264 0.8382349969893288 0.003241548590923813 0.004125607297539204
0 0.396058300563775 0.8265948906855571 0.004714979768616345 0.0035362348264621345
0 0.3903119189707738 0.8072192706988994 0.004420293533077811 0.003978264179769866
0 0.40408850048219974 0.7837917149735867 0.0030942054731544744 0.003683577944231615
0 0.45344844493490244 0.7494607685333485 0.0039782641797700795 0.00397826417977015
0 0.44239771110220777 0.7468822639723868 0.003978264179770008 0.002946862355385207
0 0.4638361347376353 0.738631049377308 0.002946862355385278 0.0032415485909237417
0 0.506197281096298 0.7361998879341152 0.0030942054731544033 0.004862322886385613
0 0.4673723695640976 0.6897131342779131 0.004125607297539275 0.0032415485909237417
0 0.5430330605386134 0.4941151454392187 0.0030942054731545455 0.0030942054731544744
0 0.5487794421316146 0.4865269748741017 0.003683577944231544 0.0038309210620007406
0 0.5408965853309592 0.47938083366229245 0.0038309210620008118 0.003978264179770008
0 0.558283073227732 0.48269605381210084 0.0017681174132311384 0.004125607297539346
0 0.5528313778702693 0.449543852314017 0.0041256072975394175 0.0038309210620008118
0 0.4292841736207435 0.4244955222932424 0.00338889170869308 0.0035362348264622056
0 0.3956162712104673 0.4199278856423953 0.004125607297539275 0.0032415485909236706
0 0.4718663346560601 0.4404085790123227 0.0033888917086929383 0.002652176119846672
0 0.5034714334175666 0.38736505661538856 0.003536234826462348 0.0032415485909236706
0 0.5078917269506446 0.3953952565338133 0.003536234826462348 0.004272950415308543
0 0.4609629439411347 0.3393312002226094 0.0030942054731545455 0.0038309210620007406
0 0.46081560082336553 0.11603270524329347 0.0033888917086930094 0.003978264179770061
0 0.46317309070767365 0.13879721693864436 0.0025048330020774755 0.004420293533077864
0 0.6409867250854873 0.8358930957407128 0.004301583514922669 0.004301583514922669
0 0.6413777781322983 0.8276809817576786 0.004301583514922598 0.005083689608544831
0 0.5925939105426078 0.8195666310363472 0.005670269178761629 0.0037150039447057283
0 0.6485144962366018 0.7852517261786691 0.0033239508978947186 0.003910530468111517
0 0.6801897930283047 0.8310049326555735 0.0033239508978948605 0.003910530468111517
0 0.5428793922355752 0.7816172773137808 0.00371500394470587 0.0033239508978947186
0 0.603590377753006 0.7056552229707154 0.002346318280866981 0.0035194774213002235
0 0.6645946530555449 0.7416321032773411 0.003910530468111517 0.0035194774213003653
0 0.6604885960640279 0.719537606132511 0.004692636561733821 0.004692636561733821
0 0.7020379822877123 0.716409181758022 0.0037150039447060123 0.004692636561733962
0 0.7553189599157311 0.7073171984196628 0.003128424374489214 0.0041060569915170216
0 0.7153337858792912 0.6622483347746779 0.00371500394470587 0.005083689608544972
0 0.7575675149348952 0.6809211177599104 0.002541844804272557 0.0033239508978948605
0 0.6486592413979906 0.6546228003618607 0.002150791757461121 0.003910530468111517
0 0.6182548670084239 0.6055456429870617 0.003910530468111517 0.003910530468111446
0 0.7058507494941209 0.5699598157272473 0.003128424374489214 0.004692636561733679
0 0.7325401199389817 0.5995820840231917 0.00371500394470587 0.004497110038328245
0 0.7279452466389509 0.6078919612679284 0.0031284243744893556 0.004301583514922598
0 0.643477788527743 0.4753249783989496 0.004692636561733821 0.0035194774213002946
0 0.590685627208238 0.33366601219161146 0.0035194774213002946 0.0041060569915170216
0 0.5825712764869068 0.31352678028083736 0.0041060569915170216 0.005279216131950513
0 0.6062299858189811 0.3573247215236859 0.0037150039447057994 0.004888163085139254
0 0.6152242058956375 0.3807879043323548 0.00371500394470587 0.002932897851083638
0 0.619134736363749 0.38743580612814427 0.0033239508978946475 0.00371500394470587
0 0.6605863593257307 0.3039459806339643 0.00371500394470587 0.004497110038328209
0 0.702624561857929 0.3328839060979892 0.0033239508978945764 0.0041060569915170216
0 0.709467990177124 0.32183665752557433 0.0029328978510835668 0.003910530468111553
0 0.6815076973301271 0.286641883312571 0.00371500394470587 0.005083689608544936
0 0.8242420594161959 0.22563760801003205 0.0041060569915170216 0.0043015835149226335
0 0.7977482154947407 0.31851270662767944 0.0043015835149223846 0.0031284243744891783
0 0.7778045101073721 0.4323091432497234 0.004301583514922527 0.003910530468111517
0 0.826001798126846 0.4130497806942744 0.00371500394470587 0.0033239508978947186
0 0.6864936236769691 0.5064136956204358 0.0035194774213003653 0.0035194774213002946
0 0.811728361918239 0.5380889924121388 0.0029328978510834245 0.005865795702167205
0 0.857677094918549 0.5726971870549252 0.0033239508978947186 0.004301583514922598
0 0.8266861409587655 0.8987376648337192 0.0035194774213002235 0.004497110038328316
