0.0 0.31693659365863047 0.9628341694162035 0.017234777353593956 0.015114991903686814
0.0 0.19870479679704545 0.9468290686112095 0.011388165512077464 0.018005613039366607
0.0 0.2683650132098029 0.9550582185078372 0.012349595285243353 0.010888890466558365
0.0 0.3567131286849742 0.9052606486719895 0.01320340557633557 0.012648122164247867
0.0 0.2642547075785215 0.8168838593769188 0.0130406335991335 0.01511250996535125
0.0 0.27973284278496974 0.8257807402436175 0.011578132634744876 0.016087510608277
0.0 0.3601846383581332 0.8059928287737936 0.015858568510299875 0.015175009522786808
0.0 0.43181887232821053 0.840046359213287 0.018200654732770615 0.021226476541290396
0.0 0.16460667407911292 0.5864802713683058 0.013746817360065578 0.014502136995234593
0.0 0.11540350542114908 0.4965742152015501 0.013686669982480738 0.013295622268695694
0.0 0.1734864607864866 0.47892490911676655 0.010865090522029419 0.014329322282675605
0.0 0.15376232726455613 0.40482515919641526 0.012737402973705158 0.016841677265232134
0.0 0.38945492923907 0.5807145021992326 0.013532665048315805 0.01444497954595434
0.0 0.4928682555614451 0.7635449129814177 0.01656896105075063 0.01656896105075063
0.0 0.4792245434250626 0.5680698849973982 0.009238344284283074 0.012436232690381388
0.0 0.5059742095709883 0.6549869968986286 0.013747054797872239 0.01681992587033747
0.0 0.516250023919657 0.5756359294033573 0.013707550282437354 0.015606789176992208
0.0 0.5498902750030256 0.4709313487067931 0.01231648595705721 0.014352268759876807
0.0 0.5281815584102031 0.43254983978115613 0.011198083461895436 0.016544998009806022
0.0 0.4551045595104915 0.5730057358992436 0.013074228570072677 0.011206481631491272
0.0 0.39258848793270185 0.5334785630700989 0.009822369770016692 0.011824988849340912
0.0 0.44357215617241136 0.47153520883705724 0.011766920473320397 0.016351434943445042
0.0 0.4697615915822258 0.4288964463907341 0.010021515707111916 0.008966619316889534
0.0 0.45987193792389147 0.42170996473234473 0.010285239804667867 0.011999446438779416
0.0 0.990664162542544 0.6782182422926372 0.010915749726915891 0.018509314754335548
0.0 0.8866499541129524 0.6216962016999392 0.013800621346764786 0.012150547055303917
0.0 0.8801503707517753 0.9055147802033453 0.01434519849193805 0.011891414539369548
0.0 0.992977731667305 0.53904012731747 0.014044536665389984 0.011995449000608716
0.0 0.6940293511621016 0.7084659124513 0.01535997286716082 0.01228797829372823
0.0 0.6547237671540025 0.6998180731006542 0.012965463031524394 0.010704045060909806
0.0 0.7192360692262234 0.7544363086974126 0.012865848205570884 0.014581294632980501
0.0 0.7169563819535378 0.317573104896325 0.014326084145220363 0.012711877480970201
0.0 0.7478224151829076 0.3816404562001477 0.012106549981876569 0.014527859978252167
0.0 0.7628547147437376 0.37911825828725687 0.012308325814908016 0.01190477414884512
0.0 0.8777521476248825 0.3463866991621593 0.011919650717089069 0.014196437932712058
0.0 0.9306462860881638 0.39415056557747724 0.014477204458115267 0.013842239350302066
0.0 0.8960653845799499 0.35005911643752086 0.010807191573274366 0.014782250542754838
0.0 0.9095943963755253 0.3741655002946178 0.0121729910074734 0.012807000955778847
0.0 0.8693465416910413 0.36844595523310664 0.013129707173403204 0.014849073588968054
0.0 0.9089332773295947 0.3010205053852328 0.015226765799256015 0.011717472118959193
0.0 0.5811529635365422 0.14595694560992634 0.012948356600028887 0.015414710238129459
0.0 0.8991308932590563 0.036433347005990414 0.00941298933265955 0.01268707257880095
0.0 0.16318907614017011 0.23023277777352327 0.010725538819392 0.015257456630402544
0.0 0.1689170204599911 0.3026450130795489 0.013694461658941748 0.010546309553438249
0.0 0.28810785203711653 0.4078024483451429 0.014854879458556524 0.014854879458556524
0.0 0.39965299976846874 0.34988413344260605 0.01589145034658266 0.013113224761515597
0.0 0.573532455284885 0.30958879623883495 0.013763146273332439 0.01225780214968637
0.0 0.6112024507475372 0.262317694216771 0.01298923331269144 0.008849807311943892
0.0 0.5119997214845867 0.21246954515394273 0.012583398877065832 0.010403926649691897
0.0 0.4979900365015178 0.10791470402351813 0.016057447526544522 0.011921438315161481
0.0 0.4545489116761619 0.1473422444794327 0.011434848996175617 0.012651322293640988
0.0 0.7374324247868375 0.21069688683962545 0.010140456554796983 0.014430649712595311
0.0 0.8432065045810309 0.17278941593518304 0.010521806722277916 0.015356150351433229
0.0 0.8306940857761596 0.13070218904607067 0.013934284578151334 0.0119436724955591
0.0 0.9126553893529991 0.22364180028666175 0.014514132079442276 0.010740457738786801
0.0 0.35368777118798056 0.11843425887907096 0.01055969355443125 0.012707427836687657
0.0 0.3600414851063247 0.12702519600809978 0.008590937129028475 0.01127560498185005
0.0 0.2973070290569721 0.0414579763677569 0.011747212665309448 0.012229974829637058
0.0 0.4828551360441084 0.014924408347093987 0.014953552520822911 0.011901807108409912
0.0 0.12056759405351461 0.11751186464702883 0.01592622102164576 0.014815089322461006
0.0 0.029792854135686574 0.14377038262605418 0.014750267862475751 0.011940693031527871
0.0 0.7084279038624153 0.6553772265597981 0.013956549249943606 0.013956549249943606
