0.0 0.963239900355287 0.9425090964874666 0.013486833814409493 0.01257247219987363
0.0 0.9776506463266823 0.8599783554792317 0.014102087344279823 0.011305983819121224
0.0 0.9071392789456467 0.999607564196461 0.014416179099974613 0.000784871607077875
0.0 0.6598583502512092 0.9200918370847774 0.013205684880666268 0.01514769736311763
0.0 0.8002330323537045 0.9235460117522006 0.010324306454553778 0.014454029036375715
0.0 0.8147664791320377 0.9002766133584746 0.012389167745464391 0.0095301290349731
0.0 0.7436695681730168 0.8804585321104856 0.014774541677098796 0.010936998384345743
0.0 0.750129035238557 0.8648886581653823 0.011084640173589833 0.012268436696982831
0.0 0.739259630796494 0.8415893902276913 0.015604590535636476 0.010223697247485574
0.0 0.8035493253885122 0.8430517058724487 0.0106922499581124 0.016038374937168955
0.0 0.8650290808063048 0.7732886569548075 0.016025434848979357 0.011937313714035724
0.0 0.9297635899575951 0.6769137482142629 0.012791328941544578 0.011468088016557233
0.0 0.9971250745964564 0.668579542542348 0.005749850807087143 0.011236421137250475
0.0 0.9042004256822576 0.4815239754543681 0.012654616955227738 0.012330139597401413
0.0 0.8544479148634381 0.45357174493135305 0.012543630372046977 0.010886924473852134
0.0 0.754141325360397 0.4779196393288226 0.014032729086275708 0.011251467465572419
0.0 0.7572386394379983 0.48872863335473793 0.01340062417247978 0.011125046482813516
0.0 0.7673872000897728 0.5384409496814928 0.01489016600469526 0.011912132803755072
0.0 0.7725706889670082 0.5573449896564788 0.013188432747014645 0.011203077279722251
0.0 0.6653401398177603 0.6648865052408333 0.015621001052851824 0.011610203485227543
0.0 0.7181137920233411 0.6630922010658438 0.011821298094049837 0.014776622617562296
0.0 0.7052586756441478 0.5766534914347607 0.014987717226384945 0.012454581920516716
0.0 0.9173972439911608 0.4555807160449776 0.01338800274899512 0.011855025334988056
0.0 0.6009881206176579 0.6506860670169953 0.011979641586609802 0.013250209633674358
0.0 0.6178672810118577 0.7853059032946694 0.013794738796701723 0.012705680470646996
0.0 0.5855173732327174 0.7428363257094578 0.018932105162586053 0.01187559323834968
0.0 0.5309050741944805 0.7386326433363871 0.014568475310862538 0.009838450859284009
0.0 0.4945789861505691 0.7543832458819523 0.012127643074081363 0.0101569010745429
0.0 0.5139695176241815 0.7988052464237558 0.011265494760091598 0.012457037475100918
0.0 0.5321114603471543 0.8472904602094935 0.011786361121478706 0.010692781223609416
0.0 0.5293624420438601 0.8726900457971822 0.011752073922009032 0.013019454443010402
0.0 0.39300126864902546 0.9354700875898431 0.011933440406221508 0.012773823533419914
0.0 0.0991308932590563 0.8364333470059904 0.00941298933265955 0.01268707257880095
0.0 0.043206504581030813 0.9727894159351831 0.010521806722277916 0.015356150351433229
0.0 0.030694085776159598 0.9307021890460707 0.013934284578151334 0.0119436724955591
0.0 0.013194822775234982 0.6485918490165126 0.01115820356662951 0.014265551395311249
0.0 0.06956538176591778 0.49320192131092105 0.011094944407930286 0.013493851306942518
0.0 0.19393754468314767 0.49612950762552244 0.013454714172130622 0.012974188665983277
0.0 0.21950982902762634 0.4305056898672902 0.013935239678278321 0.014656027937500227
0.0 0.15105799436133402 0.3568912607350363 0.010780465620064206 0.011402415559683021
0.0 0.206100564017623 0.35440346097655995 0.013060948732001521 0.011402415559683377
0.0 0.01929842157838806 0.29020905514512735 0.011351784434639712 0.01356994920922432
0.0 0.395882941804712 0.806330757318397 0.008962731361391007 0.014745138691321814
0.0 0.41033896012953724 0.7592041375794674 0.012432175759349207 0.010697453560370818
0.0 0.3859082891605826 0.7894172158783517 0.005782407329930806 0.009251851727888293
0.0 0.36781595229932657 0.6721530221048869 0.011974782919760684 0.013721105428892244
0.0 0.3585853904653444 0.6544403223694081 0.012473732208083987 0.015716902582185454
0.0 0.4894328572664971 0.6864332434827795 0.01099792339931156 0.011797772373806836
0.0 0.32162483457979507 0.5527346806328509 0.008814626555202664 0.008358697595450692
0.0 0.3784639782288604 0.5673244073449105 0.011854152953548436 0.011094271353961816
0.0 0.3459260946154437 0.46766991365478994 0.012249015478038671 0.012681333671381623
0.0 0.2756153955798812 0.36960359947200094 0.010661186676772872 0.013514180294500022
0.0 0.37906011120349914 0.35653938053570255 0.01082099322758765 0.012244808125954165
0.0 0.3932305004119868 0.3250992120130233 0.01405488458055899 0.009902305045393689
0.0 0.1340874255493844 0.21862185186527672 0.011661157746397777 0.011509714139301153
0.0 0.1411824169595775 0.19243927678900086 0.010702434362362113 0.011042194183389498
0.0 0.245490700859812 0.17371258368936413 0.013820878375653933 0.010679769653914307
0.0 0.401319970607889 0.18068151477681393 0.012769416824070134 0.011553281888444289
0.0 0.3308854889195665 0.17095243529180823 0.014593619227508726 0.011147903576569007
0.0 0.48221937395899667 0.22775200352277558 0.01159556110016311 0.012732380815865696
0.0 0.5448131186557716 0.17488379855217975 0.009809329501324982 0.015302554022067127
0.0 0.542880941375033 0.28148859112699165 0.009189726818187438 0.013542755311011945
0.0 0.5592047982231279 0.2807630863781874 0.012333580729671922 0.011124406148331545
0.0 0.6319915483871241 0.31356936164172955 0.010548316936640845 0.012612118076418355
0.0 0.6191282596454638 0.018966223044315455 0.014437586276923754 0.012227751642700468
0.0 0.5839918889613195 0.02368053693065786 0.013111685496389214 0.012817040878492846
0.0 0.25585143915211433 0.23244450231924924 0.013852182160905358 0.012426222232577189
0.0 0.019144929295784506 0.41842506553222397 0.012343907708456215 0.01348686212590593
