0.0 0.40425825380841535 0.9851392023044007 0.017791754442408304 0.012355385029450616
0.0 0.4814893545976739 0.9342018427336285 0.016062000538285305 0.01383803123298435
0.0 0.7143477994318509 0.8570420126636936 0.01470999142392504 0.013372719476295458
0.0 0.6923783317207938 0.837460530573404 0.017384535319184203 0.0139458360252803
0.0 0.5722464082101214 0.7675842980786433 0.013022564338203502 0.013681934684441543
0.0 0.5305412338105582 0.7661831360928872 0.013352249511322611 0.010220240366691159
0.0 0.5157924533447963 0.7155627408283982 0.017143629002192108 0.013846777271000832
0.0 0.570683039021385 0.6947145262519239 0.009060592091912411 0.014422983329983197
0.0 0.6591047424049878 0.6108834971990177 0.013635463820051364 0.013783675383312755
0.0 0.5203850751756189 0.4887758137511236 0.015250332985944581 0.013517340601178063
0.0 0.3633765911348092 0.519773754076249 0.016965641036091484 0.015106392703368953
0.0 0.3305259340500575 0.5018514493097129 0.010949335985984732 0.013034923792838882
0.0 0.31111471726903545 0.4541625216333527 0.013966682922545371 0.010629510896804462
0.0 0.45754746137625524 0.4910072702700582 0.013342571141655846 0.01135921597195022
0.0 0.6210748708681053 0.4749642770097379 0.015479453623449402 0.010000001013379034
0.0 0.7175911166720743 0.5148767534586696 0.014449561318260607 0.01114460846355172
0.0 0.7193243738645057 0.49937964196927676 0.012324388569324541 0.0103076704397985
0.0 0.4494679620849126 0.5245610173177179 0.01566817607135551 0.009707456913774592
0.0 0.5060605897354467 0.37690170691014463 0.014469214648908135 0.01153015542334863
0.0 0.5037754257190635 0.4337392614505001 0.00919662782158035 0.010450713433613857
0.0 0.5430941659504847 0.403751339868179 0.012985424676991642 0.010941422644502197
0.0 0.5212459607692187 0.17174054746857462 0.009485540048731344 0.010819444118084576
0.0 0.44727237742980847 0.18802485841761757 0.011102365308020445 0.007729494834697803
0.0 0.3081176454026089 0.11888949012659697 0.010521739478938929 0.01485422044085496
0.0 0.23400874697423948 0.020239524369761598 0.015704434479546947 0.013718816326960592
0.0 0.4432607626329551 0.056537539035386074 0.010909277381953863 0.010345004413922254
0.0 0.3700929974440353 0.054576573349451964 0.01272957751365933 0.010982380600019681
0.0 0.9205675940535146 0.9175118646470288 0.01592622102164576 0.014815089322461006
0.0 0.8297928541356866 0.9437703826260542 0.014750267862475751 0.011940693031527871
