0 0.1263307043151298 0.5578560007201252 0.005559923263252582 0.0038610578217033262
0 0.1504654233117731 0.5419380758542589 0.00501937516821414 0.004324384760307609
0 0.10293557346025378 0.5943297100247156 0.003177842467237895 0.0031265869435727466
0 0.2205000048986998 0.7080277132537206 0.004988651316185688 0.004753891254247549
0 0.19242103955132564 0.6837609763577952 0.004750231645761893 0.004892029605336745
0 0.18959759619432567 0.6745612765687432 0.004135560779246603 0.00540804101901486
0 0.22275875173645163 0.6858813270540517 0.004666461671930691 0.005009583853690174
0 0.2247410634551619 0.6673982649899375 0.003387057311447421 0.0040028859135288995
0 0.2458464511733343 0.685062053991208 0.004243225373229684 0.0057362120786253
0 0.13940666377871913 0.8797589023611784 0.004464185689947886 0.0055369744991601525
0 0.08357574537537751 0.8409050361575013 0.004306612678687091 0.005195278786987671
0 0.15696436146128792 0.8259142152504505 0.005137610150690008 0.005214290899207868
0 0.16796804887358666 0.8214283914621615 0.004754206408101211 0.003910718174405901
0 0.18991311847822565 0.8309388411974945 0.005359435992935566 0.0042346160931836605
0 0.2823691865439789 0.8931186156633134 0.00585537626780539 0.0051234542343297565
0 0.2953150575110799 0.8901909275294108 0.004300041946669566 0.004391532200854016
0 0.2934852524273907 0.873493956140747 0.0057638860136209405 0.004483022455038537
0 0.27186329030912093 0.8420762995137636 0.00430004194666953 0.004208551692484974
0 0.2682036801417426 0.8384166893463854 0.0039340809299317665 0.0049404737259608564
0 0.2881843128950896 0.8355933706731097 0.00482762164327788 0.005079060270531954
0 0.3007562442577924 0.8414770345508544 0.004928197094179545 0.005280211172335214
0 0.30670988454647985 0.8231676397408664 0.0042090244930261984 0.0046429445438536734
0 0.2961005393037488 0.8254891120127931 0.004599552538770979 0.005380608630260326
0 0.349042685518322 0.8008856779425636 0.005385867922998102 0.004723434969902058
0 0.3120952489990767 0.795884083941003 0.003558801722524194 0.005626754074801994
0 0.3338640666280634 0.7984556932836991 0.0038592485266385522 0.0034027782707995867
0 0.36147285271405444 0.7828939527099967 0.004126064242604883 0.003952538176327351
0 0.33257959611828797 0.7552762060552871 0.004075197999729241 0.004722659364172301
0 0.33741651337030304 0.7580564813261305 0.0036181664483577692 0.005027347065086474
0 0.36255769948691663 0.7518727589918105 0.004955802659468702 0.004742190475870984
0 0.3849433976025658 0.7625144872541522 0.005687704603990837 0.006633273919153226
0 0.3014395856497228 0.6832750848025956 0.0042958804250205415 0.004531917811010828
0 0.2860635954441091 0.6551794422504844 0.004277084369525248 0.004154881958967422
0 0.30421451899577706 0.6496640340989895 0.0033953407881341493 0.004477913213336109
0 0.2980507272701738 0.6265078622488798 0.003980438429282885 0.0052630241453849895
0 0.24803322076166254 0.6038681528295318 0.0035176737397437916 0.004098854618484111
0 0.18506349509322512 0.6156244057422796 0.005521116119709326 0.004697791786068351
0 0.2232336873224534 0.5178256289574042 0.0045968723199765905 0.004178974836342419
0 0.21636822866274805 0.5117064158041887 0.0054326672872450745 0.004358073757899987
0 0.17882700256566295 0.489870093149576 0.00406955135568861 0.004275604588887987
0 0.16579413556579944 0.48943223002902725 0.004172577972288316 0.003193825114591036
0 0.16118514167024883 0.47361335650887443 0.005357384063185009 0.004327117897187804
0 0.1783384496941828 0.4670982894537262 0.0028314350287226373 0.004507182290619696
0 0.2059702320015587 0.44090109287469303 0.004261082443766071 0.004307398557285253
0 0.16262033599238093 0.4027424417972261 0.004765729058107659 0.0042241689378681
0 0.11355518472962788 0.41242929814882784 0.0053017628237785885 0.004720747719802815
0 0.10328935439064296 0.4068285779092853 0.0034216674956202373 0.004073413685262182
0 0.09722334914657357 0.3919257880104227 0.004364588413295429 0.0033217221552514077
0 0.14298358168007977 0.4034397719593932 0.0041695534817674405 0.0035497549912344795
0 0.1940858971462829 0.3984263365655431 0.0048373292573279155 0.0031250003166809395
0 0.22424722396002322 0.41089898545583425 0.004515487911956413 0.00348269014485993
0 0.22478886683265803 0.406056138115399 0.0038513714279139323 0.0032211470124370576
0 0.14045873815153517 0.4139253179117868 0.0048963050222985945 0.003033580285554578
0 0.1581439342923271 0.3677817834094202 0.00452162957778377 0.003603173569796425
0 0.15742982053720736 0.3855435192032813 0.0028739461942438637 0.0032658479480043214
0 0.16971692685952644 0.37617229370880595 0.004057945211559897 0.003419194576406923
0 0.16288936274038085 0.30366892108392957 0.0029642312652285695 0.003381076286901461
0 0.13977261794681514 0.3087577682555055 0.0034694891587564135 0.002415467135843059
0 0.09628676418831528 0.28715296566456155 0.0032880435871684276 0.004641943887767148
0 0.07312773342944984 0.2563248513655505 0.004907635774858434 0.004287130102175176
0 0.13851898832279846 0.26766798094855815 0.0034091491818606023 0.003232813879350651
0 0.11565406170126102 0.26705517917170374 0.0039779929730185334 0.0034319939375061282
0 0.1391145689280113 0.219365711945411 0.002867393876519042 0.003584242345648789
0 0.10032289496174021 0.18632540637786066 0.004722583170695635 0.0034462093407779193
0 0.37170466538720937 0.6814732819372602 0.0042289578275986625 0.0045140561081107936
0 0.4040213298629516 0.738607785306693 0.005177800328359581 0.005177800328359581
0 0.39975766982033206 0.677521839061687 0.002886982588838478 0.003886322715744086
0 0.40811694049093383 0.7046834365308214 0.00429595462433511 0.005256226834480487
0 0.4113281324748928 0.6798862279385491 0.004283609463261726 0.004877121617810048
0 0.4218407109384455 0.6471660464708728 0.003848901861580387 0.0044850839874614225
0 0.41505673700318846 0.6351718249316113 0.0034994010818422796 0.005170311878064453
0 0.3922201748470286 0.6790642924685136 0.004085696428147685 0.0035020255098409336
0 0.3726839024789693 0.6667120509594059 0.0030694905531301942 0.003695309015418928
0 0.38861629880387855 0.6473547527615804 0.003677162647912624 0.00510982341982654
0 0.39680049736944556 0.6340301394971044 0.0031317236584724384 0.0028020685365279974
0 0.3937099806012161 0.6317843639788577 0.003214137438958673 0.0037498270121184875
0 0.6005382360958698 0.9121532575564362 0.0039092511867686855 0.004786838187880136
0 0.6273445299479984 0.9116745737376482 0.0050261800972740646 0.004148593096162756
0 0.6354422645491622 0.9126319413752242 0.0030316641856573765 0.004786838187880136
0 0.5558712782757868 0.9059817638018872 0.00366607231673612 0.004131605309337374
0 0.5734065526353587 0.8950150736573943 0.0053639003276891375 0.00432438476030768
0 0.5783466123587739 0.88155201926751 0.003531505580527323 0.005330574461173256
0 0.7643548931955658 0.8182698782052471 0.004252386099592229 0.005179188198221425
0 0.6673075210618405 0.7701159817794992 0.004931610034423386 0.006180118903897664
0 0.6476965187634721 0.748592015415468 0.004524688111115722 0.004147630768522532
0 0.6626014765634259 0.7570191924417661 0.004229592047261974 0.0057099492638036506
0 0.6537827771448848 0.7597049833917774 0.004102704285844254 0.004906326774823952
0 0.559582550794545 0.7119432007164491 0.0034111717896612246 0.0057841608607297704
0 0.5270781106602976 0.694280063031231 0.004312694170863978 0.0037970459547824477
0 0.5250469908599298 0.7829733688135454 0.004482874528730747 0.0037160670435530106
0 0.45485495890281763 0.8569105781508171 0.003971071198965035 0.005984572088581217
0 0.6162832062703895 0.7851663395365164 0.005672395759436455 0.005489415251067556
0 0.5915276584372928 0.7102513071042117 0.003978809046657617 0.004586682651007976
0 0.5603481367931871 0.6684500397867094 0.004474109002242983 0.003748577812690144
0 0.5763740691673318 0.6754292301854596 0.005199640191795894 0.004595030867168646
0 0.46688417223815676 0.7213955976410312 0.0047999915209877035 0.003839993216790134
0 0.45460117723562576 0.7186931478439544 0.00405170719735132 0.003345014081534288
0 0.4747612716331948 0.7357613464679414 0.004020577564240853 0.004556654572806309
0 0.4740488693604806 0.5992415952801016 0.004476901295381381 0.0039724617128031525
0 0.48369450474465864 0.6192626425625462 0.0037832968693363965 0.004539956243203704
0 0.488392098357418 0.6184744557147678 0.0038463518171587907 0.003720241921514074
0 0.5242975461327758 0.6082458434881748 0.0037248908490902723 0.004436386853972607
0 0.5408269644025512 0.6231720517429616 0.004524126393161013 0.004325699796969375
0 0.7189761712319205 0.7162303114963552 0.004040211059269723 0.004582925977679082
0 0.6144911662741273 0.6745931853482797 0.004078938712889766 0.0041706002569995345
0 0.6395846662351541 0.6623037595414791 0.0034678986644948394 0.004806385868335213
0 0.7431136019827431 0.6544296451894155 0.0038855385078375095 0.005374389711775507
0 0.6917528327554697 0.6503638292290768 0.00416803159474668 0.004674954356269865
0 0.6846840764697848 0.6502793421021562 0.00321051082298041 0.0038300830870645086
0 0.7021830492034552 0.6265207241134563 0.0036742508577995636 0.0035721883339717665
0 0.6923282993061346 0.6251592644804467 0.005518875845230014 0.004344646941989581
0 0.6386062478965493 0.6334904985015828 0.005144954132449087 0.003978764529093936
0 0.6563608112414313 0.5990300116267635 0.0028020201394701873 0.004553282726639054
0 0.585935042905996 0.6133069821663172 0.0038260366092722365 0.004794653472379125
0 0.5300204326812343 0.6093934738867253 0.0033772473666481774 0.004619453294610807
0 0.5342482488673517 0.6169267188420681 0.003804059689835455 0.004002187798680978
0 0.5216707942784504 0.6151393610103458 0.004103033491688422 0.00464033549655241
0 0.5340416491654983 0.5940689079328852 0.004758364312267603 0.0036617100371747566
0 0.5722942422461295 0.5795319115412855 0.004034772540608316 0.004127882676160794
0 0.606999831676776 0.58886128410218 0.0036553899186444736 0.003858467136346846
0 0.627983321566888 0.5865703782175735 0.0031916927382145133 0.004505919159832104
0 0.8024804828071552 0.5705064430004834 0.0031660827986705444 0.004162812568622485
0 0.7720529629541111 0.5795351925587987 0.004989971091696504 0.004085814890739243
0 0.8419651103563933 0.5609614294875087 0.003743136954287536 0.004500676575988365
0 0.8198692429413509 0.5606732992700926 0.0034440284603859082 0.005653405208557842
0 0.8010124688610272 0.5445340926523333 0.004214635567003029 0.003928897562460421
0 0.8055158269770882 0.5187432360872599 0.004406902295087462 0.003533119943475285
0 0.7834810246705146 0.5642332995009519 0.004505055968742084 0.003957143756327426
0 0.7302566913509355 0.5702890166817802 0.00404085107511321 0.003907636204505067
0 0.7186758856946711 0.5953318293434532 0.004210539891932114 0.004090238752162634
0 0.6663985661993905 0.5795733893011566 0.0031723947982708013 0.004049865699920048
0 0.6841955909791131 0.5728437301110929 0.0034529250691609547 0.0027456994525857682
0 0.7062057344535029 0.5375286990889929 0.004126776525208271 0.004733655425974206
0 0.7500728226105327 0.5386081286725627 0.0032263457670481444 0.004516884073867402
0 0.7546145247287618 0.5313364416745233 0.003871614920457631 0.0029781653234289963
0 0.7323967400540677 0.5251432912845267 0.004617044274093303 0.003417811995108053
0 0.7344153235120491 0.520277705676682 0.0034639500542468227 0.0038338864678072325
0 0.7310186346239044 0.5129966844461535 0.004876434542386363 0.0031949053898392065
0 0.75110916418391 0.5134536580851402 0.003341328111910116 0.005011992167865245
0 0.7703215877519702 0.49165270529837735 0.005007948390306041 0.0037304105356361105
0 0.7905511218617485 0.46153554631695715 0.003997290294232698 0.0035837775051741263
0 0.8187173837574417 0.46114121193728846 0.003800554208187634 0.004048416439156313
0 0.8125208279832228 0.45893110704448375 0.0036353127208751347 0.003511381605390724
0 0.8261218476024448 0.41622358622107647 0.003700530178332713 0.003872647861045948
0 0.7825626330257055 0.40047624232949003 0.003954567798508748 0.0038531686241879727
0 0.7670149733948244 0.3917411702910478 0.003919884491264724 0.003402163898078783
0 0.7356691641751241 0.39934988729025706 0.004385227839461123 0.003516083582991385
0 0.7366370748243745 0.4027276979233556 0.004187695053900029 0.0034765770258792373
0 0.739808500028054 0.4182627967754665 0.004653176876467171 0.0037225415011734953
0 0.7414283403021901 0.42417030926764965 0.004121385233442112 0.003500961649913208
0 0.7079187936930501 0.4577770328877604 0.004881562829016275 0.003628188589133643
0 0.7244105600072941 0.4572163128330762 0.0036941556543905562 0.004617694567988266
0 0.7203933361387962 0.43020421607336273 0.004683661633245322 0.0038920568501615094
0 0.7866866387472378 0.3923689737640555 0.004183750859060922 0.0037046954171837854
0 0.6878087876930181 0.45333939594281103 0.0037436379958155895 0.0041406905105232285
0 0.6930835253162055 0.4954080947795842 0.004310855873969359 0.003970525147077169
0 0.6829741791352242 0.48213635178420555 0.005916282863308169 0.0037111228869842706
0 0.6659078356857752 0.480822701042621 0.004552648534644561 0.0030745158935262394
0 0.6545559331720529 0.4857447643381101 0.003789888460650417 0.0031740315857946653
0 0.6606154742575567 0.4996266395074237 0.0035204671125285357 0.003892824210969081
0 0.6662848313584857 0.5147782688154667 0.0036832378504620066 0.003341494132377889
0 0.6654257631387063 0.5227156393116195 0.003672523100627814 0.004068579513440724
0 0.6228128964528205 0.542334402371826 0.003729200126944221 0.003991819854193821
0 0.43161030110516946 0.545611545503102 0.004046361437508992 0.004817096949415429
0 0.5309784041434551 0.511385420939372 0.0029415591664560025 0.0039647101808753145
0 0.30099658629380316 0.571947743054226 0.00335173088106 0.004767955197000902
0 0.3027865688937472 0.594576566587359 0.004279519268419279 0.0032957217354493908
0 0.3400337037615989 0.6274382651078572 0.004642149830798914 0.004642149830798843
0 0.3748915624276465 0.6093387917008144 0.004966078233307058 0.0040978827379736064
0 0.42922889227652655 0.5967464988246359 0.004300983210416404 0.003830563171777044
0 0.44100076585860537 0.5819742794427409 0.004059135410216115 0.0027655647849823594
0 0.40999991296393334 0.5663967328606071 0.003932312149083046 0.0032512270780286202
0 0.4056218864067243 0.5337233450073494 0.005017952352045114 0.0037254494734880695
0 0.3920465348988006 0.5460444513998227 0.0035733903113049337 0.003953538216762809
0 0.4804476327458867 0.565842777137383 0.0031688926733740175 0.004509578035186052
0 0.5135020326815721 0.5539966924797447 0.0032880646007119197 0.004798796984822786
0 0.5095919018050499 0.5408444340768971 0.0043544639306723806 0.0037323976548621117
0 0.5352048091728122 0.5698880625895818 0.004535666274825659 0.0033563930433707866
0 0.3605274284962439 0.5370107058997097 0.003299904235759712 0.003971071198964964
0 0.3625129640957265 0.5396953737525312 0.002684667852821434 0.0035236265568281055
0 0.32690009943195036 0.49409503266193305 0.0036760784131315205 0.004483022455038608
0 0.3429084465803038 0.512955617614924 0.0036710039579092068 0.0038218671342616518
0 0.4008922300137839 0.5046638776084669 0.004672985162757115 0.0037193147213780975
0 0.43155669600725644 0.4864032859740408 0.004611846373339361 0.003526706050200659
0 0.45916932639598956 0.49097302991614683 0.004737435084065779 0.003511275415248889
0 0.47046272696867397 0.4872086104533669 0.0037992612983705236 0.002933606825324091
0 0.45669480559346676 0.453997819148178 0.004587125507192553 0.003315065492592879
0 0.5041233821172609 0.4526849528176602 0.003486938614571713 0.004457984811034734
0 0.4942363662987285 0.44928629113003976 0.004281430957132244 0.003486938614571713
0 0.2876773731417233 0.5367224577021965 0.004976944069264348 0.004629715413269153
0 0.25931026691740205 0.5449282445706419 0.004609458707023677 0.00373146657235246
0 0.4151504452406686 0.45440902399552224 0.002921272946125555 0.004833378874498635
0 0.4248858715005751 0.44116532891852955 0.003558641588916558 0.003824211856746089
0 0.42573824617784367 0.43538967933337525 0.003735970273276905 0.005039215717443142
0 0.41609422989101275 0.4368666908367637 0.003562204214054674 0.003127789065999167
0 0.4420722557447284 0.42409488548393365 0.0023458417994994107 0.003996619362110039
0 0.415566897076567 0.3925023969542413 0.0046563785974656465 0.0037498270121184164
0 0.412496983753459 0.39501601725906793 0.003543792560903185 0.003914654573090672
0 0.37699300946452097 0.38964240564488906 0.003774708134460383 0.003963443541183409
0 0.3483697794899785 0.382120386393369 0.004418882489786995 0.0032631747616888164
0 0.34167951256481044 0.4034518092647497 0.001987255332191964 0.0028219025717126558
0 0.37979842700146405 0.47960076712853217 0.0029590802741849133 0.00462356292841406
0 0.3737996508858428 0.48978943288332166 0.0031440227913215324 0.0036988503427311057
0 0.4799212585238549 0.3848269259789946 0.002865926790483542 0.004694190432688643
0 0.5217391818018493 0.40412560040966283 0.0034671701274783116 0.004216828533419559
0 0.5606054827134836 0.40504047113297575 0.004204598178790846 0.004054433958119787
0 0.5685968215711332 0.3845330280835282 0.0043547623994619755 0.004580008730468777
0 0.5472056232379169 0.36152851897969884 0.0033688955062700643 0.003563254862400953
0 0.5644064262555072 0.360751081555175 0.0040815464787503685 0.003563254862401024
0 0.5060307567432463 0.3406903297328523 0.0035474326358249184 0.004240609127882635
0 0.4711504424061168 0.3469382425031807 0.0029554384332362103 0.004292422486366902
0 0.6237134193139725 0.501978361661999 0.002800853550434752 0.004607855841038031
0 0.6282309250404804 0.48725129299358355 0.0038850549247967337 0.003342954237615885
0 0.6205963403626821 0.4966928799619849 0.001807002290603279 0.0028912036649650476
0 0.6149424850935395 0.46004781940777717 0.003742119662425125 0.004287845446528849
0 0.6120579345204201 0.45451260074044003 0.0038980413150261485 0.004911532056932942
0 0.6529477678957804 0.4645103885883686 0.0034368510622847736 0.0036868038668146142
0 0.600507760806186 0.4227295876977659 0.0027545707985008505 0.0026120929985783193
0 0.6182699931965189 0.42728887729528453 0.003704422797983895 0.0034669597981130808
0 0.6081019045673262 0.39614684801712186 0.0038278173368871647 0.003962916772306784
0 0.5861298111187129 0.3655011248350003 0.0033316208364914247 0.00422318134203131
0 0.6184562847510935 0.36141855641740706 0.0033815603836210785 0.0038265025393606324
0 0.6228845313787459 0.3515935037540698 0.004392151431424764 0.003094470326685581
0 0.5419023204841826 0.318319328707899 0.0036441117957492254 0.0035967856685316236
0 0.544119505299868 0.31013727399656277 0.0033445107382381422 0.003450685682309178
0 0.5767158440186912 0.3042851824029263 0.00431902449239189 0.003337428016848207
0 0.6254124908149653 0.30646297336775435 0.00399044275752189 0.0036104005901388446
0 0.6034017152873645 0.3034226360286901 0.004560506008596477 0.003483719867677806
0 0.6506935543621865 0.32117250110086737 0.0036236128438009983 0.003978869004958057
0 0.6702540995799287 0.30465118704755617 0.0030654154691640654 0.004782048131896026
0 0.6696502941796978 0.3379651847271849 0.0028717896306835657 0.004232111034691286
0 0.6747514994447275 0.33773846449318357 0.0038542439780225378 0.0034763769213536477
0 0.6974973588709763 0.3479904255130405 0.0032963490427002284 0.003941286898880776
0 0.6934775811392074 0.2559269447013486 0.004511745711538566 0.003821172388343861
0 0.6824974653004123 0.2574001677908306 0.004097401717621665 0.004005325274529063
0 0.5799535747350357 0.3226389069747654 0.004328806925282933 0.003883194447680367
0 0.5059827904049327 0.38075783297882 0.0038574711588925934 0.004214644414345586
0 0.43397731235885956 0.31680569188072744 0.0031912254585867573 0.0035901286409100665
0 0.425038365432316 0.2978263551490101 0.0031370703016719405 0.0031708022403996593
0 0.3839974367079488 0.28007307049033536 0.0032996509116949113 0.003945234785722249
0 0.4713837199570048 0.7048053832999369 0.004361421640607333 0.004361421640607404
