0.0 0.10358139694073251 0.5724744626532536 0.01873720405697732 0.020493816937318776
0.0 0.14500818403545565 0.560763710117643 0.01376013422934257 0.017566128803416348
0.0 0.13915280776765027 0.49397582456298794 0.018444435243587166 0.01793208982015404
0.0 0.06996252898918698 0.36830519805505446 0.01376013422934257 0.016834206769940074
0.0 0.058251776453576376 0.35366675738554143 0.012589058975781598 0.01976189490384339
0.0 0.12218980126428676 0.3423734826924387 0.015448389258489214 0.020316241082127817
0.0 0.1624199816249357 0.3659081382034177 0.015770230701374642 0.0211208446893405
0.0 0.18147163054873552 0.2926705589634655 0.01346887837768378 0.018571778175414444
0.0 0.14752172577199615 0.3019564480511723 0.014718568124067133 0.02152243452104141
0.0 0.31693659365863047 0.2035427117702544 0.017234777353593956 0.018893739879608518
0.0 0.19870479679704545 0.18353633576401185 0.011388165512077464 0.02250701629920826
0.0 0.2683650132098029 0.19382277313479657 0.012349595285243353 0.013611113083197957
0.0 0.3567131286849742 0.13157581083998693 0.01320340557633557 0.015810152705309832
0.0 0.2642547075785215 0.021104824221148455 0.0130406335991335 0.018890637456689063
0.0 0.27973284278496974 0.03222592530452184 0.011578132634744876 0.02010938826034625
0.0 0.3601846383581332 0.008487708459491872 0.015858568510299875 0.016975416918983743
0.0 0.43181887232821053 0.05005794901660865 0.018200654732770615 0.026533095676612994
0.0 0.9787880904825176 0.6239270552075489 0.011731431413555527 0.01652642123734971
0.0 0.8801503707517753 0.1318934752541816 0.01434519849193805 0.014864268174211936
0.0 0.6555358684890165 0.42764231260326824 0.012707427836688013 0.023938288354324655
