0.0 0.32172235550678324 0.6486130302257447 0.012509603797659707 0.019147352751520685
0.0 0.4075024958335948 0.6466982949505926 0.016083776311276665 0.01659437238465067
0.0 0.433415246557319 0.6505277655008967 0.009701325394103576 0.019147352751520685
0.0 0.1787880904825176 0.6239270552075489 0.011731431413555527 0.01652642123734971
0.0 0.23490096843314773 0.5800602946295772 0.01716448104860504 0.017297539041230436
0.0 0.2507091595480766 0.5262080770700401 0.011300817857687662 0.021322297844693416
0.0 0.8459356582258106 0.2730795128209884 0.013607635518695104 0.020716752792885984
0.0 0.5353840673978898 0.08046392711799699 0.015781152110155006 0.024720475615590765
0.0 0.4726288600431108 0.0013316615994585224 0.01447900195556997 0.0026633231989170447
0.0 0.520324725002963 0.028076769767064302 0.013534694551238147 0.022839797055214994
0.0 0.4921048868636312 0.038819933567109555 0.013128653714701954 0.019625307099295775
0.0 0.08015037075177531 0.1318934752541816 0.01434519849193805 0.014864268174211936
0.0 0.3721062600652463 0.1406653581460655 0.018151666430196656 0.021957661004270435
