0.0 0.5811529635365422 0.9459569456099264 0.012948356600028887 0.015414710238129459
0.0 0.8991308932590563 0.8364333470059904 0.00941298933265955 0.01268707257880095
0.0 0.4979900365015178 0.9079147040235181 0.016057447526544522 0.011921438315161481
0.0 0.4545489116761619 0.9473422444794327 0.011434848996175617 0.012651322293640988
0.0 0.8432065045810309 0.9727894159351831 0.010521806722277916 0.015356150351433229
0.0 0.8306940857761596 0.9307021890460707 0.013934284578151334 0.0119436724955591
0.0 0.35368777118798056 0.9184342588790709 0.01055969355443125 0.012707427836687657
0.0 0.3600414851063247 0.9270251960080997 0.008590937129028475 0.01127560498185005
0.0 0.24608031818224116 0.7811041045181858 0.011763450922020979 0.014345671856123588
0.0 0.2973070290569721 0.8414579763677569 0.011747212665309448 0.012229974829637058
0.0 0.4828551360441084 0.814924408347094 0.014953552520822911 0.011901807108409912
0.0 0.5809814272232205 0.7564905151169306 0.014757908394685871 0.011285459360642135
0.0 0.6693418444671666 0.7711136957316699 0.015159792269010453 0.011236081328796388
0.0 0.7054807262997567 0.759067553450774 0.012157636154785578 0.009387541841037007
0.0 0.6614233778990937 0.6527930212741696 0.014678801623016113 0.010608209576297156
0.0 0.813194822775235 0.6485918490165126 0.01115820356662951 0.014265551395311249
0.0 0.7815563721559313 0.6377161316161273 0.013700579062823338 0.01115820356662951
0.0 0.12056759405351461 0.9175118646470288 0.01592622102164576 0.014815089322461006
0.0 0.029792854135686574 0.9437703826260542 0.014750267862475751 0.011940693031527871
0.0 0.5284814247701395 0.6541088767856712 0.009348073427601734 0.015466812398395646
0.0 0.5596347888018404 0.6117290525392945 0.011387653084533156 0.012237477941587471
0.0 0.5623623877690997 0.5932469738668008 0.01195510487448601 0.016125490295818067
0.0 0.5315015356512408 0.5979734106776439 0.011399053484974785 0.010008925011197434
0.0 0.614631218383131 0.5571036335485877 0.007506693758397987 0.012789181958752139
0.0 0.5298140706450145 0.4560076702535721 0.014900411511889899 0.01199944643877906
0.0 0.5199903480110688 0.46405125522901736 0.011340136194890249 0.012526894633890251
0.0 0.4063776302864671 0.446855698063645 0.012079066030273112 0.012683019331786838
0.0 0.3147832943679312 0.42278523645878074 0.014140423967318228 0.010442159237404169
0.0 0.2933744402073934 0.4910457896471991 0.006359217063014455 0.009030088229480527
0.0 0.41535496640468494 0.7347224548113029 0.00946905687739168 0.01479540137092492
0.0 0.396158882834697 0.7673261852266293 0.010060872932228904 0.01183632109673951
0.0 0.7357480272763357 0.4314461631327827 0.009170965729547476 0.015021409384603501
0.0 0.8695653817659178 0.49320192131092105 0.011094944407930286 0.013493851306942518
0.0 0.9936050937985412 0.49612950762552244 0.012789812402917633 0.012974188665983277
0.0 0.951057994361334 0.3568912607350363 0.010780465620064206 0.011402415559683021
0.0 0.9997850448258111 0.35440346097655995 0.00042991034837776 0.011402415559683377
0.0 0.8192984215783881 0.29020905514512735 0.011351784434639712 0.01356994920922432
0.0 0.7076814156995738 0.3102023760101783 0.009457402986355844 0.013735751956373932
0.0 0.9340874255493844 0.21862185186527672 0.011661157746397777 0.011509714139301153
0.0 0.9411824169595775 0.19243927678900086 0.010702434362362113 0.011042194183389498
0.0 0.8191449292957845 0.41842506553222397 0.012343907708456215 0.01348686212590593
0.0 0.5887273995483506 0.2137782140183278 0.01021192146747758 0.011488411650912056
0.0 0.5601227693834112 0.1530443364768324 0.010038624965350351 0.010146567169278952
0.0 0.4287917974654361 0.09623382556907316 0.010558882917423773 0.012624751314311311
