0.0 0.2520156687918692 0.8643878544476074 0.006129473699201249 0.005657975722339614
0.0 0.3533877336577968 0.8459994372239745 0.007072469652924518 0.003771983814893076
0.0 0.4559385436252029 0.8448206922818204 0.005657975722339614 0.007072469652924696
0.0 0.6919232810444521 0.8497714210388676 0.006129473699201249 0.010372955490956315
0.0 0.7645339694811444 0.8179453076007072 0.006129473699201249 0.005186477745477447
0.0 0.7947098400002891 0.7573578175739867 0.00518647774547798 0.007543967629786152
0.0 0.702531985523839 0.6875761169984644 0.004714979768616345 0.005657975722339259
0.0 0.4446225921805236 0.594691015556722 0.006600971676062883 0.008486963583509421
0.0 0.2018011341764428 0.6887548541926762 0.006600971676062883 0.004243481791754533
0.0 0.2696968427648564 0.7062002870844992 0.00848696358350951 0.005186477745478158
0.0 0.2654533609731016 0.7151587486448703 0.007543967629786241 0.007072469652924696
0.0 0.20981659966359736 0.5501344567432975 0.008486963583509421 0.00707246965292434
0.0 0.3482012559123189 0.4723372905611273 0.008015465606647875 0.006129473699201071
0.0 0.37484089160500134 0.45324162249823097 0.007543967629786152 0.005657975722339259
0.0 0.34325052715527166 0.2884530795850887 0.006600971676062883 0.00707246965292434
0.0 0.7270498803206441 0.39760486122855754 0.005657975722339614 0.007543967629786152
0.0 0.8003678157226288 0.4315527155625958 0.00612947369920116 0.006600971676062883
0.0 0.798717572803613 0.31980769504638784 0.005657975722339703 0.008486963583509421
0.0 0.20722336083068943 0.23210907135012296 0.006129473699201249 0.008486963583509421
0.0 0.2362204864076801 0.2537979782857587 0.006600971676062972 0.006600971676062883
0.0 0.5016738473807818 0.19391773522433056 0.006600971676062883 0.006600971676062883
0.0 0.5606110944884863 0.18448777568709787 0.005657975722339614 0.005657975722339614
0.0 0.2675751018689789 0.06378429361051889 0.008958461560371144 0.006600971676062883
0.0 0.6959310138477761 0.13403749216290262 0.00942995953723269 0.01037295549095596
0.0 0.7185629167371348 0.0871234434651699 0.008486963583509421 0.00707246965292434
0.0 0.7159696778643957 0.06189830170307218 0.006129473699201249 0.008486963583509421
0.0 0.9729179405019414 0.5229145203182902 0.006891124277208505 0.010518031791529126
0.0 0.9410011545903977 0.5004276892595378 0.007616505780072558 0.005440361271480398
0.0 0.9402757730875333 0.26812426296732356 0.009067268785800664 0.007253815028640531
0.0 0.911260512972971 0.27973035956320375 0.009067268785800664 0.007253815028640531
0.0 0.9761821574793043 0.3357660881093967 0.0061657427743444515 0.005440361271480754
0.0 0.9656641256877755 0.3051187196133906 0.0061657427743444515 0.007253815028640531
0.0 0.9741873583464281 0.30656948261911837 0.004352289017184319 0.005803052022912425
0.0 0.9259494884059685 0.0662868597953997 0.007979196531504584 0.008341887282936966
