0 0.1555864023294099 0.6310628171590237 0.0044491743176536145 0.002210146766538941
0 0.18830091937098054 0.6303997713131381 0.00392574204498846 0.0017681174132312095
0 0.20204101652844023 0.6297367290991004 0.004710890453986138 0.0016207742954618
0 0.18947864198447714 0.5673369187238181 0.00418745818132102 0.0017681174132311384
0 0.29625882560816375 0.565568801310587 0.0031405936359907827 0.002062803648769602
0 0.3318522201493926 0.6025519238706716 0.0036640259086559014 0.0014734311776926036
0 0.342713439807194 0.6123502412023274 0.003925742044988425 0.0019154605310004059
0 0.43588438434158716 0.6284843125980616 0.003925742044988425 0.0017681174132311384
0 0.39780468650519896 0.6395350464307563 0.0036640259086559014 0.0014734311776926036
0 0.1398872749581928 0.5201212045148773 0.003402309772323342 0.0017681174132311384
0 0.19615624418125754 0.514374824132492 0.00392574204498846 0.0011787449421540685
0 0.2530795038335905 0.5140064663380689 0.003140593635990747 0.0022101467665388698
0 0.38406843006803937 0.5155535690746461 0.0034023097723233065 0.003241548590923813
0 0.42437271506325447 0.505607908625221 0.0034023097723233065 0.0016207742954618
0 0.4411225477885386 0.48667431799187083 0.002878877499658188 0.002357489884308208
0 0.3899570431355221 0.4648675365620201 0.002617161363325664 0.0017681174132310672
0 0.24679831656160892 0.43584094236147564 0.003664025908655866 0.0026521761198467432
0 0.11201450639455626 0.4652358919352113 0.0036640259086559014 0.001326088059923265
0 0.1497016299822273 0.470687589713906 0.004710890453986192 0.0016207742954618709
0 0.1473461847552342 0.47348710895152196 0.004187458181321073 0.002210146766538941
0 0.1164636806458823 0.42191701773228046 0.0047108904539861565 0.0022101467665388698
0 0.19327736668159937 0.39760540330035227 0.0044491743176536145 0.0019154605310003348
0 0.2080643283843893 0.3916380070306972 0.00418745818132102 0.0017681174132310672
0 0.19052934725010742 0.3401415873703402 0.0036640259086559014 0.0022101467665388698
0 0.40356628222481544 0.37425151913392424 0.0031405936359907827 0.002357489884308208
0 0.4442631414245294 0.3848602236133112 0.0034023097723233065 0.002062803648769602
0 0.4433471349473654 0.3499399047019962 0.003140593635990854 0.0026521761198467432
0 0.11502424191816239 0.3225340847969134 0.003402309772323342 0.0026521761198467432
0 0.13111978430261514 0.3293118682142996 0.003664025908655937 0.002062803648769673
0 0.27846596905784937 0.3105992922576033 0.003664025908655866 0.0020628036487696376
0 0.31118048609941995 0.3076524299022181 0.0031405936359907827 0.0017681174132311384
0 0.14852390736873072 0.26993259175328715 0.004972606590318751 0.0020628036487696376
0 0.185687598727955 0.23641203246078013 0.0034023097723233065 0.0016207742954619064
0 0.35043790654930473 0.24679972226351307 0.0041874581813209485 0.002357489884308208
0 0.3862930172268662 0.29188671630090707 0.005234322726651257 0.0032415485909237417
0 0.39885539177082935 0.2772260760828656 0.004710890453986138 0.0022101467665389053
0 0.3974159530210002 0.26934321928221006 0.0034023097723233776 0.0026521761198467077
0 0.20688660577089277 0.20230210069719612 0.002878877499658188 0.002062803648769673
0 0.24117141963045882 0.19662939066307952 0.0028788774996582234 0.002210146766538941
0 0.25569666519691614 0.20716442358358172 0.004710890453986138 0.001768117413231174
0 0.3852461526815359 0.19604001819200248 0.004187458181321091 0.002799519237615975
0 0.41063261790579486 0.2165207103513139 0.0036640259086559014 0.0019154605310004054
0 0.49555950414571215 0.6356382100565942 0.004449174317653686 0.0017681174132310672
0 0.5270962985737863 0.6004232049097408 0.0036640259086559014 0.002062803648769673
0 0.5713263256139898 0.5658712437928489 0.004187458181321091 0.001620774295461942
0 0.6629269733303876 0.5971079847599324 0.003140593635990854 0.0016207742954618
0 0.6892294450318104 0.5599038475231939 0.003925742044988425 0.002062803648769673
0 0.7195885168463879 0.5740487868290429 0.002878877499658188 0.0017681174132311384
0 0.7456292724114781 0.5825210161007754 0.003140593635990854 0.0019154605310004768
0 0.6245765358052394 0.6404519662898585 0.002617161363325451 0.0013600903178700463
0 0.7556359240763934 0.6430588060657763 0.003825081992552981 0.002040135476805176
0 0.7469791595669314 0.6299679367562766 0.003825081992552839 0.0023801580562726344
0 0.7356045737437508 0.6097365918810943 0.003623761887681667 0.002266817196450148
0 0.7759692546683848 0.6089998776891123 0.003422441782810495 0.0012467494580475603
0 0.7745600139342863 0.6232808260267485 0.0030198015730680083 0.0017001128973376466
0 0.7842233789681042 0.627191085690625 0.0022145211535831775 0.002040135476805176
0 0.7859345998595094 0.6321780835228155 0.004429042307166355 0.0024934989160952624
0 0.7839213988107973 0.578851208976325 0.003623761887681667 0.0023801580562727766
0 0.8018388881443345 0.5747142675928035 0.002818481468196694 0.002720180635740306
0 0.8018388881443346 0.5829314799299354 0.0032211216779391805 0.002153476336627662
0 0.7928801434775659 0.5905253175380435 0.002617161363325664 0.001926794616982619
0 0.7952959847360204 0.5942655659121863 0.003825081992552839 0.0014734311776926036
0 0.8027448286162548 0.6192572255030495 0.0022145211535831775 0.002040135476805105
0 0.6051682352428391 0.5249948626978611 0.002818481468196836 0.0027201806357402348
0 0.6670741674907343 0.5155309009026816 0.0042277222022954674 0.0026068397759176774
0 0.6749256515807113 0.5183644223982443 0.0030198015730680083 0.0019267946169826899
0 0.7245510574314631 0.5275450320438675 0.002818481468196836 0.0023801580562726344
0 0.719014754547505 0.5425060255404387 0.003422441782810495 0.001926794616982619
0 0.6785494134683929 0.5493064757329246 0.0034224417828106366 0.0017001128973377177
0 0.6741203711612264 0.5427327072600836 0.002617161363325664 0.0019267946169826899
0 0.6779454531367722 0.5432427406636634 0.0030198015730680083 0.002946862355385278
0 0.7549503932670149 0.5474363529427179 0.0036237618876815247 0.0015867720375151606
0 0.790584051829218 0.559053791074525 0.0032211216779391805 0.0023801580562727055
0 0.7932012131925436 0.553500088943222 0.004026402097424011 0.002153476336627662
0 0.7978315756045814 0.5446595018770664 0.003623761887681809 0.0023801580562727766
0 0.7998447766532933 0.5366689712595795 0.0032211216779391805 0.002266817196450148
0 0.8071929605151063 0.526978325882269 0.003019801573067866 0.001926794616982619
0 0.7693447807993201 0.5069169936936846 0.005033002621780156 0.0019267946169826899
0 0.5868481056315313 0.45047324503645386 0.004429042307166426 0.0019267946169826899
0 0.669389348696753 0.48515555047024916 0.002818481468196836 0.001926794616982619
0 0.6789520536781353 0.4951862165645412 0.004630362412037812 0.0013600903178701174
0 0.7026071660005019 0.4789784736099225 0.0032211216779391805 0.002040135476805176
0 0.7354223430264798 0.4828320628438878 0.004026402097424153 0.0022668171964502905
0 0.7542457728999656 0.4883857649751907 0.003019801573067866 0.0018134537571601328
0 0.7652177186154461 0.47733503114249615 0.0032211216779394645 0.001926794616982619
0 0.7616946167802001 0.4765416451237386 0.0030198015730680083 0.001926794616982619
0 0.726060958217997 0.45920049357089465 0.0030198015730680083 0.0026068397759177486
0 0.6889173988692598 0.476201622544271 0.002415841258454492 0.002153476336627662
0 0.685092316876707 0.47767505372196367 0.004429042307166497 0.002153476336627662
0 0.7932012131925436 0.4853822321898943 0.004026402097424011 0.0019267946169826899
0 0.7956170544509981 0.4904259004519959 0.00442904230716664 0.0015867720375152316
0 0.8056830596945582 0.4576137215333796 0.0032211216779393227 0.0032868849348527364
0 0.7791088058515592 0.44746971457926504 0.004831682516909126 0.0024934989160951913
0 0.780216066428351 0.4445228522238798 0.003825081992552839 0.0024934989160951913
0 0.7978315756045812 0.42990188130677626 0.004026402097424011 0.0027201806357401636
0 0.8065890001664786 0.43437884526976533 0.0030198015730680083 0.002153476336627662
0 0.7699487412159762 0.43239538022287133 0.0030198015730681506 0.002040135476805034
0 0.766324979192238 0.42310142645807497 0.0030198015730680083 0.002040135476805176
0 0.7386434647724474 0.4306952673255337 0.002818481468196836 0.002040135476805105
0 0.6042622947709186 0.4581804258324922 0.0030198015730680083 0.001926794616982761
0 0.6818711952838029 0.43211202714207203 0.0032211216779391805 0.002153476336627591
0 0.6641550259701018 0.43024190388624367 0.003623761887681809 0.001813453757160204
0 0.6957622824348809 0.43828910493364176 0.002415841258454492 0.002040135476805105
0 0.6395939731758149 0.41913449962363786 0.0032211216779392516 0.0022668171964502193
0 0.6620411648689541 0.4003765873230127 0.0030198015730681506 0.002833521495562721
0 0.6839850562999155 0.3906859438081881 0.004630362412037812 0.002946862355385278
0 0.6808645946744117 0.38314877662999125 0.0032211216779393227 0.0032868849348527364
0 0.5400411811979553 0.4134107875994657 0.0038250819925529102 0.0032868849348528075
0 0.5223250120883387 0.40638365289360556 0.004227722202295183 0.0017001128973376466
0 0.6283200473030276 0.39193269326623564 0.003623761887681667 0.0027201806357401636
0 0.6497606384718108 0.38360214006928134 0.005033002621780156 0.002153476336627662
0 0.7202226751767321 0.386662343284489 0.0030198015730681506 0.001926794616982619
0 0.731899241310283 0.4136374683878678 0.004227722202295325 0.0019267946169826899
0 0.745790328495375 0.40292675666901906 0.003825081992552697 0.002266817196450148
0 0.7514272914317688 0.4136941383521574 0.004227722202295183 0.0024934989160951913
0 0.7347177227274588 0.4166410007075427 0.002617161363325664 0.001813453757160204
0 0.6728117904795635 0.42310142971742565 0.003623761887681809 0.0015867720375151606
0 0.6766368724721165 0.4234414522968932 0.0032211216779391805 0.0018134537571601328
0 0.6857969372437563 0.421854680259378 0.0030198015730680083 0.0024934989160952624
0 0.688112118449775 0.4241214974558282 0.0032211216779393227 0.0027201806357402348
0 0.7441797676564055 0.3847922190974177 0.003422441782810495 0.002266817196450077
0 0.7623992371472493 0.3856989459759977 0.0032211216779393227 0.002266817196450148
0 0.7671302596117227 0.38161867502238733 0.0030198015730680083 0.0024934989160951913
0 0.7785048455369457 0.3838288217889263 0.0032211216779391805 0.002153476336627662
0 0.7658216790831236 0.38972254789656136 0.003623761887681667 0.0019267946169826899
0 0.7715593019188891 0.39533291906091095 0.003422441782810495 0.0022668171964502193
0 0.7866583097842295 0.38938252392022926 0.004630362412037812 0.002153476336627733
0 0.7876649103085853 0.39351946530375087 0.003825081992552981 0.0024934989160951913
0 0.7911880121438315 0.40700702762262936 0.004429042307166355 0.0015867720375150895
0 0.8072936205335277 0.41709436414683265 0.003623761887681667 0.002040135476805176
0 0.659826643715371 0.35232006275826877 0.0030198015730681506 0.0023801580562727055
0 0.6569075021947386 0.36869781700262133 0.004026402097424011 0.002040135476805034
0 0.652478459887572 0.3731747809656104 0.0036237618876815247 0.001926794616982619
0 0.6824751555133812 0.37725505191922076 0.004026402097424153 0.0023801580562727055
0 0.5219223718785961 0.3337888321772886 0.005033002621780085 0.002266817196450148
0 0.5058167634888998 0.33741573736350117 0.005033002621780085 0.002266817196450148
0 0.5418530622608454 0.35492690253418646 0.0034224417828103526 0.0017001128973377177
0 0.5578580105981061 0.3697178847410239 0.003623761887681667 0.002946862355385207
0 0.5360147792195805 0.34534959987918457 0.0034224417828104237 0.0022668171964502193
0 0.5407458016840537 0.3458029633184745 0.002415841258454421 0.0018134537571601328
0 0.5776880409279197 0.3435361461220243 0.003825081992552839 0.0027201806357401636
0 0.5987259919379815 0.32732840316740563 0.004026402097424153 0.00317354407503025
0 0.6113084984414108 0.34393283913140316 0.0038250819925529102 0.0026068397759176774
0 0.6256022258872663 0.3413826697853968 0.0030198015730680794 0.002946862355385278
0 0.5798019020290673 0.31899784997045116 0.004026402097424153 0.0026068397759176774
0 0.5850362247557186 0.3136708295587933 0.0044290423071665684 0.00238015805627267
0 0.6353662509735197 0.30681370753953147 0.0044290423071665684 0.0020401354768052114
0 0.6547936410935908 0.3019400505671636 0.003825081992552839 0.0024934989160951913
0 0.6785494134683929 0.3094772177453604 0.00221452115358332 0.0026068397759176774
0 0.6815692150414608 0.3126507618203907 0.0034224417828103526 0.0014734311776926036
0 0.6897226792887448 0.316731032774001 0.0024158412584543497 0.002153476336627733
0 0.6892193790265666 0.307380411838644 0.003825081992552839 0.0018134537571601328
0 0.6800593142549269 0.296896382305062 0.0032211216779391805 0.0017001128973376822
0 0.6860989174010631 0.29995658552026966 0.0028184814681969784 0.0021534763366276976
0 0.6912325800752787 0.29808646133319827 0.0030198015730681506 0.0027201806357402348
0 0.7040164067346001 0.30749375269846657 0.0020132010487121476 0.0022668171964502193
0 0.7135791117159823 0.3293118682142995 0.003422441782810495 0.002153476336627662
0 0.7032111263151154 0.33288210529870854 0.0032211216779393227 0.0018134537571601328
0 0.7201220151242967 0.3548702321042752 0.005636962936393815 0.0013600903178701174
0 0.7239470971168493 0.36977455517093516 0.004026402097424011 0.002153476336627662
0 0.6786500735208284 0.3444428730006044 0.004429042307166355 0.0022668171964502193
0 0.6840857163523509 0.33905918215903524 0.003623761887681667 0.0026068397759176774
0 0.6671748275431699 0.3340721843268449 0.004026402097424295 0.00283352149556265
0 0.6647589862847155 0.32800844832634063 0.0036237618876815247 0.0034002257946752932
0 0.6762342322623741 0.322511416624949 0.0032211216779393227 0.0023801580562725633
0 0.6790527137305707 0.3285751526254532 0.0032211216779391805 0.002946862355385207
0 0.6821731753560745 0.33027526552279085 0.0030198015730681506 0.0027201806357402348
0 0.47904118954102975 0.2277017873834203 0.003825081992552839 0.0020401354768051407
0 0.5139702277361837 0.2707146436860624 0.004429042307166497 0.0026068397759177486
0 0.5847342445984118 0.2736048356115364 0.003825081992552981 0.0018134537571601328
0 0.5955048702090212 0.27048796196641745 0.004429042307166355 0.0014734311776925324
0 0.6010411732120289 0.26091065977703704 0.0030198015730681506 0.0020401354768051407
0 0.6166434812204976 0.2548469233109112 0.0032211216779393227 0.0017001128973376113
0 0.6510692191534736 0.2731514721722464 0.0032211216779391805 0.002946862355385207
0 0.6480494175804055 0.294459553818878 0.002415841258454208 0.0022668171964502193
0 0.6386880327038945 0.2961029962863045 0.0034224417828104237 0.0019267946169826899
0 0.61452962011935 0.2905492941550015 0.004227722202295396 0.0026068397759177486
0 0.6030543741416915 0.2962730075760382 0.004630362412037741 0.002266817196450148
0 0.7075395085698463 0.24691306312333558 0.0030198015730680083 0.002833521495562721
0 0.5933910091078737 0.22271478955122995 0.005033002621780085 0.002266817196450148
0 0.6133216994901228 0.2354656362812622 0.003825081992552697 0.0023801580562727055
0 0.574064279040238 0.23132869489774058 0.004227722202295396 0.0020401354768051407
0 0.567521375631924 0.22554831104679265 0.004026402097424082 0.0018134537571601328
0 0.6792540338354423 0.2473664265626256 0.003623761887681809 0.0019267946169826543
0 0.6916352202850211 0.2587005125448765 0.004227722202295325 0.0017001128973376466
0 0.7088480892515091 0.2701479393869499 0.003623761887681667 0.0023801580562727055
0 0.712169870981884 0.27343482432180266 0.003422441782810495 0.0026068397759176774
0 0.7259602981655614 0.27983858290177444 0.003623761887681667 0.001586772037515125
0 0.6908299398655363 0.2675977700409435 0.004227722202295183 0.0024934989160952624
0 0.6844883565620934 0.26567097542396084 0.003623761887681667 0.0018134537571601684
0 0.6788513936256996 0.2649342598351145 0.0032211216779391805 0.002153476336627662
0 0.6804619544646693 0.26198739747972927 0.0036237618876815247 0.0026068397759176774
0 0.4635395414659471 0.20475026326936224 0.003825081992552839 0.0026068397759176774
0 0.4670626433011932 0.21619769011143564 0.004429042307166497 0.0017001128973376466
0 0.5410477818413606 0.2004433105961069 0.0054356428315225 0.0017001128973376466
0 0.5843316043886694 0.18950591762323485 0.0030198015730681506 0.0018134537571601684
0 0.5982226916247825 0.1890525541839448 0.004630362412037598 0.0013600903178701174
0 0.610503218021926 0.18423556764148813 0.0030198015730680083 0.0017001128973376113
0 0.6006385328832369 0.20475026326936224 0.003422441782810495 0.0026068397759176774
0 0.6500626186291174 0.21064398798013273 0.004026402097424011 0.002153476336627662
0 0.6673761476480411 0.2181244847284183 0.003623761887681809 0.0014734311776926036
0 0.6976748234311572 0.20996394282119765 0.004227722202295325 0.0019267946169826899
0 0.7219338960681374 0.21891787074717584 0.003623761887681667 0.0019267946169826543
0 0.6853942970340137 0.20135003747468702 0.003825081992552981 0.002833521495562721
0 0.7046203670492139 0.18956258805314605 0.004026402097424153 0.002606839775917713
0 0.7157936328695658 0.19987660629699433 0.0034224417828103526 0.0021534763366276265
0 0.6712012296405939 0.18995928106252485 0.004429042307166355 0.0015867720375150895
0 0.6691880285918819 0.1875224525763409 0.004831682516908842 0.0014734311776926036
0 0.730590660577599 0.18916589504376727 0.003623761887681809 0.002040135476805176
0 0.7876649103085853 0.19069599665137116 0.003825081992552981 0.002153476336627662
0 0.7343150825177165 0.23172538790711936 0.005033002621780156 0.0014734311776926036
0 0.7529371922183029 0.23455890940268212 0.006039603146136159 0.0019267946169826543
0 0.8001467568106 0.24300280345945902 0.0030198015730680083 0.0022668171964502193
0 0.7854503891550024 0.253033469553751 0.004227722202295325 0.0014734311776926036
0 0.7982342158143237 0.23365218252410203 0.0032211216779391805 0.002153476336627662
0 0.8096088017395467 0.23302880779507823 0.002617161363325664 0.0018134537571601328
0 0.8268216707060347 0.2361456814401972 0.002818481468196836 0.0023801580562727055
0 0.8451418002493142 0.2396025776647837 0.0024158412584543497 0.002720180635740199
0 0.8290361918596179 0.2261716857758164 0.0032211216779393227 0.0026068397759177486
0 0.8143398242040201 0.22362151642980999 0.0036237618876815247 0.002040135476805176
0 0.7732705228102944 0.21585766753196814 0.00442904230716664 0.0019267946169826543
0 0.7909866920389603 0.21619769011143566 0.0032211216779393227 0.002153476336627662
0 0.7441797676564054 0.28063196892053194 0.0046303624120376695 0.0022668171964501838
0 0.7932012131925436 0.27213140443384376 0.002415841258454634 0.0018134537571601328
0 0.8144404842564554 0.2747949146396727 0.0034224417828103526 0.0019267946169825834
0 0.8223926283988681 0.2702046098168611 0.002818481468196836 0.0022668171964501838
0 0.8461484007736702 0.27853516301381553 0.0032211216779393227 0.0014734311776926036
0 0.8448398200920073 0.2750215963593177 0.003825081992552697 0.0017001128973376466
0 0.849772162661352 0.2677677813306772 0.002818481468196836 0.0017001128973376466
0 0.8572210065415864 0.2757016415182528 0.004026402097424011 0.0017001128973376822
0 0.7347177227274588 0.31469089729719585 0.002617161363325664 0.0017001128973376466
0 0.7336104621506672 0.31180070537172194 0.003623761887681667 0.0015867720375151606
0 0.7507226710647196 0.3116306940819882 0.004429042307166355 0.0019267946169826899
0 0.7557556736184714 0.3126507613547691 0.002818481468196836 0.0021534763366276976
0 0.740656665838166 0.3000132559501809 0.0032211216779393227 0.002493498916095227
0 0.7439784475515342 0.3013166758381398 0.0034224417828106366 0.00238015805627267
0 0.8057837197469938 0.30619033281050767 0.0022145211535831775 0.0019267946169825834
0 0.8001467568106001 0.3130474548297695 0.003422441782810495 0.0015867720375150895
0 0.8151451046235049 0.31219739838110067 0.0032211216779393227 0.0019267946169826543
0 0.8386995568934356 0.30029660809973724 0.004026402097424011 0.001926794616982619
0 0.852489984077113 0.3018267097073411 0.0034224417828103526 0.0018134537571601328
0 0.8546038451782607 0.30619033281050767 0.002818481468196836 0.001473431177692639
0 0.7408579859260306 0.32551494941024545 0.004831682516908984 0.002266817196450148
0 0.7464949488624242 0.3456329520287407 0.004026402097424153 0.002153476336627591
0 0.7725659024432452 0.33429886604648984 0.003825081992552981 0.0023801580562727055
0 0.7915906523535738 0.3388325004393902 0.004026402097424011 0.0017001128973376466
0 0.8161517051478607 0.32642167628882546 0.0032211216779393227 0.0018134537571601328
0 0.8104140821590314 0.3409293063461067 0.003825081992552981 0.0027201806357401636
0 0.8229965887134818 0.33832246657018894 0.002818481468196836 0.002040135476805176
0 0.8408134179945833 0.3348655703456023 0.0022145211535831775 0.0019267946169826899
0 0.8386995568934356 0.33849247785992276 0.003623761887681809 0.0014734311776926745
0 0.8506781031332724 0.3326554235790635 0.00221452115358332 0.002040135476805105
0 0.8518860237624994 0.3359989789438275 0.0018118809438408335 0.0017001128973376466
0 0.832257313537557 0.34206271494433177 0.003623761887681667 0.002040135476805034
0 0.8291368519120534 0.34200604451442046 0.003422441782810495 0.002153476336627662
0 0.7963216748180473 0.3495432116926173 0.003422441782810495 0.0018134537571601328
0 0.7950130941363844 0.3517533584591563 0.003623761887681809 0.0019267946169826899
0 0.7944091338217706 0.3582704578989505 0.004026402097424153 0.0018134537571601328
0 0.7749817437016996 0.36161401326371445 0.004630362412037812 0.0026068397759177486
0 0.8377936164215153 0.35764708316992666 0.003422441782810495 0.0023801580562726344
0 0.8428266190432953 0.3564570041417903 0.002617161363325664 0.0024934989160951206
0 0.7484074898587006 0.3673943971146625 0.003825081992552839 0.0023801580562727055
0 0.7828332277916766 0.37102130462898275 0.00221452115358332 0.0017001128973376466
0 0.8153464247283759 0.37980522126522714 0.002415841258454492 0.0027201806357402348
0 0.8068909803237855 0.38195869760185486 0.004831682516908842 0.002040135476805247
0 0.8112193625785165 0.3738548261245455 0.0018118809438406912 0.002153476336627662
0 0.8122259631028723 0.3672810562548399 0.0030198015730680083 0.001926794616982619
0 0.8033678784885393 0.36586429550705846 0.004227722202295183 0.0018134537571601328
0 0.8319553333802503 0.3642208530396322 0.0030198015730681506 0.0026068397759176774
0 0.836384375687417 0.36677102238563863 0.002617161363325664 0.0013600903178701174
0 0.8362837156349812 0.3730614401057879 0.0036237618876815247 0.001926794616982619
0 0.8431285992006022 0.36903783958208874 0.002818481468196836 0.002040135476805105
0 0.844940480144443 0.3714179976383615 0.002818481468196836 0.0018134537571601328
0 0.8425246388859884 0.3855289346862638 0.003623761887681809 0.0019267946169826899
0 0.8313513730656368 0.3888158196211166 0.003422441782810495 0.0017001128973377889
0 0.8170576456197813 0.39873314485558614 0.0034224417828103526 0.002040135476805176
0 0.840410777784841 0.39907316743505367 0.0034224417828103526 0.0024934989160951206
0 0.8349751349533184 0.4015666663511489 0.003825081992552697 0.002040135476805176
0 0.8194734868782356 0.4099538899780146 0.002617161363325522 0.0015867720375150895
0 0.8199767871404137 0.41862446575443646 0.003623761887681667 0.0023801580562725633
0 0.8148431244661981 0.4268983485214797 0.004227722202295325 0.0014734311776926745
0 0.8415180383616325 0.42270473670804676 0.0032211216779393227 0.0017001128973375757
0 0.8361830555825455 0.4129007523333998 0.003825081992552981 0.002266817196450148
0 0.8097094617919822 0.4386857979430206 0.004429042307166355 0.001926794616982619
0 0.8204800874025918 0.4448628748033474 0.0030198015730680083 0.0022668171964502193
0 0.8229965887134818 0.45393014358914796 0.002415841258454492 0.0018134537571601328
0 0.8230972487659173 0.46180733334681234 0.005033002621780298 0.002153476336627662
0 0.8394041772604848 0.4697978639642993 0.005838283041264987 0.0018134537571601328
0 0.8464503809309771 0.46073059517849857 0.002617161363325522 0.0022668171964502193
0 0.8318546733278147 0.456593653794977 0.004026402097424011 0.0032868849348526652
0 0.8248084696573226 0.4570470172342671 0.00442904230716664 0.0019267946169826899
0 0.8452424603017499 0.4409526151394708 0.002617161363325664 0.002833521495562792
0 0.840410777784841 0.4422560350274296 0.0034224417828103526 0.002040135476805176
0 0.8412160582043258 0.44616629469130614 0.003422441782810495 0.002153476336627591
0 0.8450411401968786 0.4497365317757152 0.002617161363325522 0.0022668171964502193
0 0.8136352038369707 0.48594893648900667 0.0034224417828106366 0.0023801580562727766
0 0.8239025291854023 0.48764904938634435 0.0022145211535830357 0.0032868849348527364
0 0.8165543453576032 0.4939394671064936 0.0024158412584543497 0.002040135476805105
0 0.8348744749008827 0.5019299977239805 0.0036237618876815247 0.001926794616982619
0 0.844940480144443 0.4884424354051019 0.0020132010487120054 0.002153476336627662
0 0.8104140821590314 0.5340621314836618 0.003019801573067866 0.0024934989160951206
0 0.8248084696573227 0.558203734625856 0.0020132010487121476 0.0022668171964502905
0 0.8155477448332471 0.562624028158934 0.004429042307166497 0.0022668171964502193
0 0.8085015411627551 0.5650608566451178 0.004026402097424011 0.0019267946169826899
0 0.8121253030504368 0.6051268505923748 0.002818481468196836 0.002040135476805105
0 0.8223926283988681 0.5894858119368684 0.002818481468196836 0.0018134537571601328
0 0.8156484048856828 0.5922626630025201 0.0054356428315225 0.0023801580562726344
0 0.8177622659868305 0.609207121545985 0.002415841258454492 0.0018134537571601328
0 0.8101121020017246 0.6300051693234154 0.004026402097424153 0.0017001128973376466
