0.0 0.25397932366147435 0.999969200849051 0.00797919653150494 6.159830189780279e-05
0.0 0.34465201151948166 0.9818038641265007 0.00797919653150494 0.006528433525776834
0.0 0.3796516690326722 0.9662081618149235 0.006891124277208505 0.007979196531504584
0.0 0.4224491777016516 0.9903270967851533 0.003989598265752292 0.00834188728293661
0.0 0.42788953897313176 0.999062473970471 0.0061657427743444515 0.0018750520590579355
0.0 0.441671787527549 0.9836173178836608 0.006891124277208505 0.005803052022912425
0.0 0.4251693583373918 0.9500684233761983 0.005803052022912425 0.005440361271480754
0.0 0.43605008088035274 0.959861073664863 0.0050776705200487274 0.006891124277208505
0.0 0.44529869504186925 0.9538766762662345 0.005440361271480754 0.008704578034368637
0.0 0.46832955775780294 0.983980008635093 0.0036269075143206208 0.007253815028640531
0.0 0.06302264303251146 0.728645719626945 0.006891124277208505 0.006528433525776478
0.0 0.12594948840596842 0.8662868597953997 0.007979196531504584 0.008341887282936966
0.0 0.2534352875343263 0.8755354739569166 0.00689112427720886 0.005803052022912425
0.0 0.27283924273593974 0.8655614782925358 0.007979196531504229 0.00471497976861599
0.0 0.2828132386147958 0.8349141112865185 0.005440361271480754 0.006528433525776478
0.0 0.3109217716363027 0.8155101545949158 0.005803052022912425 0.005440361271480398
0.0 0.37294189013117973 0.8740847109511884 0.005803052022912425 0.00942995953723269
0.0 0.36750152885969917 0.9422705722204097 0.004352289017183963 0.007253815028640531
0.0 0.35063640891810993 0.9475295881161744 0.0061657427743444515 0.0061657427743444515
0.0 0.3071135187462664 0.9297577412960049 0.007616505780072913 0.008341887282936966
0.0 0.28644014591464106 0.9480736242433222 0.00834188728293661 0.007253815028640531
0.0 0.47467664590786374 0.7901218019946739 0.005440361271480398 0.009067268785800664
0.0 0.2690309898459036 0.7126873265639359 0.009067268785800664 0.007253815028640531
0.0 0.3049373742376744 0.753490036100039 0.006891124277208149 0.0076165057800727355
0.0 0.23421267770842888 0.7402518236727699 0.007616505780072913 0.006528433525776478
0.0 0.22242522828688802 0.7217545953497365 0.007253815028640531 0.005803052022912425
0.0 0.423718595331664 0.791572565000402 0.006528433525776834 0.0061657427743444515
0.0 0.4460240765447333 0.8278416401436048 0.007616505780072558 0.005440361271480398
0.0 0.4770341357921719 0.8644734060382397 0.006528433525776478 0.007616505780072558
0.0 0.48301853319080035 0.8749914378297685 0.0061657427743444515 0.00834188728293661
0.0 0.5078628496638942 0.8954834652856782 0.006528433525776478 0.005077670520048372
0.0 0.4445733135390052 0.8563128641310191 0.007616505780072558 0.00797919653150494
0.0 0.43314855486889636 0.8501471213566747 0.006528433525776478 0.005803052022912425
0.0 0.4229932138287994 0.8477896314723663 0.005803052022912425 0.006891124277208505
0.0 0.42589473984025583 0.8383596719351336 0.0065284335257761224 0.00834188728293661
0.0 0.03509545517224542 0.6552008424619592 0.006891124277208505 0.00834188728293661
0.0 0.04144254332230588 0.691832608356594 0.007979196531504584 0.005440361271480398
0.0 0.17473139447357616 0.6414185939075421 0.009792650288664717 0.005440361271480398
0.0 0.25270990603146226 0.6064189363943515 0.005440361271480754 0.005803052022912603
0.0 0.27773556788027226 0.6049681733886233 0.00834188728293661 0.004352289017184319
0.0 0.29985970371762605 0.5895538164527621 0.005440361271480398 0.005440361271480398
0.0 0.2820878568974564 0.6552008424619592 0.0061657427743444515 0.00834188728293661
0.0 0.37112843637401927 0.6740607615364247 0.007253815028640531 0.006891124277208505
0.0 0.4023198409971741 0.6979983511309386 0.006528433525776834 0.004714979768616345
0.0 0.4569047990876941 0.6718846170278325 0.007616505780072558 0.006165742774344629
0.0 0.5006090346352539 0.7005371863909626 0.006528433525776478 0.0061657427743444515
0.0 0.43478066325034026 0.6443201199189985 0.00689112427720886 0.009067268785800664
0.0 0.4694176300120995 0.6066002817700673 0.007253815028640531 0.00834188728293661
0.0 0.489546966716577 0.6396051401503818 0.0061657427743444515 0.006891124277208327
0.0 0.4092109652743824 0.6078696994000795 0.007979196531504229 0.005077670520048372
0.0 0.4055840577600621 0.6000718482442908 0.008704578034368637 0.004714979768616345
0.0 0.5162047369468308 0.6053308641400552 0.006528433525776834 0.006528433525776478
0.0 0.6190275649778106 0.6102271892843877 0.00689112427720886 0.006891124277208505
0.0 0.5229145158483236 0.741521241302782 0.009067268785800664 0.004714979768616345
0.0 0.5564634103557863 0.7505885100885827 0.010880722542960797 0.0061657427743444515
0.0 0.6415143915665965 0.7776089710702688 0.005440361271480398 0.007253815028640709
0.0 0.6150379667120591 0.8097071025720032 0.007616505780072558 0.004714979768616345
0.0 0.6380688294279926 0.7476869840771265 0.005803052022912425 0.006891124277208505
0.0 0.6585608568839023 0.7456921849442504 0.004714979768616345 0.005803052022912425
0.0 0.6895709161313407 0.7556661806086311 0.005077670520048372 0.0076165057800727355
0.0 0.7225757745116551 0.7667282485273079 0.004352289017184319 0.008704578034368637
0.0 0.6935605143970929 0.7237493944826124 0.005803052022912425 0.008341887282936788
0.0 0.6670840895425549 0.715588852575392 0.0065284335257761224 0.006528433525776478
0.0 0.593095176250421 0.690744536102298 0.00797919653150494 0.0061657427743444515
0.0 0.6250119623764394 0.6918326083565941 0.005803052022912425 0.006891124277208505
0.0 0.5406863626684928 0.8980223005457022 0.00834188728293661 0.007253815028640531
0.0 0.6290015606421917 0.8708204941883 0.004352289017184674 0.005803052022912425
0.0 0.6672654349182705 0.8793437268469526 0.0061657427743444515 0.006165742774344096
0.0 0.6815917195998358 0.8646547514139555 0.005077670520048372 0.007253815028640531
0.0 0.7243892282688151 0.8913125216442097 0.005803052022912425 0.004714979768616345
0.0 0.722031738384507 0.8800691083498167 0.006891124277208149 0.005440361271480398
0.0 0.7309176617945919 0.856856900258167 0.005077670520048372 0.005440361271480398
0.0 0.7443372195975767 0.882245252858409 0.007253815028640531 0.005440361271480754
0.0 0.5216450982183114 0.9976117109647429 0.006528433525776478 0.004776578070513971
0.0 0.5524738120900338 0.9970676748375951 0.007979196531504229 0.00586465032481005
0.0 0.5615410807532774 0.9985184370983283 0.005077670520048372 0.002963125803343125
0.0 0.534339274549071 0.960042419040579 0.005803052022912425 0.007979196531504584
0.0 0.5403236719170609 0.9642133626820474 0.006165742774344807 0.007616505780072558
0.0 0.6516697326066936 0.9798090649936245 0.003989598265752292 0.006165742774344096
0.0 0.6415143915665966 0.999606510097619 0.0061657427743444515 0.0007869798047618559
0.0 0.668534852548283 0.9979744017161749 0.005803052022912425 0.004051196567650095
0.0 0.7109696704658299 0.9609491459191591 0.007253815028640531 0.0061657427743444515
0.0 0.7358139869389237 0.9658454710634915 0.0061657427743444515 0.005803052022912425
0.0 0.7396222398289604 0.9798090649936245 0.005077670520048372 0.004714979768616345
