0 0.22950839093743702 0.6110781792710587 0.02128362203438364 0.01242622348376095
0 0.2551275656084544 0.5986519557872978 0.015765645951395336 0.005325524350183173
0 0.2614338239890125 0.5669207065341229 0.0157656459513953 0.009319667612820836
0 0.2704990704110648 0.5882228039348557 0.018130492844104607 0.008432080221123286
0 0.2807467402794717 0.6028679958978596 0.01340079905868599 0.009319667612820694
0 0.30873076184319836 0.5997614400269193 0.01576564595139537 0.010207255004517819
0 0.14200905590719312 0.5882228039348557 0.022860186629523157 0.008432080221123286
0 0.15146844347803032 0.6028679958978596 0.021283622034383658 0.007544492829426232
0 0.1802407473393267 0.5957672967642819 0.0220719043319534 0.008432080221123428
0 0.16368681909036165 0.5784593426261864 0.0157656459513953 0.006656905437728895
0 0.16920479517335005 0.5713586434926089 0.015765645951395263 0.0075444928294263035
0 0.21019547464697777 0.5338580761934019 0.011035952165976682 0.010651048700366417
0 0.22280799140809407 0.5005735490047566 0.012612516761116233 0.012426223483760879
0 0.24724474263275675 0.5394054973915093 0.01891877514167433 0.0075444928294263035
0 0.2771994699404078 0.5478375776126329 0.020495339736813847 0.009319667612820624
0 0.17472277125633837 0.5016830332443781 0.025225033522232466 0.010207255004517819
0 0.15698641956101866 0.5174377094470035 0.016553928248965077 0.008875873916972097
0 0.18142317078568135 0.5298639329307644 0.02286018662952319 0.008875873916972097
0 0.16683994828064072 0.5440653311979198 0.012612516761116268 0.006213111741880439
0 0.15856298415615822 0.5518317208752702 0.01655392824896511 0.009319667612820765
0 0.15895712530494308 0.5351894572809477 0.0204953397368139 0.010651048700366489
0 0.3146428790749716 0.5136654630322903 0.019707057439244054 0.015532779354701133
0 0.23463222587164048 0.4699517839912031 0.0220719043319534 0.013313810875458146
0 0.29927137427236117 0.5181033999907764 0.015765645951395336 0.009319667612820624
0 0.3150370202237565 0.5311953140183102 0.025225033522232466 0.007988286525274972
0 0.3516921470607505 0.5338580761934019 0.019707057439244124 0.0071006991335776344
0 0.346962453275332 0.561151388488091 0.014977363653825506 0.01020725500451796
0 0.34814487672168665 0.5800126205616565 0.025225033522232466 0.0071006991335776344
0 0.40490120214670966 0.5451748154375412 0.011035952165976682 0.011982429787912353
0 0.4123898839736225 0.5314172108662345 0.014977363653825435 0.010207255004517819
0 0.3587866877388784 0.5888884944786286 0.022860186629523226 0.0071006991335776344
0 0.36036325233401795 0.5977643683956007 0.024436751224662743 0.005325524350183244
0 0.4155430131639015 0.5771279615386407 0.030743009605220806 0.008432080221123642
0 0.4411621878349189 0.5953235030684333 0.015765645951395443 0.005769318046031841
0 0.4821528673085467 0.5631484601194097 0.022071904331953506 0.009763461308669221
0 0.434067647156791 0.520766162165868 0.018918775141674404 0.011094842396215157
0 0.40726604903941904 0.503014414331924 0.017342210546534887 0.01198242978791221
0 0.3918945442368086 0.4865940475855257 0.013400799058686061 0.009319667612820624
0 0.44668016391790727 0.49236336563155747 0.014189081356255856 0.01020725500451789
0 0.3308026661751518 0.4763867925810078 0.0220719043319534 0.012870017179609547
0 0.3205549963067449 0.46351677540139824 0.017342210546534814 0.009319667612820694
0 0.33356165421664596 0.44088329691311956 0.02128362203438364 0.010207255004517819
0 0.35484527625102963 0.46129780692215516 0.01813049284410468 0.006656905437729037
0 0.3982008026173667 0.4553065920281991 0.014977363653825506 0.010651048700366489
0 0.19048841720773368 0.43910812212972516 0.018918775141674365 0.008432080221123428
0 0.4892474079866746 0.5837848669763698 0.0157656459513953 0.007544492829426375
0 0.4967360898135873 0.5775717552344892 0.02128362203438371 0.011094842396215157
0 0.5058013362356397 0.556047760985832 0.018918775141674404 0.00798828652527483
0 0.5203845587406803 0.5414025690228281 0.016553928248965163 0.009763461308669293
0 0.5109251711698432 0.5090056292258801 0.029166445010081362 0.010651048700366417
0 0.1585629841561582 0.4475402023508485 0.019707057439244106 0.009319667612820694
0 0.13333795063392573 0.43822053473802797 0.019707057439244106 0.008432080221123428
0 0.5475802980068372 0.5622608727277124 0.017342210546534887 0.006213111741880439
0 0.5562514032801046 0.5502784429398001 0.017342210546534887 0.00798828652527483
0 0.5684697788924359 0.5888884944786286 0.02443675122466267 0.008875873916972025
0 0.5775350253144882 0.5791250331699592 0.020495339736813847 0.008875873916972025
0 0.6027600588367206 0.551609824027346 0.020495339736813847 0.011538636092063612
0 0.5964538004561625 0.574465199363549 0.011035952165976753 0.009319667612820553
0 0.6193139870856856 0.5993176463310708 0.011035952165976753 0.01020725500451789
0 0.6472980086494122 0.6128533540544532 0.026013315819802117 0.011538636092063754
0 0.651633561286046 0.5844505575201425 0.020495339736813774 0.012426223483760879
0 0.6815882885936972 0.5718024371884574 0.017342210546534745 0.012870017179609476
0 0.6737054656179994 0.5886665976307043 0.011035952165976824 0.011094842396214943
0 0.7146961450916274 0.5977643683956007 0.022071904331953506 0.010651048700366489
0 0.7777587288972084 0.5927051195857511 0.017342210546534887 0.011183599781034061
0 0.5822647190999067 0.5291982423869915 0.01576564595139516 0.011094842396215086
0 0.47899973811826757 0.48393128541043395 0.017342210546534814 0.010207255004517819
0 0.4616575275717328 0.46174160061800384 0.01891877514167426 0.0084320802211235
0 0.44589188162033744 0.45197813930933456 0.025225033522232536 0.0075444928294263035
0 0.4470743050666921 0.4291227639731316 0.02128362203438364 0.010651048700366489
0 0.27365219960134385 0.4273475891897371 0.016553928248965056 0.008875873916972025
0 0.3950476734270876 0.42668189864596423 0.01655392824896502 0.01020725500451789
0 0.17708761814904764 0.4266818986459643 0.012612516761116197 0.005769318046031841
0 0.17275206551241395 0.43622346310670923 0.014977363653825506 0.010651048700366489
0 0.14200905590719312 0.42091258059993236 0.008671105273267407 0.009319667612820694
0 0.1530450080731698 0.42002499320823516 0.014977363653825541 0.0075444928294263035
0 0.5357560635432906 0.4575255605074421 0.017342210546534745 0.012426223483760879
0 0.35445113510224474 0.4224658585354025 0.017342210546534887 0.010651048700366489
0 0.5637400851070173 0.4586350447470636 0.014977363653825506 0.01020725500451789
0 0.5826588602486916 0.4710612682308245 0.011824234463546404 0.012870017179609547
0 0.5720170492314999 0.4959137151983463 0.018918775141674404 0.0066569054377291085
0 0.5566455444288895 0.4925852624794818 0.013400799058686061 0.013313810875458146
0 0.7131195804964878 0.5593762137046966 0.020495339736813774 0.009319667612820765
0 0.3710050633512098 0.4253505175584184 0.017342210546534814 0.01020725500451789
0 0.5144724415089069 0.4253505175584184 0.012612516761116197 0.0075444928294263035
0 0.5318146520554419 0.4364453599546334 0.0157656459513953 0.007544492829426232
0 0.551127568345901 0.4386643284338764 0.016553928248965094 0.00576931804603177
0 0.5747760372729941 0.4284570734293587 0.018130492844104607 0.009319667612820694
0 0.557827967875244 0.42024689005615956 0.022071904331953433 0.008875873916972025
0 0.631926503846802 0.4797152452998723 0.012612516761116268 0.008875873916972097
0 0.6634577957495926 0.45486279833235055 0.025225033522232394 0.011538636092063683
0 0.6449331617567031 0.5010173427006052 0.01655392824896502 0.008875873916972025
0 0.6520277024348309 0.5081180418341827 0.013400799058685919 0.00798828652527483
0 0.702083628330511 0.5380741163039636 0.014189081356255856 0.008432080221123428
0 0.7111488747525633 0.5276449644515213 0.011824234463546617 0.008875873916972025
0 0.7623872240945979 0.5336361793454775 0.016553928248965094 0.01198242978791221
0 0.6126135875563427 0.451534345613486 0.018130492844104538 0.0066569054377291085
0 0.6701581952789354 0.5112245977051231 0.016553928248965094 0.012426223483760879
0 0.6871062646766855 0.5240946148847325 0.0157656459513953 0.008875873916972097
0 0.6106428818124183 0.4659576407285656 0.018918775141674404 0.010651048700366489
0 0.681982429742482 0.4699517839912031 0.016553928248964952 0.0071006991335776344
0 0.6729171833204296 0.4732802367100675 0.012612516761116268 0.011094842396215086
0 0.6981422168426622 0.5054552796590912 0.01891877514167433 0.010651048700366417
0 0.6287733746565229 0.4291227639731316 0.018918775141674404 0.0079882865252749
0 0.6685816306837961 0.4302322482127531 0.01024766986840703 0.0084320802211235
0 0.6914418173133191 0.42401913647087264 0.013400799058685919 0.0075444928294263035
0 0.32437816544995823 0.3978610483282725 0.019707057439244124 0.009319667612820624
0 0.16199201215058667 0.3951982861531809 0.016553928248965077 0.005769318046031841
0 0.1749986700604878 0.40695881909316894 0.01891877514167433 0.006213111741880439
0 0.17223968201899365 0.4162784867059896 0.01655392824896502 0.0079882865252749
0 0.1734221054653483 0.3601385841811413 0.015765645951395263 0.0084320802211235
0 0.16199201215058667 0.36945825179396197 0.019707057439244124 0.01198242978791221
0 0.13952596666984837 0.355478750374731 0.012612516761116233 0.0079882865252749
0 0.14662050734797627 0.3494875354807748 0.01261251676111625 0.0084320802211235
0 0.15686817721638324 0.3401678678679542 0.01576564595139532 0.010207255004517819
0 0.30585353145706873 0.35947289363736845 0.020495339736813955 0.010651048700366489
0 0.36142743343573713 0.3932012145218622 0.018130492844104607 0.008875873916972097
0 0.40241811290936497 0.4020770884388342 0.014977363653825577 0.00798828652527483
0 0.42370173494374863 0.41028727181203345 0.011824234463546475 0.01020725500451789
0 0.3267430123426675 0.3665735927709461 0.016553928248965056 0.010651048700366489
0 0.21520106723654578 0.3204190484026913 0.017342210546534852 0.00710069913357767
0 0.20101198588029007 0.3055519595917632 0.020495339736813882 0.008432080221123463
0 0.18248735188740056 0.3221942231860857 0.016553928248965094 0.010651048700366452
0 0.16632756478722036 0.3270759538404204 0.020495339736813882 0.010651048700366489
0 0.1552916126212437 0.2902410770849863 0.018918775141674404 0.008875873916972025
0 0.14622636619919138 0.2769272662095283 0.011824234463546475 0.008875873916972097
0 0.29363515584473737 0.28824400545366763 0.01970705743924409 0.013757604571306637
0 0.2609214404955922 0.283362274799333 0.017342210546534852 0.009319667612820659
0 0.22150732561710393 0.2687170828363291 0.018918775141674365 0.007544492829426268
0 0.22111318446831907 0.27603967881783104 0.02128362203438364 0.0071006991335776344
0 0.33935552910378375 0.3399459710200298 0.019707057439244054 0.009763461308669221
0 0.35354461046003954 0.3574758220060497 0.021283622034383567 0.012870017179609476
0 0.4564154502928939 0.37789033201508543 0.014189081356255785 0.01020725500451789
0 0.4678455436076554 0.3976391514803483 0.019707057439244197 0.008875873916972025
0 0.49543542402259727 0.3829939595173444 0.014977363653825506 0.00798828652527483
0 0.5257842924790331 0.41228434344335213 0.011035952165976753 0.006213111741880439
0 0.5415499384304284 0.4098434781161848 0.01576564595139537 0.011982429787912282
0 0.32201331855724896 0.3195314610109941 0.011824234463546439 0.010651048700366452
0 0.16317443559694134 0.243642739020883 0.0220719043319534 0.009763461308669256
0 0.13913182552106348 0.24652739804389895 0.01340079905868599 0.01109484239621505
0 0.14662050734797627 0.2589536215276598 0.03310785649793013 0.011982429787912316
0 0.32398402430117335 0.2518529223940822 0.015765645951395263 0.012870017179609441
0 0.3275312946402373 0.27248932925104224 0.018130492844104572 0.010651048700366489
0 0.35315046931125466 0.30333299111252016 0.012612516761116197 0.011982429787912316
0 0.3425086582940628 0.3155373177483567 0.01655392824896502 0.006213111741880368
0 0.3377789645086442 0.3228599137298586 0.01340079905868599 0.008432080221123463
0 0.3633981391796615 0.3355080340615439 0.011035952165976753 0.012426223483760879
0 0.37522237364320804 0.340833558411727 0.014189081356255785 0.013313810875458146
0 0.3752223736432081 0.3552568535268067 0.01891877514167433 0.006656905437729037
0 0.43473768710972527 0.3512627102641693 0.010247669868406887 0.009319667612820624
0 0.44932090961476595 0.3570320283102011 0.020495339736813917 0.009319667612820765
0 0.4398615220439288 0.3401678678679542 0.012612516761116268 0.009319667612820624
0 0.37049267985778944 0.27759295675330115 0.011035952165976682 0.008432080221123392
0 0.3468442109306965 0.2525186129378551 0.017342210546534745 0.008875873916972097
0 0.3894114549994639 0.24497412010842887 0.023648468927092877 0.010651048700366452
0 0.345267646335557 0.274486400882361 0.011035952165976682 0.006656905437729073
0 0.3448735051867721 0.2822527905597115 0.016553928248965094 0.008875873916972025
0 0.3582743042454581 0.2849155527348031 0.008671105273267444 0.007100699133577564
0 0.4658748378637311 0.3361737246053167 0.009459387570837237 0.007544492829426232
0 0.45365646225139966 0.3379488993887112 0.016553928248965094 0.008432080221123428
0 0.5557390197866843 0.39542018300110526 0.018918775141674404 0.00798828652527483
0 0.6057949456823642 0.3960858735448781 0.011824234463546546 0.01198242978791221
0 0.5912117231773236 0.39542018300110526 0.01103595216597661 0.00798828652527483
0 0.6542743069829048 0.39053845234677054 0.01103595216597654 0.009763461308669221
0 0.6921118572662536 0.3978610483282725 0.0157656459513953 0.008432080221123428
0 0.7173368907884862 0.3854348248445117 0.023648468927093092 0.0075444928294263035
0 0.7689693812793057 0.4138376213788223 0.014977363653825649 0.008432080221123428
0 0.6846231754393408 0.4140595182267465 0.010247669868406887 0.008875873916972025
0 0.6653102591488814 0.41805366148938405 0.017342210546534745 0.006213111741880439
0 0.6499387543462711 0.4140595182267465 0.0244367512246626 0.00798828652527483
0 0.5048948115934344 0.3317357876468307 0.01340079905868599 0.009319667612820694
0 0.45010919191233567 0.30177971317705005 0.015765645951395228 0.008875873916972097
0 0.48834088334446935 0.2893534896932891 0.013400799058685919 0.010651048700366417
0 0.499770976659231 0.31021179339817345 0.022071904331953364 0.010651048700366417
0 0.30940080179613266 0.23232599977674365 0.026013315819802187 0.013757604571306672
0 0.3436910817404175 0.21634942672619395 0.01891877514167433 0.011982429787912282
0 0.33817310565742914 0.19393784508583947 0.020495339736813847 0.008875873916972062
0 0.2510679117759701 0.19526922617338527 0.018130492844104538 0.00710069913357767
0 0.14543808390162163 0.20037285367564422 0.026013315819802242 0.011982429787912316
0 0.1726338231677785 0.2127990771594051 0.02364846892709295 0.008432080221123463
0 0.22781358399766205 0.21523994248657247 0.018918775141674404 0.014201398267155305
0 0.2624980050907317 0.21745891096581546 0.012612516761116233 0.010651048700366489
0 0.2282077251464469 0.22944134075372774 0.016553928248965094 0.012426223483760879
0 0.177757658101982 0.23299169032051661 0.02443675122466267 0.011538636092063683
0 0.17657523465562733 0.22500340379524172 0.02522503352223243 0.0079882865252749
0 0.2956058615886618 0.1926064639982937 0.020495339736813955 0.010651048700366452
0 0.3164953424742606 0.195047329325461 0.013400799058685955 0.011094842396215086
0 0.1801225049946913 0.1917188766065965 0.01340079905868599 0.012426223483760879
0 0.16987483512628432 0.18594955856056467 0.019707057439244054 0.010651048700366452
0 0.425672440687673 0.1954911230213096 0.0157656459513953 0.011982429787912282
0 0.46311584982223686 0.1914969797586722 0.019707057439244124 0.011982429787912245
0 0.44380293353177763 0.19815388519640123 0.012612516761116268 0.009319667612820694
0 0.7790270526980919 0.5219655785128589 0.01856915523545439 0.012893534041336635
0 0.801929010821819 0.5350333495007 0.016093267870727176 0.010454216790272924
0 0.7994531234570917 0.6008949152794195 0.011141493141272605 0.013242007934345849
0 0.8307112014367735 0.5940996743657421 0.02166401444136355 0.008711847325227496
0 0.8827048360960461 0.5954935699377785 0.03032962021790908 0.008711847325227425
0 0.9244854353758185 0.5923573049006966 0.013617380506000103 0.008014899539209211
0 0.7985246656953189 0.46620975563140304 0.010522521300090801 0.010105742897263853
0 0.8854902093813641 0.4676036512034395 0.01980709891781828 0.01359048182735485
0 0.9028214209344548 0.48729242615845353 0.019807098917818136 0.008363373432218353
0 0.9220095480110913 0.483633450281858 0.013617380505999676 0.008014899539209211
0 0.9480063653407274 0.48729242615845353 0.01485532418836371 0.00975726900425471
0 0.9229380057728639 0.506806964166963 0.010522521300090943 0.009060321218236496
0 0.8981791321255913 0.5348591125541955 0.01671223971190898 0.01149963846930035
0 0.9161293155198638 0.5670929476575369 0.014236352347181907 0.009060321218236496
0 0.9238664635346366 0.5472299357560184 0.012379436823636354 0.010454216790272995
0 0.9439830483730457 0.5463587510234956 0.020426070759000083 0.007317951753191067
0 0.9684324360997273 0.5162157592782087 0.013617380505999676 0.009757269004254781
0 0.9433640765318637 0.5235337110313998 0.010522521300090801 0.010454216790272924
0 0.9557435133555 0.5277153977475089 0.01547429602954523 0.006272530074163853
0 0.9928818238264091 0.5380302244488493 0.014236352347181765 0.009478488826389509
0 0.9879300490969544 0.5704034496411234 0.02042607075899994 0.008711847325227496
0 0.9956671971117272 0.5944829951163232 0.008665605776545533 0.00947848882638958
0 0.9820498166057273 0.5981071241353467 0.01980709891781828 0.008363373432218353
0 0.8012590484098598 0.4408194746565091 0.021664014441363406 0.010454216790272924
0 0.8677985213369049 0.4204337519154768 0.01856915523545453 0.010802690683281995
0 0.851086281624996 0.39760871192338093 0.019807098917818136 0.00975726900425471
0 0.8402542744043143 0.3859348365075762 0.019188127076636335 0.010105742897263782
0 0.8043539076157689 0.3803592542194306 0.014236352347181765 0.012196586255318421
0 0.8353024996748597 0.3397620456838706 0.020426070758999798 0.005575582288145639
0 0.8903909935400413 0.41015377207170844 0.014236352347181765 0.007666425646200139
0 0.9296957054550863 0.42426696473857695 0.012379436823636354 0.010802690683282067
0 0.9954869588660431 0.472565445777909 0.009026082267913864 0.005645276003289439
0 0.9881885444467678 0.46625806884617327 0.011760464982454408 0.005575582288145569
0 0.9832367697173134 0.40527513756958106 0.01795018339427287 0.010454216790272995
0 0.9114360361402228 0.4071917439811311 0.012998408664818299 0.005924056181154711
0 0.9300051913756772 0.3972602380303718 0.019188127076636335 0.009757269004254781
0 0.9086506628549048 0.39795718581639006 0.012379436823636212 0.00766642564620021
0 0.9792134527496315 0.35648879254830734 0.02723476101199992 0.01533285129240042
0 0.8838917892076321 0.3883741537586398 0.014855324188363567 0.012196586255318421
0 0.8554190845132686 0.37321553941274405 0.014855324188363567 0.009060321218236496
0 0.8705838946222231 0.36885961575013043 0.015474296029545372 0.008711847325227425
0 0.9114360361402228 0.33871662400484337 0.015474296029545514 0.008363373432218353
0 0.9222680433609045 0.3451633910255117 0.019807098917818136 0.006621003967172853
0 0.8891530498576776 0.3627613226224712 0.017950183394272727 0.009060321218236496
0 0.910817064299041 0.35805692506684833 0.012998408664818299 0.008014899539209282
0 0.7938313863156781 0.34237559988143884 0.015474296029545372 0.00940879511124571
0 0.7539077025594509 0.3505647363671527 0.014855324188363567 0.008363373432218425
0 0.7412187798152238 0.36084471621092107 0.019188127076636335 0.007317951753191138
0 0.7384334065299055 0.3714731699476985 0.012379436823636212 0.008363373432218353
0 0.7266729415474509 0.3737382502522577 0.013617380506000103 0.010105742897263853
0 0.7768096606831781 0.3434210215604662 0.011141493141272463 0.009408795111245639
0 0.7894985834274053 0.35561760781578455 0.015474296029545372 0.010105742897263853
0 0.8139479711540869 0.39760871192338093 0.011141493141272605 0.00975726900425471
0 0.7687630267478144 0.3760033305568169 0.014855324188363425 0.006272530074163782
0 0.7625733083359963 0.3681626679641121 0.006189718411818035 0.009408795111245639
0 0.7548361603212236 0.3744351980382759 0.01176046498245455 0.010105742897263782
0 0.7842373227773599 0.40788869176714937 0.008665605776545533 0.004530160609118284
0 0.7891890975068143 0.3956921055118309 0.007427662094181926 0.004530160609118355
0 0.797235731442178 0.3937754991002808 0.011141493141272463 0.006969477860181925
0 0.794140872236269 0.40875987649967205 0.00866560577654539 0.007666425646200139
0 0.7888796115862234 0.4014419247464811 0.009284577617727195 0.006969477860181925
0 0.8612993170044959 0.33558035896776145 0.02909167653554533 0.010454216790272853
0 0.8752261834310867 0.316065820959252 0.014855324188363567 0.005575582288145569
0 0.8897720216988594 0.3178081904242974 0.01176046498245455 0.006969477860181925
0 0.8820348736840866 0.3266942746960295 0.0235209299649091 0.008014899539209282
0 0.8300412390248141 0.30526313027596996 0.021045042600181744 0.012545060148327564
0 0.8637752043692231 0.2921953592881288 0.01671223971190898 0.00940879511124571
0 0.8544906267514959 0.28400622280241494 0.014236352347181765 0.009060321218236567
0 0.8962712260312685 0.296377046004238 0.012379436823636354 0.00871184732522746
0 0.9201016419167682 0.2970739937902562 0.01423635234718148 0.01080269068328203
0 0.8801779581605413 0.27721098188873755 0.016093267870727318 0.010105742897263816
0 0.8616088029250867 0.25560560052217346 0.01733121155309078 0.008711847325227496
0 0.9030799162842684 0.2775594557817467 0.021045042600181602 0.01080269068328203
0 0.9495028043729046 0.25647678525469625 0.016093267870727176 0.011848112362309315
0 0.9939395292630886 0.3089569530101374 0.012120941473822882 0.007387645468334938
0 0.8647036621309958 0.18730471749239022 0.016093267870727176 0.006621003967172889
0 0.8566570281956323 0.19828164512217683 0.014855324188363567 0.0062725300741637464
0 0.8585139437191777 0.23068971717202294 0.00866560577654539 0.009060321218236531
0 0.8455155350543596 0.2324320866370684 0.00990354945890914 0.007666425646200139
0 0.8628467466074504 0.24375748815986412 0.008665605776545533 0.005924056181154675
0 0.881725387763496 0.23400021915560937 0.012998408664818016 0.009408795111245639
0 0.897818655634223 0.22929582159998652 0.009284577617727337 0.008363373432218353
0 0.9036988881254503 0.2085616249659452 0.012379436823636354 0.008014899539209282
0 0.9346474801845409 0.20664501855439518 0.014855324188363852 0.010454216790272959
0 0.8832728173664504 0.2578706808267326 0.011141493141272748 0.009757269004254781
0 0.8990565993165864 0.2594388133452735 0.010522521300090801 0.006621003967172853
0 0.9256723884874046 0.252295098538587 0.009284577617727195 0.00696947786018196
0 0.9024609444430867 0.2496815443410188 0.014855324188363567 0.004530160609118284
0 0.9098886065372684 0.24288630342734138 0.019807098917817855 0.007666425646200174
0 0.9222680433609045 0.23225784969056384 0.011141493141272605 0.00871184732522746
0 0.9129834657431775 0.23539411472764576 0.011141493141272605 0.007317951753191067
0 0.891009965381223 0.20054672542673593 0.014236352347181765 0.009408795111245673
0 0.9637391567200865 0.23295479747658207 0.013617380505999819 0.007317951753191032
0 0.9578589242288591 0.22040973732825456 0.017950183394272585 0.010105742897263887
0 0.9860221430026317 0.24393172510636865 0.013617380505999819 0.00696947786018196
0 0.9979628462307705 0.24971639119859074 0.004074307538459294 0.005993749896298511
0 0.9829272837967225 0.21413720725409077 0.012379436823636212 0.008014899539209211
0 0.9928308332556316 0.20159214710576326 0.007427662094181784 0.008014899539209211
0 0.9936300433424974 0.222535427543881 0.011501969632641077 0.007387645468334973
0 0.9931403191762226 0.2349062507457041 0.012998408664818016 0.007736119361344045
0 0.9040083740460412 0.18277455688327193 0.012998408664818157 0.007317951753191032
0 0.9114360361402228 0.1791155810066764 0.01671223971190898 0.00696947786018196
0 0.6254710455142243 0.3854121256680625 0.017950183394272585 0.006272530074163782
0 0.6137105805317699 0.38001078032642155 0.01671223971190898 0.004530160609118284
0 0.6078303480405425 0.37426096109177137 0.014855324188363425 0.006272530074163712
0 0.606282918437588 0.3608447162109211 0.014236352347181623 0.005924056181154782
0 0.5901896505668609 0.3618901378899484 0.01671223971190905 0.006621003967172853
0 0.5833809603138609 0.3686853788036258 0.015474296029545443 0.005575582288145639
0 0.5775007278226336 0.3784426478078805 0.008665605776545461 0.008363373432218353
0 0.5583126007459973 0.38750296902611714 0.014855324188363567 0.004878634502127426
0 0.5338632130193157 0.3704277482686713 0.019188127076636193 0.007666425646200139
0 0.5561461993018609 0.3652006398735348 0.015474296029545443 0.006969477860181925
0 0.5623359177136791 0.3756548566638077 0.012998408664818157 0.007666425646200139
0 0.4862023812483159 0.354746423083262 0.012998408664818085 0.00766642564620021
0 0.4868213530894977 0.3613674270504348 0.015474296029545443 0.004878634502127426
0 0.5115802267367703 0.3794880694869079 0.011760464982454479 0.009757269004254781
0 0.505699994245543 0.35230710583219815 0.01361738050599996 0.006272530074163782
0 0.5078663956896794 0.35857963590636205 0.0154742960295453 0.006272530074163782
0 0.5186984029103612 0.333837989502716 0.009903549458908856 0.009060321218236567
0 0.5465521357635429 0.34760270827657536 0.016093267870727176 0.010105742897263853
0 0.6044260029140426 0.3470799974370618 0.017950183394272585 0.006969477860181996
0 0.6610619263821786 0.3592765836923802 0.014855324188363567 0.008363373432218282
0 0.6669421588734061 0.3683369049106167 0.008046633935363588 0.006272530074163782
0 0.653324778367406 0.36938232658964393 0.01176046498245455 0.006969477860181925
0 0.6641567855880877 0.37443519803827596 0.011141493141272605 0.005924056181154569
0 0.6842733704264967 0.3618901378899484 0.012998408664818157 0.005924056181154711
0 0.6886061733147695 0.3669430093385803 0.01671223971190898 0.00418168671610907
0 0.6746793068881786 0.32617156385651586 0.014855324188363567 0.006969477860181925
0 0.6588955249380423 0.3313986722516523 0.014236352347181765 0.006969477860181925
0 0.6622998700645423 0.3158915840127475 0.014855324188363567 0.0066210039671729245
0 0.6632283278263151 0.3028238130249063 0.01176046498245455 0.009757269004254781
0 0.6505394050820879 0.30090720661335624 0.01361738050599996 0.008711847325227388
0 0.6171149256582698 0.3369742545397979 0.01485532418836371 0.006969477860181925
0 0.6155674960553152 0.35265557972520734 0.0068086902530000515 0.005575582288145569
0 0.6316607639260424 0.3578826881203438 0.012998408664818157 0.007666425646200139
0 0.6310417920848607 0.35056473636715274 0.012998408664818016 0.006969477860181996
0 0.7037709834237239 0.35614031865529827 0.00866560577654539 0.008363373432218353
0 0.43135037281763233 0.2569730233668435 0.017010929901002215 0.00820881787493949
0 0.45103444884593485 0.2535800448943464 0.017496956469602195 0.003502429795018358
0 0.45395060825753525 0.25793071878558643 0.017496956469602195 0.0051989179874616905
0 0.5283126732533449 0.28036815431042117 0.014580797058001877 0.008482445137437544
0 0.5475107227130473 0.282967613304152 0.013122717352201718 0.00820881787493949
0 0.560633440065249 0.26791811386676284 0.01798298303820232 0.008756072399935562
0 0.5455648232535705 0.31494497913518027 0.012150664215001541 0.006019799774955636
0 0.5370593583030694 0.31891257444140103 0.010692584509201382 0.0062934270374537605
0 0.5343862121757691 0.2948333753415784 0.012150664215001541 0.005746172512457619
0 0.5562574077627719 0.29346523902908844 0.01020655794060133 0.004651663462465763
0 0.5912513207019764 0.30796748394148166 0.016038876763802036 0.004651663462465763
0 0.6123934764360791 0.31822850628515603 0.010692584509201382 0.005472545249959637
0 0.5803157229084749 0.32164884706638086 0.006804371960400886 0.004104408937469764
0 0.5594165804586723 0.3205543380163889 0.011664637646401488 0.006293427037453618
0 0.5455648232535705 0.32520600147885476 0.010206557940601187 0.006293427037453583
0 0.5550423413412717 0.30276856595401996 0.0136087439208017 0.007935190612441509
0 0.5241796542351678 0.28895038919787175 0.011178611077801364 0.004925290724963674
0 0.5222355479607675 0.2944229344478314 0.013122717352201718 0.0054725452499597435
0 0.5936814535449767 0.3278054604725855 0.013122717352201576 0.009303326924931455
0 0.5555283679098717 0.3290367831538264 0.0068043719604008145 0.0035571544124738353
0 0.5487239959494709 0.33149942851630826 0.00874847823480124 0.0035571544124737642
0 0.5557713811941718 0.3343725147725371 0.008262451666201116 0.004925290724963744
0 0.5616037000173726 0.33861373734125594 0.008262451666200973 0.004651663462465763
0 0.5633047930074728 0.35284235499115113 0.009720531372001275 0.004651663462465763
0 0.5744834040852742 0.35338960951614706 0.009720531372001205 0.006293427037453583
0 0.5859050284473757 0.3506533368911672 0.011178611077801506 0.010124208712425399
0 0.5749694306538743 0.3434022144349706 0.012636690783601736 0.007661563349943563
0 0.6313485126114816 0.3119350792477024 0.011664637646401417 0.006019799774955601
0 0.6247871539353806 0.3001691069602891 0.014094770489401824 0.006567054299951671
0 0.6230860609452806 0.3063257203664937 0.013608743920801771 0.004104408937469728
0 0.6262452336411809 0.2847091666291529 0.011178611077801435 0.006293427037453654
0 0.6366948048660822 0.27978387590418924 0.009720531372001275 0.0068406815624495465
0 0.641312057267783 0.2933284253978395 0.00923450480340115 0.007661563349943528
0 0.6335356321701819 0.29373886629158646 0.013122717352201576 0.006840681562449618
0 0.6524906683455842 0.2810151985854301 0.014094770489401895 0.007661563349943563
0 0.6678005052564864 0.28648774383538983 0.012636690783601523 0.007661563349943563
0 0.6775210366284875 0.29154984819160257 0.008748478234801097 0.0046516634624657275
0 0.5992707590838775 0.28087838495418116 0.013608743920801842 0.007935190612441509
0 0.5766705236439745 0.26295579926056317 0.01020655794060133 0.008208817874939562
0 0.5958685731036769 0.26487119009804905 0.010692584509201524 0.005472545249959708
0 0.5771565502125746 0.27007010808551074 0.011178611077801435 0.0038307816749718173
0 0.5742403908009742 0.2748585851792255 0.008262451666201116 0.004104408937469799
0 0.5667069789876733 0.28252014852916907 0.010692584509201524 0.0073879360874455815
0 0.5868770815845759 0.27567946696671947 0.008262451666201045 0.004651663462465692
0 0.5832318823200754 0.2800575031666872 0.007776425097601134 0.004651663462465692
0 0.596354599672277 0.28922401646036966 0.008748478234801169 0.006567054299951636
0 0.6065611576128783 0.2896344573541167 0.0077764250976009915 0.0051989179874616905
0 0.6133655295732793 0.29565425712907234 0.011664637646401488 0.006293427037453725
0 0.5992707590838775 0.301537243272779 0.015552850195201912 0.008756072399935526
0 0.5878491347217759 0.2992114115415462 0.00923450480340115 0.0051989179874616905
0 0.5834748956043754 0.29045533914161065 0.015066823626602001 0.0051989179874616905
0 0.5837179088886755 0.2858036756791449 0.015552850195202125 0.005198917987461726
0 0.6860265015789886 0.31248233377269835 0.011178611077801435 0.005472545249959672
0 0.6959900462352899 0.28990808461661466 0.013608743920801771 0.00574617251245769
0 0.4476304696806579 0.23668758206075666 0.010692584509201453 0.006567054299951636
0 0.4578370276212591 0.23135185044204598 0.017496956469602268 0.0073879360874455815
0 0.48772766159016306 0.23737165021700166 0.011178611077801435 0.007387936087445617
0 0.46998769183626066 0.2502321315544069 0.012636690783601594 0.0095769541874294
0 0.49088683428606344 0.24900080887316597 0.014580797058001877 0.008208817874939562
0 0.5069257110498655 0.24530684082944318 0.010692584509201382 0.010124208712425435
0 0.5297689597740685 0.23258317312328688 0.014580797058001877 0.008208817874939527
0 0.526366773793868 0.2450332135669452 0.012636690783601523 0.007387936087445617
0 0.5382744247245695 0.24352826362320626 0.011178611077801506 0.0071143088249475996
0 0.564762872713273 0.2429810090982103 0.010692584509201382 0.007114308824947635
0 0.5859050284473757 0.25543104954186857 0.012150664215001541 0.00848244513743751
0 0.5846899620258756 0.24599090898568815 0.012636690783601594 0.007661563349943563
0 0.5851759885944756 0.23873978652949154 0.00777642509760092 0.0046516634624657275
0 0.5912513207019764 0.23203591859829092 0.013122717352201718 0.008208817874939527
0 0.5681650586934733 0.22916283234206208 0.012636690783601665 0.006840681562449618
0 0.5545563147726716 0.22998371412955607 0.012636690783601523 0.0046516634624657275
0 0.6177397686906798 0.23066778228580098 0.011664637646401346 0.007661563349943599
0 0.6335356321701819 0.23258317312328688 0.012150664215001612 0.006567054299951636
0 0.6148236092790795 0.23915022742323852 0.010692584509201524 0.006019799774955672
0 0.6058321177599783 0.24434914541070024 0.011178611077801506 0.006567054299951636
0 0.6240581140824807 0.24640134987943513 0.00777642509760092 0.004651663462465763
0 0.6133655295732793 0.2537892859668807 0.0068043719604008145 0.0051989179874616905
0 0.6213849679551803 0.25816732216684846 0.014094770489401895 0.010124208712425399
0 0.6493314956496838 0.2606299675293303 0.013608743920801771 0.006840681562449653
0 0.6541917613356846 0.26870197177302085 0.009720531372001346 0.005472545249959637
0 0.6631832528547857 0.2766371623854624 0.008262451666200973 0.005472545249959672
0 0.6957470329509899 0.30085317511653403 0.013122717352201647 0.0030098998874778004
0 0.6923448469707894 0.30577846584149776 0.012150664215001541 0.00519891798746162
0 0.7091127635874915 0.3048207704227548 0.00874847823480124 0.004925290724963709
0 0.7244226004983935 0.24571728172319013 0.011178611077801435 0.007114308824947564
0 0.7336571053017948 0.23422493669827474 0.01020655794060133 0.0071143088249475996
0 0.7387603842720956 0.24120243189197346 0.013608743920801771 0.0051989179874616905
0 0.7596595267218982 0.2443491454107002 0.010692584509201596 0.008756072399935526
0 0.7956254927983027 0.24202331367946736 0.015552850195202125 0.0073879360874455815
0 0.8017008249058035 0.23603087621323943 0.017010929901002215 0.008537169754892986
0 0.6882136211376888 0.3503797096286692 0.011664637646401702 0.006840681562449689
0 0.6918588204021893 0.34381265532871763 0.01020655794060147 0.00574617251245769
0 0.7010933252055906 0.3417604508599827 0.011178611077801435 0.006567054299951636
0 0.7132439894205922 0.34778025063493845 0.014094770489401753 0.005472545249959708
0 0.6976911392253902 0.31220870651020044 0.01020655794060147 0.004925290724963674
0 0.6947749798137898 0.31836531991640504 0.00923450480340108 0.00574617251245769
0 0.7312269724587943 0.3038630750040119 0.01603887676380211 0.00793519061244158
0 0.7484809156440967 0.30687297489148974 0.011664637646401275 0.006840681562449618
0 0.7064396174601913 0.3178180653914091 0.013122717352201505 0.005198917987461726
0 0.7227215075082932 0.3217856606976298 0.010692584509201453 0.004925290724963744
0 0.766949925250899 0.33259393756630024 0.013608743920801629 0.006840681562449618
0 0.7846898950048015 0.32397467879761377 0.012150664215001683 0.0071143088249475996
0 0.7781285363287006 0.30783067031023265 0.012636690783601665 0.008208817874939527
0 0.7817737355932011 0.29839052975405217 0.013122717352201647 0.0073879360874455815
0 0.7049815377543911 0.3284895286288305 0.01312271735220179 0.004651663462465692
0 0.711299883146192 0.3339620738787902 0.011178611077801435 0.004104408937469799
0 0.7190763082437929 0.33628790561002303 0.008262451666201116 0.004378036199967781
0 0.7188332949594929 0.3418972644912317 0.013608743920801629 0.00574617251245769
0 0.7329280654488948 0.3301312922038184 0.008748478234801097 0.004104408937469799
0 0.7287968396157942 0.3334148193537942 0.009234504803401222 0.005198917987461726
0 0.7390033975563955 0.3399818736537458 0.011178611077801435 0.004104408937469799
0 0.7387603842720956 0.3346461420350352 0.007776425097601134 0.006019799774955672
0 0.7654918455450987 0.32000708349139295 0.01652490333240209 0.006293427037453618
0 0.8002427452000035 0.3267109514225936 0.009234504803401222 0.006019799774955672
0 0.7472658492225966 0.283614657579161 0.011178611077801435 0.0051989179874616905
0 0.7409475038307957 0.2749953988104745 0.018955036175402427 0.004925290724963674
0 0.7348721717232949 0.28826632104162675 0.008748478234801097 0.006293427037453618
0 0.7331710787331949 0.2806047576916832 0.01409477048940161 0.006293427037453654
0 0.7487239289283967 0.2903185255103616 0.014094770489401753 0.007114308824947635
0 0.782502775446101 0.27786848506670336 0.011664637646401417 0.005746172512457654
0 0.7997567186314033 0.2888409378753504 0.012150664215001541 0.007989915229896987
0 0.7761844300543004 0.2466749771419331 0.013608743920801629 0.006840681562449618
0 0.7637907525549987 0.2725327534479926 0.011178611077801577 0.006567054299951636
0 0.7744833370642001 0.26924922629801684 0.010206557940601187 0.006019799774955672
0 0.7773994964758004 0.2552942359106196 0.012150664215001541 0.008756072399935455
0 0.7856619481420014 0.2607667811605793 0.011178611077801435 0.00820881787493949
0 0.6981771657939901 0.2358667002732627 0.012150664215001683 0.008208817874939527
0 0.6872415680004889 0.23422493669827482 0.011664637646401702 0.009850581449927454
0 0.7321990255959946 0.25611511769811357 0.01020655794060133 0.007661563349943563
0 0.7431346233894961 0.2587145766918444 0.014580797058001735 0.005746172512457619
0 0.6573509340315848 0.23012052776080502 0.011178611077801435 0.004378036199967746
0 0.6592950403059852 0.24571728172319013 0.008262451666201116 0.006019799774955707
0 0.6583229871687851 0.25118982697314984 0.009234504803401222 0.004925290724963709
0 0.7251516403512938 0.2680179036167759 0.015552850195202125 0.007387936087445617
0 0.6952610063823897 0.27198549892299667 0.008262451666201116 0.006019799774955707
0 0.6493314956496838 0.24421233177945126 0.004860265686000673 0.0051989179874616905
0 0.6510325886397843 0.23395130943577683 0.013122717352201647 0.007661563349943599
0 0.6388819244247825 0.2473590452981781 0.011178611077801649 0.007114308824947635
0 0.6476304026595837 0.25064257244815386 0.008262451666201116 0.005472545249959672
0 0.6726607709424869 0.23531944574826674 0.010692584509201453 0.0071143088249475996
0 0.6901577274120893 0.2439387045169533 0.01458079705800202 0.009576954187429472
0 0.6959900462352899 0.25488379501687264 0.010692584509201453 0.009576954187429437
0 0.6979341525096902 0.2815624531104261 0.01944106274400255 0.006567054299951636
0 0.7006072986369906 0.266239326410539 0.01020655794060133 0.006567054299951636
0 0.6704736513837867 0.2704805489792577 0.011178611077801435 0.004651663462465763
0 0.6714457045209866 0.2639134946793061 0.009234504803401222 0.004651663462465763
0 0.6753339170697872 0.2778684850667033 0.01020655794060133 0.004104408937469835
0 0.6760629569226873 0.25789369490435043 0.006804371960401028 0.00574617251245769
0 0.6840823953045885 0.25980908574183637 0.006318345391800904 0.004651663462465692
0 0.6933169001079895 0.2632294265230612 0.009234504803401222 0.004378036199967746
0 0.681166235892988 0.2639134946793061 0.009234504803401222 0.0035571544124737998
0 0.6792221296185877 0.2677442763542779 0.011178611077801435 0.005198917987461726
0 0.4456961168832359 0.215163431502787 0.01362985066921219 0.00798038405003208
0 0.44678650493677297 0.22360422232493626 0.01472023872274903 0.007059570505797588
0 0.4808611316098032 0.21685158966721688 0.008723104428295799 0.009515073290422827
0 0.45932596755244803 0.22130218846435012 0.009268298455064255 0.00798038405003208
0 0.46941205704766503 0.22360422232493626 0.0076327163747587435 0.00644569480964126
0 0.5124823851623753 0.20027694587099645 0.0163558208030544 0.007059570505797588
0 0.506485250867922 0.21685158966721688 0.011994268588906749 0.007059570505797588
0 0.5509185640495534 0.18308842637861983 0.01362985066921219 0.007673446201953879
0 0.5045770717742323 0.13812203163516995 0.019081790936897037 0.0104358868346573
0 0.4740462062751971 0.14978566986213987 0.016901014829822997 0.012277513923126229
0 0.45360143027137895 0.14057753441979517 0.010903880535369623 0.009822011138500973
0 0.41489265437081657 0.1318604990660256 0.007632716374758672 0.006507081442556899
0 0.41625563943773775 0.14521229545742537 0.008177910401527272 0.00681401929063508
0 0.4432427437627778 0.14395385074865494 0.014175044695980575 0.007366508353875716
0 0.4846774897971826 0.11909188505432432 0.011994268588906606 0.006138756961563114
0 0.574089310187214 0.19751450523829306 0.016355820803054543 0.00644569480964126
0 0.6231567725963777 0.21224752194604452 0.014175044695980646 0.006445694809641225
0 0.6517794590017231 0.2228368777047409 0.009268298455064326 0.004911005569250513
0 0.6596847723898659 0.21040589485757558 0.007632716374758815 0.005217943417328641
0 0.5686373699195292 0.22145565738838918 0.011994268588906749 0.005217943417328641
0 0.4983073404663948 0.17526151125262676 0.013084656642443591 0.005524881265406805
0 0.5225684746575923 0.15561748897562483 0.013629850669212048 0.0073665083538757515
0 0.5446488327417158 0.17065744353145443 0.009813492481832711 0.0061387569615631325
0 0.5103016090553014 0.16359787302565684 0.015265432749517558 0.007366508353875716
0 0.522295877644208 0.16850887859490737 0.008723104428295799 0.006752632657719459
0 0.5618224445849231 0.20227204188350445 0.012539462615675205 0.009208135442344698
0 0.5634580266652286 0.1883063697959484 0.009268298455064255 0.004604067721172314
0 0.575179698240751 0.2110197705537319 0.011994268588906678 0.008901197594266498
0 0.5637306236786128 0.2102524259335365 0.010903880535369623 0.006752632657719388
0 0.5160261463363703 0.18032598574591638 0.01144907456213815 0.007059570505797588
0 0.4996703255333159 0.18446964669497143 0.020172178990433876 0.007980384050032008
0 0.6095269219271655 0.2226834087807018 0.008723104428295657 0.003990192025015986
0 0.5975326533382589 0.22099525061627193 0.01526543274951763 0.005524881265406734
0 0.6863992797015217 0.2163911828950996 0.011994268588906606 0.006752632657719424
0 0.6994839363439656 0.21731199643933408 0.00981349248183264 0.006138756961563097
0 0.7112056079194877 0.21347527333835714 0.010358686508601238 0.00644569480964126
0 0.7621812494223411 0.1976679741623321 0.011994268588906606 0.006138756961563097
0 0.5615498475715388 0.16129583916507073 0.017446208856591525 0.007059570505797588
0 0.5321093701260408 0.1985887877065666 0.00872310442829587 0.005524881265406805
0 0.5405598775409522 0.20779692314891127 0.01690101482982314 0.006752632657719388
0 0.549282981969248 0.19183615504884716 0.01035868650860131 0.004911005569250477
0 0.5435584446881788 0.19950960125080108 0.011994268588906606 0.00982201113850099
0 0.5738167131738298 0.16850887859490737 0.009268298455064255 0.006752632657719459
0 0.540287280527568 0.13643387347074012 0.011994268588906606 0.008287321898110206
0 0.5544623252235487 0.14287956828038137 0.01308465664244352 0.009515073290422808
0 0.8736734278964962 0.15687593368439529 0.022352955097507846 0.008041770682947735
0 0.8654955174949689 0.16636031365836026 0.013629850669212119 0.009208135442344662
0 0.8087953387110466 0.24156008643750837 0.012539462615675205 0.00429712987309415
0 0.8199718162598004 0.23895111472884406 0.010903880535369694 0.007059570505797624
0 0.826241547567638 0.226980538653796 0.012539462615675062 0.005831819113484968
0 0.8025256074032089 0.2165446518191387 0.00981349248183264 0.00644569480964126
0 0.8087953387110466 0.2268270697297569 0.014720238722749173 0.006752632657719388
0 0.7807178463324695 0.20718304745275493 0.01526543274951763 0.007980384050032043
0 0.7670879956632575 0.21930709245184207 0.010903880535369552 0.005217943417328641
0 0.7371023241909909 0.21777240321145133 0.014175044695980432 0.0070595705057975525
0 0.7253806526154685 0.22636666295763966 0.017991402883360052 0.0052179434173287124
0 0.7365571301642224 0.22529238048936612 0.005451940267684847 0.004911005569250477
0 0.7447350405657497 0.22667360080571783 0.009813492481832782 0.004604067721172349
0 0.7853519955600018 0.221148719540311 0.007087522347990074 0.008287321898110243
0 0.775265906064785 0.2255993183374443 0.01308465664244366 0.006138756961563061
0 0.6212485935026879 0.1841627088468933 0.014720238722749173 0.006138756961563097
0 0.5814494295485885 0.17587538694878313 0.017991402883359982 0.003683254176937858
0 0.5411050715677207 0.1502460766342571 0.019081790936896895 0.011356700378891756
0 0.5729989221336771 0.14855791846982722 0.011994268588906606 0.008594259746188352
0 0.5847205937091995 0.14855791846982724 0.01472023872274903 0.0061387569615631325
0 0.560732056531386 0.12569104878800466 0.015810626776285943 0.00705957050579757
0 0.5814494295485885 0.11832454043412895 0.02126256704397086 0.00705957050579757
0 0.6054379667264018 0.12922083404090345 0.016901014829822997 0.011663638226969919
0 0.5724537281069086 0.18477658454304957 0.011994268588906606 0.009822011138500954
0 0.7646346225427993 0.14395385074865494 0.013629850669212261 0.01104976253081361
0 0.7932573089481447 0.13336449498995856 0.016355820803054543 0.007059570505797588
0 0.8428699653840769 0.12277513923126218 0.011994268588906749 0.007366508353875733
0 0.8172458461259581 0.10942334283986244 0.011994268588906749 0.00644569480964126
0 0.845323338504535 0.10435886834657286 0.01799140288335991 0.0061387569615631325
0 0.806069368577204 0.10543315081484639 0.015810626776285943 0.007673446201953898
0 0.7550937270743507 0.10773518467543257 0.014175044695980717 0.009208135442344662
0 0.7610908613688042 0.11663638226969908 0.01526543274951763 0.006138756961563114
0 0.7583648912349618 0.12185432568702771 0.016355820803054543 0.01104976253081361
0 0.7537307420074296 0.1766427315689785 0.016901014829822997 0.010742824682735446
0 0.7831712194529277 0.18508352239112774 0.010358686508601096 0.0073665083538757515
0 0.7763562941183215 0.16774153397471195 0.0065423283212219015 0.007673446201953844
0 0.7717221448907895 0.15346892403907775 0.008177910401527272 0.006138756961563097
0 0.7779918761986272 0.14717669815347556 0.014175044695980575 0.006445694809641278
0 0.7804452493190854 0.15392933081119498 0.010358686508601096 0.007059570505797588
0 0.7842616075064646 0.16421174872181318 0.009268298455064184 0.008594259746188371
0 0.8025256074032089 0.18293495745458066 0.014175044695980575 0.007366508353875716
0 0.8060693685772041 0.2050344825162079 0.014720238722749173 0.0061387569615631325
0 0.7861697866001544 0.1938312510613552 0.01308465664244352 0.005217943417328641
0 0.8177910401527265 0.18569739808728408 0.01308465664244352 0.005524881265406734
0 0.8156102640456525 0.1910688104286518 0.011994268588906606 0.004604067721172314
0 0.8289675177014805 0.20442060682005156 0.010358686508600954 0.007366508353875787
0 0.8191540252196478 0.1992026634027229 0.011449074562138008 0.006138756961563097
0 0.8325112788754754 0.19245003074500347 0.00981349248183264 0.00798038405003208
0 0.8412343833037713 0.1942916578334724 0.01308465664244366 0.0036832541769378935
0 0.8360550400494708 0.19966307017484014 0.01144907456213815 0.0070595705057975525
0 0.8357824430360865 0.15116689017849158 0.018536596910128367 0.008901197594266498
0 0.8068871596173568 0.12722573802839546 0.011994268588906606 0.00705957050579757
0 0.7850793985466175 0.12415635954761389 0.011994268588906749 0.007059570505797588
0 0.7730851299577108 0.12369595277549666 0.007632716374758815 0.007980384050032043
0 0.47704477342242385 0.11264619024468306 0.016355820803054612 0.007980384050032043
0 0.46096154963275354 0.12016616752259786 0.014720238722749102 0.008287321898110189
0 0.5023962956671584 0.10666090220715901 0.009268298455064184 0.006445694809641242
0 0.5100290120419171 0.09993896286589743 0.016901014829822997 0.006384308176725604
0 0.5119371911356069 0.12323554600337942 0.014175044695980575 0.009515073290422808
0 0.5228410716709765 0.1235424838514576 0.013084656642443591 0.007673446201953862
0 0.5329271611661934 0.11725025796585539 0.01035868650860131 0.007366508353875716
0 0.5501007730094006 0.11970576075048062 0.014175044695980646 0.008594259746188352
0 0.5462844148220213 0.11326006594083937 0.00872310442829587 0.011663638226969902
0 0.6209759964893037 0.10574008866292456 0.007632716374758957 0.005217943417328641
0 0.5958970712579533 0.10297764803022115 0.01635582080305447 0.00705957050579757
0 0.6062557577665546 0.09917161824570205 0.010903880535369836 0.00484961893633482
0 0.6138884741413135 0.14364691290057677 0.014175044695980504 0.009822011138500954
0 0.6196130114223825 0.15930074315256268 0.007087522347990287 0.0030693784807815307
0 0.592080713070574 0.15623136467178114 0.011994268588906606 0.005524881265406751
0 0.6013490115256382 0.15884033638044545 0.011994268588906606 0.003990192025016021
0 0.5844479966958152 0.18462311561901054 0.010903880535369694 0.0070595705057975525
0 0.6264279367569885 0.16896928536702455 0.00981349248183264 0.007059570505797588
0 0.6245197576632988 0.150092607710218 0.010358686508601167 0.0055248812654067865
0 0.6280635188372939 0.12630492448416097 0.009813492481832711 0.008901197594266498
0 0.6414207724931218 0.17127131922761074 0.012539462615674991 0.00429712987309415
0 0.6346058471585159 0.17925170327764278 0.007632716374758815 0.004297129873094186
0 0.6253375487034516 0.1743406977083923 0.011994268588906606 0.0036832541769378935
0 0.6307894889711363 0.1906084036565347 0.008723104428295728 0.003683254176937858
0 0.6275183248105255 0.1949055335296287 0.014175044695980788 0.005524881265406769
0 0.6490534888678806 0.14364691290057674 0.009268298455064326 0.008594259746188352
0 0.6621381455103241 0.13597346669862287 0.013629850669212119 0.0067526326577194064
0 0.6692256678583145 0.1253841109399265 0.01144907456213815 0.005831819113484986
0 0.6801295483936842 0.1267653312562782 0.009268298455064326 0.008594259746188352
0 0.6855814886613691 0.11832454043412893 0.012539462615675205 0.00644569480964126
0 0.6545054291355654 0.11157190777640952 0.007087522347990216 0.005831819113484951
0 0.6395125933994322 0.10527968189080733 0.008723104428295657 0.004911005569250477
0 0.6422385635332745 0.0987112114735848 0.010903880535369552 0.005156556784412985
0 0.6746776081259993 0.1095768117639015 0.01144907456213815 0.007980384050032062
0 0.6694982648716987 0.1157155687254646 0.015265432749517487 0.008594259746188352
0 0.6858540856747533 0.10696784005523717 0.006542328321221618 0.008287321898110189
0 0.6986661453038127 0.11694332011777725 0.010358686508601096 0.009822011138500973
0 0.6932142050361279 0.12753267587647357 0.01144907456213815 0.008287321898110189
0 0.6501438769214175 0.1267653312562782 0.012539462615675205 0.006752632657719424
0 0.6444193396403486 0.1309089922053333 0.011994268588906678 0.007673446201953898
0 0.7161123541604042 0.13336449498995856 0.009268298455064184 0.005831819113484968
0 0.7267436376823896 0.13812203163516998 0.014175044695980717 0.006752632657719442
0 0.7150219661068672 0.09978549394185837 0.016901014829822997 0.006077370328647458
0 0.822970383407027 0.13965672087556072 0.009268298455064184 0.007366508353875733
0 0.8074323536441252 0.13904284517940443 0.009813492481832782 0.008594259746188352
0 0.8311482938085544 0.16022155669679716 0.019081790936896964 0.0055248812654067865
0 0.8055241745504356 0.15423626865927312 0.008177910401527272 0.005831819113484933
0 0.8156102640456527 0.1508599523304134 0.007632716374758815 0.008901197594266552
0 0.7992544432425979 0.16820194074682918 0.01308465664244366 0.00552488126540684
0 0.7272888317091583 0.19337084428923795 0.01308465664244366 0.0061387569615631325
0 0.7433720554988283 0.1921430928969253 0.00817791040152713 0.0073665083538757515
0 0.7242902645619316 0.16006808777275808 0.013629850669212119 0.005831819113484968
0 0.6943045930896647 0.13566652885054473 0.011449074562138008 0.006138756961563114
0 0.7133863840265617 0.1398101897995998 0.008177910401527412 0.007673446201953879
0 0.6438741456135801 0.15837992960832822 0.01308465664244366 0.006138756961563097
0 0.6763131902063049 0.1405775344197952 0.009268298455064184 0.004911005569250477
0 0.7120233989596406 0.15899380530448454 0.014175044695980432 0.0061387569615631325
0 0.7038454885581131 0.1662068447343212 0.007632716374758815 0.007673446201953915
0 0.716930145200557 0.16513256226604767 0.009813492481832782 0.006752632657719424
0 0.6831281155409108 0.1537758618871559 0.011994268588906606 0.006138756961563097
0 0.6711338469520041 0.19782144308637123 0.007632716374758815 0.00644569480964126
0 0.6605025634300188 0.20073735264311365 0.009268298455064326 0.0073665083538757515
0 0.6722242350055412 0.20303938650369985 0.009813492481832782 0.005831819113484968
0 0.6681352798047776 0.21148017732584912 0.010358686508601238 0.00552488126540684
0 0.7139315780533303 0.20181163511138728 0.009268298455064468 0.008901197594266498
0 0.6817651304739897 0.20135122833927 0.004906746240916249 0.006138756961563097
0 0.6959401751699703 0.19736103631425397 0.010358686508601238 0.007980384050032043
0 0.6989387423171971 0.1883063697959484 0.008723104428295728 0.005217943417328641
0 0.678766563326763 0.18293495745458066 0.018536596910128367 0.006138756961563097
0 0.6817651304739897 0.1751080423285877 0.012539462615675205 0.007673446201953879
0 0.7003017273841182 0.17679620049301753 0.009268298455064326 0.006138756961563097
0 0.7270162346957738 0.1833953642266979 0.009268298455064326 0.00644569480964126
0 0.7398282943248333 0.18477658454304957 0.008723104428295728 0.00736650835387568
0 0.6479631008143437 0.17725660726513479 0.009268298455064184 0.005217943417328641
0 0.641693369506506 0.1924500307450035 0.007632716374758672 0.004911005569250477
0 0.6487808918544963 0.1903014658084564 0.0065423283212219015 0.006138756961563097
0 0.658594384336329 0.1655929690381649 0.010903880535369552 0.00644569480964126
0 0.6670448917512409 0.16942969213914183 0.005997134294453303 0.006138756961563097
0 0.6847636976212164 0.1654395001141258 0.009813492481832782 0.005524881265406805
0 0.4672312809405911 0.07980384050032044 0.018536596910128437 0.006138756961563097
0 0.46859426600751225 0.08517525284168816 0.010358686508601238 0.00705957050579757
0 0.49748954942624196 0.07826915125992966 0.02017217899043402 0.0104358868346573
0 0.4950361763057838 0.08947238271478232 0.011994268588906678 0.00644569480964126
0 0.5078482359348431 0.0931556368917202 0.008177910401527272 0.00705957050579757
0 0.5285656089520456 0.08410097037341462 0.012539462615675134 0.006752632657719424
0 0.5370161163669571 0.0738185524627964 0.020717373017202334 0.00399019202501604
0 0.5522815491164746 0.08931891379074326 0.014175044695980646 0.0067526326577194064
0 0.5468296088487898 0.09729929784077529 0.011994268588906606 0.006752632657719424
0 0.5747176062564958 0.09375386137007709 0.010702376280381714 0.007230374912859414
0 0.5879885528441691 0.094838417607006 0.011558566382812146 0.007471387409954744
0 0.7271194444891307 0.07085767414602227 0.013270946587673365 0.010122524878003176
0 0.7174873058367873 0.08037766778128716 0.011130471331596965 0.007953412404145377
0 0.6577680461922577 0.07338830536552306 0.01498332679253437 0.008435437398335974
0 0.6701828026775004 0.07748551781614339 0.01155856638281236 0.00795341240414535
0 0.6519887630008515 0.08206475526095434 0.01027428122916632 0.007953412404145386
0 0.6656878046397401 0.08893361142817081 0.005993330717013805 0.005784299930287524
0 0.6579820937178653 0.08929513017381378 0.011130471331597107 0.005061262439001588
0 0.6472797174374836 0.08989766141655206 0.008561901024305455 0.0067483499186688075
0 0.63764757878514 0.09375386137007709 0.007277615870659417 0.005302274936096918
0 0.6158147311731614 0.08085969277547779 0.01755189709982588 0.009399487386717248
0 0.6036140222135263 0.07953412404145356 0.01027428122916639 0.007712399907050038
0 0.7095675473893049 0.09351284887298177 0.010702376280381572 0.0048202499419062765
0 0.6810992264834899 0.09266930513314818 0.010274281229166604 0.006507337421573478
0 0.6652597095885249 0.10098423628293648 0.01027428122916632 0.006266324924478166
0 0.7887651318641292 0.11195030490077325 0.008133805973090063 0.00795341240414535
0 0.799467508144511 0.08580044896593172 0.009846186177951211 0.006266324924478166
0 0.795400605157966 0.07109868664311758 0.013699041638888474 0.007230374912859414
0 0.7849122764031918 0.07820855530742934 0.014127136690103868 0.005061262439001588
0 0.7752801377508485 0.08254678025514497 0.010274281229166462 0.004579237444810982
0 0.7491663396267171 0.08085969277547779 0.01027428122916632 0.006507337421573469
0 0.7361094405646516 0.09604348009248258 0.013270946587673223 0.007471387409954744
0 0.7470258643706407 0.08929513017381377 0.009418091126735816 0.005543287433192212
0 0.7620091911631751 0.08447488023190751 0.008561901024305313 0.0055432874331922295
0 0.7705710921874804 0.09797158006924507 0.008561901024305313 0.005543287433192212
0 0.7662901416753277 0.0931513301273388 0.010274281229166462 0.006025312427382836
0 0.754517527766908 0.09218728013895752 0.009846186177951069 0.006025312427382854
0 0.9044856843471811 0.1687858615445185 0.012664881633522924 0.008021452435978276
0 0.9274407823079414 0.1475438671307242 0.015303398640506885 0.00772436160501611
0 0.9282323374100365 0.10921914993660586 0.012664881633523067 0.007130179943091779
0 0.9145120489737201 0.11709205695710305 0.015831102041903904 0.008615634097902572
0 0.8997363537346098 0.10654533245794645 0.015831102041903335 0.008912724928864737
0 0.8440636448872485 0.09406751755753583 0.015303398640507027 0.005347634957318821
0 0.8195254367222978 0.07520224979143882 0.00949866122514237 0.007427270774053935
0 0.8153038095111236 0.09198788174080072 0.012664881633522924 0.007130179943091779
0 0.969920906120383 0.1390767784483027 0.011609474830729312 0.0062389074502053
0 0.9255938204030527 0.17041986111481033 0.012664881633523067 0.007724361605016128
0 0.8944593197206419 0.15437695624285383 0.01372028843631668 0.005941816619243152
0 0.9050133877485778 0.14724677629976204 0.02005272925307807 0.010695269914637713
0 0.8912930993122612 0.1488807758700539 0.01583110204190362 0.006833089112129649
0 0.964643872106415 0.10580260538054105 0.00949866122514237 0.008615634097902572
0 0.931926261219814 0.179184040628194 0.008443254422348617 0.005644725788281022
0 0.9540898040784791 0.19225603719052897 0.014775695239110148 0.005644725788280986
0 0.9498681768673048 0.18586858432484255 0.014775695239110008 0.004753453295394508
0 0.9361478884309884 0.18364040309262633 0.01372028843631668 0.007427270774053945
0 0.9899736353734611 0.1468011400533188 0.010554068027935841 0.006833089112129595
0 0.9812665292504138 0.1411564142650378 0.011081771429332577 0.006238907450205318
0 0.9783641605427315 0.11011042242949234 0.009498661225142228 0.008318543266940441
0 0.982058084352509 0.10000933417677897 0.011609474830729454 0.0065359982811674655
0 0.9926121523804449 0.10253460623995732 0.011609474830729454 0.007427270774053945
0 0.9918205972783497 0.10951624076756802 0.011081771429332435 0.00594181661924317
0 0.8992086503332132 0.09050242758598995 0.014775695239109866 0.007130179943091779
0 0.8762535523724528 0.08396642930482245 0.016358805443300498 0.010695269914637704
0 0.8957785782241339 0.07921297600942792 0.013192585034919801 0.010101088252713364
0 0.9274407823079415 0.08604606512155755 0.014247991837713272 0.007130179943091779
0 0.924538413600259 0.07193425065085508 0.01477569523911029 0.008021452435978248
0 0.9168867142800056 0.0815897026571252 0.013192585034919801 0.007130179943091797
0 0.9406333673428611 0.07564788603788204 0.013192585034919801 0.010101088252713364
0 0.9564644693847647 0.06718079735546055 0.01108177142933272 0.009209815759826894
0 0.9751979401343509 0.08411497472030355 0.010554068027935841 0.006238907450205336
0 0.9944591142853337 0.06082305311954574 0.011081771429332577 0.0071895972026349494
0 0.9828496394546045 0.07951006684039008 0.012137178232126046 0.005941816619243161
0 0.9778364571413348 0.07208279606633615 0.011609474830729312 0.005941816619243143
0 0.7823202925707413 0.1030905183438687 0.013192585034919659 0.008318543266940441
0 0.2243558354735837 0.17725815912336698 0.019930770498253557 0.005762027413762106
0 0.20307839129301575 0.16482431049366972 0.012928067350218484 0.008794673421005327
0 0.17425957449148696 0.15587800477230218 0.025317465227511205 0.009704467223178366
0 0.1527127955744561 0.12949398450928606 0.02208544838995662 0.010917525626075637
0 0.13897672401484895 0.0949218200267132 0.020469439971179285 0.009704467223178349
0 0.17668358711965296 0.09188917401946994 0.021546778917030843 0.008491408820281076
0 0.18961165446987147 0.14405068534405355 0.014005406296070042 0.008491408820281076
0 0.19849970077314666 0.1361658057252212 0.016698753660698885 0.00909793802172974
0 0.2052330691847188 0.12509664779878335 0.01616008418777312 0.008794673421005364
0 0.22704918283821257 0.16937327950453457 0.015621414714847397 0.008794673421005364
0 0.35606052160393475 0.1760451007204697 0.022624117862882473 0.010007731823902653
0 0.23270521230393315 0.08597551430534565 0.011850728404366961 0.008794673421005364
0 0.21600645864323423 0.10492955185061587 0.01616008418777312 0.0072783504173837875
0 0.22893452599345274 0.10508118415097802 0.012928067350218484 0.008794673421005381
0 0.2502119701740207 0.12706786770349146 0.01454407576899584 0.010917525626075637
0 0.24913463122816915 0.08279123599774028 0.014544075768995803 0.007278350417383752
0 0.2467106186000032 0.09143427711838348 0.011850728404366996 0.0075816150181081095
0 0.37787663525742843 0.07809063468651326 0.014544075768995768 0.008794673421005381
0 0.32212434480961116 0.0959832461292483 0.0150827452419216 0.008794673421005381
0 0.34097777636201315 0.10508118415097803 0.011850728404366961 0.011827319428248622
0 0.3520205005569914 0.16588573659620484 0.012389397877292794 0.008491408820281094
0 0.3447484626724935 0.15481657866976703 0.016160084187773052 0.008794673421005398
0 0.32454835743777705 0.1443539499447779 0.0113120589314412 0.007884879618832415
0 0.33909243320677296 0.13085867521254552 0.015621414714847362 0.007581615018108057
0 0.33155106058581213 0.13768212872884278 0.016698753660698954 0.006671821215935125
0 0.39619139733690467 0.13935008403282656 0.016698753660698885 0.006975085816659447
0 0.37518328789279953 0.14905455125600492 0.012389397877292652 0.0069750858166594655
0 0.36818058474476456 0.15496821097012922 0.00808004209388656 0.006065292014486463
0 0.36494856790720986 0.11372422527162122 0.010234719985589677 0.007278350417383752
0 0.37760730052096564 0.11311769607017258 0.011850728404366961 0.008491408820281042
