0 0.3542613024518295 0.06016012291790038 0.0025870427089695626 0.006232567606946659
0 0.4589730293555626 0.18230263889608359 0.0030307598237313015 0.00544980546462952
0 0.5999005024579824 0.04798387979989492 0.002354925705027924 0.005617041969103509
0 0.6713818000272275 0.10547020752339936 0.002419813107012061 0.0037195606101512266
0 0.7880486967386289 0.04899216317386983 0.0019056214068893947 0.004703599335669866
0 0.7821585942082439 0.04914601922690575 0.001806628087051253 0.004395887229598011
0 0.7852588898134534 0.0792914567404114 0.0023355507995164258 0.005697258489195933
0 0.7846205059282522 0.12373560427506122 0.002927223668727379 0.003982549623515617
0 0.7726191484511326 0.2437534360972399 0.0022523422285451035 0.004000691139688008
0 0.7350852228597893 0.22647269236670106 0.0024497761552062514 0.004909249647473786
0 0.7364246974256506 0.24822393530039355 0.0033605903667574886 0.0036261503077929776
0 0.7165880438535595 0.2544414139656159 0.002764265148863956 0.004236067226067132
0 0.2668572015922544 0.3971173760544435 0.001338125539122288 0.004225469564031669
0 0.3660129271562294 0.3381953898375467 0.002248072830698078 0.004628374813150486
0 0.5227195777041761 0.3054962588372442 0.0017788584891859926 0.0026045947509086885
0 0.522815732217105 0.3079300604897326 0.0013942404374701312 0.0019214223572276978
0 0.5692217145538561 0.3285198463936603 0.002745557179109852 0.00429815892728584
0 0.5388473797683687 0.36769037576692115 0.0023638398110713867 0.0038628381773011
0 0.5559862312707451 0.3914786902886084 0.002112917435266084 0.004607692446915834
0 0.6320588498417121 0.25135431704654576 0.0015258145873147555 0.002427893463018336
0 0.6309891620263695 0.2533740423583305 0.0014671294108796217 0.0028064270110574087
0 0.665514942187577 0.33134468226074004 0.002243384757514946 0.004064476169174682
0 0.6747877012129273 0.318383966585354 0.0030958709653705796 0.003825389335693785
0 0.7046109959427773 0.32582174005391273 0.003182499792850564 0.00621464634471863
0 0.7294154018926063 0.35186700166433554 0.0028583820910188253 0.005375817427851857
0 0.7222093138707723 0.37046402285180546 0.0021399868625090334 0.0050896372684237435
0 0.7401237710631067 0.3820105839599297 0.0026681576853141565 0.004427482913066285
0 0.7683294813516934 0.42478034737248366 0.002427217355960494 0.0045102941872103485
0 0.6499029322391044 0.4318159220797292 0.002908615542750397 0.0037228379540084687
0 0.5786507226122748 0.4140554214824661 0.0024475116698474864 0.003981692473799044
0 0.5448622041867226 0.4634610934500998 0.001759231152893861 0.004221817146233704
0 0.8141593679576532 0.5206457436726687 0.002009676034018355 0.004759544975622916
0 0.8037863733795205 0.48050159723651903 0.002934204878234965 0.004385572734469463
0 0.7988125382810489 0.4905439232082029 0.0021469791791965064 0.004258454684195101
0 0.7595827172824873 0.4698523853043725 0.002067918584589563 0.003637449967129953
0 0.774871678550923 0.46346014061933116 0.001286913157899221 0.0029012855715347284
0 0.45761777495755035 0.5419193579621076 0.0024383620935115855 0.004331106303132373
0 0.5072355437183141 0.5537029456023547 0.002050653942659011 0.005309326849819201
0 0.2647300353236647 0.8157040679375496 0.001987591681996328 0.00549178266418025
0 0.2673433503129561 0.8143311222715046 0.0024538168913534266 0.004489314400083799
0 0.2784555682679218 0.8947529650344574 0.0028130327369014553 0.004298158927285982
0 0.2816511218242796 0.9075293940031155 0.001845107494096645 0.00499660975296976
0 0.3017533086702064 0.911078105012584 0.002535423063491038 0.005165790289453583
0 0.29149908103489436 0.9005032123807547 0.002908279396357365 0.0034438601929690548
0 0.28754845449542255 0.8830465850266185 0.0027195966988573517 0.003087039604633617
0 0.2849291907437356 0.8566358473448639 0.0018051316426077335 0.00405196767598099
0 0.2765697374671663 0.8447533739709501 0.0012480974124809308 0.0036768353616599826
0 0.2961492531662085 0.8548263599503482 0.0019887957434473334 0.0040657885849446984
0 0.2933255384549932 0.8550596429019433 0.0009568734237341303 0.0026660908753736124
0 0.3124783231306442 0.863788647960621 0.0029254332633780323 0.0034766341235314257
0 0.2959559986522866 0.8364635730755771 0.00188867164551354 0.004948221428245603
0 0.30005205528349466 0.8399650687472614 0.0022427975790478274 0.004151473910138872
0 0.3096412782681848 0.8257135314364862 0.002179706288427719 0.004414430412344358
0 0.30601480059727826 0.7834407012339659 0.0020293502119981353 0.004847571855510892
0 0.28262525617452633 0.7219711951911065 0.0026709225682201064 0.004274983105864436
0 0.3058210389336334 0.6658560523052708 0.002123492723462128 0.004809940725617281
0 0.2823461493812069 0.5536595670314416 0.002662444323759701 0.0038268611341830193
0 0.31446470551525807 0.9525705798104056 0.0020604159690173064 0.005980623984191169
0 0.3286477098579691 0.9380855461413156 0.001477738623190632 0.004572253862739615
0 0.3165554438027588 0.9145163887481036 0.0014437459309464273 0.004226566096904634
0 0.31858660209550316 0.9030604595363326 0.0012833297163968283 0.0034192444828889277
0 0.35676023454789124 0.9350803376265598 0.0012468836464064735 0.0028364463820142304
0 0.3550758478676579 0.9353911810656845 0.0010281321294930733 0.0026033138026706126
0 0.3609351277963722 0.911393707016978 0.0017182990030834588 0.002989816542455941
0 0.35938339859460805 0.9105995369978882 0.001244890094070712 0.0033946875325801783
0 0.34567415318021566 0.8940954464803778 0.0025114155251141313 0.0035146220368808658
0 0.347130898021309 0.8913216663300423 0.001811263318112637 0.0038660842405688813
0 0.3324064133847316 0.9260406918987301 0.0026484018264839905 0.004704186418594389
0 0.3383927739393214 0.9263553385544321 0.0024850122697481682 0.005832743456586371
0 0.33292849557283133 0.8677002696247891 0.00262575260962393 0.003118503168629587
0 0.3300385795628914 0.8526927121312494 0.0022896505105101284 0.005217210607213901
0 0.3506714587352252 0.8567532361791871 0.0018945110731193183 0.005282842952477864
0 0.3472618746249674 0.828885109964077 0.0017883195381264727 0.005281817031544165
0 0.35624332352181864 0.8240509197679566 0.0019593726184809414 0.004889004093592319
0 0.33222894836337746 0.8048030166767959 0.0020147425204468305 0.0033927536947869897
0 0.3388618993884849 0.8087999593857229 0.002616548727853072 0.004229323098981013
0 0.3015471646313802 0.7375753998996456 0.0026845623604869573 0.004048655143145368
0 0.3364384157327083 0.733295610852974 0.0019793171617425286 0.004853579975061422
0 0.3128499712131479 0.7120700621515996 0.0020337541441285013 0.004075558819483405
0 0.33716816845075387 0.6890697511612771 0.002130025743474775 0.0040198924699056705
0 0.3539380110854923 0.9397979522786156 0.002147484569283691 0.005626297820374617
0 0.3735344025170873 0.9273937303539475 0.002770250045366325 0.003743948173985814
0 0.38229682385623515 0.9301749489974798 0.001987353293415026 0.004706677704439244
0 0.3817223894033557 0.9127210798438162 0.002348690255854109 0.0037439481739856718
0 0.3782834819219984 0.8794418201140813 0.0023124314965295247 0.005122742111377787
0 0.38691307511463113 0.8785898040364151 0.002331631612078837 0.004818508293798942
0 0.3799166890321992 0.8675871230494753 0.002465753424657606 0.0029468754001537433
0 0.3708366531487494 0.835676782117419 0.0021683502270774114 0.004730978258350405
0 0.376939920463807 0.8417655566887615 0.0020395738203957594 0.003920155348828729
0 0.3921806902474277 0.8365146938641582 0.0026079491352753335 0.005998704469590734
0 0.3680406519431353 0.7425971967682321 0.0023867828487259147 0.004654222054878261
0 0.3834616724681942 0.7031454515745681 0.0029416820017282674 0.003850089302668209
0 0.3639604046868564 0.6388279248298977 0.0024110409124374144 0.004943857780352161
0 0.40180250734609985 0.9493317304800755 0.0021545313192806504 0.005102607854162073
0 0.41372424731278584 0.9404021667352919 0.0020827136086379737 0.004592347068745966
0 0.42838044206577197 0.9410525171177041 0.0022203368672025193 0.005258456090234915
0 0.4174843444767229 0.9320693212968862 0.002549275662343575 0.004089910292404824
0 0.4259346223583371 0.9177831730268996 0.0013979898793495238 0.004455080854226879
0 0.4049771221072041 0.880224278099653 0.0016604228048677071 0.0055709049218725685
0 0.4235298556607232 0.8724637572838944 0.001071491195787715 0.0032082870566081567
0 0.4245401187881802 0.8742582229257261 0.0018062280157564458 0.0022294876156090026
0 0.4151344157791465 0.8527356992200467 0.0022758464598572202 0.0034649487422534265
0 0.3957611298772601 0.7816446765161552 0.00239833547588455 0.0048640407978864245
0 0.3952331381120465 0.7873829730130103 0.001378147997336754 0.003687769493825073
0 0.39654864301859516 0.786969688500771 0.0015392302307916594 0.002861200469347125
0 0.41070162668262333 0.7873675698336089 0.002613558273164074 0.0037982422211588584
0 0.44363732264693445 0.7924320286930847 0.0014455494194001517 0.0028010583088526175
0 0.4731747450721416 0.7826922896495748 0.0028778645944021264 0.004591782975039535
0 0.4665959534139033 0.772838433095475 0.0014089878420649171 0.0035481242686825
0 0.4468968643403833 0.741282176587253 0.0028767123287670414 0.004298653106646384
0 0.4477321156773212 0.724606921788307 0.00176560121765597 0.004704186418594389
0 0.4466661171981907 0.7145205149298087 0.0016590563165906503 0.003325373157971825
0 0.4309989238647542 0.6837077797864702 0.0018756631488550824 0.004834912289613129
0 0.43907047401791827 0.6472596402147271 0.0028196206310240413 0.004257064695998323
0 0.4541191335825336 0.6181913765339937 0.002039959528355766 0.003523721397643911
0 0.4498669944821576 0.589253182196188 0.002303169096126325 0.0030337542549985835
0 0.43814885025909334 0.9209348085715214 0.0014076271285966158 0.004062951503876633
0 0.44724815419752173 0.9132553837510073 0.001256809936247052 0.0033485864042937406
0 0.4592183577014633 0.9434874565975122 0.0016981465299159026 0.003578671505854345
0 0.4560523217982302 0.9365857329790789 0.0018708393973651026 0.0025561939327531035
0 0.4586571058822538 0.9373781530982324 0.0013239786504429675 0.002709565568718233
0 0.4629060065465659 0.9232731781318193 0.0019371599390122186 0.004984825557919805
0 0.4711433453245308 0.9253227370359103 0.0025604996509261467 0.003737507601032348
0 0.46654331758408907 0.9147887580117168 0.002332336315695045 0.0039626586613356095
0 0.42964460711326796 0.8735145029915182 0.0023246145982827927 0.004363669822275398
0 0.4359184249211336 0.8767051432916765 0.0028793521728730552 0.0037067732898897533
0 0.4344651852040711 0.8477953568148641 0.0016377966487902285 0.0027683496721961375
0 0.4359180693279978 0.849367216374501 0.0012151394491024092 0.002627586129542152
0 0.444232893286982 0.8769661365702135 0.0022443089019866845 0.003643838911117854
0 0.4357537863332318 0.8400613089277675 0.003325132776501931 0.0041584611830099046
0 0.45232753887303007 0.8270539915521189 0.0024007364960611 0.004628297787426874
0 0.48997740217749686 0.5714439948689525 0.0023102680248092613 0.0036566563534889697
0 0.5175427414355872 0.5862670414857667 0.0028205048712018053 0.003966156604083722
0 0.49575091050872544 0.595947013697111 0.0023358508068172766 0.0035780557343188944
0 0.47583689881229807 0.6109321713956006 0.0024243710886571535 0.004136271228815005
0 0.4829186143607441 0.6134535970076865 0.0026157688061827144 0.004079609979105285
0 0.4867519028735068 0.6193770887238632 0.002830434217907225 0.0035593054076854713
0 0.46741060386820477 0.8895053381151637 0.002588111051851243 0.004056260982239195
0 0.46711598440251495 0.8639835892169648 0.002968715618300095 0.003650634884015318
0 0.4788005445924906 0.8558372650776342 0.0028164737917205683 0.004664700129575153
0 0.4712058490393116 0.8402914178638629 0.0028177536324638197 0.0032446175631358188
0 0.48926675182139034 0.946132101531035 0.00208642538090146 0.0046463078941016535
0 0.48567000359013485 0.9236749467095444 0.002117566058228277 0.004535681515670689
0 0.4788052614530035 0.8981289570116808 0.0021517898026233695 0.004039250305200426
0 0.4836195856532469 0.9053619795964578 0.001612361270261431 0.00426135343231011
0 0.4837953268617231 0.8979504196075258 0.002028764139682124 0.002594565871474117
0 0.48591332223439454 0.8612856171467872 0.0022299244489698113 0.005132397358722471
0 0.48357953156041134 0.8523405765787314 0.0014447397838396369 0.0056344797090325475
0 0.4901436753609002 0.8494117628685907 0.002952294340889736 0.004239806513727445
0 0.4892357130871546 0.8210938870328434 0.0017705373071157738 0.005162369785672211
0 0.49668582419237883 0.8026001577126773 0.001937569128541694 0.0054590577043896775
0 0.5040913305449323 0.7891677799764214 0.0024789935111273562 0.004966487171448933
0 0.4943775840769997 0.7528839517310133 0.001932425173317327 0.0025148592124426728
0 0.5043285770487761 0.7402170672530672 0.0013091886331666558 0.004193394498738883
0 0.4756020066768866 0.7147810020380271 0.002751410664846148 0.005122113762884056
0 0.4535352465892328 0.6862544567343218 0.0019973560262821623 0.0053216632374143555
0 0.4978379199732004 0.913262576210908 0.00166787197765359 0.0028669684779404746
0 0.5062053301213905 0.9041148984792179 0.0014505020073541887 0.0026768142832914064
0 0.5061017224443447 0.9197906799161347 0.002609976087956127 0.004061230774065763
0 0.5424357853687792 0.9436074390769105 0.00170991241040916 0.005688738456602067
0 0.53858169707865 0.9454635105225 0.0021984588133834994 0.0036157235952995986
0 0.5324281270308026 0.9175971107764078 0.002392153493174334 0.004558049213707278
0 0.5365165348191369 0.9099488587059499 0.0028270904919334328 0.004249028928032317
0 0.506199918428461 0.8783550062797875 0.0015129956242734722 0.0033809693227198068
0 0.49850072295332754 0.8815842654405902 0.00217188081548926 0.0029908574777905983
0 0.5062678584060862 0.8713798242901819 0.0017570271765756473 0.004074501491482749
0 0.5030344403380824 0.8720516835786711 0.0013421735376619637 0.0028174744355999337
0 0.5107119844303868 0.856657103788506 0.0024620334224609054 0.0038840496225061825
0 0.5028149497522258 0.8573523081493934 0.002267545551128478 0.00637718505966447
0 0.5057431021336182 0.8104851053239454 0.00224194626019667 0.0047786705369119884
0 0.49212061657887124 0.701789756745028 0.001944564568734819 0.005105921039637593
0 0.8052188093775361 0.9178914657720152 0.0025870427089697045 0.004225469564031528
0 0.8003569532520587 0.9110250777304637 0.0016652228931297941 0.003486012390326181
0 0.8032710933150359 0.9145374993055652 0.0015462784007635832 0.0023768266297678055
0 0.8011746966370794 0.9182611943588677 0.0016354867700383133 0.0032747389121240474
0 0.8104513250024652 0.89830076362267 0.0013816141092014788 0.002804654387951615
0 0.8090795795654722 0.8973541927667361 0.0010460792541097418 0.003365585265542137
0 0.8137297742196 0.8855786783929986 0.0015276676735878425 0.002752824235272584
0 0.8192624338478157 0.859234275499333 0.0019733948270058478 0.004698479344533553
0 0.8186019626536407 0.8652287002476985 0.0015535235872174268 0.0023865291908741425
0 0.8139965204890643 0.8594980933612005 0.001963470319634837 0.0022439509927775704
0 0.8174733958723954 0.8457020492679468 0.0022639625205546567 0.0037453577878606838
0 0.8187052578321091 0.8394926403038618 0.002685681029285547 0.003627083331402048
0 0.8143224992726775 0.8345996941249569 0.001896840228044283 0.004284788906850423
0 0.8099169144562139 0.8315126753585744 0.0019783505522123334 0.002841120359015008
0 0.8163642570328452 0.8074836070787036 0.0030597493758644134 0.004115701583021405
0 0.8176808878189382 0.7958342195631061 0.002109147628022896 0.004696121037037529
0 0.8155123275816751 0.7919823450046372 0.0017526719725825047 0.005223775086142837
0 0.8052926996306808 0.885216585551264 0.0018199300878093537 0.003505804760724516
0 0.8026268865443122 0.8864231287481368 0.0024351177231250174 0.00355133469268182
0 0.8059342514909679 0.876724369772866 0.002076258269191129 0.003369214964851892
0 0.7878531816966248 0.8752260190542313 0.0024645670905994164 0.004433776310652888
0 0.7930327478022227 0.8439414784936345 0.0016658464923190763 0.003903277743697515
0 0.8045466442523695 0.807751933024378 0.003904233125765586 0.0054354144020408056
0 0.8029794061836347 0.7956790686298026 0.0034293939618210345 0.004779416112139501
0 0.7988113735223444 0.7867293776747181 0.0029017948907717537 0.004873130153553831
0 0.7980991147764278 0.7758585488706362 0.0026379953552469713 0.004685702070724887
0 0.8008162499923323 0.7721568442347633 0.0020576363770928195 0.004029703780823581
0 0.8146897300151378 0.7301912464921905 0.002556414405334948 0.0036699576497929345
0 0.8058298280350045 0.7258992621220934 0.002486375654503945 0.003545552305732116
0 0.8125833972051012 0.7093725087238895 0.0022965172630632935 0.002522636208442748
0 0.8111768718788361 0.6315011832034793 0.0024566202077554067 0.0032572881989495527
0 0.8150974292654724 0.6058995936572802 0.002060043960245537 0.004613678151020295
0 0.8157243991664166 0.6098769024081598 0.0017017754454202816 0.004401555017640035
0 0.8017367504472446 0.5054686400075478 0.002235252142834128 0.002288781419700001
0 0.8016973048211946 0.5081544549388282 0.0023141433949341204 0.0026157501939428583
0 0.7941249574220915 0.5042549804778002 0.002123885837753079 0.004244087571711148
0 0.7848418271558111 0.5114380449167016 0.0029261767980858617 0.004051055231511024
0 0.7229189515803575 0.4705676932347261 0.0035501720492821676 0.003511692846022356
0 0.7556915374111551 0.9393373554297733 0.001753548806418479 0.004426175870713109
0 0.7590694991925369 0.924159985581824 0.0015510724544894573 0.0024393854155601957
0 0.7788933664177182 0.9273929627454013 0.001414063417603444 0.004174391626885381
0 0.7860987343441955 0.910794342592233 0.0022554603904220015 0.0032529215762704664
0 0.7863069553309316 0.9029103702348432 0.002066194078807513 0.0039846236647034065
0 0.779922080710644 0.8978734571156157 0.0018983283919236271 0.004900986993812069
0 0.7879154706389653 0.8956464254081786 0.0020105737106614185 0.0040638398678513
0 0.7861042210461712 0.8971087920272915 0.0016812556028807536 0.003971479870854608
0 0.7984174233501935 0.8940096302177274 0.001988628753140205 0.0029192345418925926
0 0.7979186581786913 0.8603796182389197 0.001695385561498739 0.004380225031868576
0 0.7899128564546392 0.8166870434050449 0.001682457578084211 0.004256265253648622
0 0.7867391296596165 0.8201509188508334 0.0024727028041539255 0.0030337209786644335
0 0.7816464210639406 0.785619103074418 0.0015441341407520781 0.004520452573048175
0 0.7758795588531217 0.7709498149672642 0.0026514984384567696 0.0037835063832085325
0 0.7854133791313481 0.7581380689472038 0.001763069783600173 0.00393690358914128
0 0.7930413343011824 0.7485762829831865 0.001892942157367372 0.0031615767939855745
0 0.7970154383934448 0.7485545768871192 0.0020764788305584147 0.003688316257574513
0 0.7922055138417696 0.7284936874856711 0.00155735912291874 0.0043030356338370265
0 0.7788190172325529 0.7237452380883477 0.0027373820980022855 0.004287608436968639
0 0.7649582372540741 0.7011980608739572 0.0026926572390782153 0.004331587445881127
0 0.764678810559453 0.7070186315043597 0.0024894378248082206 0.00388038042026821
0 0.779016857996178 0.8172744679439046 0.002335810563099443 0.003406506802316471
0 0.7752925194766942 0.9170194501279937 0.0017677793033526257 0.002730428759203534
0 0.7663115235522625 0.9169425121855823 0.0015032651627495852 0.0026308865947127914
0 0.7731414572954304 0.9177791337550734 0.001308841764451074 0.0026855583866813503
0 0.7585116794256075 0.90075012356308 0.0012024353120243347 0.0019465598973492605
0 0.7709118014098929 0.8966041153900522 0.002236644722418646 0.004124442584203081
0 0.7688800401734975 0.8969377100108332 0.0015195525213377436 0.00369986761229967
0 0.7629559096095581 0.8892828360650955 0.002030124407089602 0.004796633595594813
0 0.7599916013697332 0.8809079833127091 0.0015516791155232568 0.003966164425504956
0 0.7769761493745073 0.8773754956062858 0.0020377475232200484 0.004034257021975236
0 0.7704779237910625 0.869830300221293 0.002140762833516732 0.004252795842180319
0 0.7525192978476832 0.8466749959976738 0.0019371526318958843 0.0032844382398714345
0 0.7393479064423978 0.9318857803380735 0.002107119862747584 0.0035537639902568125
0 0.721481810053366 0.9402958922843867 0.002205189349629535 0.0034793030225048938
0 0.5633125808926429 0.9362637399515978 0.0008598887301085511 0.002618340407774582
0 0.5646126507584023 0.9349727526672089 0.0009622564360739716 0.003527486382696452
0 0.59700058872336 0.9384875775970724 0.0024912447889485633 0.003771339584310596
0 0.667883402826688 0.9415930598334427 0.0022096938026720703 0.003726206462946918
0 0.6740618065437741 0.9358754803259137 0.0021128525835688093 0.0046150829832231465
0 0.6582233952725716 0.942279618530426 0.0017814338670866902 0.0032988955994517257
0 0.655115361717229 0.9423469429304149 0.0014403082329636162 0.0028276247995300706
0 0.7072918584231453 0.9295879991288426 0.002098488916983712 0.003939196099941001
0 0.7037148886782866 0.9279996136046728 0.0016215596176692771 0.003896839152629781
0 0.7147195685585069 0.9166965159217368 0.0020996439655799294 0.005163871849165105
0 0.7432963667282398 0.9061157435243029 0.0022345508355485324 0.005885201566580349
0 0.7399686856672552 0.8956937585957998 0.001971510457603074 0.004091655902734601
0 0.7306668976451101 0.9147273238376186 0.001946179666066712 0.0034568742030396038
0 0.7244885494988667 0.9191170053652877 0.0018843961846042134 0.003566616241231344
0 0.7338180722981421 0.9268196187879191 0.0016082184051180093 0.003024609116181125
0 0.7337392380625971 0.9316645945018018 0.0012613477687199292 0.0027445527165347984
0 0.7436866648033135 0.9373589027766505 0.0018025833267998337 0.0021154837407320313
0 0.6245065400067435 0.9429581125989992 0.0021061670935900167 0.004388538973047389
0 0.6345918401279732 0.9332098006178859 0.002268179946943221 0.005611574424552401
0 0.6183619791363097 0.9323724721043004 0.001505503884114745 0.004536470630859952
0 0.689163171982726 0.917712089851084 0.002391637882918758 0.003701326250171064
0 0.7256764047574101 0.9016244124141859 0.0022067113650081184 0.004318862550101698
0 0.7122270463886008 0.904591580893362 0.0025028538647990217 0.005080753031949854
0 0.7579161825325558 0.8769296246350126 0.0023030787029406953 0.005042162502914493
0 0.7715655480052714 0.8447228504393837 0.001613441995825582 0.003303017715122536
0 0.7589942246567867 0.8271251151889032 0.002100095662688801 0.0031015689200798134
0 0.7614246724461907 0.8286339865554285 0.001816936696933027 0.00419130935145887
0 0.7496348733378317 0.8775086190718184 0.0023931298837008797 0.004113641833494057
0 0.5501996970775203 0.8995532515200593 0.0018775109448677795 0.0054713241758506115
0 0.5530736538061308 0.890601306205246 0.002229544247030475 0.004846029984324929
0 0.5575330906888706 0.8835648950556676 0.0013176123311504995 0.0029254879165179657
0 0.5589405402244176 0.8833787276427983 0.0011978293919550254 0.002446771711996831
0 0.5512209520461069 0.8141498655607665 0.0011999187326266992 0.0030836390245711697
0 0.5474693043074051 0.8044216567186254 0.001225448918427361 0.0026301626974282043
0 0.5690790233803991 0.7812318207108703 0.002467287305483623 0.004304225654963289
0 0.5399875946608715 0.6795251794662832 0.0029936954265653527 0.00398813198196379
0 0.5625931804121342 0.6726208608640656 0.0029896422719606617 0.004248247960433957
0 0.5659837641079526 0.6090095776639801 0.0020688038897471728 0.004568525745887513
0 0.5721888070006909 0.5817272391179453 0.0019616686785641946 0.004426112381891442
0 0.5749485988593194 0.520197252918689 0.002292044954533594 0.004621376404893737
0 0.5940977224838443 0.4920859305614892 0.002631514425178594 0.0035056428075232304
0 0.7622774943309261 0.6440340433380214 0.0032858416016222237 0.0038451773032689117
0 0.7584117983290176 0.6360690332098218 0.002280760641125994 0.0034331940207756872
0 0.760633673815541 0.6221977523851802 0.0022807606411254294 0.003776513422852573
0 0.7746163763480556 0.6259207476635101 0.0028486119703516975 0.00447917329027824
0 0.7772762817373736 0.6280768377195411 0.002044999578544662 0.0057237844652073735
0 0.7844892213763498 0.6147321217602779 0.002940963933409222 0.0041383712987346395
0 0.7779804462287566 0.5980285737433718 0.0032847129645871575 0.003392107621913567
0 0.7843207061371456 0.5857830652282637 0.002673603575826604 0.004545424213364269
0 0.759075979692764 0.5377519646654516 0.002585851132618444 0.005223504599033219
0 0.7347836951505897 0.6245004243403401 0.003093439167358838 0.0037595163368676766
0 0.7133771060713048 0.6058934901595687 0.001966816037300845 0.00499075609514577
0 0.6648981656597683 0.660734060021683 0.0017077530291098241 0.005016731027938022
0 0.6790584402645632 0.6418377788293579 0.0016283024204746255 0.003998109223641961
0 0.6438625370845427 0.6863815791375087 0.002356336331928475 0.004993119747564236
0 0.6870579852374257 0.5258331946600608 0.0031648981886787907 0.0034330417115201327
0 0.6717959390326368 0.5461841204634018 0.0031791250756050713 0.004982537744124613
0 0.6268399345687083 0.5411422209327127 0.003341684060573229 0.004822690613004496
0 0.6056148861223705 0.5569894417351355 0.0028513944469438003 0.004193394498738812
0 0.6239905564718717 0.7964409472950266 0.0029676532514505993 0.004141698206459949
0 0.5710196689260915 0.9249757156776977 0.002775988794515101 0.005150936462229936
0 0.5734895422097415 0.918121405569027 0.0023794189667273 0.0037421333272611434
0 0.5795744105048618 0.9215993883084813 0.00205720598164973 0.004886785874423367
0 0.5409951204666011 0.8530139984824301 0.001994103872818798 0.00403912155246644
0 0.5405595787870161 0.8611407149858246 0.0020640724297597756 0.0029827359156675472
0 0.5265259800766724 0.7514926775228465 0.0026206338498161587 0.0031228834037177935
0 0.5381255988825027 0.7476948858769293 0.0021230451441548582 0.005361931881855213
0 0.5418409278847736 0.7443363131597235 0.002388425787174242 0.005126242568366877
0 0.5308608037798477 0.7307252553057836 0.002123045144155 0.005244087225111116
0 0.5121394716697452 0.7214207577709305 0.002474525757517583 0.004302807996346445
0 0.5171758833211709 0.70704851398031 0.00265685923438717 0.00407147423310235
0 0.5138678330979632 0.7026300391023409 0.0023963828388591677 0.0037476069645597933
0 0.49313875932010065 0.7217979215327176 0.0018700470647173262 0.00513914847011705
0 0.49462311517037916 0.6910313629199237 0.0021616368838321166 0.0057323262992724725
0 0.5188776843882913 0.6846755162812517 0.00217214898203018 0.0053824955405373485
0 0.5172284601611942 0.6913679111789992 0.0017698991705431411 0.004953801205450219
0 0.5284502475494792 0.6195381654655391 0.0010425449301918377 0.0036132794906739464
0 0.5461346472665645 0.6257645462658528 0.0023633712925288817 0.004559793307522142
0 0.5459374263245561 0.6299139324786703 0.0027549467275493813 0.003217230941452414
0 0.5437727234418978 0.5982124883590048 0.0022195710985831595 0.003981906700778311
0 0.5535710761680137 0.5951849959017291 0.0032399444888955033 0.0037024568369515977
0 0.5526490278356554 0.8646482779943361 0.002505380754252542 0.00556268406841852
0 0.5983434409724323 0.9325017438517635 0.0019586574474752183 0.003710973532169248
0 0.6127505290908654 0.9397677130718912 0.0020140071394268945 0.005528634594834472
0 0.6262052373094777 0.8834649592940028 0.0024839579884445586 0.004317211597519872
0 0.6329697377407152 0.8899638366533185 0.0019714159672417253 0.004768272105299616
0 0.6347956473891639 0.9015580754185489 0.003192765778455424 0.005850192749341403
0 0.6638849901732943 0.9345728611788299 0.002029968134713016 0.00441514566071703
0 0.6907847486885358 0.9354345548731138 0.0020426916708299815 0.005861103701318058
0 0.6875454752670969 0.9415860425861456 0.001225467240692808 0.0042608114930962416
0 0.685994085887922 0.9411923806547182 0.0010429508431428758 0.003195608619821968
0 0.6886736672849196 0.9386170122037414 0.001363858794879036 0.0030994197316002213
0 0.6757900203243917 0.8970852102503264 0.0030032370572142496 0.003765499409116586
0 0.6718670330853559 0.9094129346756081 0.0017161354612652247 0.003855154156952949
0 0.6672208446300633 0.9180101704242775 0.0017551951922136766 0.004525607501172999
0 0.6680276682264842 0.9220077903836469 0.0020099815910836582 0.0041736158066372295
0 0.6578571535687777 0.9061726648096582 0.002571912614250067 0.0056462425693430875
0 0.656361451888622 0.8992096044424415 0.0018495935764869745 0.0047376668983323865
0 0.6538902591535021 0.9132840866663453 0.002719055686650478 0.0034017776669338674
0 0.6628867868819412 0.9145230056931917 0.002364396249261205 0.00537564865885841
0 0.6190136460898542 0.8426110433320724 0.0018565616711176602 0.005464745918524159
0 0.6117699410902496 0.863158889102522 0.0021904625319616854 0.005749060326471778
0 0.622624173338179 0.8563064737638988 0.0021250755907089316 0.005981345592187921
0 0.6286680679076485 0.8626310043553861 0.002695500667603099 0.004377458350936223
0 0.5726102311918619 0.8573037868769258 0.002632832055835834 0.00635715910099492
0 0.5843345614405062 0.8598612646761769 0.002056900043621752 0.005188026392766006
0 0.5878620324671164 0.8418120853219869 0.0028796600610705523 0.005334167981294655
0 0.574430475182266 0.8329339838188733 0.002015762042749287 0.005553380364087701
0 0.5862165124322191 0.8271613910719929 0.0034555920732846344 0.004530389244387152
0 0.5295422681202502 0.8000546329979812 0.0022850620981318317 0.0036078305305765924
0 0.5411840151291343 0.7874986799331265 0.002760012794527995 0.003886075595028444
0 0.5486590674599424 0.7691359450175959 0.0024977180957564114 0.003250020972456866
0 0.5666154954329286 0.721442849553689 0.002248918725232727 0.004779265763249754
0 0.5558528129621725 0.7306090532936532 0.0023292372511337332 0.0047079334384253005
0 0.5564065881803153 0.7041570445062818 0.0020882816734302877 0.0056352536611453275
0 0.5789820749693481 0.7482774416812377 0.002841321968868442 0.004422504522854922
0 0.5872020329219079 0.7395208310411496 0.0021767701084409907 0.005465088579681634
0 0.5878535121699201 0.7323590471506765 0.0017581604722022347 0.004907426479714019
0 0.5864707674053926 0.6775483522685478 0.0027469842280681434 0.0050419350873545455
0 0.5877020145716878 0.6524697717882855 0.002563851946196891 0.0033612900582363635
0 0.5704064720674559 0.6165268810587857 0.0024652626102380695 0.0041449015869331855
0 0.5849820532239088 0.6022610972260304 0.002806900059436458 0.003873201380820241
0 0.5782522474793299 0.621439862493868 0.002281887119111019 0.00433760280604858
0 0.5800997420961336 0.6251481158914003 0.001961622260288499 0.004693144019658793
0 0.6168764341162885 0.612364829719599 0.0021429116795778215 0.004407314038209691
0 0.631604557315886 0.6180540681858896 0.0017760748554216832 0.004667268719143465
0 0.6504603470100802 0.5883348868193423 0.0022231299330204026 0.004745491578697169
0 0.6572299715514544 0.5983750896910189 0.0011593830396409998 0.0032638561108107923
0 0.6543402021689226 0.6099154677622708 0.002530107613724084 0.0037653002081552956
0 0.6837618255309823 0.6275745328343431 0.0029082793963573295 0.004132632231562781
0 0.6812413167208059 0.6189218340995084 0.0029082793963573295 0.004046535726738512
0 0.7544870316207288 0.5675461921034153 0.001932848000954266 0.003158538499113632
0 0.7340136484110202 0.5673858218277501 0.0014625372213120614 0.0029168405634696624
0 0.7335261360039164 0.5696873913348629 0.0016678056032502298 0.0026889623944486374
0 0.7640737315614552 0.6309434185267935 0.0029086456484269264 0.004435833044040862
0 0.7265486286173632 0.6665511734214281 0.0028694534223194525 0.0045525049555803325
0 0.7224893694605319 0.6732511540559494 0.002563006940324186 0.003414378716685178
0 0.7017916383335709 0.6117980077854913 0.002157201662728312 0.005200162997155431
0 0.6993268500181316 0.7028056613936907 0.003124483956856352 0.004782292213051562
0 0.6979399136605057 0.7101113529935552 0.002958288001704261 0.004191885766995824
0 0.7080944865202882 0.7105836781503999 0.0034568758671599652 0.004546129634629352
0 0.7037733916863382 0.7161630190656265 0.0019278730797624632 0.0029520322302788314
0 0.6949579822089614 0.7425589317349932 0.0023862805303444647 0.005033334128185487
0 0.6937834847604326 0.7359692377119083 0.002423566163631108 0.0036425444348709844
0 0.6391319610451958 0.6598103826270235 0.002201456778860944 0.0042949268958835775
0 0.619155175061526 0.6569192905113931 0.0025631172876745723 0.004467603744328272
0 0.6367341643217405 0.679701587647688 0.0014671294108795508 0.003257459923548964
0 0.6125201756977663 0.705296209700376 0.0013988734495936938 0.002874490700496466
0 0.6137956191371017 0.7067821752319887 0.0012617289937510634 0.0035078530582330816
0 0.5995752384940103 0.7146270237458197 0.002197714603636811 0.00516484192019945
0 0.606810791189061 0.7092519847707279 0.0023329585792453145 0.004744447810415835
0 0.5825530898125684 0.7832417308809134 0.0025327443923273307 0.003701504424413997
0 0.6014057612999043 0.8336460373135973 0.002190143858646465 0.005276379713650101
0 0.5698471123446796 0.8869427753032408 0.0023273641434888503 0.005732407558832051
0 0.5748899749636779 0.8941453405708841 0.0022963326215758428 0.004189067062223444
0 0.6025975172008984 0.9118226824420881 0.001858626757929045 0.0029129643387366855
0 0.5923538989269419 0.894196198079853 0.002176871029387186 0.0050102895309605345
0 0.5952975761490478 0.8805039253975022 0.002882054602287312 0.0032675801288870334
0 0.6029779450625901 0.8720082170623954 0.001992910097326259 0.0050102895309605345
0 0.6046912788665751 0.8494179822094229 0.0015132758656654487 0.0037264552421717666
0 0.5875411427573154 0.8482796480289508 0.002492828731218424 0.0029888000329891893
0 0.5903455750799362 0.8484272430923084 0.0011633200745686167 0.0035053827547402248
0 0.589099160714327 0.8497924974283652 0.0019111686939342577 0.002103229652844334
0 0.5624530224466129 0.8905347368231898 0.0026943548874448454 0.005428679881438683
0 0.579774242799525 0.8468233787960537 0.0017367279895685783 0.004967792054683997
0 0.5777894108114469 0.8455613993628077 0.0018269476253902895 0.0046873521806293185
0 0.5920302089317862 0.8142365720088449 0.002444214741806982 0.0024808582783895773
0 0.5900378033414085 0.790540995773128 0.0027497415845328986 0.003566233775185168
0 0.6036170164495753 0.8140262215159814 0.0019207428903945357 0.00421444366257262
0 0.6044079105809143 0.8172037782456988 0.0022220358928094442 0.0033447965575972207
0 0.6443047395419655 0.7362393706921319 0.0024624483532159048 0.005087993538789561
0 0.6420935614288737 0.7415505218422719 0.001859399776918167 0.0024993652471246718
0 0.6424704667890598 0.7436928349112358 0.0020101619209924593 0.002499365247124814
0 0.6380732375868888 0.7413719957531916 0.0017588916808684019 0.0023208391580443787
0 0.652293658397476 0.7762737527811647 0.002768557301395731 0.0036141477606742
0 0.627745941471394 0.7608022086426461 0.002132756912996214 0.00498457816886841
0 0.6355660501523799 0.7571468513188094 0.0025817583683637223 0.003921201492843096
0 0.6429741013903376 0.7536820298128574 0.0015949283497866417 0.0038766944250443205
0 0.6182840190336631 0.7496242674071945 0.0021367677426398757 0.003988390211084436
0 0.591649151612673 0.7519357206096143 0.0027129309004961044 0.004696810206556421
0 0.5943748950984501 0.7624222681951871 0.0021397020734193715 0.0040352215560827175
0 0.6375453774398526 0.9423477791581188 0.002326743372126998 0.003678686317732058
0 0.6348734578531794 0.9423250712178859 0.0022500375466722035 0.0038149339591295474
0 0.6195581476195017 0.9063907574705563 0.0021432147620380703 0.005486349875007477
0 0.6248731745906848 0.8956466170949716 0.002647500588399865 0.0031910402334226263
0 0.6125726999085871 0.8834135450225336 0.002211540172697255 0.005679989537096759
0 0.5910482954117491 0.9271985163170346 0.0023106382576551 0.005072219451060675
0 0.6033843856498964 0.88927856997729 0.0012543500054549384 0.003028716752113354
0 0.721056276825949 0.7624147158815703 0.0023348075679116677 0.003974370326644561
0 0.7149861758485828 0.7263161771942782 0.002237523919248474 0.004233568391425706
0 0.7258374733364019 0.7452680557893604 0.0015571537309757844 0.0021918233864671776
0 0.7613937370732757 0.7334501363907939 0.002824879388574632 0.004310034582946112
0 0.751425523195092 0.7152868334682912 0.002559392747886875 0.003680164288210079
0 0.7386195822428615 0.7135371007391899 0.0028738367286463527 0.004795241562939907
0 0.674342289143593 0.7338650189767714 0.003056305970499551 0.003839826628306184
0 0.6804577003035113 0.7482177305665837 0.0024429546929403047 0.005303544697172242
0 0.6827479703281426 0.751381777118874 0.0024768846192310436 0.004520066503271778
0 0.6807288023971708 0.7369501266766568 0.0019879269278358434 0.0023661522396395186
0 0.6757552600773622 0.7138373135359538 0.0023310828847347407 0.0031850408619234828
0 0.6450635818779833 0.8787769574400474 0.0017349805939267072 0.003160753669456966
0 0.6433219068915966 0.8519021327603528 0.0023133074585688007 0.004741130504185236
0 0.6446120206665676 0.867705901107637 0.0023133074585686584 0.003792904403348416
0 0.6497502324255041 0.8625696763947698 0.001557033866344426 0.004108979770293928
0 0.6482154419001074 0.8569593386314839 0.0017794672758220998 0.004583092820712409
0 0.6346819911047532 0.8588667731314901 0.002288721880972204 0.0029360572110920203
0 0.633593770362974 0.831790150414306 0.002864218348333978 0.0037763090527796806
0 0.6559525803031184 0.813685953232867 0.001623011311745728 0.004118358526149564
0 0.6707843808259588 0.8190646993145119 0.001248405928693188 0.0035571809289388057
0 0.6632668350402123 0.7937066391484486 0.001196160674401483 0.0037311164598094137
0 0.6652083849647207 0.7651849515050805 0.0025425808014172446 0.0037113518324825632
0 0.6502874053680501 0.7525349308682169 0.002075543343163275 0.002984434685316728
0 0.6515722655328653 0.7509373805366648 0.001245326005898022 0.0023875477482533823
0 0.6506195227841463 0.7404853621518186 0.0024834282043494226 0.005907796000930432
0 0.6572366682416194 0.7275206920910068 0.0030366050869365326 0.003986667774304493
0 0.6559494117373745 0.7229477496440103 0.0016503288515957594 0.0045729424469966775
0 0.6591413433274168 0.7167207873657783 0.0011882367731490717 0.004455687512457871
0 0.6606431425823692 0.7172777483048356 0.0013532696583088465 0.004045295241573825
0 0.6826370074957384 0.9200004502068162 0.0022011285318770035 0.006231121880352504
0 0.6975954439994762 0.9046710380828835 0.0022117622917735957 0.0054252255413628344
0 0.6814704051071664 0.8758672336869509 0.0020902330815043514 0.004788905617757706
0 0.6687281967917449 0.8848794260730313 0.0024466350948081582 0.005311534683996939
0 0.6636837505096927 0.8870866505761973 0.0016990521491723597 0.004828667894542917
0 0.6818982127354878 0.8562924753039464 0.0020465444744714035 0.002464505613193069
0 0.6847078754885755 0.8429533386725387 0.001977170085506117 0.0038815963407789413
0 0.6898667857208989 0.8620257259459427 0.002159889240630406 0.0040251518141970165
0 0.6934606997852265 0.8639439623573958 0.0020536651796159333 0.0037106868287126813
0 0.6984763132015652 0.8735208366778136 0.002159889240630406 0.003899365820003169
0 0.7441331733328406 0.8427021260239801 0.0017754766213731444 0.0047782807965676
0 0.725731371139584 0.8522302135154837 0.0021550315537831465 0.0037843461930032163
0 0.725767540949547 0.8260119145686639 0.002844165205647471 0.0043403719728222255
0 0.7123322653459111 0.8342744441481791 0.00255785496908515 0.0034610074267838777
0 0.6869106441851045 0.8330729392899363 0.0018389510089990323 0.004852953206650028
0 0.6938592519262506 0.8385558431532186 0.0017075973654991116 0.004712964171842629
0 0.6979574856034483 0.836759317206526 0.002127929024699 0.005412909345878632
0 0.6920906189427528 0.8200265820344751 0.001966850008544725 0.004438913854292963
0 0.6972275683768345 0.818444191447528 0.0021056864797361643 0.004808823342150532
0 0.7138393440121188 0.790600432791231 0.0019973703045388902 0.004416650041691383
0 0.6819416207801435 0.79245235146028 0.001739327471256189 0.003874079629806033
0 0.6873242390580782 0.7753553547704308 0.0017945442163754422 0.0033346508205927706
0 0.663139966240854 0.7761690769557069 0.0023482243312822958 0.00441279749643698
0 0.7020371845231136 0.8818704236517491 0.002158257139536346 0.0037270856644975934
0 0.6994592662731118 0.8826158407846486 0.0027577730116297517 0.004259526473711616
0 0.7010180075405548 0.8880999811195524 0.00323738570930459 0.003301133017126574
0 0.7163997253490194 0.8732247488155167 0.003016158855303246 0.004270399002744938
0 0.7134900820564033 0.8683077867498474 0.002457208569194904 0.004410525059316939
0 0.703942149269494 0.8646341108871621 0.0024083465515323524 0.0042676905769357615
0 0.6924088249401393 0.8504000251362254 0.0021407596969693545 0.003478877709470396
0 0.7019739214585132 0.8524630805220741 0.0031428174274657295 0.005986905825600104
0 0.7076446572515492 0.8500764086051119 0.002641788562217471 0.0031552611783570226
0 0.6953694500529696 0.8576813970862796 0.0022318558542873744 0.00396430250614074
0 0.698011238615187 0.862009768189923 0.0024140481689228464 0.0038833983733623256
0 0.7482722035107969 0.8083595557210108 0.003365207686159408 0.003660579963016204
0 0.768734844040282 0.8785367001669263 0.002067639902866034 0.003924165294151721
0 0.7316113299435443 0.7171770995684242 0.002545693806396656 0.004034794757475595
0 0.664840616540894 0.8441634730028327 0.0024649239062084407 0.00418583420139143
0 0.6477359404499273 0.8521749784673642 0.00253174236561037 0.004171104181219647
0 0.6169352705398193 0.8140984508294181 0.0024468950013862667 0.004821635249912646
0 0.6147705603632773 0.7911612190571751 0.002654821277040398 0.003883426134141388
0 0.6113401532698455 0.7313628116462236 0.0031731157963606903 0.00409295636856001
0 0.6158165130539974 0.7368983673905873 0.002153185718959065 0.004160054013945995
0 0.6192918303547734 0.729685370511568 0.002984239856101283 0.0031535893331526665
0 0.6099991340940025 0.727370501745743 0.002228736095062942 0.002952296396994143
0 0.5969330948156777 0.7281274936847609 0.0022825008479858866 0.0034337099681754067
0 0.5941149049931645 0.7249006337146685 0.0018632659983558852 0.0046748099566725895
0 0.5194084350083987 0.8378133303970823 0.0027495540763727176 0.004206886444417535
0 0.5341179214308265 0.8239782335849368 0.0026136509433846555 0.0036202674811173095
0 0.5412239776257822 0.7210116604169328 0.00236125607862661 0.004876916082441198
0 0.5472232154534554 0.7213042753818791 0.0027731030690847547 0.004291686152548237
0 0.6871568320752902 0.8878159277083283 0.0027059872013360576 0.00439448834659288
0 0.6781746415988908 0.8900027495474001 0.0019335537480723985 0.004945604535572415
0 0.756882868668925 0.7535823942132862 0.001928684152417901 0.005176761487950756
0 0.6235949967260938 0.6033933868232261 0.0029545958487724277 0.00329115579162071
0 0.6087492923374411 0.471097905147759 0.0024129621710611104 0.004171696980888555
0 0.6127104410491673 0.49096306207096707 0.0026095452359764693 0.0035996517037830246
0 0.5874428604513392 0.8985350060568255 0.0024680982166031384 0.006021294128745183
0 0.6270942170470264 0.9226030052883804 0.0025492756623435044 0.004162944404769177
0 0.6798094700101419 0.901320430199481 0.0027858771090480162 0.004156634959442868
0 0.688074812922795 0.7513473858574625 0.0015258428391145174 0.002781579386628721
0 0.7318296844417279 0.8279067255400204 0.002842935884449531 0.004114590575624248
0 0.7034884358543758 0.9208229279031102 0.0021701979825627404 0.00256985572031752
0 0.6904672652152632 0.7048092218332945 0.004039567005483917 0.0075738475145702465
0 0.688693542025653 0.729312393505054 0.0029498133683669965 0.005621324634396957
0 0.664859680416177 0.632400370785794 0.00234405213165644 0.005232619315109872
0 0.6631284912428697 0.7154170997043298 0.00197413715202714 0.005174274737900504
0 0.661623813535532 0.710670450977826 0.0013241163824572765 0.0034637706923136592
0 0.7761231267545682 0.8620452011892488 0.00269027917299951 0.0033504919353258343
0 0.7769889637297865 0.8657801758056776 0.0018244421977813374 0.003789900713729253
0 0.7897181161096982 0.8699364858709278 0.002273534822707859 0.004711389884119796
0 0.8044285934887313 0.8416737639243168 0.0022798413004203157 0.004247074318960813
0 0.3355409078317285 0.8984703958230039 0.002838378605172167 0.004819205141581193
0 0.33010032550285756 0.9167504846950394 0.00310107513986857 0.004523027172181174
0 0.329898928497402 0.9339379373845026 0.00267247125874853 0.005284328775419312
0 0.6607640755872315 0.7561112350891704 0.003000111341406466 0.004533546459598199
0 0.6142346627083296 0.867945515138383 0.0027562708491385025 0.0039056280307507058
0 0.6947592129056546 0.6217106182855001 0.003811208044022578 0.0041834635009667664
0 0.6992341706652092 0.6158157378977743 0.002312418363788993 0.0038031486372425145
0 0.7591139760059711 0.6029925205149631 0.0025283738463568284 0.0035338925197597603
0 0.7681988941056411 0.8457592142065005 0.0031292831491664687 0.004061867566227307
0 0.7013957483291129 0.9244509763395563 0.0025130321970110005 0.0042851885012134975
0 0.7092279466404174 0.9328617301114006 0.001574833510126723 0.0033329243898327834
0 0.6983716475493305 0.9247377269111834 0.0023119896212499213 0.0035114739107164894
