0.0 0.847136113035727 0.6695418598937417 0.006360293382388349 0.009893789705937194
0.0 0.8554987210014595 0.6670684124672576 0.007852214052330808 0.008087780473901063
0.0 0.8910578184573497 0.8119533885698896 0.009001704758084728 0.0077434019424387655
0.0 0.9012835898376947 0.8349709238837377 0.00590434398110915 0.009001704758084372
0.0 0.9656105877446605 0.8413641485617334 0.008113353803171464 0.009306494068344051
0.0 0.9327970593116619 0.8223128185547033 0.009306494068343696 0.006204329378896034
0.0 0.9201550543853522 0.7908636133370173 0.008702709436343525 0.005561494787722765
0.0 0.911773410379954 0.7432830187322313 0.005776421256344833 0.007299873016259539
0.0 0.8850231598949321 0.7218760002945398 0.003993911719938836 0.006624048706240515
0.0 0.9476776101318671 0.7400231140980491 0.00636414637903151 0.007324772247564582
0.0 0.9386417230559783 0.7404433879155322 0.0030619949559493875 0.004803129342665358
0.0 0.9976249703983283 0.7561692360915563 0.004750059203343327 0.006263373663174576
0.0 0.9470591956873171 0.7069414058689694 0.006043749265643328 0.008914530166823554
0.0 0.9601665769071829 0.713249569164988 0.0071769522529528725 0.007479139716234684
0.0 0.9908520904581914 0.6875745339785446 0.006975060122968557 0.007952872289738977
0.0 0.9792473619112905 0.6114173883168167 0.006493920678394005 0.008733203670943723
0.0 0.9044008197584843 0.5006762313364778 0.008546952218304326 0.007701649251658793
0.0 0.9786273245876268 0.39958129423121436 0.00679517671507881 0.008665408838495026
0.0 0.9035076780198621 0.19745231373008157 0.008519821836031127 0.006894329512051556
0.0 0.9649509268204166 0.5287881813817054 0.00859059955355832 0.007293905281322921
0.0 0.9989329506257338 0.4828387213449911 0.0021340987485324093 0.0073423739357256325
