0.0 0.3336361678458545 0.10838222144427989 0.008278536668702685 0.011228360079389831
0.0 0.6687136939378003 0.3284295978862256 0.009698431435940336 0.009818165157371616
0.0 0.05394304509521408 0.7154317727980835 0.004282001725191264 0.0076124475114507815
0.0 0.3712413668999341 0.6092801320042052 0.007193833058233778 0.008338306499316417
0.0 0.8727026486533636 0.5503706038114727 0.005692347165395262 0.004692340230933923
0.0 0.8730103430947359 0.554755249601034 0.004461569399904164 0.0034615624654430023
0.0 0.9243116152587799 0.6624171925925939 0.007564287395428693 0.006959144403793971
0.0 0.9791559400663843 0.7052733279730711 0.006761335792851497 0.008301045923896844
0.0 0.9435590533975123 0.8349541261686954 0.005629539689260099 0.007605867452511817
0.0 0.6643768798641612 0.9763015933286093 0.007802758699236989 0.007802758699236989
0.0 0.8231537398986053 0.9963739604301518 0.006562092616508863 0.007252079139696476
0.0 0.10350767801986205 0.9970025744870279 0.008519821836031127 0.0059948510259442145
