0.0 0.14355905339751232 0.03495412616869533 0.005629539689260099 0.007605867452511817
0.0 0.9721163948144657 0.06565365877141627 0.009389455610352116 0.007900883379442548
0.0 0.9562001224993566 0.08374553665477809 0.006870333373429105 0.007671872266995195
0.0 0.8306646953039593 0.04646843789990864 0.006617339470686545 0.006553093456407666
0.0 0.8795893713629536 0.034952409584513865 0.004118122105277422 0.0052268472874679615
0.0 0.023153739898605252 0.19753046293674217 0.006562092616508863 0.00956508415287729
0.0 0.05613677259387906 0.25619671692670154 0.009025615587845693 0.007145279007044536
0.0 0.013092257743783264 0.6217350786137716 0.007932779235607512 0.008947437044813355
0.0 0.013851446556083502 0.533547310223104 0.00418940362613327 0.007554662276634261
0.0 0.01985705638844948 0.8288194967914659 0.004641606423533062 0.0048224482322424935
0.0 0.01952551182190305 0.8570603967864117 0.008351923481459522 0.007316561066402727
0.0 0.13579451318009356 0.8999677769619965 0.0054717197133093975 0.010248617875722487
0.0 0.12346143065168 0.9033116056756914 0.007035068202826978 0.006513952039657056
0.0 0.10377000649856818 0.8531085448831224 0.007654891178157897 0.008211610536569224
0.0 0.11685291142123795 0.8393297407624377 0.009046689574186927 0.007654891178157897
0.0 0.01983973897107525 0.7824114410009295 0.0048415859976749685 0.006091027545462424
0.0 0.020057146899475953 0.7698452146977809 0.005622486965042128 0.007340469093249524
0.0 0.009710209081863753 0.7710556111971997 0.004294955320518312 0.005075856287885472
0.0 0.034278350177237724 0.7433213135439803 0.007878506951875152 0.006997358148046117
0.0 0.009007839207122715 0.7445737676503917 0.007256145763611244 0.011488897459051729
0.0 0.01837792682757815 0.6601395725601703 0.0071742280326290596 0.00860907363915544
0.0 0.9767001900081155 0.853638843804896 0.008278536668703396 0.007612447511450427
0.0 0.9611422504065879 0.8412686165987886 0.005328713258015228 0.00628026919694733
0.0 0.9704674986081148 0.8475964635926821 0.004948090882443523 0.004282001725191264
0.0 0.9637590292386541 0.8543049329621475 0.005233557664122657 0.005899646821373494
0.0 0.9934442400078887 0.8183449694639663 0.004421165149445017 0.005052760170794102
0.0 0.9890546546095109 0.8166396629063228 0.00334745361315143 0.0060633122049530645
0.0 0.9917341262598847 0.6980220542006818 0.006330721767079694 0.005118455896787921
0.0 0.9769366388181787 0.794773004907199 0.005823776280990245 0.006315926389242677
0.0 0.9684060369417992 0.7969466678853153 0.007792376713999971 0.00639795140728463
0.0 0.9789896047710972 0.779473747418929 0.0066440264614115565 0.0060698513351159274
0.0 0.9211301814291992 0.7767743749523884 0.007886614689918048 0.007987725134660551
0.0 0.9377047929671125 0.7204133198486884 0.0053307087754213 0.007031998810129991
0.0 0.9745492616075826 0.6552155918392308 0.012493546002449563 0.009792238758676675
0.0 0.9695340997876312 0.6334655720783788 0.010974060677827423 0.008610416839526281
0.0 0.9561963952715022 0.6173421444671092 0.009285743650469414 0.008779248542261798
0.0 0.953917167284569 0.5977576669497555 0.008441585136790053 0.008441585136790409
0.0 0.9626119999754632 0.5910888146916907 0.006584436406696881 0.007259763217640014
0.0 0.9786554497120143 0.507752889416834 0.007956402094412595 0.006387534075795643
0.0 0.9982962217177113 0.4779789102478821 0.0034075565645775184 0.004544686794272579
0.0 0.9957659900122756 0.33768885036501806 0.007861184664817245 0.00586820827092005
0.0 0.9655576014311826 0.11063334676359773 0.007152806857069293 0.004123382776428386
0.0 0.9654313754278228 0.11547201022573254 0.007405258863789043 0.004712437458775298
0.0 0.941199863750693 0.10844686326703687 0.006796434680809682 0.007645989015910714
0.0 0.9114938468985955 0.12138760279524537 0.009363765753874986 0.007298229190519123
0.0 0.7133406450571439 0.047757109843186284 0.01136055055770271 0.006326534142912265
0.0 0.8182129197156964 0.892274954391451 0.005611356180538962 0.00797403246708157
0.0 0.8290223974161179 0.8649319740247549 0.0049634318543660075 0.0043947052877200575
0.0 0.8924587725366984 0.8707563844460122 0.004525002936330935 0.007520427415310849
0.0 0.9155159499014257 0.8408529328263199 0.007217473249350093 0.005860341527250057
0.0 0.9161822570589813 0.8266494638762097 0.006611821052184297 0.007178548570941956
0.0 0.8957506582740606 0.8175751500848513 0.00607465085415555 0.008829434381039647
0.0 0.9213295060446889 0.8135630132744218 0.0064338358741167665 0.007321261511926025
0.0 0.9155335073477477 0.8161975581366676 0.005380017929218184 0.0071548692048367
0.0 0.9549357547206192 0.8106142244391243 0.006363612010048314 0.005259183479378038
0.0 0.9533397061718123 0.7500276559835537 0.005425233796795936 0.007891249158975811
0.0 0.9277211406548453 0.6713127516344013 0.005383864249869674 0.007667927871026237
0.0 0.9175652149107727 0.6775531397422044 0.007912648973292847 0.005465437950624974
0.0 0.9012685474046098 0.615341915382506 0.0049412292504065645 0.008143877838632107
0.0 0.8828145883299893 0.5889142760269619 0.008484795003061407 0.006816223218499218
0.0 0.913322813220314 0.5658331148376968 0.00564182330752061 0.007092577872312234
0.0 0.9377322697637837 0.5486069598118968 0.006057414903575875 0.005695778192914602
0.0 0.9504494028590234 0.5485678549232007 0.006644732257787211 0.006644732257786501
0.0 0.9350576442936628 0.5124269088609044 0.0049835491933400535 0.007752187634084607
0.0 0.8922208551441692 0.5038722804935389 0.008759622713607484 0.00772439457472629
0.0 0.8478663592130371 0.46325213154323847 0.008616503165050204 0.007803625507970225
0.0 0.8469721937902495 0.47373825331957314 0.007966201039386079 0.006990747850889534
0.0 0.8928539455877698 0.6723710336551905 0.007474593801918417 0.006137034911048289
0.0 0.8809360623254214 0.8520678531212138 0.005656893770728288 0.004919038061502334
0.0 0.85219687536724 0.851929244609338 0.004810448520798616 0.00473970663078731
0.0 0.8740526633453772 0.8534364706556243 0.0041882936462435795 0.004838201281005894
0.0 0.827237374161944 0.8227576444816116 0.003847792998477928 0.0035068493150681944
0.0 0.8669177645116573 0.8152883516323911 0.007157263111739809 0.007430441093103468
0.0 0.8604161285551921 0.8158893431913917 0.004862568068281092 0.0066655427452836594
0.0 0.8414589107505858 0.8020986093485238 0.006496398102686385 0.00864143521206362
0.0 0.8319731243831463 0.7870107886868025 0.004965373169674337 0.007145293097823924
0.0 0.8863236779984234 0.7806467913031993 0.006520792074304183 0.007267966166152107
0.0 0.8655293561314 0.7670536502424232 0.006850441067253854 0.007661677509427989
0.0 0.8080617531125863 0.7253379224770592 0.006198888422066773 0.00591712076651838
0.0 0.7659133006156729 0.8788504761403104 0.006742783560792276 0.006402327938697283
0.0 0.7087417921707712 0.8940018184435903 0.007056605918814541 0.006268181851481813
0.0 0.20260025885645733 0.8867376440065506 0.002751643936347392 0.004717103890881447
0.0 0.2067604824268873 0.8844118497270184 0.0030792205954369932 0.006354987186326611
0.0 0.3104018839147521 0.8907440265147258 0.00797198332463509 0.0067943039698597826
0.0 0.5372268890454016 0.8963387468561865 0.007071020168550745 0.006712993830903002
0.0 0.5569977809400772 0.8860381700246538 0.0067611282674199915 0.008314360436963143
0.0 0.506314864872229 0.8975756252587207 0.005700588374677551 0.00594316660338734
0.0 0.49636915749513266 0.8976969143730755 0.004608986345483857 0.005094142802903434
0.0 0.6633339469540651 0.8747108796805556 0.006715164534347906 0.00709670797379971
0.0 0.651887643770517 0.8718493038846681 0.0051889907765414025 0.007020399285909917
0.0 0.6871026193872222 0.8514860669652542 0.0067188606898554324 0.009303037878261478
0.0 0.7785483735303675 0.832424144193002 0.007150562673755445 0.01060255844729241
0.0 0.7678997941352165 0.8136482869702455 0.0063088334643296665 0.007371373837270312
0.0 0.7381340724643521 0.8479384443512096 0.006227774931413421 0.006227774931413421
0.0 0.7183633583963733 0.8558467299784013 0.0060300677907335395 0.006425482072093302
0.0 0.7482178313540547 0.8697234694726106 0.005146298896377743 0.0054490223608702594
0.0 0.7479655618003107 0.8784519960321525 0.004036312859904001 0.004944483253382259
0.0 0.7797973273706031 0.8887106482835595 0.005768266645759468 0.003811176176662201
0.0 0.39842092802157936 0.8987979747291345 0.006739734699488053 0.007906227243631037
0.0 0.4306938884095143 0.8812357814256601 0.0072581758302185054 0.01010960204923279
0.0 0.3787583332361912 0.8797272817754038 0.004817612429167184 0.008172735370908412
0.0 0.6053221503447233 0.8533156868723435 0.007653241225339969 0.006668170572573473
0.0 0.7221644952237124 0.8243327304899317 0.0070614763680261206 0.007780700812917729
0.0 0.6791265484435225 0.8296782699531974 0.008009132367357097 0.009153294134122091
0.0 0.8253317841041785 0.7798435268815147 0.0073698518494104805 0.009083770884156905
0.0 0.8690097536168686 0.721821010244702 0.005163014386641862 0.005950592852400405
0.0 0.8287815189017174 0.6901175903325084 0.006720306120604392 0.005587670257581223
0.0 0.8365589518278103 0.6928359164037643 0.005814197430185431 0.007550905753487669
0.0 0.7988315946810616 0.7808866215465728 0.007658015627842474 0.007410982865654248
0.0 0.1606390306480648 0.8206014046916067 0.006008035023577207 0.009856932460555612
0.0 0.16983569217961864 0.8044739157103887 0.007134541590497178 0.008730425893635641
0.0 0.18410589020438586 0.7917973812487261 0.004216359459681485 0.005270449324601856
0.0 0.18860972871813644 0.7914619890189789 0.0038330540542560244 0.004408012162394215
0.0 0.163907046547542 0.6667418671743185 0.0038397399444050962 0.005555368430204055
0.0 0.15190177378369646 0.6492158909321486 0.003921436538967526 0.004738402484585435
0.0 0.221052874817277 0.6074379519994272 0.007895319377547593 0.0077543315315196535
0.0 0.12796030291478894 0.42420708113222594 0.009579825365008787 0.00718486902375659
0.0 0.20029817731882957 0.41176851965041816 0.009566855270274033 0.007653484216219297
0.0 0.2111480451454483 0.2971688172602642 0.006620172447190953 0.008230484664075633
0.0 0.23100418240221074 0.24801797922342333 0.006277339771405366 0.007973918088001141
0.0 0.23983551634982198 0.13716786346132573 0.007334543854507558 0.00832569842944153
0.0 0.30111271194830175 0.08652355927718283 0.008420846160571215 0.006315634620428412
0.0 0.8392879818589634 0.3602675812011542 0.010514693125190887 0.006927327235420222
0.0 0.8269177546528563 0.3459181176420696 0.007298434051602953 0.006185113603053694
0.0 0.8340277562097314 0.3209281382814261 0.007298434051601532 0.00680362496335789
0.0 0.8787724043137779 0.3276353469625425 0.009115558305125403 0.008069510630766885
0.0 0.8872841015595956 0.3315196779541109 0.00654399865134323 0.010311755450600302
0.0 0.9103655084043194 0.30747833810875064 0.009411084586909623 0.007455534542876663
0.0 0.8895374279320212 0.27738585238454333 0.010511081486679074 0.006111093887603758
0.0 0.9098262596388658 0.2553248034502939 0.008555531442645047 0.008188865809389156
0.0 0.8290431350168447 0.16879377384260258 0.008274723624379022 0.009410470004195658
0.0 0.7513078244818872 0.32507654572564404 0.009899005335548595 0.006773003650638288
0.0 0.6828067394281753 0.2915549908655981 0.006293811319362419 0.008991159027661056
0.0 0.5276741301112586 0.39035370500781336 0.005464809693151551 0.009037954492519517
0.0 0.5729870088466023 0.35631087342226503 0.005210567745518801 0.0072028436482174385
0.0 0.4603601186705365 0.4365593136649181 0.007540276262171375 0.008995417295221131
0.0 0.5985855527597621 0.14732136475476593 0.010127674203771874 0.006184839208410509
0.0 0.5497470049044377 0.1839848295223474 0.010173200241936086 0.00897635315464953
0.0 0.4058877906198667 0.17490153239909018 0.010693388993834674 0.00868837855749085
0.0 0.3379676355915855 0.20345129112595509 0.009124462230219876 0.007554662276634261
0.0 0.3967697807099896 0.6348381441111963 0.009496490404642089 0.0074615281750755715
0.0 0.22726294056349267 0.8664015627756022 0.008883164142448408 0.009279733970235782
0.0 0.2351665350711727 0.8540530947204502 0.007614140693527105 0.0067416870723938874
0.0 0.25463811361555777 0.8603188979994982 0.006583059141279079 0.008803850176890648
0.0 0.13118438549312367 0.736758031641003 0.0063811323930202946 0.00727672992186541
0.0 0.12979065211845153 0.7513988193416496 0.0066050317752313955 0.005373585173069984
0.0 0.08488313624535167 0.5538610268497532 0.00838602831941202 0.0056260696320102
0.0 0.12200191642400852 0.5470190678376555 0.006793744461295858 0.009659855405904949
0.0 0.1338909692312754 0.5409683891768143 0.0076429625189575745 0.00923524637707338
0.0 0.09875457209551257 0.5164472177618258 0.006793744461295858 0.009447550891489343
0.0 0.03884630934318452 0.499684583921692 0.00791848242405635 0.007751777530917892
0.0 0.054962826627746965 0.47379208846765214 0.008501949550039 0.007335015298073344
0.0 0.04437706591348238 0.4658319298203111 0.007668425084349196 0.006751548172089628
0.0 0.06040859004253214 0.4334857348004425 0.006950876742496348 0.009696902122249185
0.0 0.05513107251582135 0.44554250248341576 0.0056636773457377386 0.008924582484193876
0.0 0.09104079215833352 0.31613672622151034 0.003336143776613909 0.006509548832417167
0.0 0.14763087125300628 0.32735394038207544 0.00756278813609228 0.008214752630582823
0.0 0.14699976423857955 0.3348293189811045 0.008815829528158048 0.005796042617960495
0.0 0.1400727150140728 0.2777171860592695 0.007102627515465798 0.007173653790620804
0.0 0.17142744373764388 0.2722629691792088 0.010367822364465696 0.00667020739532056
0.0 0.16847688907409725 0.757717913324171 0.008017218413608163 0.01002152301701038
0.0 0.3146990111117834 0.8799601729079427 0.006267703831920812 0.006685550754048819
0.0 0.36080169309076915 0.8930502705810792 0.006444822846165721 0.009960180762256243
0.0 0.4038567593903288 0.791617340728102 0.007948665563022672 0.007777726518656891
0.0 0.4255031607702886 0.8033254744707442 0.006308531095173464 0.008590340214703928
0.0 0.4313460716453246 0.8242132202462293 0.010216850491057273 0.010539487874985553
0.0 0.5244319685545417 0.8836914202174857 0.006495898031081993 0.007954160854385606
0.0 0.6105111958033145 0.8852438152635941 0.00653661334665614 0.010559144636906126
0.0 0.60014552085471 0.896326104846603 0.003921495170217071 0.0076761182055314235
0.0 0.5951810748413504 0.895616898273266 0.0033374426980572027 0.005757088654147679
0.0 0.6037557353117429 0.890977211048303 0.004364348143612773 0.005583798360211034
0.0 0.5625280650380535 0.8161550740916038 0.009610358583085343 0.006783782529236504
0.0 0.5499745058731389 0.8383642401265252 0.005491633476048463 0.00694530116088572
0.0 0.5351067028162024 0.8538526976549875 0.005616624615083765 0.008153164763832165
0.0 0.5376885383247494 0.8610546598630389 0.006431941091467763 0.007519029726644533
0.0 0.5051428914200887 0.8325266914461498 0.008230120365600158 0.010172058878832501
0.0 0.5003566460435905 0.8199823030033361 0.005918699444758602 0.008535203021526883
0.0 0.49244882929120665 0.8453383623848378 0.008700978197281727 0.006128515078085428
0.0 0.521237718022212 0.8475703524441407 0.007566067997635884 0.009684567036974557
0.0 0.38084366748753345 0.7180164577529367 0.005940997347576626 0.009845081318841053
0.0 0.3576638114887988 0.7550346861487623 0.007009480102277621 0.010357291494409181
0.0 0.39239735468217274 0.742689631640274 0.0068002418902686655 0.010775767918426027
0.0 0.41173781730447523 0.7540836687840002 0.008625602136329746 0.007886264810358413
0.0 0.2323527398139582 0.7444863535454616 0.008425062578674414 0.011452819442886054
0.0 0.2698705966096199 0.7490938096431747 0.006582080139589408 0.009346553798217628
0.0 0.2811585038947726 0.7165770849628921 0.00921491219542574 0.009609837003801048
0.0 0.23817752058325112 0.7005826302236888 0.006450438536797521 0.01000476181217671
0.0 0.275892839783101 0.6901829436031373 0.011057894634510745 0.008161779373091349
0.0 0.09453525798480059 0.6413484247604254 0.007312198714021889 0.006499732190241758
0.0 0.1317888484132297 0.6187280905670232 0.008832040942489527 0.0070010080641683455
0.0 0.15570901587181574 0.5856464759457625 0.007992697906420432 0.005855115908191877
0.0 0.21316958538537137 0.49972438364906785 0.007196539920744982 0.0086101459766045
0.0 0.17872900147895193 0.5162378725743471 0.007453559203627691 0.008481636335163144
0.0 0.18050108217700894 0.46858292549334823 0.006682501354976722 0.010152261673907148
0.0 0.2527426399019138 0.5480685785288546 0.009092230300379357 0.007967418304455975
0.0 0.27904650535010517 0.5322929971725712 0.006965664347011113 0.009845698644332757
0.0 0.2811312389437443 0.5193905958823904 0.005626113511047493 0.008841035517359685
0.0 0.2767064556972564 0.42064570338380564 0.008790349529817831 0.009083361180812233
0.0 0.28064644662940097 0.37546507323733297 0.008204326227829739 0.006055574120541607
0.0 0.2253007106158588 0.3107117091574686 0.007888840352762116 0.0074672992652093486
0.0 0.27194257031650826 0.2850110079712703 0.008982080190196483 0.006977814362634049
0.0 0.2504071919338557 0.31956275227410896 0.007302038781155318 0.007814462555272073
0.0 0.25631917470762744 0.3262434025356008 0.006277191232923229 0.008454992272916684
0.0 0.37400458917212304 0.30321351354171516 0.006857317374649341 0.007940051696962058
0.0 0.4211345834108354 0.3134630322161417 0.005683439537349244 0.008408376301832022
0.0 0.4814731104322565 0.2599220695354713 0.007114015785665373 0.008549299672246491
0.0 0.5031359089646539 0.2780101225214763 0.003710025726851285 0.005880040774632533
0.0 0.49388864694055246 0.29880083489046605 0.00809634436391704 0.006783423656254684
0.0 0.5880378416991434 0.3306147443093712 0.00930649406834334 0.007445195254674885
0.0 0.5799722135065789 0.31502636674489554 0.00930649406834334 0.0072900870202023075
0.0 0.8143585011863322 0.22246993671130913 0.006185113603053338 0.005690304514809341
0.0 0.7488436749152647 0.22218101963655598 0.004680119108198255 0.005254870577625681
0.0 0.7472836352125324 0.22632744095171392 0.005336977930400622 0.004844333813748847
0.0 0.8450359409966566 0.33668400243967633 0.009307666074965937 0.007991430468404915
0.0 0.7249556115755624 0.4008335983670415 0.009182250951422333 0.008201622209037751
0.0 0.711965982273702 0.41290403222892136 0.008201622209037395 0.006151216656778047
0.0 0.645733242667427 0.30219234840104914 0.0069030453207304275 0.009368418649562926
0.0 0.637845920058021 0.4661483243545709 0.009998348661940071 0.0086155983150757
0.0 0.6334077237136182 0.47930998437745187 0.009466521605453693 0.0075519442021033
0.0 0.6659023568649222 0.4801609076678298 0.011062002774912117 0.008190136669886883
0.0 0.6520748533962824 0.4902124390354178 0.006169193855239996 0.005318270564861649
0.0 0.6238655430686766 0.5377663254538237 0.007636097697102428 0.009067866015309178
0.0 0.6201071512333843 0.5258945798153597 0.007755411723619687 0.0065622714584470995
0.0 0.44522227534462644 0.38868964245149706 0.007044661692354737 0.007737579235865155
0.0 0.38129656019688307 0.38348115931193155 0.008201975320558575 0.008048667370641383
0.0 0.43754932582956946 0.4245248914965378 0.0046948141148142495 0.0058685176435187
0.0 0.3600645622328521 0.47063520278833354 0.004476395038700076 0.005178574652613221
0.0 0.3641459812387254 0.4733122625663796 0.0040375327800035166 0.006319616525222926
0.0 0.3186407631808329 0.48744524746707824 0.007032686731637483 0.009304785521859316
0.0 0.3417945318049952 0.47776177881351456 0.007465467453585006 0.008547419258452394
0.0 0.2641698874002188 0.6110589307901456 0.008104782055447401 0.006668491564608203
0.0 0.32449843615969376 0.7018654390977777 0.007008460347668688 0.009505727827872689
0.0 0.22351075950297455 0.7978828436322447 0.0074475652591644344 0.010327290492708308
0.0 0.23964791988376924 0.8108587151222334 0.007348264389042925 0.007546866129286655
0.0 0.3283120550428748 0.8427055513370743 0.005947605625372887 0.0052478873165050285
0.0 0.29553247656621406 0.810950338103235 0.006965987294039166 0.009026349733120753
0.0 0.30495224367695284 0.7862828530989375 0.00922257472731971 0.005886749825948101
0.0 0.3295294242002882 0.7709773035514716 0.006377312311443717 0.009026349733121108
0.0 0.33501209237304047 0.7302795835741633 0.0048424827701296635 0.006713442022224925
0.0 0.28013165682340924 0.7282288034021567 0.007977051939899126 0.005384510059431946
0.0 0.28910584025579594 0.7284947051334869 0.0037226242386196873 0.006315166119086513
0.0 0.2851173142858464 0.730954296148289 0.006115739820589283 0.003789099671452334
0.0 0.19984967182916122 0.804353986808028 0.008621935639823164 0.009780106098904362
0.0 0.2552775769584802 0.7256052433622656 0.005557529566619479 0.008949787873516612
0.0 0.24892611459662994 0.7233317085395583 0.005846232401248841 0.008444557912914874
0.0 0.2944966685817157 0.6668980742596847 0.00782148717378206 0.004469421242161075
0.0 0.2881209706925073 0.6242090126975258 0.008799173070505617 0.006424793035607124
0.0 0.33157445263864105 0.6665191146998852 0.006146377249262258 0.007592583660853336
0.0 0.3341053138589256 0.6722436817457668 0.00711051485698988 0.006025860048296394
0.0 0.46177516653428974 0.5263812412625437 0.007879834730290724 0.009166338359725402
0.0 0.454699396572396 0.535949612006468 0.005950079286137821 0.004502762703022967
0.0 0.45590549372499145 0.5398091228947732 0.0064325181471758695 0.004502762703023322
0.0 0.44183436027804424 0.5356279860991092 0.005628453378778886 0.004181136795664386
0.0 0.4873397068719232 0.5985056827448171 0.008859383364466566 0.006511113075089625
0.0 0.40878701270846063 0.5706327290077672 0.00682482212158817 0.008980029107351939
0.0 0.4338113604876156 0.5640473743290426 0.008261626778764252 0.007064289564450021
0.0 0.4575171244490804 0.5578052818347258 0.005103770719317424 0.006984107300118936
0.0 0.37850886090772207 0.5504949692507738 0.006837656776447432 0.007185334239656882
0.0 0.29327728516055346 0.5546591966607582 0.008681378881587421 0.008461597137749166
0.0 0.30199966431504033 0.5735513675453918 0.006847046634941734 0.007269703834630192
0.0 0.4401452078075284 0.8976984208895484 0.007445578790806451 0.006627383319289493
0.0 0.43159506513017404 0.8976575111159726 0.007200120149351364 0.0068728419607445804
0.0 0.3825860723824054 0.8329195990055492 0.006858287238522109 0.009884002196692877
0.0 0.3995941586901914 0.8135633586101598 0.00847200188287971 0.005748858420525238
0.0 0.3602326397074787 0.791524714704658 0.007076928552631046 0.010232856150425818
0.0 0.2913545453175971 0.8704060770524077 0.007394042424496661 0.009137920354801566
0.0 0.33083003407966843 0.8020909237247118 0.0040139200174557745 0.005456422523729287
0.0 0.7073800858430367 0.5735377615803914 0.007471384217317478 0.007160076541595473
0.0 0.687955762715465 0.5085039879765668 0.007160076541595117 0.007627038055177948
0.0 0.7226799146764862 0.5426469817580196 0.0049828919391224245 0.003948706819682357
0.0 0.8364599586344823 0.5213562613415397 0.009039614043438605 0.007764796678338825
0.0 0.8045616742242945 0.4886339359202184 0.008190056793237943 0.0066300459754785376
0.0 0.7635826631771568 0.48548168305044664 0.009196277531668073 0.008638927378233774
0.0 0.5578953252594975 0.5221036982503395 0.009780179105598563 0.006917687660057936
0.0 0.5774646409712361 0.5479610052238609 0.007817455017409002 0.009554667243499538
0.0 0.5847935050500563 0.5536612328407214 0.007926030781539594 0.008143182309800424
0.0 0.5783321676709466 0.5276617125909147 0.0063613661690745 0.004262771144225397
0.0 0.562416832247559 0.48602253516711685 0.0074594652311510854 0.005738050177809128
0.0 0.46420346200954654 0.7831716123880852 0.005551937900565207 0.005694295282631145
0.0 0.4586301020531092 0.734754936051073 0.007402583867420276 0.008541442923946364
0.0 0.46275846613301647 0.7632264124642273 0.007402583867419566 0.006833154339157233
0.0 0.47920074376161315 0.7539731826299525 0.004982508372302163 0.007402583867420276
0.0 0.47428941408034364 0.7438658085032828 0.005694295282630435 0.008256728159814842
0.0 0.43098237153521024 0.7473021709697001 0.007323910019110968 0.00528949056935808
0.0 0.42750006516151695 0.6985219428557732 0.009165498714668985 0.006803256777898526
0.0 0.49904825696997895 0.6659061001210869 0.005193636197586215 0.007419480282266378
0.0 0.5465100186430683 0.6755962473588003 0.0039948989718183725 0.006408483767291173
0.0 0.5224538721286794 0.6299121170908769 0.003827714158084916 0.00672183949712526
0.0 0.5286668318871062 0.5785285141958715 0.008136258564535126 0.00668623228570695
0.0 0.48091969717776023 0.555738711392272 0.006641738698122168 0.0053766456127657845
0.0 0.4850312497051689 0.5528606246230853 0.003985043218873585 0.00430131649021277
0.0 0.481982472909268 0.5340306602516357 0.00794697025391784 0.0106432637329263
0.0 0.5031573383731821 0.5106739968452045 0.009717136278197102 0.0071822311621453135
0.0 0.4990381175595985 0.5024355552180374 0.005281052325106117 0.008238441627167603
0.0 0.5092522986477338 0.49121729348865983 0.0038023576740769728 0.008027199534162222
0.0 0.5140580562635815 0.4922206934304304 0.00433046290658865 0.007287852208648004
0.0 0.5844384239863629 0.8574383110757171 0.007043611302006525 0.011225755512572277
0.0 0.6323054207983236 0.829821417046195 0.007077639333675734 0.009773882889361828
0.0 0.5807052963429324 0.7779295631891474 0.006688745860813583 0.008627512776991609
0.0 0.5399302297335836 0.7941655910346954 0.007829232303386391 0.009569061704138094
0.0 0.5237880016310168 0.7981420439286804 0.005436966877351779 0.00869914700376242
0.0 0.5820742807535609 0.7426644125397658 0.006548942318308803 0.004439960893768103
0.0 0.5910652015634416 0.7186331242022457 0.006326944273619262 0.0069929384076846905
0.0 0.6075737143068765 0.7529932218994875 0.006911645570017555 0.0072515625652641805
0.0 0.6190742393127249 0.7564490446844958 0.006571728574770929 0.006685034239852783
0.0 0.6351242022450088 0.7737023823273734 0.006911645570017555 0.0070249512350994085
0.0 0.7812261546650898 0.7181805489150767 0.005681525188393976 0.008608371497566481
0.0 0.7223403876466687 0.7353459940364886 0.006896100972105757 0.006817736188332191
0.0 0.7224561310385503 0.6881120898401084 0.00910132865807185 0.007819451382287568
0.0 0.6794632491069155 0.7029975532857039 0.008185135901072726 0.0062352211923151655
0.0 0.5981140613923344 0.7008329671895259 0.005884643228797159 0.008742898511355434
0.0 0.620349606164002 0.7107107611807205 0.005464311569597413 0.008490699515835231
0.0 0.6334639539310345 0.7074742074048819 0.0068093728790366015 0.00975169449343447
0.0 0.614689980616809 0.677329139196484 0.006293920027343347 0.007996980740624693
0.0 0.6311282188058704 0.6744783636546872 0.0067381967351558105 0.008663395802343033
0.0 0.6842859008387802 0.6243160922004523 0.006391584974524278 0.007956871090734553
0.0 0.5822131864964593 0.6276524394276608 0.005565847908020061 0.0069793965830722724
0.0 0.5994375649858501 0.5968511313286043 0.005742541492401188 0.0060075818689742985
0.0 0.5220478919707329 0.5983171027030159 0.007514317860103148 0.007949930489674628
0.0 0.6465189904739634 0.7887446851101041 0.006906422846516591 0.0067145777674465276
0.0 0.6382696520739579 0.7900876006635935 0.008824873637215092 0.007673803162796133
0.0 0.6432576241297753 0.7999676222356936 0.010359634269774886 0.005947197451167163
0.0 0.6924791211168622 0.7731689615379544 0.009651708336970443 0.007693390703382619
0.0 0.6831682625804906 0.7643107470665219 0.007863067421423864 0.007945836552175577
0.0 0.652614877662381 0.7576923903951529 0.0077067089649034415 0.007688511305010692
0.0 0.6157082398084459 0.7320487952844811 0.006850431030301962 0.006267415623467798
0.0 0.6463165486672423 0.7357655185030492 0.010057015767890221 0.010785785026432747
0.0 0.6644629032049576 0.7314657798776469 0.008453723399095735 0.0056844002166339894
0.0 0.6251822401695026 0.7451666419382506 0.0071419387337194 0.007141938733719044
0.0 0.6336359635685984 0.7529644730046583 0.007724954140552853 0.0069961848820106805
0.0 0.7944710512345502 0.6563102621036336 0.01076866459571022 0.006594763589621522
0.0 0.8599515009289025 0.7827387738944782 0.006616447689171423 0.007069629037745173
0.0 0.7411562558193416 0.49203936844123924 0.008146220180469043 0.007268934930264592
0.0 0.5274899729308608 0.7208132568316656 0.007887756499867038 0.007541041928444158
0.0 0.47275500943976745 0.735246484645111 0.008101575569953213 0.007514504876478511
0.0 0.3741928657274219 0.6666492403223735 0.00783006400443611 0.008686477254920888
0.0 0.36726579316248725 0.625326383707692 0.008495428086528988 0.006996234894788955
0.0 0.3562884904635055 0.5175958153563999 0.010153970548353897 0.00737371670773399
0.0 0.37061284177279175 0.5275684650021051 0.00689019430066935 0.00749459730949944
0.0 0.38173385713527497 0.5145738003122468 0.009549567539524162 0.005681388283007749
0.0 0.3519972291008081 0.5104034195513151 0.007131955504201671 0.005318746477709624
0.0 0.3101859034101686 0.5117671878414521 0.00730400271355478 0.006186043114540851
0.0 0.30116769597812654 0.5059537979265825 0.0059624511947390605 0.008421962312567999
0.0 0.06210699202687593 0.7093730780434935 0.008798573044392554 0.007578968860021007
0.0 0.10917734857864474 0.6844482864428627 0.008363683018831124 0.0065221381339505054
0.0 0.13191672840250313 0.4989475694698804 0.007556019451605067 0.008786069129773111
0.0 0.15111428945105737 0.49947473361766653 0.008873929821071158 0.007731740834200096
0.0 0.5989018626409287 0.7994558822620352 0.0086591590442751 0.007916945411908748
0.0 0.5701588531164508 0.8033955784814879 0.006187371993831903 0.008909815671117195
0.0 0.8220251797405599 0.5576257820748735 0.006171789287737539 0.009326259368136292
0.0 0.3955039895235 0.28705089844871823 0.009454706716071825 0.005929222855841587
0.0 0.3479977354798116 0.04871231974275965 0.00772147894739561 0.007515572842132201
0.0 0.36067341135733527 0.08450064151222669 0.008350544755124645 0.0064849975225964585
0.0 0.2798171534442854 0.8187669718492497 0.00789791429313027 0.010847737703817728
0.0 0.40670149455048443 0.8621269767148476 0.008157682119499299 0.007499804529216903
0.0 0.5753903040324542 0.8237850875312525 0.008914806748953907 0.007488437669121595
0.0 0.6018394013529441 0.5535992748338348 0.004882697085166398 0.0050111891137234466
0.0 0.7418549902135293 0.6915257102306931 0.009097394830238414 0.007412692083898165
0.0 0.6511629947340026 0.858920056050447 0.00694463354420094 0.0046297556961341964
0.0 0.6094952486888424 0.4697578637090446 0.012926614417548877 0.013644759662967942
0.0 0.6038193344820897 0.5139018589239488 0.009439402778774308 0.01012716766165589
0.0 0.5275509773317666 0.339308792993782 0.007500966821300636 0.009426890734877702
0.0 0.5220111719771829 0.48886861868608167 0.006317238886487076 0.009321779332498892
0.0 0.5171962033137024 0.4803172343397396 0.004237172423863456 0.006240199387871214
0.0 0.8835940056146182 0.753028307767506 0.00860889335359829 0.00603612062723542
0.0 0.886364683935317 0.759757097974916 0.005838215032900251 0.006827743004577868
0.0 0.9270979715510343 0.7672449503268434 0.007275311432665177 0.008487863338109492
0.0 0.9741714991639402 0.716327890319902 0.007295492161345151 0.0076513698277526744
0.0 0.5144450418791408 0.5621816469653336 0.009600356292500578 0.00816746729361988
0.0 0.36555092066665473 0.7636580921164932 0.00882006671724298 0.007036232999149306
0.0 0.6232294812980946 0.3200505357549712 0.012195865740872591 0.0075367709634605266
0.0 0.6375493461286694 0.309430540306459 0.007399738764124919 0.006851609966782135
0.0 0.8291647232191075 0.2863287127402382 0.008090796308341908 0.0063665282426295985
0.0 0.8582364611380516 0.7236880843438985 0.010013706077332785 0.007317708287281377
0.0 0.6444663946531612 0.8654562120617317 0.008041703030435342 0.007720034909217332
0.0 0.6695294292493358 0.8806087106538201 0.005039467232405314 0.006004471596057925
0.0 0.6347892721578574 0.8659728111384289 0.007398366788000032 0.006326139717275225
