0.0 0.2566374718306128 0.13797584758529222 0.008038704136072994 0.00857461774514583
0.0 0.2151454935180821 0.06565365877141627 0.011736819512940144 0.007900883379442548
0.0 0.1952501531241957 0.08374553665477809 0.008587916716786381 0.007671872266995195
0.0 0.0383308691299491 0.04646843789990864 0.008271674338358181 0.006553093456407666
0.0 0.09948671420369193 0.034952409584513865 0.0051476526315967774 0.0052268472874679615
0.0 0.22087523751014437 0.853638843804896 0.010348170835879245 0.007612447511450427
0.0 0.20142781300823476 0.8412686165987886 0.006660891572519034 0.00628026919694733
0.0 0.2130843732601435 0.8475964635926821 0.006185113603054404 0.004282001725191264
0.0 0.20469878654831763 0.8543049329621475 0.006541947080153321 0.005899646821373494
0.0 0.24180530000986078 0.8183449694639663 0.005526456436806271 0.005052760170794102
0.0 0.23631831826188865 0.8166396629063228 0.004184317016439287 0.0060633122049530645
0.0 0.2549190968784001 0.7954253377923866 0.006110670694351228 0.0049593849113581
0.0 0.2770497353912629 0.747964249454267 0.007893579308023035 0.008464604194136171
0.0 0.27440785061456285 0.7587635802899942 0.006214094348869992 0.004299481495434065
0.0 0.2559860819562574 0.7484395338210378 0.007853881278538921 0.004042617960425687
0.0 0.2698935834895817 0.7235850981342853 0.009055850082218875 0.006747496139692899
0.0 0.2748210313284365 0.712398459797426 0.010742724117141833 0.0065344173142289465
0.0 0.2572899970907101 0.7035835114469927 0.007587360912177488 0.007719315014997718
0.0 0.23966765782485577 0.6980220542006818 0.007913402208849618 0.005118455896787921
0.0 0.26545702813138083 0.654732185877727 0.012238997503457583 0.007414693633161917
0.0 0.27072355127575287 0.6337450861816583 0.008436590512091335 0.008460355555788012
0.0 0.26204931032670054 0.6268056934224167 0.00701068789032977 0.009410957303629175
0.0 0.22117079852272337 0.794773004907199 0.007279720351237806 0.006315926389242677
0.0 0.21050754617724898 0.7969466678853153 0.009740470892499964 0.00639795140728463
0.0 0.22373700596387147 0.779473747418929 0.008305033076764445 0.0060698513351159274
0.0 0.15141272678649909 0.7767743749523884 0.00985826836239756 0.007987725134660551
0.0 0.17213099120889064 0.7204133198486884 0.006663385969276625 0.007031998810129991
0.0 0.2181865770094782 0.6552155918392308 0.015616932503061953 0.009792238758676675
0.0 0.2119176247345389 0.6334655720783788 0.01371757584728428 0.008610416839526281
0.0 0.19524549408937775 0.6173421444671092 0.011607179563086767 0.008779248542261798
0.0 0.19239645910571124 0.5977576669497555 0.010551981420987566 0.008441585136790409
0.0 0.203264999969329 0.5910888146916907 0.008230545508371101 0.007259763217640014
0.0 0.2587589200605511 0.5154851675085869 0.010225657621339757 0.006611658078455207
0.0 0.22331931214001788 0.507752889416834 0.009945502618015745 0.006387534075795643
0.0 0.2503335888204048 0.4779789102478821 0.009186069052253387 0.004544686794272579
0.0 0.24470748751534455 0.33768885036501806 0.009826480831021556 0.00586820827092005
0.0 0.2603897170618894 0.29156598669819384 0.008240175840982467 0.008311829543947625
0.0 0.26289759666566637 0.2987313569947004 0.006807101781681091 0.007929676461467139
0.0 0.2069470017889783 0.11063334676359773 0.008941008571336617 0.004123382776428386
0.0 0.20678921928477845 0.11547201022573254 0.009256573579736305 0.004712437458775298
0.0 0.1764998296883662 0.10844686326703687 0.008495543351012103 0.007645989015910714
0.0 0.1393673086232443 0.12138760279524537 0.011704707192343733 0.007298229190519123
0.0 0.022766149644620537 0.892274954391451 0.007014195225673703 0.00797403246708157
0.0 0.036277996770147425 0.8649319740247549 0.006204289817957509 0.0043947052877200575
0.0 0.1155734656708729 0.8707563844460122 0.005656253670413669 0.007520427415310849
0.0 0.1443949373767821 0.8408529328263199 0.009021841561687616 0.005860341527250057
0.0 0.14522782132372658 0.8266494638762097 0.008264776315230371 0.007178548570941956
0.0 0.1196883228425758 0.8175751500848513 0.0075933135676944374 0.008829434381039647
0.0 0.1516618825558611 0.8135630132744218 0.008042294842645958 0.007321261511926025
0.0 0.14441688418468468 0.8161975581366676 0.00672502241152273 0.0071548692048367
0.0 0.193669693400774 0.8106142244391243 0.007954515012560393 0.005259183479378038
0.0 0.19167463271476537 0.7500276559835537 0.00678154224599492 0.007891249158975811
0.0 0.15965142581855662 0.6713127516344013 0.006729830312337093 0.007667927871026237
0.0 0.14695651863846582 0.6775531397422044 0.009890811216616058 0.005465437950624974
0.0 0.12658568425576222 0.615341915382506 0.006176536563008206 0.008143877838632107
0.0 0.10351823541248661 0.5889142760269619 0.010605993753826759 0.006816223218499218
0.0 0.1416535165253925 0.5658331148376968 0.007052279134400763 0.007092577872312234
0.0 0.1721653372047296 0.5486069598118968 0.007571768629469844 0.005695778192914602
0.0 0.1880617535737792 0.5485678549232007 0.008305915322234014 0.006644732257786501
0.0 0.1688220553670785 0.5124269088609044 0.006229436491675067 0.007752187634084607
0.0 0.11527606893021147 0.5038722804935389 0.010949528392009356 0.00772439457472629
0.0 0.05983294901629632 0.46325213154323847 0.010770628956312756 0.007803625507970225
0.0 0.05871524223781188 0.47373825331957314 0.009957751299232598 0.006990747850889534
0.0 0.11606743198471214 0.6723710336551905 0.00934324225239802 0.006137034911048289
0.0 0.10117007790677679 0.8520678531212138 0.007071117213410361 0.004919038061502334
0.0 0.06524609420905003 0.851929244609338 0.00601306065099827 0.00473970663078731
0.0 0.09256582918172152 0.8534364706556243 0.005235367057804474 0.004838201281005894
0.0 0.03404671770242995 0.8227576444816116 0.00480974124809741 0.0035068493150681944
0.0 0.08364720563957162 0.8152883516323911 0.008946578889674761 0.007430441093103468
0.0 0.07552016069399015 0.8158893431913917 0.006078210085351365 0.0066655427452836594
0.0 0.051823638438232233 0.8020986093485238 0.008120497628357981 0.00864143521206362
0.0 0.03996640547893282 0.7870107886868025 0.0062067164620929205 0.007145293097823924
0.0 0.10790459749802928 0.7806467913031993 0.008150990092880228 0.007267966166152107
0.0 0.08191169516425001 0.7670536502424232 0.008563051334067318 0.007661677509427989
0.0 0.010077191390732931 0.7253379224770592 0.007748610527583466 0.00591712076651838
0.0 0.031664730130223084 0.7798435268815147 0.0092123148117631 0.009083770884156905
0.0 0.08626219202108576 0.721821010244702 0.006453767983302328 0.005950592852400405
0.0 0.0359768986271467 0.6901175903325084 0.008400382650755489 0.005587670257581223
0.0 0.04569868978476288 0.6928359164037643 0.007267746787731788 0.007550905753487669
0.0 0.001662876559364257 0.7808866215465728 0.003325753118728514 0.007410982865654248
0.0 0.04910997732370426 0.3602675812011542 0.01314336640648861 0.006927327235420222
0.0 0.03364719331607047 0.3459181176420696 0.009123042564503692 0.006185113603053694
0.0 0.042534695262164135 0.3209281382814261 0.009123042564501915 0.00680362496335789
0.0 0.09846550539222232 0.3276353469625425 0.011394447881406755 0.008069510630766885
0.0 0.10910512694949448 0.3315196779541109 0.008179998314179038 0.010311755450600302
0.0 0.1379568855053992 0.30747833810875064 0.01176385573363703 0.007455534542876663
0.0 0.11192178491502647 0.27738585238454333 0.013138851858348843 0.006111093887603758
0.0 0.1372828245485822 0.2553248034502939 0.01069441430330631 0.008188865809389156
0.0 0.036303918771055876 0.16879377384260258 0.010343404530473777 0.009410470004195658
0.0 0.017948126482915328 0.22246993671130913 0.007731392003816673 0.005690304514809341
0.0 0.056294926245820776 0.33668400243967633 0.011634582593707421 0.007991430468404915
0.0 0.045574948293102935 0.5213562613415397 0.011299517554298255 0.007764796678338825
0.0 0.005702092780368151 0.4886339359202184 0.010237570991547429 0.0066300459754785376
0.0 0.07493937616112811 0.7827387738944782 0.008270559611464279 0.007069629037745173
0.0 0.02753147467569983 0.5576257820748735 0.007714736609671924 0.009326259368136292
0.0 0.10449250701827273 0.753028307767506 0.010761116691997863 0.00603612062723542
0.0 0.10795585491914617 0.759757097974916 0.007297768791125314 0.006827743004577868
0.0 0.15887246443879288 0.7672449503268434 0.009094139290831471 0.008487863338109492
0.0 0.2177143739549252 0.716327890319902 0.00911936520168144 0.0076513698277526744
0.0 0.03645590402388432 0.2863287127402382 0.010113495385427385 0.0063665282426295985
0.0 0.07279557642256451 0.7236880843438985 0.01251713259666598 0.007317708287281377
