0 0.1497890135242313 0.38012314237702943 0.0022985526372004727 0.0032562829027007467
0 0.5629538500610175 0.6307611528584318 0.0038309210620007406 0.0034478289558008157
0 0.6282710541681312 0.593505445530474 0.0030647368496006066 0.0032562829027006045
0 0.5973363665924748 0.5484921230519647 0.003639375008900743 0.0032562829027007467
0 0.5530892283263655 0.7624490643647093 0.004022467115100951 0.002107006584100617
0 0.5924519422384238 0.7727925512321114 0.0030647368496006066 0.0024900986903006127
0 0.5990602810703751 0.7739418275507117 0.0032562829027006756 0.00402246711510088
0 0.5992518271234752 0.7888824196925148 0.004788651327500944 0.0040224671151010225
0 0.6118938666280779 0.7905105611438651 0.0032562829027007467 0.0030647368496006778
0 0.6657183075491893 0.708049985284298 0.004022467115100739 0.0036393750089008846
0 0.7835191302057137 0.9284237193758941 0.0032562829027007467 0.0038309210620009536
0 0.7918513835155655 0.9320630943847948 0.0034478289558006734 0.0034478289558005316
0 0.770110906488711 0.9024692291808385 0.0036393750089008846 0.003639375008900743
0 0.7765276992675623 0.904097370632189 0.0038309210620008118 0.0030647368496006778
0 0.8080370250025186 0.8732584560830824 0.0032562829027007467 0.0034478289558006734
0 0.8531461205075783 0.8357154296754746 0.0038309210620009536 0.0034478289558008157
0 0.851517979056228 0.8257550349142726 0.0028731907965007506 0.0038309210620008118
0 0.8149326829141202 0.8028652815688179 0.0040224671151010225 0.003639375008900743
0 0.794341482205866 0.8020033243298675 0.0038309210620009536 0.0019154605310002636
0 0.790223242064215 0.774803784789662 0.0024900986903006127 0.004980197380601083
0 0.8675120744900812 0.7158076004348493 0.0030647368496006778 0.004980197380601083
0 0.8632022882953302 0.7121682254259488 0.002873190796500609 0.0026816447434006817
0 0.8437603639056763 0.6661971726819391 0.004597105274400945 0.004214013168200807
0 0.8407914000826257 0.6570029621331372 0.0028731907965004666 0.0030647368496006778
0 0.8341830612506743 0.6589184226641378 0.0030647368496005355 0.0038309210620008118
0 0.7594801005416586 0.6491495739560356 0.0038309210620008118 0.0030647368496006778
0 0.7510520742052569 0.6476172055312355 0.00268164474340054 0.0034478289558008157
0 0.7195427484703003 0.6435947384161345 0.002873190796500609 0.0034478289558006734
0 0.7605336038337088 0.6285583732477814 0.0024900986903006127 0.002490098690300471
0 0.7571815479044582 0.6309526989115319 0.0038309210620008118 0.0034478289558007445
0 0.7515309393380071 0.5753085704859703 0.0032562829027006045 0.0032562829027007467
0 0.7857219098163643 0.5458104783085641 0.0038309210620009536 0.004022467115100809
0 0.6912897056380445 0.5767451658842206 0.0038309210620008118 0.0022985526372004727
0 0.7167653307003496 0.5603679783441672 0.00268164474340054 0.0032562829027006756
0 0.7004839161868464 0.5295290637950607 0.0038309210620008118 0.0036393750089008135
0 0.6480002976374354 0.5634327151937678 0.0034478289558008157 0.002490098690300471
0 0.7488492945946064 0.5298163828747107 0.0032562829027006045 0.0042140131682008785
0 0.857551679728879 0.5059688992637557 0.00268164474340054 0.003639375008900743
0 0.8525714823482781 0.5174616624497581 0.0030647368496006778 0.002490098690300471
0 0.7454014656388057 0.4723525669446987 0.0028731907965007506 0.0034478289558007445
0 0.7345791136386535 0.473980708396049 0.0026816447434006817 0.0032562829027005333
0 0.7245229458509013 0.43959819186459187 0.004022467115100739 0.0042140131682008785
0 0.713509047797649 0.4192943102359876 0.0030647368496006778 0.0030647368496006778
0 0.7060387517267475 0.3751429449964284 0.0030647368496005355 0.0036393750089006717
0 0.6993346398682462 0.3811766456690796 0.00268164474340054 0.0030647368496006778
0 0.7606293768602589 0.40377907993488443 0.0030647368496005355 0.00268164474340054
0 0.755553406453108 0.387593438447931 0.003639375008900743 0.0036393750089008846
0 0.8018117782767675 0.35685029692537457 0.0030647368496006778 0.0030647368496005355
0 0.8060257914449684 0.35589256665987434 0.0022985526372004015 0.0022985526372004727
0 0.7675250347718604 0.27438972106580733 0.0026816447434006817 0.0024900986903005416
0 0.7005796892133964 0.29651329019886197 0.002873190796500609 0.00268164474340054
0 0.7089119425232481 0.268068701313506 0.0030647368496005355 0.002873190796500609
