0.0 0.201452320195256 0.4184356891469818 0.012258947398402142 0.01103305265856278
0.0 0.4104673733380199 0.29921742569751686 0.009807157918721998 0.010420105288641679
0.0 0.31147637309591936 0.15517479376628707 0.011646000028482461 0.01042010528864239
0.0 0.1698855306443697 0.8398370059670697 0.012871894768323244 0.0067424210691221734
0.0 0.2958462151629561 0.8729361639427566 0.009807157918721998 0.007968315808962245
0.0 0.31699289942520037 0.8766138481622775 0.01042010528864239 0.012871894768322534
0.0 0.31760584679512077 0.9244237430160475 0.015323684248002678 0.012871894768323244
0.0 0.3580603732098492 0.9296337956603683 0.01042010528864239 0.009807157918721998
0.0 0.5302985841574056 0.6657599529097535 0.012871894768322534 0.011646000028483173
0.0 0.9418927430587711 0.9664106378555761 0.012258947398402853 0.006129473699201071
0.0 0.928714374605488 0.8793721113269186 0.007968315808962245 0.01593663161792378
0.0 0.8303363217333075 0.4772786366593138 0.012258947398402853 0.009807157918721998
0.0 0.803366637456822 0.4723750576999535 0.008581263178881925 0.01103305265856278
0.0 0.702536795104961 0.4595031629316303 0.009194210548801606 0.011033052658562071
0.0 0.8337075322678682 0.4113867943929005 0.007968315808962245 0.007968315808961535
0.0 0.8229809532942663 0.4190486365169022 0.012258947398402853 0.011033052658562071
0.0 0.8048990058816227 0.2409874255551049 0.010420105288641679 0.01042010528864239
0.0 0.9143101114123656 0.14659353058740515 0.012258947398402853 0.012871894768322534
0.0 0.6121270580417424 0.24558453082950607 0.012258947398402853 0.007355368439041854
0.0 0.6936490582411189 0.19317753070133498 0.008581263178881925 0.01042010528864239
0.0 0.6415485317979084 0.09449300414419426 0.012258947398402853 0.011646000028482461
0.0 0.4736009524397932 0.20298468862005697 0.01103305265856278 0.007968315808961535
0.0 0.7963177427027404 0.09541242519907414 0.010420105288641679 0.013484842138242924
