0.0 0.1819416866120452 0.08162110937587101 0.008581263178881571 0.012871894768322534
0.0 0.3685841607527241 0.034424161892021486 0.007968315808961535 0.007968315808961535
0.0 0.7832430565036909 0.1070584252275566 0.008581263178881571 0.009807157918721998
0.0 0.5429676874950007 0.2851196361893539 0.009807157918721998 0.014097789508163316
0.0 0.25028531835813955 0.41475800492746123 0.006742421069121462 0.011033052658562071
0.0 0.32598431854327536 0.43437232076490523 0.009807157918721643 0.011033052658562071
0.0 0.3992315290416094 0.6136594340207868 0.01287189476832289 0.012871894768322534
0.0 0.9408807103779072 0.3841106364314545 0.006129473699201071 0.008581263178881925
0.0 0.9438352674227645 0.2523269518986272 0.008581263178881925 0.011033052658562071
0.0 0.9095102147072371 0.12483389895524048 0.011033052658562071 0.008581263178881925
0.0 0.9303504252845215 0.08928295149987306 0.008581263178881925 0.013484842138242924
0.0 0.004919191885942098 0.5126958803562719 0.005015072846641289 0.008101271521497467
