0 0.11976130398578183 0.6685819576713703 0.006804619544646684 0.0028731907965004666
0 0.2648698157753726 0.6300812009982621 0.0037425407495557295 0.002107006584100546
0 0.2737158211834133 0.6242390463787111 0.005103464658485066 0.0038309210620008118
0 0.32372977483656656 0.6278784213876116 0.0044230027040203625 0.0022985526372004727
0 0.1881477304094811 0.5977194586986749 0.004082771726788011 0.002490098690300471
0 0.2007362765670775 0.5305825670871108 0.003402309772323342 0.0022985526372004727
0 0.3133527300309803 0.5232080440427593 0.003402309772323342 0.002490098690300471
0 0.3189665411553138 0.5257939157596099 0.003062078795091061 0.0026816447434006106
0 0.2456467655617457 0.5279009223437103 0.006124157590182016 0.0019154605310003348
0 0.43277380303952984 0.488059343298902 0.004763233681252643 0.0030647368496006778
0 0.12996823330275187 0.5140138334939574 0.004082771726787992 0.003639375008900743
0 0.060390998458739416 0.5189940308745584 0.006464388567414358 0.002490098690300471
0 0.049503607187304705 0.4908367610688525 0.0044230027040203625 0.00134082237170027
0 0.4135507528259029 0.4554965142718952 0.0044230027040203625 0.0034478289558006734
0 0.3989208208049125 0.4316490306609402 0.0044230027040203625 0.002490098690300471
0 0.4082771726788017 0.412015560218186 0.0034023097723233776 0.00268164474340054
0 0.37255292006940655 0.47800317551114985 0.004082771726788082 0.0028731907965005377
0 0.006634504056030528 0.4650738169268972 0.00578392661294969 0.00268164474340054
0 0.1563361340382578 0.42504069182898874 0.003742540749555676 0.0022985526372005438
0 0.20209720047600682 0.3264902475090182 0.008165543453575985 0.002873190796500609
0 0.23918237699433134 0.3859652969965806 0.005443695635717347 0.0022985526372004727
0 0.2937894488401211 0.3057075007476639 0.0030620787950910965 0.00268164474340054
0 0.28545378989792886 0.28894722110141036 0.004082771726788011 0.002873190796500609
0 0.267251432615999 0.2616519085346547 0.005783926612949663 0.003447828955800709
0 0.4552290475368639 0.16903939186078532 0.004763233681252714 0.002490098690300506
0 0.7252023279707216 0.20754014853389335 0.0037425407495555872 0.0021070065841004393
0 0.7514001132176114 0.23004680977314806 0.004423002704020291 0.0034478289558007445
0 0.6268755755505768 0.23924102032195 0.0030620787950910253 0.00268164474340054
0 0.529399400573513 0.24096493479985032 0.0047632336812527855 0.0011492763186002719
0 0.8691200313399992 0.2714207572427567 0.0037425407495557295 0.0019154605310004059
0 0.8444532854906549 0.2959386520395618 0.0034023097723233776 0.0022985526372005438
0 0.563592613641653 0.3899877648985819 0.0064643885674144745 0.0022985526372004015
0 0.5923421313614948 0.38155973777527974 0.0027218478178586735 0.00268164474340054
0 0.4977579196909057 0.29660905929091014 0.0034023097723233776 0.0013408223717003053
0 0.8264210436973412 0.4095254615278855 0.0027218478178585317 0.0022985526372005438
0 0.689988421827175 0.45099518202404426 0.0034023097723232354 0.0024900986903004
0 0.8885131970422422 0.45281486952849465 0.0037425407495555872 0.0030647368496006778
0 0.8170646918234519 0.4717779287853986 0.005783926612949841 0.00268164474340054
0 0.5518546449558793 0.4973493300218553 0.005443695635717205 0.003639375008900743
0 0.5450500255262003 0.5255065966799597 0.004763233681252643 0.00402246711510088
0 0.6486503580934462 0.5107575505912567 0.004423002704020291 0.0024900986903005416
0 0.8788166141911207 0.5334557578836114 0.004763233681252643 0.0030647368496006066
0 0.7454460711160454 0.5890998863091731 0.005443695635717347 0.004405559221301019
0 0.5829857794876057 0.6296118765398316 0.0037425407495557295 0.0034478289558007445
0 0.625004305175799 0.6357413502390329 0.005443695635717205 0.0034478289558006734
0 0.6656619068400954 0.6917685731314959 0.007144850521879107 0.00402246711510088
0 0.9663171332539988 0.6200345738848295 0.0034023097723233776 0.00268164474340054
0 0.9679571302259924 0.578852172468321 0.004763233681252643 0.0034478289558006734
0 0.9489041955009816 0.5390105934235127 0.006124157590182051 0.00268164474340054
0 0.960472048726881 0.5279009223437103 0.0047632336812527855 0.004214013168200807
0 0.34558338387514126 0.4186556528261029 0.004710936398739775 0.0010849917216291516
0 0.4025428876053588 0.38417702700544337 0.0025696016720398516 0.0022905380789949702
0 0.30147188850512335 0.3879142207132771 0.002141334726699853 0.002049428807521707
0 0.22609690612528674 0.3894211536599843 0.0029978686173798863 0.001928874171785253
0 0.21688916680047718 0.40798656756341634 0.006852271125439735 0.00313442052915093
0 0.2684163079918329 0.4308622681225073 0.004496802926069811 0.0019288741717851821
0 0.3415428889086346 0.4932492921161831 0.0029978686173798507 0.0015672102645753938
0 0.291435656267678 0.5027128339930449 0.004282669453399776 0.002169983443258232
0 0.26049336943068524 0.5492469214063345 0.00321200209004985 0.0016877649003119188
0 0.22494721303982487 0.5708864775305353 0.0032120020900499213 0.001808319536048515
0 0.3812646480889178 0.6167575164283009 0.0036402690353898493 0.0024110927147314954
0 0.21670307434203026 0.6481619990376778 0.0034261355627198497 0.0027727566219411413
0 0.4467894907259349 0.660217462611335 0.002783735144709851 0.0025316473504679495
0 0.1329775023853034 0.6203858091623061 0.005399008163437582 0.001439800259868207
0 0.0946247220223533 0.47089467388023015 0.004546533190263222 0.0017597558731722528
0 0.0032678207305016902 0.5001706124975505 0.005399008163437575 0.0033595339396924116
0 0.01733365778787853 0.5256070837552221 0.0034098998926974143 0.002399667099780345
0 0.00525692900124185 0.5176881823259469 0.0036940582170888673 0.002239689293128393
0 0.1920910272886211 0.46601535077734346 0.005114849839046158 0.002239689293128322
0 0.16637469893119472 0.41954179794493063 0.004262374865871799 0.002399667099780345
0 0.3928488834711814 0.3961050492704093 0.0036940582170888804 0.002239689293128322
0 0.24323952567908236 0.35651054212403355 0.0028415832439145205 0.002079711486476299
0 0.24650734640958405 0.34811170727480234 0.0031257415683059618 0.0025596449064322967
0 0.23528309259612168 0.3468318848215861 0.003978216541480322 0.0025596449064323678
0 0.14506282460183592 0.3584302758038578 0.0048306915146546815 0.002079711486476299
0 0.126876691840783 0.3696287222694994 0.0031257415683059796 0.002079711486476299
0 0.021738111815946027 0.35107129669786474 0.00483069151465467 0.002399667099780345
0 0.06152027723074921 0.3474717960481942 0.004262374865871763 0.0025596449064323678
0 0.04120295691673521 0.32987424323139036 0.003978216541480317 0.0035195117463445768
0 0.14904104114331623 0.30291797689560584 0.004262374865871745 0.002399667099780345
