0.0 0.7220958754841085 0.7147182490338748 0.01989209518907913 0.015280240717868487
0.0 0.728748715999297 0.9835361467761627 0.012833362512939317 0.020685354050461235
0.0 0.7694510428169824 0.3738801823880804 0.013965989778041888 0.01745748722255236
0.0 0.804924656853208 0.3209258044796717 0.010427939034271106 0.015362588755845508
0.0 0.9035911458119632 0.17556155939690044 0.014499162534391274 0.021588826567752406
0.0 0.8473002795019738 0.23139932687769038 0.009808257008558741 0.012793378706816405
0.0 0.2963039581460151 0.5964388807578764 0.009997406112179873 0.01896059779896042
0.0 0.4804817339137468 0.38366269515594764 0.011929004077167349 0.01789350611574836
0.0 0.4514335441071065 0.46670658572742196 0.015128651827708239 0.018661988274310204
0.0 0.23930832489350493 0.6598784508250599 0.014605241062162832 0.015392778570416432
0.0 0.17974185154194125 0.6910219795605532 0.01689625926799181 0.015392778570416432
0.0 0.19720659168649313 0.7794260629798719 0.0195533560915635 0.014491978519189708
0.0 0.3684617858859731 0.9498592999346966 0.014653200922268895 0.01529522261216254
0.0 0.08110131859593572 0.4793193410188179 0.013595753433032343 0.024170228325391285
0.0 0.024910385982402517 0.6393414184307922 0.01224601065302693 0.017430453119271938
0.0 0.1052441639966986 0.6421089216935574 0.014022265376618747 0.010235230201910639
0.0 0.6247995775602707 0.41271379904655436 0.014461219815390081 0.017090532509096867
0.0 0.6372230800380375 0.3853525138276619 0.020640104645601554 0.01922684907273453
0.0 0.6361713549605547 0.4025252123584382 0.020377173376231638 0.01774786068252432
0.0 0.088874766246931 0.551914204425036 0.01743045311927176 0.01815672199924201
0.0 0.21085187147762846 0.20442153162820276 0.016448169813481427 0.019609451005956124
0.0 0.25260239531380047 0.1820460756911264 0.013712196423282563 0.023996343740744663
0.0 0.21790672588399715 0.15370200983023485 0.014463717662449227 0.013608336510368524
0.0 0.38617790989707573 0.12738582147786426 0.01568740780734501 0.02265958905505361
0.0 0.05493818653709361 0.3220824563251652 0.012840433797862972 0.018882990879211192
0.0 0.027128907327426434 0.0865735046766023 0.015559584484470434 0.01831650115283434
0.0 0.9418563532118125 0.43179238743422443 0.012538305943796502 0.01831650115283523
0.0 0.9825898465811189 0.2260784286670945 0.01439724195069374 0.018166331234954924
0.0 0.7861060568251546 0.07746308335142649 0.013059234688840604 0.020300412897717557
0.0 0.9770159510790293 0.07343344966740739 0.010205922055086348 0.01698459076227632
0.0 0.9439105833025383 0.03138529874450979 0.012316572041627439 0.01861020500795263
0.0 0.4682363768291715 0.22055325398471393 0.014804264849301774 0.027002676957272875
0.0 0.37430516998725205 0.035691325675772934 0.014821050376697542 0.025651817959668755
