0.0 0.12948893226495395 0.9404492475175203 0.018123953167989093 0.017271061254201924
0.0 0.05912534937746727 0.9851194615021523 0.012260321260698426 0.010234702965453124
0.0 0.22823730822639865 0.9808627429336756 0.017996552438367175 0.01453306498796394
0.0 0.22126993884878665 0.8587467597339259 0.012757402568857934 0.013587672609821055
0.0 0.17988822912817293 0.8251082389956078 0.015395715052034298 0.014888164006362104
0.0 0.11984365125758245 0.5742692336394558 0.014570504725244682 0.014986804860251368
0.0 0.1264784346592558 0.5936271899172813 0.013269566803348454 0.013321604320223912
0.0 0.09121213359207658 0.4683484614185353 0.0194983875519652 0.013607385355413726
0.0 0.1078065059767277 0.40462607146147533 0.017838950313499247 0.012279835564641673
0.0 0.16256793484607535 0.4356575478207727 0.012860638598104934 0.014603047698492588
0.0 0.00809323632353287 0.6039886371494859 0.01618647264706574 0.012904574554909943
0.0 0.4016639498196253 0.33335826460997 0.01783692223546396 0.015089626167013393
0.0 0.3376970562855468 0.3364746004488097 0.013736480342254609 0.013449449409729652
0.0 0.2440087431199074 0.3397028166025294 0.0166293872156702 0.01910610446055756
0.0 0.01047885944112914 0.4321430613105505 0.02095771888225828 0.01421252331263716
0.0 0.05319835108000737 0.37398104758113 0.018222957379935956 0.012628933254001851
0.0 0.1323253925329393 0.30533180405980287 0.018098419716320535 0.015538155463767111
0.0 0.154286279871644 0.2832605605033155 0.017877707280755217 0.010594196907114651
0.0 0.2267484489748015 0.3574408716881088 0.016568904011466934 0.01554048927972076
0.0 0.2297956037355311 0.37473347495524933 0.017711587046740362 0.013255123209174258
0.0 0.2023712108889657 0.3824275407260913 0.018473375736922648 0.010055610710406882
0.0 0.07494421297107134 0.22474959252889093 0.016361303027883523 0.011094521672239921
0.0 0.11890359984783805 0.20693929429705663 0.01251463920052931 0.011087349771047172
0.0 0.23443345811853078 0.10380546935360328 0.013722269471922566 0.010467219504164404
0.0 0.17667227731811064 0.0978059654914599 0.013084024380205506 0.012254305760972528
0.0 0.18417165714578898 0.06793609519908834 0.017870862568085677 0.012254305760972528
0.0 0.14699388055325358 0.11771921235304142 0.012445779288488446 0.01174370968759888
0.0 0.21400961518357509 0.14375961209510918 0.011807534196771385 0.011233113614225233
0.0 0.30735295984723754 0.15409918258093 0.01404139201778154 0.009956623430790757
0.0 0.1772537513910537 0.03244600424940245 0.01466428926694352 0.014338416172122948
0.0 0.30652575621483047 0.8096206089242252 0.014917562794576789 0.01012128311125764
0.0 0.2828792747002624 0.2274558795441397 0.014105216526953512 0.014934935146185779
0.0 0.3697923000648724 0.17518360653248913 0.012030919978872845 0.01792192217542308
