0.0 0.7767694701446775 0.9653837899388169 0.011443667677345105 0.011845199876549728
0.0 0.7643219719693206 0.9737155830723223 0.012648264274960042 0.01124290157774226
0.0 0.6712127050795111 0.7967844537728592 0.01267197761540757 0.009791982702814828
0.0 0.6896446725201042 0.8252004035771062 0.01305597693708691 0.011327979989530945
0.0 0.7531965602579807 0.8359523845841187 0.01190397897204889 0.012863977276246885
0.0 0.7282980002494511 0.9354726731291215 0.012239999870512008 0.014304578161924297
0.0 0.5431052212736791 0.8697423301880882 0.01113342387269114 0.013305799262484897
0.0 0.5289847812400218 0.8818261682938141 0.010590330025242877 0.015749721576002428
0.0 0.4942267750033267 0.9433315465173407 0.008961048482898092 0.013305799262484541
0.0 0.5051773982936016 0.7571528166074688 0.012256265878606598 0.015140093144160715
0.0 0.48600026310589434 0.7418777437735234 0.009502506980383175 0.013748307971618167
0.0 0.5706586112662582 0.9525221735997684 0.009426389046902272 0.013157668044634363
0.0 0.19888309509994215 0.9561824757296911 0.013124949011285025 0.013721537602706491
0.0 0.16129801384035466 0.903384385388842 0.011931771828440674 0.013124949011284314
0.0 0.15234918496902453 0.9603585958696452 0.011931771828440674 0.011335183237018497
0.0 0.1412619481751644 0.8762879000990733 0.01172954167565976 0.008676647266926452
0.0 0.13068299425894522 0.8817282489889069 0.008955365094771395 0.012366932749921844
0.0 0.11532126337750803 0.8752802357360702 0.01296128493949098 0.010408304572621319
0.0 0.06278878275154191 0.8912854588052899 0.012372135624059411 0.01021192146747758
0.0 0.06494899690812375 0.8702724665549033 0.010015538362333843 0.010604687677765411
0.0 0.026427930523765398 0.8598825659590437 0.01101451060494867 0.013437702938037432
0.0 0.06913893707395609 0.8188187183719011 0.012336251877542281 0.013217412725938616
0.0 0.11264625396350461 0.7922737478139744 0.009472479120255884 0.012556542089641808
0.0 0.08709258936002265 0.8517521050806982 0.010353639968651861 0.013878283362235422
0.0 0.011902539226732501 0.7754429727329546 0.009884308023560351 0.013495882109091539
0.0 0.003480192607475985 0.7366660720251418 0.00696038521495197 0.012355385029450262
0.0 0.8171854874393084 0.7324742959249807 0.01455198809115572 0.011743709687599236
0.0 0.9718288380872216 0.8724460118211311 0.0097113471648548 0.006886227989624061
0.0 0.9684740090666356 0.8801268045787888 0.012183326443181385 0.010947336804018094
0.0 0.894579485639515 0.9188839082639813 0.011300476700922246 0.010770766855565838
0.0 0.9178750972965982 0.9195123939743608 0.009144040068122906 0.01171982600280579
0.0 0.18579822349676434 0.9999634726546336 0.010952364067146902 7.305469073273229e-05
0.0 0.06689897388931279 0.9444518916339281 0.011087102992294007 0.01368564275611348
0.0 0.32118261089588496 0.8686261373331996 0.011346389443350802 0.012893624367444189
0.0 0.2978451507908108 0.8942844498244137 0.01057277198130464 0.011088516956002081
0.0 0.2697266116944025 0.7606792876833491 0.012661424115191267 0.012319223463429197
0.0 0.26801560843559324 0.7805269254855406 0.010608220204619555 0.013003624766953159
0.0 0.2981292657906419 0.8193666994605188 0.012661424115190556 0.014714628025762622
0.0 0.1711116596358675 0.8779360009846153 0.01138699328803483 0.011798571358686871
0.0 0.0894995128185105 0.7982363513083943 0.01124610939342432 0.010772588997911203
0.0 0.0022988213482900478 0.8202030461808898 0.0045976426965800956 0.011916558303875746
0.0 0.25260213619414174 0.9384128290398361 0.011839293521242666 0.013928580613226771
0.0 0.2791534929881056 0.9425043495949715 0.010620542717585835 0.013406258840230834
0.0 0.2755842942059662 0.9601762362480033 0.007660719337275168 0.010446435459919811
0.0 0.26679187769386664 0.9647900785761344 0.009575899171593249 0.014102687870892083
