0.0 0.9961603102971498 0.9561824757296911 0.00767937940570036 0.013721537602706491
0.0 0.9612980138403546 0.903384385388842 0.011931771828440674 0.013124949011284314
0.0 0.9523491849690245 0.9603585958696452 0.011931771828440674 0.011335183237018497
0.0 0.9412619481751644 0.8762879000990733 0.01172954167565976 0.008676647266926452
0.0 0.9306829942589452 0.8817282489889069 0.008955365094771395 0.012366932749921844
0.0 0.9153212633775081 0.8752802357360702 0.01296128493949098 0.010408304572621319
0.0 0.8627887827515419 0.8912854588052899 0.012372135624059411 0.01021192146747758
0.0 0.8649489969081238 0.8702724665549033 0.010015538362333843 0.010604687677765411
0.0 0.8264279305237654 0.8598825659590437 0.01101451060494867 0.013437702938037432
0.0 0.8691389370739561 0.8188187183719011 0.012336251877542281 0.013217412725938616
0.0 0.9126462539635046 0.7922737478139744 0.009472479120255884 0.012556542089641808
0.0 0.8870925893600227 0.8517521050806982 0.010353639968651861 0.013878283362235422
0.0 0.7825089506327636 0.8403703433668464 0.010834722256594986 0.011975219336236265
0.0 0.8119025392267325 0.7754429727329546 0.009884308023560351 0.013495882109091539
0.0 0.8027785625895998 0.7366660720251418 0.008363645250704543 0.012355385029450262
0.0 0.9857982234967644 0.9999634726546336 0.010952364067146902 7.305469073273229e-05
0.0 0.8668989738893128 0.9444518916339281 0.011087102992294007 0.01368564275611348
0.0 0.9711116596358675 0.8779360009846153 0.01138699328803483 0.011798571358686871
0.0 0.8894995128185105 0.7982363513083943 0.01124610939342432 0.010772588997911203
0.0 0.7990117559916381 0.8202030461808898 0.011171773409883911 0.011916558303875746
0.0 0.6213249440920101 0.7231982683422752 0.01117075184083447 0.012972486008711037
0.0 0.6106947125015386 0.732567286015233 0.00936901767295808 0.008648324005807418
0.0 0.587992861986294 0.7305853784305689 0.010810405007259405 0.014053526509436942
0.0 0.5523185254623384 0.7033791924956331 0.011531098674409889 0.011531098674409889
0.0 0.5652910114710494 0.7185137595057961 0.01081040500725905 0.01225179234156073
0.0 0.6926736171399213 0.7341888467663221 0.01189144550798531 0.019819075846642064
0.0 0.6074515909993605 0.7631967668691345 0.0136931796758617 0.010810405007259227
0.0 0.6591613616174179 0.7788718541296601 0.01045005817368434 0.012612139175135973
0.0 0.5887766965992446 0.8473555791523415 0.0136931796758617 0.012612139175135794
0.0 0.4598163963848874 0.7416070356626154 0.00878941671896456 0.010986770898705344
0.0 0.4430920895724137 0.7715154675535356 0.013428275542862167 0.01171922229195257
0.0 0.5182904326124417 0.7458796687898898 0.010010169041042617 0.012207523220783755
0.0 0.5127970471630892 0.7789620567182138 0.011230921363121382 0.010986770898705344
0.0 0.5416731224143521 0.8665443916788306 0.009642261251098816 0.012024466971958248
0.0 0.5312935117734632 0.8735775704737495 0.011343836765998816 0.010663206560039029
0.0 0.48282774756654734 0.8663096815770747 0.010838477690249704 0.013247028288082774
0.0 0.4838327358512903 0.8894325754560999 0.010989012102614026 0.006472979731676887
0.0 0.46734921769736887 0.8872498264768135 0.010236340040791348 0.009634202391332992
0.0 0.42698469974854786 0.8885660174314406 0.011950094647676223 0.010261494317026276
0.0 0.4567732691694795 0.9256127658624063 0.011040848315787954 0.010651171316407115
0.0 0.571688706398349 0.9985302371358298 0.009351094717670705 0.0029395257283406197
0.0 0.14962671071563918 0.9940137307023038 0.008379675592006208 0.011122114876662792
0.0 0.12943902951135494 0.8642725514770943 0.009404549467201661 0.011822862187339212
0.0 0.10619635725669915 0.9224464074670706 0.012360265014036642 0.015315980560871623
0.0 0.10082232898972662 0.8403581256890671 0.011285459360642135 0.009135848053853124
