0 0.8169744550098719 0.9181494026194592 0.005515641964996381 0.002387259658827397
0 0.8170744143985971 0.920669086103628 0.005602700287416127 0.0026315713471197454
0 0.7256549610887839 0.9286795622584687 0.006216279746587219 0.0038200601794670776
0 0.7277339737497803 0.9958840366940407 0.0040104257852935634 0.005171338512615336
0 0.740453450880307 0.8434700455970201 0.004364371805638001 0.004364371805638001
0 0.7515389552666275 0.8302314511199179 0.0032587309482097738 0.0038406471889614125
0 0.7823722330662385 0.7938903898492251 0.004530988291997175 0.005397206641938084
0 0.7647813373443668 0.8078498317194226 0.0030650803151746685 0.0031983446767040393
0 0.8398853258426042 0.8374626186662106 0.003403151029799574 0.004253938787249325
0 0.5925949869206297 0.8991097201894691 0.003124189410056222 0.004740149449740158
0 0.6501505418480459 0.8459156737889869 0.003727813774114705 0.004473376528937036
0 0.6410729825334708 0.8666766464318555 0.004727703696158869 0.004665497068577622
0 0.5747838515292203 0.914969612706265 0.004564137831925805 0.0038481946426040282
0 0.5561693286068566 0.9227554948901383 0.005280081021247369 0.0038481946426040282
0 0.5616270599020291 0.944856515744968 0.006110423778613594 0.003622994629797347
0 0.6151443080893666 0.9874648249836742 0.004579125288208937 0.0038238056530406077
0 0.47187901332377424 0.9496801825419305 0.004732553730030489 0.005162785887306001
0 0.49279018263517504 0.9403857319389303 0.004504023494463638 0.005287331928283408
0 0.48910210542594046 0.9489694868595384 0.005222056225465153 0.005222056225464939
0 0.5253441620612299 0.8698298352547045 0.004248672947822598 0.006042557081347723
0 0.5077844956195008 0.909835354607698 0.0038268783290708085 0.00435761327981794
0 0.5328888012489683 0.9105272304233893 0.004381957930193323 0.0025588075504776953
0 0.6952498679875846 0.8531784497616386 0.004519131192309373 0.00427263312727419
0 0.6991322125118867 0.8463381284569155 0.00645003270175053 0.0048067122681835885
0 0.6988035484251733 0.8506313030896095 0.006367866680072325 0.004436965170631168
0 0.4335356627844517 0.8611789519061444 0.0037765981758422383 0.005120195603786186
0 0.5277733644521659 0.887978551106259 0.005447016599772354 0.004539180499810414
0 0.5658912098367589 0.8011053829070507 0.005140053066712938 0.0049023627514890224
0 0.5789382485355626 0.7955115189227816 0.004285061382275899 0.005999085935186201
0 0.5680958518387491 0.7884255024575587 0.004519911769515375 0.0034020841275921045
0 0.6206805968428362 0.7818464553694661 0.004902314939795289 0.0056648972637634645
0 0.2953179493577513 0.9679380659804806 0.0031912254585867218 0.002700267695727234
0 0.08877281579366084 0.8320512974967397 0.00402158724141767 0.0035878866565589363
0 0.10150784205815012 0.8337269588473305 0.003785023286040143 0.004573569803965114
0 0.103885690755973 0.825440877676296 0.004635806943092647 0.0044862647836380635
0 0.21183943382328324 0.8512322016011831 0.005446674816142832 0.005347040520725415
0 0.2836395592186493 0.8032911259857681 0.004531917811010758 0.005240029968981191
0 0.5171681832928418 0.8305206140812913 0.004012635561832241 0.004720747719802745
0 0.17257461506401214 0.7281942862224127 0.0025140076614335173 0.003463743889086004
0 0.3495369243180923 0.7560955893725796 0.003325966625165737 0.004877744825983821
0 0.34563837870143205 0.754495763794673 0.0037775782240912293 0.0035229100292085034
0 0.34073601594994296 0.7558327718178063 0.0036502441266499375 0.00407469111812091
0 0.3649530994694867 0.7410844753513834 0.0034042432092525133 0.004827835824031013
0 0.37643468338432917 0.7501211936886718 0.0030947665538660373 0.003961301188948312
0 0.3480866217509175 0.7439626082464786 0.002970975891711305 0.0030328712227886
0 0.5084777835398208 0.7716433761691506 0.004862370151396931 0.0045791252882085584
0 0.7943301103786914 0.8579480968585561 0.003918220607436495 0.004579125288208843
0 0.8070593270565997 0.8065196071667736 0.004499138109591882 0.004541582808738838
0 0.7456581427578608 0.7693657708378566 0.004081010840262706 0.005075103224429398
0 0.8053174847121967 0.7683583624168518 0.003189350642214574 0.004246147690569169
0 0.7949720572820432 0.7578463246861274 0.00384892876300853 0.004652551251988086
0 0.18400361094707063 0.6734944585289839 0.0023829702464767165 0.0037260989308546756
0 0.43759362268319363 0.7372635761806282 0.0036676578438468253 0.00403079228383163
0 0.43597767442526103 0.739642106762529 0.003050329295872629 0.0035587175118513416
0 0.416226262740945 0.7159512820309507 0.0035752038576031707 0.002697853217700441
0 0.4154147133990351 0.716993135915835 0.0033558661976275774 0.0025443168557174544
0 0.546572921075496 0.6599078241867474 0.0052320651798240195 0.004290293447455582
0 0.547614102046281 0.6798807097922321 0.0055983097424117285 0.004970461920832889
0 0.503366391340528 0.6631143624818725 0.00443447545308743 0.004274193207795207
0 0.5679668485435707 0.6740473218028284 0.004139732615827114 0.004720747719802745
0 0.5760579468202018 0.730218105462897 0.0046570297418696786 0.00544706157307985
0 0.6442793614494826 0.7239816474237922 0.0039821599155213504 0.005283261670097659
0 0.6658266619556892 0.7222674795797854 0.004216949548762159 0.003423170810171712
0 0.6740869219541468 0.7277247084075953 0.004762672431543252 0.0028278367562289473
0 0.6756496738457468 0.71641336138268 0.00431617189108593 0.0038200601794669354
0 0.671908873569087 0.6998762577618354 0.005265411492489705 0.004195205904585322
0 0.6839707357867236 0.6987295741076629 0.0032092795638948247 0.004279039418526622
0 0.7799609128143956 0.67945913551233 0.0036426261813112147 0.004683376518828624
0 0.781619608664814 0.6855084968491504 0.003317391700837078 0.00416300135006992
0 0.7728030333980191 0.6463588941932923 0.004874596887991202 0.004252307923566718
0 0.7769516264941819 0.626445647331711 0.004459737578374785 0.003837448613950514
0 0.7906419837115188 0.6361429836939915 0.0032151596495262422 0.004563452405779032
0 0.7263885301126632 0.7256317627796094 0.004540603998322865 0.005837919426415254
0 0.7249167130844109 0.6535523447533348 0.004167468347233694 0.005078239575437351
0 0.7310839525901597 0.6979939347659093 0.004012635561832525 0.0037293906986442947
0 0.7319572909183232 0.7019829665891427 0.0035877682670502507 0.004437502856614657
0 0.7518673418401511 0.6887464491092143 0.004358552643230524 0.004032679548409419
0 0.8504159874549063 0.6041744576906156 0.004459230558865954 0.004715508177191765
0 0.8344242640713867 0.605148312640253 0.0034341200855635633 0.004202952940540569
0 0.8110021857799768 0.6061571301882904 0.004157346803917648 0.005970657643924255
0 0.6463238677591161 0.8051383134961785 0.004626332765406716 0.0067506692393182275
0 0.752571788257599 0.635044706659547 0.005335282925931182 0.004441413535199104
0 0.7632995877700018 0.6168690773691031 0.004555739344984033 0.003946541641875641
0 0.7830813481332348 0.5954161887686884 0.004524604929080027 0.004855673582427329
0 0.788571569967911 0.5885189251572861 0.004469426820188716 0.0033106865334732306
0 0.8066871122437004 0.611700272402534 0.0041422260028666355 0.004856402899912737
0 0.8074489009338828 0.6171042109235154 0.0044278967616850195 0.004142226002866849
0 0.8005928027222414 0.6195086064769035 0.004618343934230609 0.0031423783470022216
0 0.7687360532427678 0.5702342476652784 0.004090325756970828 0.003467038022575082
0 0.7797258999619595 0.5646685294678302 0.003128659800132283 0.0034647968034523303
0 0.6839209303958655 0.5931036981015446 0.003958165395834783 0.004393926723816435
0 0.7004420837178057 0.591341112886395 0.0038909192428961603 0.0032366938834711336
0 0.8086083645296327 0.532439209173001 0.003430567367980615 0.0032710060950514475
0 0.7941680693295277 0.5305643642160812 0.0032710060950513764 0.003829470550303995
0 0.7960429142864472 0.5212300297497151 0.004467715642021375 0.003829470550303995
0 0.7867484701383134 0.5367872538603254 0.003111444822122138 0.0036699092773747567
0 0.8035024037958938 0.5449248787797216 0.0029518835491927574 0.0035103480044453763
0 0.8268382399618094 0.5481559945565406 0.0035103480044453763 0.003111444822122067
0 0.7943134378477634 0.5101393763279383 0.0036660723167359775 0.0044807550537883855
0 0.5953950661089559 0.55397639480967 0.004395213366397925 0.0031772626745043197
0 0.5903114458297486 0.5479395957281114 0.0037597608314969477 0.0038127152094053684
0 0.5826438932353518 0.5388087755606348 0.004158062269526539 0.0049302738338671045
0 0.5723675393406649 0.5483723187805458 0.004276864048655753 0.005167877392125746
0 0.6377503853459081 0.5079212329265814 0.0031661842435703846 0.003866077602675588
0 0.7356812601381193 0.5188486675983696 0.0029355722581010466 0.0038342168269076635
0 0.735231937853716 0.5040509870320232 0.0038342168269075217 0.003474758999384875
0 0.7777717182810897 0.48298664726267054 0.002882723531108695 0.004606090859488745
0 0.8421394467378315 0.49644336140461887 0.003714766277675068 0.004237972795657541
0 0.838816507063772 0.482499343163546 0.0033326538392739733 0.003957526434137861
0 0.8369474105318363 0.4694528944635622 0.004651829317320022 0.0038186658575014576
0 0.8324665435818234 0.4760980145978302 0.0028349240663948193 0.004110639896272374
0 0.8082224289337151 0.4642066067222849 0.003520757974901727 0.004997204867602605
0 0.8035091561608625 0.46761379185928675 0.0031800394612017157 0.0036343308128019202
0 0.7857715056153418 0.4853726448447844 0.0026410764546569965 0.0019688024480171862
0 0.7857715056153418 0.48748550600851004 0.002448998167045744 0.0020648415918228125
0 0.7836518007888791 0.4630417495893877 0.002872102912727996 0.004866618824344755
0 0.7907123871160021 0.4464074868865044 0.003590128640910137 0.0031912254585867573
0 0.7713655827733201 0.46407889786342843 0.004148593096162756 0.0032710060950513764
0 0.801562553675197 0.443136480791453 0.003749689913839518 0.0035103480044453763
0 0.8062631121119372 0.43145368200092593 0.0035103480044453763 0.003829470550304137
0 0.7891102752720337 0.4204439541688017 0.004308154369092137 0.0030316641856573765
0 0.7794967085780411 0.4347246880959773 0.004547496278486136 0.0036699092773747567
0 0.781850237353749 0.43117444977329955 0.004467715642021375 0.0035901286409100665
0 0.7789781344410207 0.4243133150373381 0.004467715642021375 0.0029518835491927574
0 0.8317599099406849 0.4170288245640342 0.003935190131879835 0.0036892407486373456
0 0.8308498972226878 0.42057049568272603 0.003394101488746344 0.0026070634623704338
0 0.8213213413246251 0.3990807412012572 0.0029050755198785794 0.004866001495796794
0 0.8291811802613721 0.386048223147878 0.0029050755198787217 0.004212359503824104
0 0.8369940479921044 0.3962090759381891 0.003518360381907115 0.002787272510341907
0 0.8082043133843573 0.38881885715485237 0.003731402122821379 0.0035914745432155115
0 0.7811812377397743 0.3810523929342748 0.0036531579362085154 0.0037150758673307393
0 0.8022810432032546 0.36896818529703124 0.0037789156226732245 0.004239758991291964
0 0.7907429778864248 0.3601317815236898 0.0034811082859309297 0.005033494413440493
0 0.7997044796225035 0.3611196636048323 0.005033494413440564 0.0032458982666112492
0 0.8010922187364881 0.36304838576325343 0.0028225202318382225 0.0027754782279718867
0 0.8295957911184252 0.3497329528846207 0.004039900099210456 0.0041476307685226746
0 0.8191750356316845 0.2980416437151501 0.003857759779370866 0.0042760710807484515
0 0.8322265114290005 0.2857092526202328 0.0029678130100536746 0.0026870739415350542
0 0.8244059230916967 0.2856290414577989 0.0035292911470909873 0.002366229291799513
0 0.816603194263185 0.26398124009364476 0.003398287229553176 0.0034901328303518398
0 0.8197489060905415 0.2607666440656891 0.0036279012315500836 0.002939059225559468
0 0.7674788288865743 0.3276255004016063 0.003357272962628315 0.003923559968372743
0 0.7471884042393643 0.3288121320280068 0.002338466158711867 0.0031761256782504434
0 0.7532740570689817 0.3222060314837099 0.0038290935721330753 0.004302352328239465
0 0.7427404594202117 0.30168243435588027 0.003576146149170256 0.0037016249614217856
0 0.7388506162404127 0.3042861197101007 0.003952582585925057 0.003513406743044456
0 0.7327138780468576 0.43986390551227844 0.00446340758439149 0.0038682865731394147
0 0.7284205050371096 0.44213811794813507 0.00386828657313913 0.0047609680900176695
0 0.7097539703373472 0.24899514180401852 0.003959993004814919 0.003059994594629636
0 0.7155139601625325 0.2578751261178457 0.0040799927928395615 0.0035399937467284204
0 0.7353739250806189 0.2612351201825371 0.003719993428765349 0.004019992898827134
0 0.7445677862793951 0.3836821797685957 0.003909251186768757 0.003111444822122067
0 0.724687411326814 0.40504629133112074 0.004547496278486278 0.003989031823233446
0 0.7354577972495443 0.41657459330026525 0.003909251186768898 0.0043879350055567555
0 0.7924721800015178 0.38238173554287613 0.004336858947116298 0.004307752511229453
0 0.7145157814325772 0.4210749834073584 0.004673540242604872 0.005003992582990975
0 0.7000465777634648 0.4510817796271001 0.002566250621715227 0.004032679548409562
0 0.6947257595266848 0.40284696272810744 0.0033603468314751693 0.004673585823086199
0 0.7004009667701186 0.41205272180962327 0.0031497032382542044 0.004285061382275899
0 0.7275931250779535 0.2923352103528505 0.0038249999595350915 0.004470180675601334
0 0.5928402258113984 0.5405755120592345 0.003252595178944162 0.004479989586092898
0 0.7205107526673596 0.5100655415663876 0.0035901286409099954 0.004946399460809445
0 0.7291950172870679 0.49400170098922586 0.003989031823233375 0.004627276914950755
0 0.7523588569818022 0.46955216457111376 0.004199282168136733 0.00447464493326045
0 0.6305415442477329 0.4399838370156182 0.0033116193840037767 0.004757537706597148
0 0.6388905564975453 0.4468402884163023 0.003871329702427104 0.004011257282032829
0 0.8266314390537076 0.7530064402888204 0.0037293906986442947 0.003162900972267977
0 0.7056947722419352 0.5059551367391711 0.0036699092773746144 0.004467715642021446
0 0.6897434925552893 0.48662199211624413 0.004068812459697995 0.0043879350055567555
0 0.7228986024740215 0.4813073333691358 0.003951455679525537 0.0035177593244555536
0 0.7225371888447963 0.48463233875800477 0.0039032671956287855 0.0028431205499023803
0 0.7459407118666347 0.5381165692258623 0.0044564638375669575 0.0048897311551081655
0 0.654369461664693 0.5040798433374702 0.004229452483398291 0.0046746580079665275
0 0.6581807173835645 0.4889469673570643 0.003784246958829982 0.00489726077025054
0 0.6442492407557668 0.49521683087723034 0.004137070810092212 0.0040631945456264165
0 0.6176082033526695 0.48247293620514015 0.003464035886707464 0.003760107330015856
0 0.6178093895561518 0.4512408742623128 0.00379559220637141 0.0041605529954453855
0 0.6120148774214013 0.43118452449213024 0.0042325910834927075 0.003753429828757575
0 0.5894898157714563 0.41810690822948077 0.003724808446297345 0.004081439042219301
0 0.5863197660299266 0.4142037844852224 0.003962562176911959 0.0032493009850678334
0 0.6372488190858308 0.3988065558001315 0.0036039951803347493 0.003680675928852608
0 0.6365203519749121 0.39244205367315727 0.0030672299407103767 0.003987398922923617
0 0.6223727538733851 0.39305549966129943 0.0026838261981216504 0.0039873989229236885
0 0.6164426087920215 0.37688309998953784 0.003473708513939684 0.0044926630113619834
0 0.6213387700400539 0.363975151067492 0.00387660516510671 0.0037567101600002673
0 0.7643810995672079 0.395741195790166 0.003446145835456207 0.004201465470624654
0 0.7677701752998565 0.38221667475366644 0.003918623965222139 0.0032831714303213745
0 0.7522803063895174 0.36498971110395223 0.003214843496155737 0.0037607603162578586
0 0.7325273775042171 0.35791556968336125 0.0028774479273907614 0.004713061260381295
0 0.6876435198732327 0.3243859895194467 0.002677107132410157 0.0042607479713005604
0 0.6882792039456348 0.35788008250940934 0.004715711198035848 0.004098702256236848
0 0.6931103049202167 0.37798913972559317 0.003772063877552938 0.002560850705861526
0 0.6897016049941711 0.37440740934644895 0.0042219430556096425 0.002803093340199894
0 0.6880924217803528 0.37624153214929573 0.0046026100524268546 0.0026646689777207657
0 0.6802150979960925 0.3762522885310171 0.0039416149637276025 0.0030159326616399085
0 0.6789222184408032 0.3807764002896974 0.0031898625524141265 0.004188428220995988
0 0.6736651344079574 0.386367402882768 0.004245813045428406 0.003757356677370254
0 0.662045163754517 0.3864976155841853 0.004104405674808759 0.004000496670383313
0 0.640779933641302 0.37839512800014125 0.0038653278986807036 0.003637955669346553
0 0.6464642393746561 0.3709107921178919 0.0037895371555693204 0.0032211065822338723
0 0.6508932379398873 0.38770060307248655 0.002200777941643821 0.003924720662598204
0 0.6506914999619033 0.3818868813433107 0.003264487280105044 0.0035212447066302133
0 0.6350328972649899 0.3616350492007351 0.004546511883050357 0.0036372095064403
0 0.6228721279778949 0.37313490466069527 0.0034232560060614503 0.003637209506440229
0 0.6326698890833024 0.34998858606767014 0.0034439939163086563 0.0038639931743950483
0 0.6253409020296944 0.34688059155783063 0.002981994732413611 0.003107994509839429
0 0.6477456380900921 0.33738521328177784 0.003533465579085515 0.0037690299510244785
0 0.6555992035435153 0.32693979181418015 0.002496982342553764 0.0033450140815342168
0 0.6397916194193101 0.32388067292856576 0.0035367680640105447 0.004471775713116699
0 0.6736113253522078 0.32019326643030366 0.00283244863188159 0.0035877682670500733
0 0.6678284093954485 0.31625144208426853 0.0036349757442481253 0.003162900972267574
0 0.6697203816480247 0.27179447818377755 0.0034791949602160344 0.004158062269526539
0 0.6653077441375068 0.2755706775918169 0.0033094781328884436 0.004921787992500768
0 0.6544458671885396 0.294791108286669 0.002800327650905672 0.004158062269526468
0 0.6578679369667505 0.236610255189834 0.0038300830870645086 0.004731279107550215
0 0.651875082220592 0.23183679492922607 0.0029695334313697684 0.0042963462411306705
0 0.6783308160207057 0.29766317924992763 0.0029457465771568535 0.004111771263948291
0 0.5621509672187319 0.29880702366552847 0.004101546566026499 0.004287980500845805
0 0.5504056293251108 0.28230762043401314 0.003728678696387746 0.004101546566026357
0 0.5520835347384854 0.3186622377237927 0.0029829429571100975 0.004474414435665217
0 0.5476091203028202 0.30011206120926415 0.003728678696387604 0.0035422447615682273
0 0.5441443588047389 0.2738399687809604 0.0036654817736435775 0.0027114522709145205
0 0.5408384357059204 0.2755400778090334 0.002798551592115999 0.003864666484350572
0 0.5360378948054713 0.27352507366752193 0.004050401543590923 0.003252595178944162
0 0.5196214946098568 0.27852670587665307 0.0038662923825185658 0.0031912254585867218
0 0.5202965615337887 0.27196014579840727 0.0031298557382292815 0.003313964899301638
0 0.5082587282886767 0.26871330186220116 0.0034420345640464945 0.004199282168136733
0 0.5216059178356113 0.2558808494912191 0.003855078711732034 0.004130441476855786
0 0.5352019543635952 0.247585546191867 0.0029601497250800433 0.003923919403013052
0 0.5272164341750071 0.2661725328377182 0.003235512490203689 0.004336963550698592
0 0.4945340470727386 0.26261573230213947 0.003385850705185902 0.0037422560425738284
0 0.5037195435083539 0.2423259289790483 0.0030888462573626183 0.00421746315909111
0 0.5008683008092499 0.23020814750785681 0.002613639140845194 0.0038610578217031844
0 0.7553704648247839 0.22889821747655648 0.004547496278486136 0.0036699092773747567
0 0.8036965119022568 0.2726393786941035 0.0030347959890171692 0.0021519462467575324
0 0.8026481278333236 0.2750396264308715 0.003807289513494112 0.003421042751255605
0 0.7795560892623484 0.28715122133249416 0.003531398969038122 0.0033658646423643645
0 0.786835967905187 0.28734762311698775 0.00285751252128847 0.003662445625876849
0 0.5896149251377263 0.361533870045464 0.0027645553538359026 0.003032092968723177
0 0.5901054107650198 0.36519021744892444 0.003567168198497868 0.004458960248122494
0 0.5992016896711888 0.36688462234321056 0.0030320929687222636 0.004102243428271978
0 0.5957170891491567 0.3535063684711463 0.00231865932902366 0.0042806018381975975
0 0.6037878071982583 0.35533454217287647 0.0029429137637607995 0.004369781043159975
0 0.5976790316583306 0.35319424125377774 0.0019619425091740085 0.004191422633235078
0 0.6013353790617909 0.33509086264640053 0.003210451378648145 0.0031212721736856965
0 0.5991950781426922 0.34066456295655356 0.0024970177389486282 0.0037455266084229066
0 0.6088264322786366 0.3315236944479027 0.0037455266084228354 0.003656347403460387
0 0.5880755672094856 0.3863511742277137 0.0032990817968642718 0.004783668605453357
0 0.5718032508825692 0.3762804075020415 0.002504141958153525 0.002979065432975716
0 0.5759131976436364 0.38804419661848344 0.0035090575888426655 0.005668477643515218
0 0.5465036323544938 0.3720047138736413 0.003482299641070199 0.004888612957656306
0 0.5580619448427389 0.3148107707075438 0.0034226137709833892 0.00466720059679556
0 0.5291997562619941 0.34607944158193843 0.004377127211704277 0.0049369923201781065
0 0.5262034324669764 0.32864635290653266 0.004349630925253081 0.004916974089416612
0 0.5209059293404102 0.2951412161356025 0.0034647196850918507 0.0042767633612854185
0 0.600369565904964 0.2714456679166249 0.003545746701047179 0.004029257614826314
0 0.5930766096221284 0.27946389057012927 0.0033039912441577 0.0034651615487506504
0 0.5842895661545008 0.2377122774010466 0.003956695035997271 0.0038497573323216018
0 0.5837548776361229 0.24391466421423144 0.0033150688139436113 0.004063632739672869
0 0.5931653955595756 0.2560520935814121 0.0039566950359971285 0.004598321258050824
0 0.5534723936362086 0.2743550003076923 0.0035584354025109378 0.003687053549589656
0 0.5279685977557845 0.24944885978387318 0.0035144091854451176 0.0033664340618472367
0 0.4996911737473869 0.25631345193152805 0.003491179190588696 0.0037239244699611264
0 0.5789381675606693 0.2932540090749488 0.0036997792253882977 0.0043526814416334145
0 0.587235466558783 0.2945326092484286 0.0033189195992456176 0.00418945588757218
0 0.5861200919393644 0.300055073827501 0.002393974792898419 0.003264511081224981
0 0.5833724617793333 0.301496899555042 0.002992468491122864 0.004407089959653803
0 0.5171983440690627 0.3710889394704655 0.0036699092773746144 0.003989031823233446
0 0.5232217821221452 0.3818194350749635 0.0029518835491926863 0.003590128640910137
0 0.510057977105475 0.38357460907718616 0.0026327610033339967 0.004547496278486065
0 0.5081033515120906 0.37926645470809406 0.0028721029127280672 0.0032710060950513053
0 0.5148049249751228 0.3919914662242087 0.0031912254585867573 0.003191225458586686
0 0.5353883291830069 0.39933128477895813 0.003510348004445305 0.002552980366869377
0 0.566981407036897 0.40858782605968946 0.003373193872765583 0.003855078711732034
0 0.5555967711009449 0.4028328494526863 0.0033252356614384836 0.002577057637614857
0 0.5456472827945885 0.406183693030717 0.004177644980372009 0.004242920683190334
0 0.538466955484574 0.40275671863275564 0.0019582710845492813 0.004308196386008589
0 0.5324289529738802 0.4111446464449088 0.0028068552211875184 0.0030679580324606804
0 0.8207198186750656 0.5710799623575437 0.0035263041317382714 0.004667167233183136
0 0.8424480750162181 0.5547448770414029 0.0030077299947181757 0.00560060067981972
0 0.4441640450287532 0.225999458856961 0.0034908599502607275 0.0040539018777221965
0 0.4408420976567308 0.22892727687976033 0.0029278180227994 0.0027026012518148335
0 0.43374776937071685 0.22830793075955277 0.003378251564768533 0.004391727034199064
0 0.42259953920698073 0.21980599765488534 0.003603468335753064 0.0036034683357530992
0 0.42665344108470293 0.2245355498455613 0.0033782515647684617 0.0038286851067377017
0 0.4664605053562254 0.22943401461447566 0.0037160767212454007 0.006193461202075632
0 0.4398286221873002 0.23849898964660454 0.0042791186487067985 0.003378251564768533
0 0.4559879255054431 0.24339745441551877 0.0032656431792763133 0.0039412934922299645
0 0.43399271768726394 0.2647986184851067 0.0042791186487067985 0.0039412934922299315
0 0.3936926238702773 0.2317521986445673 0.0027466927246764072 0.0034333659058454202
0 0.3884662779913793 0.2410985836104799 0.0041963361071444185 0.0036622569662351978
0 0.41196576019138803 0.23308739649684054 0.0031281778253258352 0.0038148510064949194
0 0.4102490772384654 0.2434256427244418 0.0035096629259754055 0.0034333659058454202
0 0.419272850754485 0.27079512239963455 0.0030132066409683488 0.0037576459287370057
0 0.41602922242920726 0.27299299077304673 0.0035449489893746035 0.0033322520500121654
0 0.40088367111454604 0.2707217754928358 0.0033870242782030146 0.004139696340025871
0 0.4011977299535282 0.2779476798300312 0.0034340662820668655 0.002022806166149067
0 0.39604663053042777 0.2772655707740042 0.003198856262747256 0.0030106882472915684
0 0.3834327186714212 0.2776768804473252 0.00373440457739882 0.0032067169740707157
0 0.39274164661546235 0.28925398933200197 0.0034502650986836868 0.0033284910363772726
0 0.2248192886447885 0.34408764194139707 0.003941163441354618 0.0030077299947181045
0 0.22414514226666202 0.368045767071737 0.0032151596495261715 0.004459737578374998
0 0.2664089344338201 0.34756208865943333 0.0024891558576976536 0.0037337337865464802
0 0.4286527207494841 0.31349910318129093 0.0029222170992721174 0.0038354099427947127
0 0.3757788551095287 0.3273796344028336 0.0027395785305677125 0.0034701328053857593
0 0.3778791986496305 0.33167164076738964 0.0029222170992721885 0.003287494236681141
0 0.43148361856440415 0.3323108757578554 0.0023743013931586177 0.002009024255749594
0 0.43191670911171015 0.33389884611700105 0.0038860002552313943 0.003443291365394856
0 0.46996205896855875 0.3306980637833085 0.003514845536370643 0.0029409932039019537
0 0.453069280931512 0.32976555374304684 0.0031561878285777567 0.003658308619487869
0 0.47139668979973043 0.34016662726904173 0.002940993203902025 0.0030844562870191083
0 0.4566199922386619 0.3334955939040933 0.0038017717026050234 0.0033713824532534886
0 0.5027057990408242 0.3495912068425396 0.004023196520025749 0.0037818047288240564
0 0.4858486056219168 0.3561892491353818 0.0037818047288241978 0.003138093285619945
0 0.4930098954275624 0.333659348623238 0.002977165424819077 0.003942732589625209
0 0.5138914026294403 0.35603916363051136 0.004359527803500214 0.0031590781184785044
0 0.5519268538762978 0.3591250363929666 0.0034726030916323227 0.004485445660025036
0 0.4413662918386555 0.3502677734766165 0.0033135799267069643 0.0035620984212100383
0 0.43892252664270914 0.35358135340332353 0.0032307404285394623 0.004390493402886833
0 0.4504397712867403 0.3584050888224516 0.0032307404285397473 0.0030650614322041375
0 0.45168236375925547 0.362422804483584 0.004224814406550925 0.003147900930371677
0 0.44248717946264304 0.3661505819011293 0.0032307404285393205 0.003810616915713041
0 0.42935711900306633 0.3615529897528232 0.003644937919377753 0.0032307404285393916
0 0.44849304307979965 0.37248780351095656 0.00414197490838383 0.003727777417545468
0 0.43246360018435426 0.3747658897105676 0.0032307404285393916 0.003644937919377753
0 0.4340154382378064 0.3990272412130439 0.003235902615006907 0.003370731890632257
0 0.46731826931725295 0.4042855829624301 0.004314536820009351 0.004449366095634559
0 0.47264402570445185 0.3967351435274139 0.003101073339381699 0.003640390441882815
0 0.46354304959974485 0.40003846078023353 0.004044878268758723 0.0037752197175080935
0 0.46462168380474717 0.4139258761696383 0.0037752197175080935 0.004044878268758652
0 0.4492009459522117 0.4211581379283086 0.0035594437807313284 0.004786838187880136
0 0.4506431343806115 0.4166474634820369 0.003743552941803685 0.004357250145378089
0 0.4398727484578812 0.4078715934709234 0.0035594437807313995 0.003129855738229352
0 0.44487438066701235 0.42438004824707404 0.003743552941803614 0.00288437685679952
0 0.43677357757983065 0.42174115027170417 0.0026388979753697583 0.0044799895860929695
0 0.5406325345834804 0.4201824536907348 0.0035170761803676952 0.004348385095727281
0 0.5277152729755845 0.4199266663321626 0.0024939267460789695 0.003964704057868929
0 0.5249016120312904 0.42363558303145943 0.00377286353893993 0.0029415546235802025
0 0.5282648422912206 0.4324085296662915 0.0028136609442941563 0.004092597737155117
0 0.5724064723221227 0.42705637887539255 0.002309755638186459 0.003012724745460602
0 0.4844533026441979 0.4283332617060708 0.003162237196596891 0.0036221989706474032
0 0.4866381210709376 0.4337378125511638 0.0030472467530842807 0.0035072085271347932
0 0.4739785136901915 0.4051019800015798 0.003689086687599499 0.004359829721708479
0 0.5247433661490853 0.47278497685185017 0.0032324576940786897 0.004018731187232945
0 0.5358822406354374 0.46221396655499847 0.0033198214155402183 0.00314509397261709
0 0.5295483708294726 0.4432560389978346 0.002883002808232291 0.004193458630156073
0 0.5568646451622208 0.5477562048309242 0.003429969421632535 0.004409960684956289
0 0.5622545971105005 0.5361433083605395 0.004605958937620898 0.003527968547965088
0 0.5627935923053285 0.5255104031534783 0.0031359720426355864 0.004801957190285648
0 0.5668269467063767 0.5092524599861146 0.0027439755373060847 0.004605958937620898
0 0.580203827450744 0.5124374315919162 0.005193953695615079 0.0043119615586238065
0 0.5579580257732981 0.5052344958064877 0.0024499781583090653 0.0038219659269620367
0 0.5140793722175957 0.5486827054399545 0.0033812040068440298 0.0036412966227550216
0 0.5233126600824388 0.5486827054399543 0.0036412966227550216 0.003901389238665942
0 0.5212319191551502 0.5528441872945317 0.004161481854577218 0.004161481854577076
0 0.5285795355546375 0.5525190715246425 0.004031435546620858 0.0045516207784438096
0 0.535537013030258 0.5562253913013753 0.0020807409272868534 0.005722037550043424
0 0.5273440956290604 0.5624025909292635 0.004681667086399415 0.0035112503147995255
0 0.5191511782278617 0.5209178186914475 0.0033812040068438164 0.005071806010265903
0 0.5046510148908194 0.5457566635109549 0.0029910650829772577 0.006112176473910296
0 0.5182246887230966 0.6465395305317534 0.003550912065924834 0.003436366515411038
0 0.5208592363849118 0.6354286121319239 0.003550912065924834 0.003436366515411109
0 0.5312622632825664 0.6023950501515776 0.004352730919520837 0.003207275414383801
0 0.5651279323081346 0.6510611814080849 0.003558184395086457 0.005831468869725143
0 0.5619156825070148 0.6543722696646239 0.002668638296314896 0.004348892038439232
0 0.5830974677448111 0.6178391848246146 0.0034593459396675998 0.005139599681791793
0 0.589775676784107 0.6937527225149861 0.003936240034231559 0.004123680035861668
0 0.5343574913488942 0.5011792010559666 0.003112102057808741 0.0028974743296841157
0 0.5333380096403016 0.5056863833465863 0.0038632991062453924 0.003326729785933509
0 0.5266160750169139 0.5059290458493622 0.0025279367643218364 0.003824314592179121
0 0.5064065830821234 0.5314925123419725 0.004068812459698066 0.003430567367980757
0 0.5020585383947986 0.5291788738844972 0.003350786731515765 0.0040688124596981986
0 0.4709747699511274 0.4847816655882977 0.0036387222534206387 0.0035403784087335312
0 0.47466266412689156 0.48483083751064127 0.0029503153406113826 0.0028519714959242748
0 0.4995436568327136 0.46688308585525573 0.0031470030299854557 0.003933753787481748
0 0.5175387543331024 0.4775536844936751 0.004340834237417823 0.003244202430070189
0 0.5037340909099355 0.4279517816350193 0.0028737118000184123 0.004253093464027202
0 0.49971089438990957 0.42369868817099215 0.0037932995760241624 0.003563402632022728
0 0.4848825415018152 0.4197904401229672 0.0028737118000183417 0.004253093464027131
0 0.5208796343391104 0.4343435085223088 0.0027238036186373903 0.002884027360910224
0 0.5147377242186536 0.4280413746595791 0.003471514415910377 0.0037385539863650052
0 0.5282524208028917 0.4473795911908222 0.0031931837011588016 0.004517186699200409
0 0.4556310740617896 0.5585800035668089 0.0033697764067972713 0.0031655475336579996
0 0.4759007897208574 0.5881931901719962 0.0038803485896451656 0.004390920772493274
0 0.46421222864545414 0.5136356159451462 0.0032676619702275644 0.0040845774627845085
0 0.4439144769808419 0.5249149439882502 0.0034478210704625666 0.005853277631250293
0 0.4087700077999859 0.5393983663924665 0.004326258032148189 0.004092406246626652
0 0.39596953583431826 0.5165201312706631 0.0033908508900620405 0.0045601098176695845
0 0.41374227153395393 0.5061137268149554 0.0026892955334975 0.005261665174234267
0 0.4199237767935459 0.4921783052287772 0.003943654371220902 0.0047738973967411625
0 0.41587634204413493 0.4920053379317939 0.002905850589320735 0.005258205828294607
0 0.43130502493505196 0.4832185992450384 0.004151215127600949 0.0035977197772541557
0 0.4048064350371991 0.49615655305939493 0.0034593459396672693 0.0033209721020807104
0 0.4473210611343057 0.47076921925958615 0.002865582744920516 0.004298374117380703
0 0.42997831556348487 0.4619038226424884 0.003044681666478013 0.0032834802285547225
0 0.428249922198323 0.4691270103204566 0.003830529605177304 0.00443993204236456
0 0.4624457832217735 0.43168809162630384 0.0032880646007118486 0.0040878640981823365
0 0.45635842037991486 0.454349077387967 0.003732397654862183 0.003554664433202035
0 0.4548476879958041 0.4376421545519172 0.004265597319842484 0.003554664433202035
0 0.490584153326139 0.45859558368028 0.003757356677370254 0.0035963271054829703
0 0.49196408400905056 0.4676544858691223 0.0034518936244720775 0.003566956745287868
0 0.5119365110485699 0.4990926860182537 0.004312223683659866 0.003740724159319342
0 0.5069415415073322 0.5586255345498035 0.003743552941803614 0.005032317069309684
0 0.4380084455184765 0.4352047647850139 0.004512968740683476 0.004061671866615129
0 0.43250262365484277 0.4356560616590822 0.003610374992546852 0.0031590781184784333
0 0.43002049084746674 0.4085782492149812 0.004422709365869863 0.003339596868105801
0 0.419550403369081 0.4375966382175761 0.002617521869596473 0.005054524989565649
0 0.4214661506924329 0.44664851626544694 0.0037006343673604645 0.0031590781184785044
0 0.4254375631842345 0.4503491506328075 0.003520115617733097 0.002617521869596402
0 0.4218723178790945 0.4627598146696872 0.002707781244410157 0.004693487490310915
0 0.414021557312224 0.40745459948270396 0.0036172948871168844 0.0038343325803439398
0 0.40067373917876253 0.4022095218963843 0.004991866944221357 0.003906678478086292
0 0.4027092012058639 0.4174813244303502 0.003987862179987758 0.004135560779246532
0 0.3889047720079408 0.43252016471127547 0.0032151596495261715 0.003941163441354689
0 0.38086687288412546 0.44164706952283356 0.0037337337865464802 0.0037337337865464802
0 0.3926643365518042 0.41319987237780986 0.0033188744769301337 0.004770882060587098
0 0.39230133465589007 0.4226379216715801 0.004252307923566789 0.0035263041317384137
0 0.3958794962013304 0.43767657164517004 0.0037337337865464802 0.00269658551250572
0 0.41242201117227933 0.4599752595370448 0.0042523079235668605 0.006222889644244134
0 0.3702887781327007 0.3888360169728995 0.0030946644358429863 0.004397681040408444
0 0.3571364542803682 0.3966541166002922 0.002687471746916259 0.00390904981369637
0 0.3564196475731325 0.45333444469309386 0.0034131751143856802 0.004316662644664149
0 0.3627942540367644 0.43923000047041216 0.003714337624478432 0.004617825154757043
0 0.36299502904349296 0.46422648880811856 0.003915112631207123 0.005220150174942689
0 0.3663580104061964 0.4712536140436184 0.0036139501211141577 0.004417050148028423
0 0.37271429585069654 0.4639814939257553 0.002145146723727791 0.0034008423668856836
0 0.3931371616940023 0.4876501649849313 0.004606751607891511 0.004343508658869126
0 0.36432824144696085 0.5041760581150951 0.004475130133380318 0.003817022760824429
0 0.35583865634098943 0.5173382055662137 0.004080265709846742 0.0035537798118019737
0 0.3868412113955722 0.5668051645014939 0.0034945488584633465 0.004771403249055836
0 0.3788777863640074 0.5779336984836247 0.002550525261925998 0.003130190094181984
0 0.41667193342709313 0.5784553968326551 0.0027823911948284775 0.0037098549264378278
0 0.42077870173456927 0.5879540393571753 0.003593921959986659 0.0035939219599867302
0 0.40651894686107376 0.5960693470087581 0.0033620560270843213 0.004521385691596222
0 0.4039104551159221 0.5786214355578551 0.004405452725144983 0.0032461230606330815
0 0.43552503475201454 0.5712082796963207 0.0041014604816746215 0.005301887939725631
0 0.3247353327100299 0.6992939900250001 0.003276002744691979 0.006105277842380304
0 0.34521034986435484 0.7098665443374153 0.004616185685702376 0.0052118225483735615
0 0.31880098512723354 0.6791915419817343 0.003192076872368929 0.005320128120614668
0 0.2049064178592517 0.6818788924289504 0.003031664185657412 0.002552980366869377
0 0.20821731427253545 0.6833548342035465 0.0027923222762634126 0.002792322276263377
0 0.17725360789881087 0.6441695482208419 0.0030427585546171443 0.0028637727572866823
0 0.2154885441633241 0.5957487178256593 0.003836810378582882 0.003836810378582882
0 0.18829393196859243 0.5947327658652634 0.003030657630850229 0.003879241767488253
0 0.16251520656744803 0.5284907851339105 0.0031739560374037623 0.004066631172923749
0 0.15889491296228436 0.5328053816222562 0.0032731421635726755 0.002975583785066149
0 0.15661363206040022 0.5376655018045305 0.00406663117292357 0.0025788392803909104
0 0.15978758809780416 0.5411370162204413 0.0030747699112348846 0.002975583785066078
0 0.25534875118747985 0.5337397775544097 0.0023963855168172544 0.004536015442546884
0 0.31925866992085433 0.5554622855338642 0.003993770123958172 0.00499221265494775
0 0.3060917090434298 0.5418585060491317 0.004368186073079272 0.004742602022200231
0 0.3337294159832532 0.5165068018125256 0.003993770123958172 0.005117017971321331
0 0.3055858171409856 0.482310145126134 0.004118575440331825 0.003120132909342254
0 0.3337918186414401 0.4721385118416776 0.003619354174837037 0.0037441594912107933
0 0.3195016099166523 0.46377655564464065 0.003494548858463382 0.004243380756705548
0 0.3283003847209976 0.474135396903657 0.003120132909342246 0.003993770123958029
0 0.31001640587225165 0.4723257198162385 0.003494548858463453 0.004118575440331824
0 0.3126997201742861 0.47126487462706207 0.0036193541748370706 0.0032449382257160406
0 0.42104148681057907 0.349892687671346 0.002639940051497476 0.004096458700599328
0 0.40533839512494807 0.3527602087617656 0.002548907635928472 0.0030951021293417116
0 0.41915875748688547 0.335590999994658 0.0033681993760484373 0.0033681993760483666
0 0.45098205754037124 0.3972468373801884 0.003691829629824426 0.005577019228032682
0 0.2777032399961808 0.3179397690483847 0.002086570492152866 0.003375334619659007
0 0.2737476535998158 0.3169750211168425 0.0032768169049722574 0.002457612678729184
0 0.29675834709863724 0.31062929084446994 0.0026186486225018867 0.0034756608989570735
0 0.20579852690700634 0.27633705832386246 0.0036449023710789772 0.005467353556618413
0 0.2275926165685531 0.46017630475983595 0.0037813464928609618 0.002800997402119165
0 0.22015839580657162 0.4469691604431768 0.003921396362967118 0.0033611968825431383
0 0.21254441681739983 0.41846433539358313 0.0036774619901324356 0.003371006824288045
0 0.1943707171554886 0.39531752136605564 0.00373609361484089 0.0033901590208741793
0 0.2592726260467979 0.5718688928930332 0.0021046865962515643 0.003922370474831085
0 0.3295685072453257 0.583018012243489 0.004540201941100434 0.003962358057687609
0 0.3154113321017127 0.5906950809802588 0.0042925545624949634 0.004127456310091233
0 0.3486653821811616 0.6097913492886232 0.00438335698345675 0.0036162695113518594
0 0.3725494825998912 0.6010775357171423 0.004727859701362078 0.004727859701362008
0 0.34934437529014484 0.5871351739447582 0.004245425037957773 0.0034735295765109695
0 0.36613310157661416 0.6074939167404194 0.0032805557111492334 0.004245425037957631
0 0.19739396194543019 0.5244491560520208 0.003910048993133408 0.003775219717508023
0 0.21260178154191692 0.4979298881060983 0.0030684860178718408 0.0033045234038619497
0 0.1968489600943876 0.4924951785399266 0.00296544516287085 0.0028595364070541506
0 0.20545404650450386 0.4853728147112455 0.0032302170524128827 0.0038656695873139314
0 0.1475498189870769 0.48600800884299183 0.003565057615461704 0.0030629368245514853
0 0.229911790630526 0.35461970478384375 0.003664530617434991 0.004675435615348107
0 0.19702027257135502 0.34558434251518877 0.0031752108097828115 0.004013945740668774
0 0.1897412057640592 0.2901240205881912 0.0038891051284123536 0.0032773357823700166
0 0.24964352740668608 0.6358050342249935 0.0040652215877314294 0.0046906402935361765
0 0.21250975557962662 0.6124396814445159 0.0024384998011766257 0.003570660423151608
0 0.23380602616427698 0.5895751519476671 0.002818017508027708 0.002329561139969627
0 0.23072499368883329 0.5931634275745558 0.001991399039006261 0.002592576107385511
0 0.3101175859821928 0.4032149600281577 0.003248715023364461 0.004653564763197835
0 0.31960331581207563 0.38062647638608466 0.003336518132104054 0.0038633367845415734
0 0.3421139400658534 0.38041980822223836 0.004839897043989794 0.003943619813621311
0 0.32718126999945446 0.41096234436646156 0.0022520677953097846 0.00267433050693036
0 0.31629256420140034 0.43124697241822235 0.0030172635270486834 0.003674872244482401
0 0.2904496967222984 0.27008517233659196 0.0029389217085005726 0.003694644433543495
0 0.2831863616427185 0.28826450233345957 0.0038625828168864372 0.004786243925272338
0 0.28150697780928957 0.2626119142778335 0.003526706050200659 0.0028549525168291012
0 0.4798838767168979 0.677808482729892 0.0033878431718701307 0.0051876348569263086
0 0.6169703656210163 0.7589228314189432 0.0046315782427178934 0.006412954489917126
0 0.4033342096113746 0.6305729895642108 0.004244469914709228 0.005543797439620235
0 0.4316595496544339 0.626718317906975 0.004590957254685435 0.0038979825747328077
