0.0 0.8703857064242324 0.8148980954491563 0.013347137428998224 0.009509835418161217
0.0 0.9148483579845816 0.8038032874613016 0.01017719228961127 0.011011388378923482
0.0 0.9992463738672097 0.6854441321625068 0.001507252265580661 0.01119350396625638
0.0 0.9980987365260898 0.25243419793897803 0.0038025269478204394 0.008981936707799764
0.0 0.8671582063909244 0.17064404959085003 0.009754455610632817 0.00899238876605164
0.0 0.37711443019449503 0.90001386379816 0.013888487926647031 0.012289813057392962
0.0 0.595346959010913 0.6819063681733297 0.012846619775410772 0.012487273767706775
0.0 0.3717592978522319 0.7217455967307973 0.01661698869835604 0.015034418346131062
0.0 0.2302820708979091 0.6469935767303274 0.010762628021389987 0.011510032745097477
0.0 0.4417443749870905 0.5225711161568569 0.011195500223551846 0.012042218727853715
0.0 0.40930224234301915 0.45462017995104204 0.010226919784739153 0.011137535929955788
0.0 0.6346178386133392 0.415679892650423 0.010561794761131438 0.013018026100929525
0.0 0.5488133877983611 0.44332318274819177 0.009937206552699963 0.012732045895647737
0.0 0.5114101666663746 0.37301834817001067 0.009457249070632657 0.01052788104089215
0.0 0.3725580293267409 0.3202348831514264 0.011122676579925894 0.007434944237918195
0.0 0.4557624742431347 0.24286567591835145 0.011974843384905398 0.007377358871058082
0.0 0.5138342671985093 0.22887717998947035 0.0072487679140337494 0.011070845541433982
0.0 0.5290612638675775 0.18221369259971967 0.011383696515530062 0.011235856301042357
0.0 0.18526199309274496 0.2281050845985578 0.007462557995464181 0.006873408680032967
0.0 0.133255086689962 0.24073425889052094 0.00930353855659689 0.0052902474145357205
0.0 0.13517052109867328 0.29619064558082664 0.008391426933400937 0.010033227855153991
0.0 0.040344403208348464 0.4547329388019247 0.013974040362121798 0.011082859597545004
0.0 0.01258829997878017 0.21882807479140642 0.015513042080826978 0.010972639520585048
