0 0.2773224630861022 0.8780947069608648 0.0040126355618324535 0.006231386990139924
0 0.13875248995685066 0.8292600152794886 0.004855673582427329 0.004138358166841556
0 0.3507929375319621 0.8416106932624632 0.0042367940172269416 0.005556451170133841
0 0.9102886616100919 0.7585320600344437 0.003965428084634368 0.0056648972637634645
0 0.8976966985235724 0.7466086322768902 0.004566785550821066 0.005786324874051729
0 0.9069099959012108 0.7190512235807396 0.005164119211129048 0.00435300101042813
0 0.8290665172503131 0.6956182475855202 0.004888878289861952 0.004519131192307605
0 0.818674407239902 0.6659357674516103 0.005324684417358147 0.003941649503758258
0 0.6980034397260314 0.631247225104925 0.005148712006276384 0.004062929202231729
0 0.6705081758744487 0.5884834781578763 0.0041359940054663015 0.005288648072563546
0 0.049653579155264825 0.6420722097456458 0.005098407537387084 0.0040598430390303974
0 0.3846033936888949 0.6810376348582936 0.003778042980848255 0.005902613038877859
0 0.2097875768181957 0.5800113797261399 0.005420903280229297 0.004037638305274172
0 0.8561073698253517 0.446107416659511 0.004820607911552912 0.003640050871988905
0 0.8899797037962861 0.4384952332972549 0.003615304953847556 0.0048067122681835885
0 0.8853024447925313 0.4120558316062568 0.0045375347063993845 0.0035449489893745324
0 0.2728021494654435 0.5138185338952327 0.00505414382656923 0.003506027699512018
0 0.5658560643822562 0.5522689015950158 0.00223589951494219 0.003086171161469338
0 0.5197157059294457 0.48559229115510766 0.004387168560987789 0.004356053890342508
0 0.7667834796728482 0.42143019850502983 0.004972148485946093 0.003966545421372842
0 0.606935394626978 0.3973704486421329 0.003902785310789767 0.004122042912519532
0 0.6964946041847913 0.3493018853155545 0.0051745699580676785 0.0033612591180610706
0 0.7914887094078489 0.3501890546156426 0.00506421284196378 0.0035059935059749137
0 0.812072021778053 0.3370254632894492 0.004081663611742812 0.004994035477897185
0 0.7719955332575726 0.25465565482786134 0.004170980446561998 0.002971823568175331
0 0.7858901118701818 0.25118852733165675 0.0031803725905034243 0.0034410588684135844
0 0.8158759670337136 0.23360516269649473 0.0038066699681725425 0.0037572326958587253
0 0.8141832212824631 0.21420129130078336 0.004308475230914155 0.0034979699894551073
0 0.14405499644201783 0.48801926059726114 0.005055873528643584 0.003759495700786246
0 0.14211893725680802 0.4610608052867171 0.004732587561063433 0.003054670153049983
0 0.1431827993708892 0.43779459436723883 0.003233492469560151 0.0042952362655351095
0 0.2265892644096408 0.4571643402734163 0.005240419075377645 0.00390528045744702
0 0.2634408534857385 0.4568509992026908 0.0046588374707492615 0.004033023482141189
0 0.35254502716729746 0.4622374342139377 0.003938727852361339 0.00459518249442155
0 0.46572172368224346 0.4443053343749041 0.005315985130111543 0.003197026022304854
0 0.913851206608795 0.506010598283957 0.004909577628594945 0.006750669239318085
0 0.8135637220760379 0.07888568685593064 0.004504023494463496 0.0028068552211874386
0 0.7709869394971639 0.05332626549714063 0.00304826737832272 0.0028101214893911397
0 0.578831667880801 0.3229888442558092 0.0043278643554815945 0.003669276301386546
0 0.6178482594357797 0.281254332436925 0.004340152477077197 0.003840566580435265
0 0.6860459246909103 0.21309574005416554 0.004014568679815795 0.003902273052408347
0 0.6161747805788225 0.22554549897837417 0.005192808968236164 0.004698255733165944
0 0.4667539134536446 0.366232590314997 0.004104531645739087 0.0040556681737660225
0 0.49485488954362994 0.2898997568775626 0.003776912248772817 0.004567428765957722
0 0.5719631471555966 0.20218549272822733 0.003363321256684344 0.003596885232842979
0 0.6380451171834658 0.1633034737990178 0.0034985938198600053 0.0037631933524543016
0 0.6279069507321935 0.14206880623470064 0.003195912432731092 0.003480479978111184
0 0.6983180745666685 0.1298999664532572 0.003300560862853672 0.004068133156540465
0 0.6715041836869878 0.13853849460880993 0.003105377047718747 0.003978764342389915
0 0.6598156770832421 0.11656823380312833 0.0029553903345725984 0.0032899628252788028
0 0.6164243841646065 0.10007340098482075 0.003475836431226753 0.0023234200743494425
0 0.6424257732009796 0.07589552372448483 0.003742138557782937 0.0023054246472056406
0 0.6605732084995342 0.07152411874670948 0.0022652399731356355 0.003459639231698111
0 0.665331644958618 0.056941778937412396 0.003557405161103162 0.003511205094075738
0 0.11324306935273945 0.3996746346314917 0.004275961748933863 0.002621443886281085
0 0.12525980219979738 0.41323180776089397 0.003655186218649966 0.004449791918356425
0 0.1353581004438136 0.4052505402644935 0.0035130111524163433 0.0035130111524163967
0 0.19249039444820654 0.423945462974841 0.0038747959395018937 0.00395552085490813
0 0.2639760203116944 0.4154171859285333 0.004328911487379905 0.0033179680861355363
0 0.24735064386583333 0.39570815375336726 0.0033427775512027934 0.004547160639503858
0 0.3561793927099513 0.38785046019695 0.00392154533313132 0.004705854399757499
0 0.3436375076805849 0.37409259838152664 0.0035080347656581525 0.00382889160398058
0 0.12120261696561681 0.3663896822471916 0.004357613279818029 0.003016809193720178
0 0.10698220439013852 0.33644090308519753 0.004477913213336233 0.003655439357825472
0 0.1397764175323619 0.35057113559070574 0.004465986196194169 0.0035994515611117352
0 0.1503406253750063 0.36677336256611004 0.0038453698145468882 0.003257882759546646
0 0.15423940310364415 0.36519782910042764 0.0039521856427287535 0.004165817299092538
0 0.5578943728414828 0.07128283893704931 0.002332049373582592 0.0021479402125102976
0 0.5416422145906131 0.07522945590328779 0.002907355798936635 0.0016532023170424193
0 0.5422407878433354 0.09255957674400833 0.0026223209166878546 0.003135383704735624
0 0.2677116773499633 0.36101854424338997 0.003375334619659007 0.004111771263948256
0 0.21367507994480828 0.3386481607781962 0.003609746365852688 0.003929597309662414
0 0.23150197736885583 0.34766022026612875 0.004757537706597112 0.0038713297024270733
0 0.24956586474723683 0.34127566382482316 0.005041888677091606 0.0031843507434262362
0 0.26079472133692305 0.33899218889251614 0.005914147714211104 0.005733563051181747
0 0.09582181244183968 0.26316813405330863 0.0023603738599014255 0.0029740710634758114
0 0.098465300072811 0.25603126743427806 0.00337349746021415 0.001826415822408869
0 0.10972738859957337 0.24421769599357668 0.004163740096931399 0.0026496527889563384
0 0.14124076300875654 0.27604323238628625 0.0027329169260292474 0.0031995124987659906
0 0.15185870333850798 0.27882136865526486 0.004183039807461988 0.0031904540904371
0 0.16928045303497186 0.27537183718018093 0.003102544540643564 0.00393280293884402
0 0.24308551900854958 0.302113214360163 0.003425969558282205 0.003891224683481056
0 0.26380208432051205 0.31670345412954093 0.0034891855658738535 0.0038501357968263508
0 0.30490161377302627 0.31468538052739903 0.00384089577208222 0.003574695075007206
0 0.3464839863989997 0.3360330201107786 0.0037602678696654836 0.0026214438862811563
0 0.36747231786931145 0.32227624104973557 0.003810032457567161 0.0039730284985325425
0 0.3680450604999612 0.3146332953260989 0.003504414880756883 0.0034025423551535994
0 0.39022314667244323 0.2955741227312842 0.0035837026378173677 0.003340364804385274
0 0.4537283552561827 0.272009444155983 0.0034533875105378087 0.0038686682871213306
0 0.46413375425507297 0.26729356050887637 0.003579580728173042 0.0031137448799860934
0 0.42728745969827947 0.2401426778843154 0.0032783955366694783 0.003986230936632289
0 0.42240865568626146 0.23394334311441095 0.0033507001181668178 0.0035942790654756884
0 0.4206723236181575 0.2129130936329527 0.0035299500503084857 0.0041225694018201505
0 0.42452434940298317 0.21204993066444658 0.0028857985812740595 0.0037876106379222205
0 0.5126076260026089 0.14210404337560148 0.0043668876131630445 0.0034633936242327934
0 0.5039338437433688 0.06838377337231451 0.004847825650258457 0.003428949850182814
0 0.4799849313034494 0.08685557505918058 0.0034990199368673557 0.0035975838787510204
0 0.4569627861073687 0.18371981967880452 0.0034596281011258865 0.004298325822610884
0 0.4679983912346706 0.17681954184912357 0.00269122601527684 0.003527993767925928
0 0.46397548854896414 0.1710770273999774 0.004254292557218875 0.0024734259053597898
0 0.4678897337638987 0.16253706099421145 0.0034627962675037338 0.002803216026074473
0 0.4543719990887533 0.08182010792097735 0.0028377766254605065 0.0032176364887110866
0 0.4522148117830922 0.10663407651199637 0.0026309819653273082 0.00291037828022942
0 0.43532127474587656 0.09122210235913095 0.003076173903462092 0.003632814895517118
0 0.4393508756501815 0.10098639471651223 0.0038964869443852733 0.0025781267000444075
0 0.443661721635681 0.11318581955033316 0.004516664494079239 0.0031696479266151547
0 0.44912596046197106 0.17377009124268242 0.0031219664158584947 0.004082571466891807
0 0.42784746227987414 0.17007903658272036 0.0035908868212766263 0.003649275224874664
0 0.4345848879798714 0.16202781998443413 0.0035033042158796944 0.003036196987095714
0 0.423067775370167 0.1592689679144289 0.004057994050060572 0.0034157216104826913
0 0.4305268939298108 0.1496640755225588 0.0030361969870957494 0.0021895651349247737
0 0.4258996129446697 0.1499414204396493 0.0037076636284726306 0.0032697506014876866
0 0.4289889908077738 0.1367364253729376 0.0037774489019465557 0.002841443864296078
0 0.41024502098211685 0.1312702724198605 0.004199806253572618 0.00311235642005828
0 0.4080465751663708 0.11803347952479161 0.003683641205753503 0.0031111834508053527
0 0.41217232530851006 0.0893967505663171 0.0040896962871392615 0.002952561221934662
0 0.40141176999756994 0.07506281885103938 0.00428385766842446 0.00322887779485729
0 0.3652732256094236 0.2802444489461056 0.00413909499835853 0.0035067332624981874
0 0.3525060026984817 0.279006164985195 0.0037507036938228566 0.0032900909594937742
0 0.3193120699968621 0.2888101346981433 0.0035777892864070184 0.0038228433471197932
0 0.31190391291819375 0.2751005991170178 0.0027651277369827552 0.0039037097463286586
0 0.3418192596878381 0.24220116741753944 0.004302189923627964 0.003550350907848241
0 0.35994806049328815 0.1940360843161648 0.002966375592683619 0.0029424532088716403
0 0.3694060361699884 0.18786739209457337 0.004140199302198013 0.0026067921532358083
0 0.35829496727179255 0.1772163041241533 0.00380402234024217 0.0037709438851095812
0 0.36182868146729247 0.16865050349325691 0.003274767058121526 0.0033409239683865623
0 0.3699163681611601 0.16233968741402546 0.004485259654491216 0.0031992761171895268
0 0.3756786070268277 0.15005886518557926 0.00283135831868222 0.0034351038425188916
0 0.37959241376062947 0.146845351229526 0.0034214821040820455 0.0036552479621248858
0 0.3839064564136025 0.1434876234503648 0.002826441738154699 0.0023376585804287054
0 0.3912078142042115 0.1057696339135541 0.003078984873912428 0.003029323827559427
0 0.38142458807258495 0.10810370309216516 0.003178306966619644 0.002731357549438851
0 0.3689156779820526 0.11510850429709972 0.0033951382571434153 0.0027029256027744
0 0.3871874457621198 0.07345640628224252 0.00284528983404158 0.002554954136690437
0 0.33177361432544955 0.13435892430040908 0.003285139015963594 0.002852366211465327
0 0.3475874681827684 0.06724916746064562 0.0030537185170956605 0.003221045559128344
0 0.32910657308228947 0.07286301823483979 0.0033929833004354036 0.004620232579316319
0 0.32699743464349473 0.06378628991707824 0.00445626682133053 0.0027552187336183386
0 0.30965875378077934 0.10365016714488194 0.0042808375113337505 0.0032257015050190675
0 0.3070445778375618 0.09146521837596097 0.003798489622732717 0.0028940873316058813
0 0.30365110304142867 0.07311761310377585 0.002881040892193312 0.0027323420074349338
0 0.28870298841778774 0.31053764346797075 0.0019972394199166033 0.002106179751912052
0 0.27180921569799393 0.2858662915412349 0.0037081599319636993 0.002762200765646412
0 0.25571383602935555 0.2767302916329984 0.004197827388173892 0.0025832783927223703
0 0.26721887728333554 0.2639161867739186 0.004422709365869792 0.003936211335624158
0 0.22917776049783786 0.26265009093560054 0.0032270814650655665 0.0036222342975226595
0 0.21644515466404524 0.2552209343816096 0.004496273069777885 0.0028413947871512944
0 0.24584823273896383 0.2641332428039832 0.0035410144619677907 0.003425546599077478
0 0.2496613930321848 0.26452233699642275 0.0036861039696490395 0.002846694154778433
0 0.27178379168476213 0.2468629752170633 0.0028792267395633077 0.0032841179998143845
0 0.27331986214370596 0.23347748835208917 0.0030278769494088207 0.0037654367191366236
0 0.25922809543440944 0.22102441374068113 0.003316091762589082 0.003550562897317562
0 0.26471791110849896 0.21698628725305028 0.005292348469586585 0.0032156041334197383
0 0.3069647295944798 0.22506168388725567 0.0038172621032304477 0.0038681589312735552
0 0.3050501388761581 0.19071041467739464 0.00351188113497205 0.0033591906508427982
0 0.3077731191764625 0.19389146643008665 0.0029520160264982563 0.004224436727575061
0 0.17815487690382598 0.2583584801117746 0.0036517940467870246 0.0038119604523478403
0 0.19499059852557316 0.2487149765304691 0.0037512388394032926 0.003119451245398466
0 0.18574899525611255 0.2412384002617103 0.0044052044609665586 0.003475836431226753
0 0.18524987908522625 0.23349729253524984 0.0031751772003470436 0.0027492387954224638
0 0.18774203238881518 0.22890317097380242 0.002904125488122347 0.003601115605271694
0 0.15519870159922733 0.24903591240188683 0.0038303148636657804 0.00399505958898473
0 0.14300759192562446 0.24720312733271343 0.0032537083250494094 0.003706756319676501
0 0.14105124831246182 0.24168417903452835 0.0026359156051033316 0.003542011594357604
0 0.15781274217806898 0.22789164314850638 0.004066216548485286 0.0032689191860371734
0 0.14995936315795524 0.22649637276422221 0.0037472976035060235 0.0043851354934645315
0 0.13477109506035376 0.22088596688725637 0.003980384594545967 0.0040295251450959664
0 0.11918508571489626 0.20026159277145805 0.003774256142139389 0.004053830671186773
0 0.138848494257894 0.1931091444033297 0.0022831919872201034 0.0036344688776156885
0 0.11941806448910239 0.19094244180321268 0.00461297972928147 0.002749149535632398
0 0.10832400090800175 0.1497970738992913 0.003086642739871088 0.00388553850783774
0 0.13445576453524966 0.08251740163732796 0.0037925183337439703 0.003381281405988581
0 0.13105163663327465 0.09636237820509205 0.0031985094380972967 0.00402098329360804
0 0.1485063595668914 0.0872237798105283 0.005300387068846941 0.00310712345415169
0 0.12771624180307686 0.11172161133910696 0.004003390014080957 0.004306677136359802
0 0.1313469086523581 0.13781006181752534 0.004034315017561773 0.0035436550829934534
0 0.1315513802348183 0.15044178771569874 0.0029439596074099226 0.00321654845994793
0 0.16199575821571593 0.21271354774839277 0.0040631945456264165 0.00416873206629198
0 0.16444950557119156 0.2049301555993033 0.0028495130579717556 0.004115963305959198
0 0.17297166036494038 0.20946826898792498 0.004907494710951354 0.004221500826624762
0 0.15065601714214347 0.20006885763222712 0.0026864368087169944 0.003323896390446457
0 0.17325940453638503 0.19808253743785978 0.0038817654340286365 0.0038817654340286365
0 0.17629841826434162 0.19256634445266116 0.004239296460847086 0.0026559447706511817
0 0.16934201705950017 0.18956805800522844 0.0030134757974696314 0.002911324075521513
0 0.1660476240266732 0.19161109244419086 0.003064551658443655 0.004443599904743323
0 0.22796792174417405 0.1974069265493209 0.0028673617942079586 0.0041527308743701495
0 0.25995100100166113 0.19227465124769177 0.0029946035763383705 0.004048260390235256
0 0.2634142034742081 0.18358583591607705 0.0042146272555872956 0.003271881685258613
0 0.21798022641667644 0.18160762072853542 0.005519556959057006 0.0037122683972418712
0 0.14962284818403407 0.16600459973930135 0.003687730567062406 0.0035648062148269945
0 0.16556700308029576 0.1733133188910254 0.003738633130613991 0.0038000953067315164
0 0.1430661419457637 0.14756988632580734 0.002859967055003754 0.002713302077824018
0 0.146599889172053 0.13952699234356558 0.002733696320212893 0.002560128299881921
0 0.1570356663944531 0.14219560065615441 0.0022563842643027066 0.001562112182978801
0 0.17388150998678628 0.1559053999753407 0.003839993216790134 0.003419993958703724
0 0.18234149504252706 0.15353540416185305 0.003359994064691385 0.0035999936407407596
0 0.19020148115814436 0.15824539584182218 0.004079992792839526 0.003899993110802473
0 0.2519630991628853 0.1567072069871952 0.004039720874216748 0.003077882570831836
0 0.2605652269698128 0.14779353308579818 0.0026143296470777246 0.0026143296470777597
0 0.25878084324244227 0.15094732758068566 0.0031122971989021053 0.0028633134229899327
0 0.24639359955892676 0.14221894139984126 0.0035842773023376396 0.004329062196329793
0 0.2869998157047125 0.14146328885373263 0.004666066138848244 0.004539956243203704
0 0.29718477295279333 0.12428534532228916 0.004321668586361796 0.004137767795452785
0 0.28178308171416355 0.12161878385410847 0.003494115027271185 0.0032182638409077313
0 0.2776453139187108 0.12065330470183616 0.004413618981816256 0.0034941150272712208
0 0.2853557255845013 0.09957462907048796 0.003198636730603326 0.003611364050681143
0 0.2909727606548805 0.07264000833370066 0.0028890912405449497 0.0034050003906422165
0 0.2779460546149235 0.0778764862071883 0.003250227645613002 0.0037661367957103307
0 0.2768110544847094 0.08551194162862842 0.003456591305651955 0.00366295496569089
0 0.2817121914106338 0.08615682806625007 0.003972500455749213 0.004230455030797913
0 0.2914094207125622 0.06499036805799738 0.0037253871018406316 0.003988798311061634
0 0.28140701220488584 0.0651935532055576 0.0030392035430926254 0.0037567932685449532
0 0.1911191215339194 0.1547623973993573 0.003210108449465956 0.003446145835456047
0 0.18965603964307967 0.1428970334784324 0.004201465470624548 0.004437502856614693
0 0.18370789751612807 0.13288904831245035 0.003823805653040324 0.003965428084634368
0 0.177485996270902 0.13007097835654866 0.0036926888257969993 0.003353131232620239
0 0.15273391295713967 0.10477767502120347 0.003065614268819328 0.0029534576492283725
0 0.16264579117681102 0.10254853584599301 0.0029534576492283903 0.002916072109364727
0 0.15537430367333105 0.09834266261133226 0.0025422167107283108 0.002355289011409969
0 0.15894462273030963 0.09701547594617274 0.00347685520731952 0.0024674456310009242
0 0.20112574903344096 0.11238939373580356 0.0028131118310630397 0.0025684934109705894
0 0.17452051176401048 0.10265593823624322 0.0027439755373061202 0.0024273629753092506
0 0.18740825232197408 0.09759582223553177 0.0023745942149764688 0.0024801317356420503
0 0.24120425450373129 0.1080443121050259 0.0042188661164574625 0.0031820261386840266
0 0.26319537528132814 0.08488470251497553 0.004274990525322267 0.003040972641724107
0 0.24706313410038316 0.07143805750975145 0.002521300888010433 0.0022246772541269196
0 0.24444295866774485 0.07121558978433867 0.002125802709499165 0.0031639854280916284
0 0.16020844485228847 0.08732737525093129 0.003351494523794116 0.0030625725820877213
0 0.17381666830665943 0.08157782861097412 0.0029470038054051884 0.002080237980286004
0 0.18239764997533917 0.0815489364168035 0.003004788193746428 0.003871554018865595
0 0.17895825069293786 0.0684167157960731 0.002889219417063913 0.004044907183889448
0 0.19710009123338923 0.09269157082841016 0.0036126568544973025 0.00305686349226697
0 0.19710009123338923 0.0882452239305673 0.002593702357075003 0.003427392400420537
0 0.20511277887221024 0.08984312984697958 0.0035200246274589373 0.002640018470594185
0 0.2246403026694882 0.09672079094329103 0.004110685889362031 0.0025691786808512695
0 0.23547761761395988 0.08531371214341041 0.0028421528666769903 0.0028421528666769903
0 0.22926699791194438 0.06715059839668851 0.003486374183123786 0.0037137464124579367
0 0.22110054534169246 0.0674348136833562 0.002917943609788409 0.003751641784013646
