0 0.054462558963959753 0.19275756132801444 0.0058100784758588556 0.002712541639798758
0 0.12743433501156468 0.2117515084603913 0.0043396216492032555 0.0035832956625550237
0 0.13763833330722972 0.19406803554246743 0.005930816253911093 0.002443156133560187
0 0.16020436588308673 0.18449900735269004 0.004484275704176819 0.002524594671345569
0 0.03688381403747361 0.2761660217551419 0.00511755118624845 0.004356817646009894
0 0.05279815004349014 0.3331911430412228 0.004992732864632643 0.004427088898364957
0 0.14268182213671163 0.35971551273869934 0.005096485589314224 0.0021519462467575324
0 0.11923798842586622 0.36319449250429076 0.004841661309848497 0.0036583086194877977
0 0.10248329205099573 0.3736314318010649 0.003949776331718518 0.003012724745460531
0 0.1260743122656605 0.3937702973858531 0.0047142491701156605 0.004232160951956558
0 0.12998072903432883 0.4211711340439431 0.0031411631283941865 0.001414750424624458
0 0.13170836875494543 0.42249746256702764 0.0028270468155543434 0.00247581324309435
0 0.12943102548685986 0.4474324388010338 0.0042405702233321565 0.0028295008492487737
0 0.1269180949841445 0.4459734774256398 0.003298221284813909 0.0018568599323194946
0 0.06433041965089022 0.4447355708040934 0.004083512066912434 0.003094766553865895
0 0.061846247539816206 0.46428959494460825 0.0027104301340161816 0.0013498703561443648
0 0.05924006471864681 0.4629103795807217 0.002501935508322619 0.001525940402597925
0 0.0571029948052879 0.4628223445574948 0.0034401613239436204 0.0017020104490515565
0 0.05944855934434037 0.4644656649910619 0.0016679570055484216 0.001819390480020644
0 0.06142925828842911 0.46305710461943284 0.002501935508322633 0.001467250387113306
0 0.1313099600861753 0.47329229512100146 0.0030941815156630705 0.0013548795037389993
0 0.13368789588062002 0.4744697499278223 0.002578484596385877 0.0013871385395422208
0 0.09950902009936274 0.5053830512543722 0.003004578066974144 0.0011562440640201289
0 0.10112540703412734 0.5048905769308081 0.002738349630659993 0.0008993009386824014
0 0.15286686312425066 0.661328251465032 0.0023183404292059784 0.0020593131787771312
0 0.15531400024396805 0.6615892911637502 0.002369859105410601 0.0022913484665265573
0 0.15535092700064954 0.6431813023531113 0.0022591199082536307 0.0019390622489925135
0 0.15262887268496686 0.6431291770238374 0.0017776681245274162 0.001626310273348537
0 0.07419472496982311 0.650257712313184 0.0030580075200087186 0.002333754805824242
0 0.12435712832414568 0.6431735801556746 0.0025038115380405655 0.0014558334905842684
0 0.12618367936419164 0.644629413646259 0.0022985810841028354 0.0014096165543753614
0 0.12556879401234902 0.6023685956577849 0.002566185184105105 0.0014688110559379908
0 0.12497001746939115 0.6012248493437348 0.0029938827147892866 0.0010594702698569591
0 0.08533563810138749 0.5888771622975297 0.00428923706830032 0.002268439283443655
0 0.10795161537060739 0.582510897211736 0.001429745689433446 0.0019757374404186833
0 0.10980378592282798 0.5818523180649298 0.0031844335810108505 0.0010244564505873654
0 0.11103856629097503 0.5828767745155173 0.0016247110107198105 0.0016830355973937116
0 0.06418093206203157 0.5746610764059863 0.005133191308200989 0.00216137363967988
0 0.057565073956254126 0.5688783989831591 0.004097925834278105 0.002768501066556226
0 0.13268212445548275 0.5663874643982292 0.003416009128507369 0.0019990878359396904
0 0.12949085276964034 0.5666278610367282 0.0026968493119795055 0.0020750025638868407
0 0.056450594288870753 0.5465226064928628 0.002573350742865541 0.0019123715315487288
0 0.07269364128237658 0.5296917987559715 0.004504776066319351 0.0014492206485676462
0 0.17058707329227318 0.5264189013746234 0.0024562776772165053 0.0013030754200129735
0 0.1708232538381595 0.5249695623870582 0.0022673332405075543 0.0012764820440943731
0 0.13591187237378408 0.49306851091973164 0.0034401058373494386 0.0015780838518193719
0 0.18845615514470151 0.5038839702353523 0.003624395883759135 0.0029247057864729697
0 0.18469627682379688 0.4759306797440796 0.0021048719633317958 0.0013825212903687146
0 0.18670370101104847 0.4765122164773299 0.0020658928528997224 0.0020189199795859736
0 0.25319560875727826 0.46097424684641014 0.0029643902594221317 0.0024578595481020925
0 0.20152807402392026 0.4180034537609312 0.0031499141129759066 0.002178705242846419
0 0.17264867211328416 0.4027181702006189 0.0031705950711151233 0.002431749851375642
0 0.1179986576836157 0.26831587165828114 0.004515087017886028 0.003631344399848366
0 0.1220686025907045 0.26016766952713494 0.003676570857421453 0.002505627635895422
0 0.14330889062801538 0.2372627876500192 0.003986039786873263 0.002433354602102753
0 0.156344006339348 0.26756085713787825 0.0037939414838914234 0.002379280055389401
0 0.16704302642123614 0.26398823891065987 0.004652241168275637 0.0020809742608041758
0 0.17866291687473076 0.2427830091063796 0.004311249418194479 0.004117542419624805
0 0.19029626137253466 0.6423975896470409 0.004981977242141547 0.002220462553783875
0 0.22081080544814724 0.6383528056301303 0.004501821955166641 0.0025781708154644176
0 0.23735468170516597 0.6245509555936399 0.003259940036499955 0.001179840881653149
0 0.29720255672173934 0.6339092046419496 0.003975749027033686 0.00290150014442176
0 0.3712125910807141 0.6439724949310677 0.003242465789795972 0.0034274135156090323
0 0.3786736833083145 0.6248510129407866 0.0046982667566431505 0.0025705601367067743
0 0.34387495881559943 0.6052426130987633 0.004216527425874333 0.0027694981163926256
0 0.45520008217613367 0.6423058865284258 0.004978285127878976 0.0026659983249015793
0 0.5317980978830157 0.6458059373771551 0.003733717145074138 0.0028145945907819226
0 0.512633992770349 0.6113921205647455 0.0039681884500133435 0.003117270132766166
0 0.4177751584537724 0.5881429778654867 0.003015629197778864 0.001729797180057062
0 0.4202218010104609 0.5878867116165893 0.0018776559155981687 0.0019219968667301402
0 0.39845023200154017 0.5648494274694043 0.0034202870069236398 0.0014441861275571455
0 0.35741949808828527 0.53954699165344 0.0028377683286603885 0.001171595563554604
0 0.35909062832627425 0.5402925524666113 0.0017657225156109035 0.0014556187304770418
0 0.296592734381071 0.5431717620053277 0.00526492765320409 0.0023119922048987717
0 0.27529419785065434 0.5294405884158359 0.004695020619096404 0.0020925662577830906
0 0.2857601813140569 0.5290275819175893 0.005868775773870567 0.002808444188077033
0 0.31855125815478336 0.5147170753143112 0.0033136231477445934 0.0029274486471879157
0 0.33476181345596495 0.48221424645889566 0.004119478274393344 0.0029295385179125334
0 0.34278395535873085 0.476294137370614 0.0039026636283726645 0.0030516026228255555
0 0.21998969643229735 0.18274544774574986 0.0052116220548052185 0.002151660238316886
0 0.22270998247534105 0.20475003222347052 0.004169297643844132 0.0038143067861071953
0 0.20646709373786493 0.2169264731175818 0.005732784260285655 0.00410771500042312
0 0.2185406848314969 0.22822268936874537 0.004864180584484856 0.0034230958336858917
0 0.21906184703697748 0.24998379859717723 0.004169297643844168 0.00410771500042312
0 0.2307011362927093 0.24480025347759554 0.0034744147032028257 0.003325293095580307
0 0.2332200869525315 0.2432354096679107 0.0026058110274025438 0.001956054762106235
0 0.22105963549131943 0.2813784775289824 0.0036481354383635888 0.00273847666694877
0 0.21098383285202957 0.28846917604161765 0.0043430183790042305 0.0032274903574755205
0 0.20976778770590848 0.3228957398546878 0.003648135438363181 0.0026406739288442533
0 0.21150499505751028 0.32181990973552976 0.0026058110274029458 0.0016626465477894274
0 0.22792160453014623 0.35106292842901715 0.004169297643844097 0.0038143067861071247
0 0.25545634105303355 0.36064759676333774 0.0029532524977228646 0.0026406739288434267
0 0.2733495767745313 0.37766527319366205 0.003995576908684022 0.0032274903574752755
0 0.2776057347859555 0.37800758277703056 0.004169297643844168 0.0023472657145274666
0 0.23104857776302937 0.38402245117050726 0.0038218561735237342 0.0026406739288433556
0 0.24155868224021979 0.3952208646835655 0.004690459849324675 0.004107715000423085
0 0.27760573478595574 0.39482965373114426 0.0027795317625629906 0.0023472657145273954
0 0.27890864029965684 0.3962477934336712 0.0029532524977229357 0.002249462976422194
0 0.2969755967563148 0.39986649474356784 0.0029532524977229357 0.002053857500211507
0 0.29523838940471303 0.39893736873156727 0.002258369557082247 0.001956054762106234
0 0.25059216046854876 0.45996627730928197 0.0026058110274025737 0.0015648438096850016
0 0.5874414099653493 0.6470521392099429 0.004202006493504413 0.0017162779471065904
0 0.5824154806299813 0.6439906704394284 0.0027189453781500104 0.0012524190424834103
0 0.5845164838767336 0.6451271247557558 0.001812630252099936 0.0017626638375688231
0 0.6142279843361298 0.6239972859682696 0.002737127315115586 0.0014289000134121465
0 0.61537260121336 0.622638430073162 0.0026375954127476576 0.00224141178574456
0 0.6560015183967274 0.6435906009323951 0.0033706263169838734 0.0017349697069118973
0 0.6563385810284257 0.6450815905242723 0.003466929926040763 0.0015723162968889425
0 0.6619910086556495 0.6328030916944205 0.004622573234720875 0.00243980115034482
0 0.5463508238305621 0.5654335739258234 0.0059830521115704725 0.00187132679162346
0 0.4714401802400437 0.536929723312775 0.004391589482278632 0.0029256892072573493
0 0.5003722815817531 0.5257739930544444 0.004231487036409049 0.0028089542012985193
0 0.35335295612558626 0.4498189006983623 0.0028789812662628122 0.0015127772005212137
0 0.35191346549245495 0.4486573039193906 0.0030709133506803 0.0014587494433597214
0 0.34091596390631695 0.45476252266236644 0.0019592057674267236 0.0014890633482852423
0 0.31984590703947124 0.42722397393626665 0.0054435679493748165 0.0026649260553791975
0 0.3432276374756013 0.4132893520497481 0.004167805643877927 0.00328499603044321
0 0.3664110563696723 0.40622074451995505 0.005105561913750449 0.0027570502398362607
0 0.33301198852005 0.3902187941748804 0.005664162998969004 0.002024671359688455
0 0.3068993014079258 0.28536168977704024 0.003881147003744161 0.0040686956954996845
0 0.31044586677341607 0.2838547654453737 0.004014979659045678 0.003465925962833154
0 0.2774108221038912 0.23960532816814098 0.00395934205098186 0.003993738190625678
0 0.30042449777522356 0.22024034182522353 0.004124314636439514 0.004643881617006613
0 0.3185714821755573 0.22846001228732518 0.0034644242946091806 0.003993738190625713
0 0.32352065973928473 0.22780986886094426 0.003464424294609145 0.0025076960731835385
0 0.23203672629121253 0.20502329827513377 0.0023914912078894447 0.002300068438121663
0 0.23477697663358582 0.20443425635805387 0.002491136674884835 0.002468366128715935
0 0.25679862483956767 0.2028354282974083 0.0044840460147926465 0.003646449962875842
0 0.2701886837580074 0.19216791304355652 0.003487591344838741 0.003646449962875842
0 0.27077304646125383 0.17440657646404914 0.004557022181724903 0.0023235170587539143
0 0.2972005267319557 0.17700536243278314 0.003994710534347945 0.002951779973393762
0 0.308019534429148 0.17417071658531774 0.003661817989818914 0.002811219022279765
0 0.3065631295468336 0.1789497889231933 0.004244379942744629 0.0018741460148531885
0 0.322125856003564 0.17705221608315447 0.003079256036893199 0.0023895361689377738
0 0.3236654840220108 0.1726479729482496 0.003495371717554434 0.0018272923644818207
0 0.33124282583816717 0.17302922697294926 0.003578594853686638 0.0023895361689377738
0 0.3122707296151103 0.1941998783829046 0.003805990265517103 0.0027087315190287243
0 0.3320864019657982 0.20263235512563085 0.0039023078961903934 0.003563946976068202
0 0.3395030697190046 0.18186407034923277 0.002459490149197805 0.0022576045627959117
0 0.35463932276189125 0.2501599924867176 0.0017595636330370468 0.0015150562554913094
0 0.36283892273446056 0.2923991526782841 0.002962917873056128 0.0023019614963547853
0 0.36541666128401945 0.2923824717978757 0.0017184923663725016 0.0018682586057372319
0 0.40548845936848493 0.31971191983837455 0.0035548522672618076 0.003809002255308336
0 0.40645722133255924 0.30552717242791094 0.0035548522672617365 0.0027760524911569816
0 0.4094387103309078 0.3054303333875218 0.0024081257294353976 0.002453255689859546
0 0.4263529267638468 0.3169218995137063 0.004128215536174977 0.003227968012973186
0 0.4094162030517168 0.22482790122731694 0.004650562091753301 0.0038437579821893665
0 0.3997636266037847 0.19442820565201133 0.004334668588077974 0.0021075902157098626
0 0.40869235919873437 0.17486763408024758 0.004758613461349625 0.002232536344781941
0 0.42431647339683226 0.1778369074188076 0.003648270320367999 0.00209858416409503
0 0.42744922725888734 0.17089371938653575 0.0042034418908588125 0.0024111392523645135
0 0.32866953122917425 0.16968996551238896 0.0033316372753170497 0.0026924979703345643
0 0.45852501830873976 0.1664565309348005 0.0033967120018123607 0.0023306266568832255
0 0.46556183874841467 0.18549397802475723 0.005095068002718648 0.002987982893439991
0 0.4564331752435438 0.18764532570803405 0.005095068002718648 0.0020318283675392125
0 0.4522403588663066 0.20109124872851417 0.0037151537519823563 0.002868463577702407
0 0.4561678071184022 0.21722635635309037 0.004776626252548652 0.003466060156390398
0 0.4753804593786537 0.23109059697865214 0.004988920752661983 0.0032270215249152303
0 0.4805816746314289 0.2583410009668252 0.003927448252095544 0.0037050987878656373
0 0.4545755983675527 0.2623448980440349 0.003502859251869026 0.002987982893440062
0 0.46444729262282 0.26802206554157093 0.004352037252322205 0.0022708669990144158
0 0.4592991509950731 0.3080012766557985 0.004033595502152281 0.0026294249462272034
0 0.47792850105927487 0.325083085461091 0.004030038081822269 0.0021657340215544708
0 0.46867511056100425 0.3407937178203307 0.0049459558276908665 0.0024751245960622724
0 0.4522964144062951 0.3760585901833261 0.004516127047229475 0.0024447371194484192
0 0.47462758294440077 0.40528851966215557 0.003995035464856756 0.002151368665114575
0 0.5209437312504004 0.4466555483813293 0.003778939622353761 0.0029673008504114053
0 0.5076677196823944 0.44329633987142963 0.0022872529293192657 0.0022954591484314335
0 0.5347169717160846 0.4432963398714297 0.004276168520032045 0.0029673008504114053
0 0.8154143039806732 0.6434174501953577 0.004654107872784578 0.0025606580058681063
0 0.807798491097935 0.6437747513124554 0.005077208588492255 0.003275260240063886
0 0.7109935410601174 0.633265091575943 0.005125202184261184 0.002015847495994265
0 0.6658602864623592 0.6088844473487061 0.003840717703833292 0.001989296734139572
0 0.626296085191457 0.5908953419949132 0.005412682674897411 0.00268450585465267
0 0.6058682088943337 0.5820790216205622 0.004582483162551014 0.002614282777135486
0 0.5915787560872036 0.5170570195283991 0.004920563675953105 0.0030838294625596062
0 0.5501805264638713 0.44791163328310923 0.005397132983496815 0.0030385226220563917
0 0.5472774620007946 0.3709299509986316 0.0038434128821871385 0.0025781404065934764
0 0.5828287423177447 0.4194032681512433 0.005134991659290052 0.0031689151408522773
0 0.563107248336636 0.35403594305956915 0.005599431248914044 0.0025356374884290033
0 0.5656026470453911 0.349889833112273 0.003773529754702949 0.0035635986323866576
0 0.5765580560106572 0.3417689400750072 0.004990797417509876 0.002672698974290026
0 0.5509962075697612 0.31822250479783815 0.00499079741751018 0.0025356374884290033
0 0.5702290366421179 0.31709174753948466 0.00401698328726419 0.0023300452596373704
0 0.5502658469720767 0.30828554707291367 0.0037735297547028066 0.0025356374884290033
0 0.5486833990104272 0.2803250039572643 0.004260436819825699 0.002672698974289993
0 0.5576303163320614 0.2863557093351494 0.0043821635861066 0.0030838834318731045
0 0.5926876250209139 0.3064009516423245 0.0026779888581761214 0.002330045259637501
0 0.5950004335802479 0.30705199370016445 0.0024345353256147464 0.002124453030845892
0 0.5255272024596778 0.23625078083058593 0.004288408984261096 0.002729235829869694
0 0.5349945585002966 0.22628164245855578 0.0017402239356420707 0.0025892750180815226
0 0.5369523104278943 0.22656156408213243 0.0022995816292416295 0.0023093533945051092
0 0.4957680127200581 0.20651920553109135 0.006971691880405402 0.003351329784893018
0 0.5452556472885169 0.20403759947805178 0.0044476264162332056 0.0038394077126331183
0 0.5778223137270697 0.2129210525269958 0.00457958826099869 0.002614567967890835
0 0.549532301076536 0.18033217236611052 0.0031803708347710115 0.0030886323547591843
0 0.5548991768602121 0.1801978840028601 0.0031008615639017733 0.0025514789017576332
0 0.6173819827781645 0.20718890073983903 0.0025555131636149754 0.0027782255850669203
0 0.619981556513566 0.20684162254170566 0.0028198765943338346 0.0035720043236574027
0 0.6255719982242294 0.19889118518809026 0.004934784040083997 0.003175114954362108
0 0.6376886554655071 0.17832735474147932 0.003789209173635939 0.0030262814408764526
0 0.5791829767176209 0.21032175188382865 0.0029654626441318753 0.0024828769639382384
0 0.6341734729839652 0.16124594746798224 0.004855201922090728 0.0023640404629098554
0 0.6534126365731351 0.16113645220186712 0.0039953259097427465 0.0022493216669596805
0 0.6771413641106357 0.16970757094631161 0.00459964485519194 0.003253532344047727
0 0.6879810762528861 0.17619153881682478 0.005537962312257321 0.003253364748318255
0 0.7086882396813263 0.18117325358768713 0.005056400372060921 0.0029144725870351353
0 0.6323899772367938 0.24400629534055512 0.004480217254851197 0.0036321261291866946
0 0.6793426540676333 0.24309826380825847 0.004480217254851197 0.003026771774322263
0 0.6952026231498063 0.24420808012551004 0.004301008564657043 0.00242141741945777
0 0.6258863505026994 0.2790683575925124 0.004838634635239174 0.002421417419457832
0 0.6738246751296062 0.27251035208148083 0.00394259118426902 0.0032285565592771446
0 0.6462265368397234 0.3018700382924067 0.00394259118426902 0.002824986989367453
0 0.632337863349685 0.3033834241795678 0.00555546939601558 0.003026771774322263
0 0.6826955052942114 0.2976830040045943 0.002688130352910747 0.0035312337367092894
0 0.6798281662511068 0.3016682535074519 0.0037633824940749606 0.0032285565592771095
0 0.6757063663766436 0.3100423220830769 0.004121799874463079 0.002824986989367453
0 0.6924623789097868 0.30984053729812205 0.005017843325433376 0.0028249869893673817
0 0.6634305710983517 0.31952620697595324 0.004301008564657138 0.0032285565592770384
0 0.640491858753514 0.32492394997349466 0.004301008564657067 0.003127664166799704
0 0.6835019444000846 0.3232087793013787 0.004659425945045115 0.0025223098119352017
0 0.664774636274807 0.3308766011296618 0.004480217254851197 0.0019169554570707703
0 0.6827851096393086 0.3403100398262995 0.004301008564657061 0.0024214174194578104
0 0.6656706797257774 0.34247922626456373 0.004838634635239174 0.0021187402420255806
0 0.6551869713494256 0.3445979665065893 0.005376260705821352 0.0019169554570707703
0 0.6241838679458559 0.3456573366276021 0.004301008564656996 0.0034303413442318487
0 0.6841291748157639 0.3628090433487616 0.005555469396015411 0.0030267717743222987
0 0.6636993841336428 0.3629603819374777 0.004838634635239174 0.003127664166799633
0 0.6628929450277695 0.3808687816022177 0.00394259118426902 0.0030267717743222987
0 0.6605632320552469 0.3930263148957455 0.004301008564657138 0.002522309811935273
0 0.66136967116112 0.39862584267824175 0.005197052015627293 0.0028249869893674172
0 0.6346675763222075 0.3997356589954931 0.005197052015627364 0.0022196326345029858
0 0.616477894267512 0.40619277211404736 0.0050178433254333046 0.0020178478495481754
0 0.6453304933887531 0.40745392702001504 0.00573467808620947 0.0023205250269803914
0 0.6777672663138753 0.41078337597176967 0.003942591184269019 0.003127664166800209
0 0.6463161411848206 0.42551366527347123 0.004480217254851197 0.0025223098119352017
0 0.6595775842591798 0.4290953452064191 0.0048386346352393165 0.0030267717743222276
0 0.673018236023733 0.4507367633928232 0.0034049651136867 0.0025223098119352017
0 0.6125353030832431 0.46713177717040216 0.004301008564657067 0.0020178478495482466
0 0.6664771188316504 0.4706630109071115 0.004301008564656996 0.0030267717743222276
0 0.6556349930749107 0.49391870737315413 0.005555469396015411 0.002522309811935273
0 0.6695236665649492 0.49477629270921214 0.005017843325433091 0.0024214174194578677
0 0.6265135809183786 0.5137945086912037 0.004301008564656996 0.0025223098119350595
0 0.6291121069261922 0.5142485244573521 0.0034049651136867707 0.0020178478495481754
0 0.6556349930749107 0.5139962934761585 0.005555469396015269 0.0029258793818446806
0 0.6548285539690375 0.5189904669037902 0.002867339043104664 0.0016142782796385547
0 0.6533052801023882 0.5203020680059968 0.005913886776403388 0.002623202204412607
0 0.6605632320552469 0.5526885259912447 0.004301008564657138 0.0030267717743222276
0 0.6688068318041729 0.5631308886126566 0.0050178433254332334 0.0029258793818448224
0 0.8754856483330085 0.6335033005406361 0.002535176023310015 0.003079907898590122
0 0.7313692947161167 0.5993874489470834 0.005666048911810861 0.0026914942729733583
0 0.7643032040160178 0.5842851755265103 0.004603664740846511 0.0029905491921926597
0 0.7961747291449544 0.5959483173760618 0.005666048911810861 0.003189919138338908
0 0.803168758270471 0.6052688623583955 0.005134856826328757 0.0026914942729734295
0 0.7835146511076267 0.614738934800339 0.005134856826328757 0.0026914942729734295
0 0.7737761295404516 0.588023362016751 0.00442660071235224 0.001894014488388578
0 0.7728022773837341 0.5898675340186033 0.0035412805698818773 0.0023924393537540565
0 0.809743741455719 0.6199034820853511 0.007020719111859819 0.0028860126817865962
0 0.828166255234709 0.6053411600047228 0.004569039422003982 0.0026977944634091955
0 0.8564914798111443 0.6127698150332901 0.0076307246326986445 0.003362093644425599
0 0.8624377688130429 0.5931760495158226 0.0046447889068601 0.0027083532135651466
0 0.8582906358604891 0.5942033559071749 0.0043130182706559595 0.003081919174057006
0 0.8582906358604891 0.5863117749917869 0.00364947699824711 0.0029885276839340235
0 0.8600324317005615 0.5859849047763566 0.003151821043940828 0.0015876553320899234
0 0.8634330807216556 0.5682872173980603 0.0049765595430642405 0.0031753106641797756
0 0.8516552231364034 0.558667893915398 0.0039812476344512505 0.0037356596049173876
0 0.6775461295240207 0.5307291173012618 0.002286823969059345 0.002002707926895937
0 0.6798753020850987 0.5308006425843651 0.0020327324169409165 0.0012874550958616737
0 0.7351900170990229 0.5599150493113906 0.004370366731068884 0.002834883880019703
0 0.7722223191282405 0.560412597463325 0.0036770564673278727 0.0033122235209604154
0 0.8026766146153352 0.561546151937277 0.0022845617104701433 0.002021142311236872
0 0.8129232086422672 0.5414517758330194 0.004460334768060506 0.003001090098503241
0 0.8026970752715917 0.5426767105671025 0.004895489379578634 0.00251111620486995
0 0.7976384029126936 0.5412067888862032 0.004786700726699138 0.0023886227314618936
0 0.7857804397488252 0.5386650493129806 0.004786700726699138 0.0023273759947574748
0 0.7901319858640062 0.5383894389978121 0.003481236892144892 0.002511116204870021
0 0.7699516907548539 0.5497813320247836 0.004460334768060648 0.0016536618910119928
0 0.7713115489158482 0.5506387863386416 0.0032636595863857563 0.0023886227314616803
0 0.855565227470621 0.5302512590234892 0.0033511937791698186 0.0027005460056577137
0 0.7346771305676504 0.5215090825893419 0.004165657044293454 0.002736085449584351
0 0.7730937455316886 0.5271766881634807 0.005091358609691951 0.002736085449584351
0 0.7480998032659286 0.5173723819691372 0.00509135860969181 0.0025406507746139084
0 0.762546664497026 0.5122994279888233 0.005322784001041327 0.002084636533016564
0 0.7590174272789441 0.5067946846438266 0.004975645914017121 0.00293152012455451
0 0.8079651257910787 0.5118154190003189 0.00467277199404208 0.003288394841998681
0 0.8574543135838614 0.5054698708893284 0.005503702722029686 0.0026394801158404844
0 0.8308021235503282 0.5019696907357141 0.005605623142808156 0.002409960105767368
0 0.8364587069035255 0.49821130057076746 0.0032614534649064806 0.001664020073029846
0 0.8384971153190921 0.498555580585877 0.002853771781793313 0.0014345000629566583
0 0.8549063030644032 0.49428077039826607 0.004484498514246553 0.0027542401208769007
0 0.7224269502625071 0.4982063171995202 0.005647799040784634 0.0025939206557716687
0 0.774669091389766 0.49921041551788325 0.004012909844768387 0.0020918714965899444
0 0.7769727988932442 0.49925225294781517 0.002675273229845345 0.002175546356453566
0 0.7918287492715536 0.49363700377786734 0.005987215014757083 0.0018876098587540468
0 0.7932656808750953 0.49255836957286503 0.003592329008854165 0.001617951307503489
0 0.7776989218367271 0.4738171002609498 0.005508237813576357 0.0026965855125057913
0 0.8038031793010677 0.4835922227437833 0.005508237813576357 0.002022439134379326
0 0.8050006223040191 0.48197427143627974 0.0040713062100347485 0.002022439134379326
0 0.8671479141571967 0.4879067595637926 0.005747726414166863 0.004179707544384002
0 0.8336195100745575 0.4736148563475119 0.004310794810625112 0.002022439134379397
0 0.7065909698857729 0.46716958076213655 0.004646537691454569 0.002753627651237309
0 0.7353872758420243 0.4618688475335049 0.0037905965377655094 0.002615946268675344
0 0.7219252244828396 0.4479119578193749 0.005380201537473681 0.0025471055773945038
0 0.7454024675554521 0.449323191990634 0.005380201537473539 0.0024782648861135215
0 0.7460138540938014 0.44405687910764285 0.0022009915380576217 0.0029601497250799722
0 0.7484594002471987 0.4442289808358451 0.0022009915380573376 0.002891309033799061
0 0.8206835924127609 0.4686256705726221 0.004903256696784836 0.0024749095712589763
0 0.8042830441511015 0.4655320336085484 0.002874322891218526 0.0031412313789056867
0 0.772665492347696 0.44159204294810067 0.005917723599567779 0.002094154252603815
0 0.8178938084301075 0.44977828229918815 0.007101268319481448 0.0030460425492417897
0 0.7791561079189013 0.4442972217314333 0.0062132897045160005 0.002429173119204009
0 0.7805730194810157 0.4480154496085295 0.004857427811087973 0.002785317063079944
0 0.7387462441132585 0.46235355370442766 0.0024216697413996023 0.0017610217603935044
0 0.735971414201237 0.46385894327379595 0.0023207668355082946 0.002045057528198839
0 0.738695792660312 0.4638873468505765 0.0035316017062083913 0.002101864681759906
0 0.7163408603462977 0.42942247572568953 0.004092128450929522 0.0026469425450027016
0 0.7661231198813455 0.43471280702935006 0.004570759085501379 0.0025732838015542115
0 0.7782483280109392 0.4255990935655123 0.0064752420377935495 0.0023588434847579974
0 0.7833955188238562 0.44600787988080143 0.002322664269833439 0.0027605580598547164
0 0.8628680927711809 0.44044601000014877 0.0034574295583882984 0.0024511384828547734
0 0.716840303827528 0.4058767128182197 0.004198758529806241 0.0030481247514706667
0 0.7219230115215037 0.4094224905903387 0.004640733111890966 0.0015551656895259214
0 0.7240776376091677 0.4082716679800895 0.0023203665559454125 0.0017417855722690946
0 0.7687170703997387 0.4162963229380432 0.0038672775932424488 0.0026126783584035
0 0.7700982409687539 0.4146478473071457 0.002430860201466771 0.0015551656895258503
0 0.7772363258371672 0.41103160351214085 0.00431003853558579 0.00226995272357577
0 0.7806426466152914 0.41048368388920875 0.0033368040275502152 0.0024265011872707733
0 0.8461648607540937 0.4127059849706626 0.004399604361291693 0.0027965290133557374
0 0.8475131266067476 0.4115074725363672 0.002554608983975726 0.0013583140922013826
0 0.8191995437010158 0.40000175316713255 0.005818831574611494 0.003116132329167627
0 0.7967047923698958 0.3940091909956563 0.005676908853279478 0.003435735644979821
0 0.8612796305759506 0.40982955512835395 0.0028384544266394623 0.0016779174080134515
0 0.8626278964286043 0.40867099310853516 0.0021288408199797004 0.002077421552778489
0 0.8304608038741299 0.39135426021188624 0.002980377147971893 0.0015980165790603707
0 0.8313123402021219 0.39311207844885265 0.0021288408199798426 0.001438214921154355
0 0.8319509924481159 0.3919535164290339 0.001703072655983817 0.002317124039637619
0 0.8408921238920312 0.3880783262248125 0.003973836197295526 0.0023970248685905916
0 0.8439434624006688 0.3886775824419601 0.00525114068928346 0.0027965290133556663
0 0.8549424733038978 0.38144655742171196 0.002270763541311709 0.0015980165790603707
0 0.8521040188772582 0.3819659128099066 0.0031222998693037594 0.0021573223817315324
0 0.7282444633522931 0.3862969782811598 0.004250216411616634 0.002744707625533778
0 0.7503080867831852 0.3700398638837672 0.004625235506759395 0.002040936439499289
0 0.7685590160801277 0.38168727701263494 0.003625184586378935 0.0028150847441371953
0 0.7915963117236808 0.3804140135089104 0.0041486472087846945 0.003470093360071189
0 0.8030347247421875 0.3798467867096681 0.004030114431390928 0.0034033607954543754
0 0.7914185125575901 0.37183887895565776 0.004978376650541634 0.0034033607954543754
0 0.8069463063961843 0.3693364077825296 0.0035559833218154297 0.0026693025846697698
0 0.8102059577745154 0.36983690201715513 0.0032003849896338464 0.0019352443738858938
0 0.8080723677814262 0.370537593945631 0.002489188325270817 0.0013346512923351384
0 0.7124927705311331 0.3250269873094549 0.004048332531680479 0.0032388116787557667
0 0.7392330722535482 0.3449996593284484 0.003835262398434054 0.003358767666857716
0 0.7889166243297572 0.34929118444762364 0.005539823464404776 0.0034787236549598077
0 0.7884741308101582 0.3398690615879123 0.005654945141103695 0.003342851237830686
0 0.7330556684273415 0.33127315840491905 0.005089450626993397 0.002706117668720083
0 0.7548272072205907 0.32617928985203404 0.005089450626993397 0.003342851237830686
0 0.7538375918208976 0.3318303002778908 0.0036757143417175085 0.002546934276442414
0 0.7804158339840853 0.3334221342006674 0.003110219827606926 0.0031836678455530176
0 0.7848465986364349 0.3302221090694313 0.002474941853009227 0.0023965848072332817
0 0.7874205381635645 0.32991556915222703 0.0028709325494907035 0.0021179121552294335
0 0.7568797556974303 0.33339897730227547 0.002771934875370334 0.001727770442424088
0 0.8553583207284737 0.32772473085339854 0.004108729186276321 0.002738033677485632
0 0.8477697494762695 0.3220834373282341 0.0030186581776723643 0.0029740710634757763
0 0.849546417329793 0.31418062648546585 0.004365299883813805 0.0035177593244555536
0 0.73195378737982 0.3271590160579197 0.00266673608460863 0.0025457524099142146
0 0.7347364685115855 0.3269958268008739 0.002898626178922541 0.002219373895822585
0 0.7286566488575287 0.30774230093693417 0.004753746933432837 0.002545752409914179
0 0.7092938259823266 0.29782039410855093 0.003130516273236574 0.0026763038155507963
0 0.7149171607694362 0.30036614651846494 0.00440591179196204 0.0024152010042775627
0 0.7610632895378816 0.3042500508361545 0.0046378018862759515 0.003394336546552239
0 0.797466095957983 0.2954251162181242 0.005426281128300303 0.003471514415910377
0 0.8376652271077438 0.28747400134896495 0.004788614250430925 0.003354939723544099
0 0.8363048754252574 0.2752248766064564 0.004895027900440425 0.0031153011718623703
0 0.8309974970252623 0.2743009366728631 0.004861763005769007 0.0035054287489085924
0 0.8500259462164661 0.2562390496626926 0.0037563766317400393 0.0029607144330834247
0 0.841117967346911 0.25092184823184893 0.004185676818224522 0.002960714433083389
0 0.8446596938854087 0.24965297061767036 0.0031124263520132447 0.0029607144330834247
0 0.7308446291093792 0.24685067145633297 0.004585111317856558 0.003525765381709114
0 0.7245261220494064 0.23699741641637806 0.0033549595008705068 0.0029591245167916113
0 0.7270423416750592 0.23649373564756246 0.002348471650609412 0.0020776831713642707
0 0.7650652160182585 0.24540258924598812 0.005256103218030432 0.0016369624986506892
0 0.770321319236289 0.23614745511900176 0.0014538157837105815 0.0017628826908545393
0 0.7686997554775349 0.2369344563202761 0.002907631567421163 0.0030850447089954968
0 0.7878952014151751 0.2493873833328383 0.0051957239536218934 0.003656414623123787
0 0.790980162512638 0.24314100835166855 0.004005037214250109 0.0028641914547803183
0 0.8439346796845416 0.22483252540002988 0.0048932900159393 0.003554664433202035
0 0.7305105480301597 0.21987945370878928 0.004835612976625043 0.003111306786857568
0 0.7947865098376795 0.21266816287091994 0.003992828305983806 0.0038297820401614756
0 0.8048425218675647 0.21096141217910888 0.003992828305983806 0.0030804768583907105
0 0.7174094037808715 0.19599335696327772 0.004721351361368562 0.0031609427426223745
0 0.728721780525946 0.1885416409059122 0.004809444898482411 0.0031589379700237784
0 0.8237793823049487 0.19421853256312602 0.0056249739318559476 0.0025115955633568275
0 0.7391010716407745 0.16833312376298537 0.007364154964152761 0.004193045820514741
0 0.7673822910992472 0.1644843692991617 0.006223645589886644 0.004740488780968626
0 0.7731848657096116 0.18962811961693593 0.00494903199401179 0.0027862470161599618
0 0.7849177169057212 0.1852122438524772 0.004093667772558263 0.004159678945434173
0 0.7849177169057211 0.17576864840878875 0.0044930499942712745 0.002810593882050121
0 0.8100386933249769 0.1957387617187706 0.002800011559844222 0.0027744177041800454
0 0.8137347085839712 0.19416238802321378 0.004368018033356975 0.00277441770418001
0 0.7843173333572584 0.1652770012436747 0.004133393879116909 0.0026241228241247684
0 0.645348416917818 0.2953075557135106 0.003161205924951247 0.003559443780731364
