0.0 0.12197897481059534 0.24667138453714835 0.012258947398402586 0.00942995953723269
0.0 0.19930464301590378 0.21956025086760392 0.006600971676062883 0.00801546560664761
0.0 0.3122284084742658 0.24124915780323947 0.008015465606647787 0.008958461560371233
0.0 0.24386120182932847 0.31338834826307005 0.011787449421540952 0.008958461560370523
0.0 0.21651431917135353 0.3683178625674504 0.008958461560371056 0.008486963583509777
0.0 0.3096351696015268 0.3138598462399315 0.008486963583509421 0.00801546560664761
0.0 0.32472310486109923 0.3756260812088058 0.00942995953723269 0.007072469652923985
0.0 0.4880971540029808 0.3202250689275637 0.008958461560371056 0.01414493930584868
0.0 0.41360047349951784 0.3605381459492335 0.006129473699201249 0.007072469652924696
0.0 0.3770593802529098 0.32729753276953133 0.008486963583509421 0.006600971676062528
0.0 0.6085648869318048 0.3501651904582772 0.009429959537232867 0.00801546560664832
0.0 0.5189802713280935 0.26977478540336863 0.007543967629786152 0.008486963583509066
0.0 0.17761573608026848 0.10569348945551874 0.010372955490956048 0.007543967629786152
0.0 0.235374238245819 0.06797365130658761 0.009901457514094325 0.006600971676063239
0.0 0.3197723761040521 0.07763935983225138 0.00518647774547798 0.011787449421540686
0.0 0.20401962278452013 0.16793122240125485 0.006600971676062883 0.005657975722339614
0.0 0.3167076392544514 0.1813689147418117 0.010372955490956137 0.005186477745478158
0.0 0.4774884493642695 0.19480660708236783 0.00942995953723269 0.006600971676063239
0.0 0.49092614170482624 0.16156599971362304 0.008015465606647964 0.010844453467817062
0.0 0.48668265991307147 0.1332761211019246 0.008015465606647787 0.008958461560371233
0.0 0.5548141176890713 0.16910997509135123 0.008486963583509421 0.007072469652924696
0.0 0.5597648463266253 0.06490891445698707 0.007072469652924518 0.005186477745478158
0.0 0.6583079234508762 0.05760068419371791 0.007072469652924518 0.005657975722339614
0.0 0.7262036321587829 0.1712317082392861 0.008958461560371233 0.006600971676062528
0.0 0.7652412164464367 0.3892499643792462 0.0056579757223394365 0.005657975722339614
0.0 0.6961667628362069 0.3340847010864344 0.008015465606647787 0.007543967629786152
0.0 0.9356877350819183 0.367561057443611 0.008958461560371233 0.005657975722338904
0.0 0.9927389902821766 0.42131182680583734 0.00801546560664761 0.00942995953723269
0.0 0.8011838699133506 0.23213233085889157 0.005077670520048372 0.006165742774344096
0.0 0.8675562774254117 0.26441180773634193 0.00942995953723269 0.00689112427720886
0.0 0.8898617586384818 0.17936082652553118 0.007616505780072558 0.00942995953723269
0.0 0.9749127398492924 0.16775472247970633 0.006528433525776478 0.005803052022912425
0.0 0.8508725028595385 0.10210769647050952 0.010155341040096744 0.007979196531504584
0.0 0.8885923410084695 0.09630464444759675 0.008704578034368637 0.007253815028640531
0.0 0.9442653713532858 0.05133099127002509 0.007616505780072558 0.005803052022912425
