0 0.06770732339876931 0.5770848076678589 0.0068046195446467015 0.002946862355385136
0 0.11062876975731 0.5686125783961262 0.0036640259086559014 0.0025048330020774755
0 0.17330978440895933 0.5753903618135123 0.004449174317653579 0.0027995192376160105
0 0.1353609446407374 0.5979338588322094 0.006542903408314125 0.0027995192376158683
0 0.12018140873344862 0.6150993320523283 0.004972606590318733 0.0026521761198467432
0 0.17187034565913023 0.5980812019499786 0.004710890453986138 0.0025048330020774044
0 0.18024526202177235 0.6173831503777518 0.0052343227266512925 0.0022101467665387987
0 0.27092990334944295 0.6000703340398637 0.004972606590318734 0.004420293533077811
0 0.22957875372046088 0.6126681706091355 0.003402309772323342 0.002210146766538941
0 0.20929575313257787 0.6022804789904785 0.004710890453986174 0.002062803648769602
0 0.3377983760939766 0.6094266220182116 0.005234322726651328 0.0025048330020775466
0 0.28807231019078916 0.5843046204385527 0.00418745818132102 0.002652176119846672
0 0.098589827486012 0.5330292154548496 0.005757754999316447 0.002357489884308208
0 0.1306500541867512 0.5212417660333086 0.005496038862983852 0.002062803648769673
0 0.17749724259028044 0.5242622999475786 0.0028788774996582234 0.003683577944231473
0 0.11324593112063563 0.5524785070003921 0.0036640259086559014 0.0017681174132311384
0 0.17579608770411873 0.5566777858568162 0.005757754999316482 0.0016207742954618709
0 0.2650412901935234 0.56087706471324 0.0052343227266512925 0.002062803648769673
0 0.27250020007900155 0.5504893749105072 0.004449174317653686 0.0033888917086929383
0 0.27014475485200845 0.5416487878443514 0.0044491743176536145 0.0027995192376160105
0 0.3079627366183917 0.5528468672160473 0.004710890453986138 0.0022101467665388698
0 0.3107107559835561 0.5202840357678085 0.00392574204498846 0.0016207742954618709
0 0.36540942845495294 0.5180002138105368 0.003925742044988496 0.0017681174132310672
0 0.4030965521089515 0.5535099088247769 0.004972606590318804 0.002062803648769602
0 0.07262622783228682 0.4499858816673247 0.004972606590318733 0.002946862355385278
0 0.12457688089430102 0.4983144242956425 0.0031405936359907827 0.0017681174132311384
0 0.13242836498427796 0.48711634734517867 0.0062811872719815654 0.002357489884308137
0 0.1553285269133774 0.4770233437779843 0.005496038862983852 0.0030942054731544033
0 0.1855567406597887 0.4601525567934038 0.004710890453986174 0.002652176119846672
0 0.23776910985813549 0.49603060597021903 0.006019471135649042 0.0025048330020774755
0 0.3749083652963996 0.49492553258694955 0.006542903408314089 0.002946862355385278
0 0.382498133382699 0.43908249155770745 0.004972606590318734 0.002946862355385278
0 0.2563509555377476 0.40924550960412387 0.004972606590318769 0.0027995192376159394
0 0.2682590397408793 0.4301682323273592 0.0062811872719815654 0.0025048330020775466
0 0.2865791692841589 0.438566790040207 0.003664025908655937 0.0030942054731545455
0 0.30607702144093496 0.43105229103397463 0.004972606590318769 0.00338889170869308
0 0.3225651380298865 0.4617733310888657 0.004449174317653686 0.002652176119846672
0 0.28055969814850984 0.45536390546590283 0.006281187271981494 0.0033888917086929383
0 0.24575145201627868 0.4580897531446341 0.005757754999316411 0.002357489884308208
0 0.19864254745430776 0.44748104684932344 0.0052343227266512925 0.0017681174132310672
0 0.17299436611582558 0.4425450542199771 0.004187458181321055 0.0027995192376160105
0 0.20544716691051776 0.4421030206295134 0.0052343227266512925 0.0027995192376159394
0 0.08610460885341392 0.4124870581950477 0.006281187271981583 0.0025048330020774755
0 0.12719404225762665 0.425011223205435 0.004187458181321055 0.0025048330020774044
0 0.16239486259435668 0.43790374601024523 0.0044491743176536145 0.002062803648769673
0 0.15401994623171458 0.4430607551321695 0.003402309772323342 0.0014734311776926036
0 0.14813133316423188 0.42979987150639615 0.0047108904539861565 0.0017681174132312095
0 0.06555989215130759 0.4011416381268145 0.0054960388629838606 0.0022101467665388698
0 0.07629025374094274 0.4063723188076233 0.006542903408314125 0.002652176119846672
0 0.07157936328695658 0.38161867502238733 0.004449174317653597 0.0026521761198467432
0 0.11436995157733097 0.38905950246973503 0.005234322726651311 0.0025048330020774044
0 0.12771747464083766 0.3766826805771171 0.004187458181321038 0.0025048330020774044
0 0.1510102106638901 0.38522858140773436 0.005234322726651275 0.0022101467665388698
0 0.13792440384726184 0.3876597428509271 0.006281187271981547 0.002357489884308208
0 0.18856647622761322 0.3932587813261591 0.0054960388629838874 0.002652176119846601
0 0.1706389208888325 0.4009942950090452 0.004710890453986174 0.0022101467665388698
0 0.22128099326918385 0.3890595024697351 0.0044491743176536145 0.0027995192376160105
0 0.23659138724463893 0.3846392089366572 0.0031405936359908183 0.0027995192376160105
0 0.23973198088062972 0.3905329336474277 0.004187458181321055 0.0025048330020774044
0 0.29377636303330434 0.40710903439646967 0.003925742044988496 0.0026521761198467432
0 0.2563509555377476 0.37852446954923297 0.00444917431765365 0.002946862355385278
0 0.27571794962635743 0.3794085282558485 0.00444917431765365 0.002062803648769602
0 0.2842237240571658 0.38493389517219584 0.004187458181321091 0.001326088059923265
0 0.22520673531417232 0.40666700504316183 0.004972606590318769 0.002062803648769602
0 0.3474281709814801 0.36798943360219083 0.005496038862983923 0.0027995192376159394
0 0.357504242230284 0.37513557784053986 0.0036640259086559014 0.0026521761198467432
0 0.38524615268153584 0.29358116215525365 0.005234322726651257 0.0030942054731544744
0 0.3461195902998175 0.295496622686254 0.004449174317653543 0.0033888917086930094
0 0.22586102565500377 0.29483357865629234 0.0052343227266512925 0.002946862355385207
0 0.2694367623543758 0.3005062886904089 0.0044491743176536145 0.0042729504153085785
0 0.28500887246616347 0.2991065290716009 0.004187458181321055 0.0023574898843081726
0 0.322303421893554 0.32769109391883766 0.004972606590318804 0.002652176119846672
0 0.2848780143979972 0.3343215342184544 0.0034023097723233776 0.0035362348264622056
0 0.25203263928826025 0.34220439101910993 0.004187458181321055 0.0025048330020774755
0 0.250069768265766 0.35620198720718976 0.0044491743176536145 0.0030942054731544033
0 0.23789996792630178 0.35863314865038265 0.004187458181321055 0.002652176119846814
0 0.25962240724190466 0.3592961926803443 0.0036640259086559014 0.0019154605310004059
0 0.2656418783775536 0.35605464408942056 0.004187458181321055 0.002210146766538941
0 0.08270229908109059 0.34500391025672594 0.0036640259086559014 0.0027995192376160105
0 0.10638760941918773 0.3536971542051124 0.006542903408314125 0.0025048330020774044
0 0.14459816532374226 0.35627565876607437 0.007589767953644415 0.002062803648769673
0 0.2067557477027265 0.347582414817688 0.005757754999316447 0.002357489884308137
0 0.23044105804082363 0.2897502410932528 0.006019471135649006 0.0030942054731544744
0 0.12627803578046268 0.2993275437482548 0.0044491743176536145 0.0030942054731545455
0 0.11397737721806785 0.3094942176637179 0.0075897679536443795 0.002799519237615904
0 0.12575460350779757 0.31111499316979574 0.004972606590318751 0.002504833002077511
0 0.17953726952413973 0.3127357674652576 0.004187458181321055 0.0019154605310004059
0 0.1803224179331374 0.3255546187111834 0.005234322726651328 0.0027995192376159394
0 0.16789090145734056 0.2999905877782165 0.004449174317653579 0.0029468623553851716
0 0.37739466859155896 0.28967656953436816 0.004187458181321162 0.002652176119846814
0 0.36548658438842724 0.26197606339374696 0.0034023097723233776 0.0026521761198467432
0 0.3079090343952629 0.2703746211065949 0.003925742044988496 0.0029468623553851716
0 0.26799732360454676 0.269564233958864 0.0036640259086559725 0.00250483300207744
0 0.2615852782643989 0.28149902649817415 0.00654290340831416 0.0027995192376160105
0 0.2533412198814864 0.28164637203717535 0.0068046195446466486 0.002799519237615975
0 0.06359702112881332 0.2291922196900863 0.004187458181321038 0.002210146766538941
0 0.09892869953370961 0.22285646562600803 0.004710890453986192 0.0022101467665389053
0 0.1562445333905414 0.2392852232572807 0.004187458181321038 0.0026521761198467077
0 0.1811075663421351 0.24355817367258928 0.004187458181321055 0.0029468623553852422
0 0.18882819236394577 0.2234458380970851 0.006019471135649042 0.00250483300207744
0 0.16265657873068926 0.21239510426439046 0.004972606590318698 0.0022101467665389053
0 0.1614788561171927 0.2071644235835817 0.004187458181321038 0.0032415485909237417
0 0.2316187806543202 0.23825382143289586 0.0052343227266512925 0.0023574898843081726
0 0.2517709231519277 0.25586132400632267 0.005757754999316376 0.00250483300207744
0 0.2664270267865513 0.2569663973895921 0.005234322726651328 0.002652176119846672
0 0.268128181672713 0.25011494241332144 0.0054960388629838874 0.0027995192376160105
0 0.27689567223985395 0.23508594440085676 0.004710890453986209 0.003683577944231544
0 0.2487611875841032 0.2244035683625853 0.004449174317653579 0.0020628036487696376
0 0.27454022701286085 0.22484559771589308 0.002617161363325664 0.0014734311776926036
0 0.4055291532473097 0.18683107333142362 0.003925742044988425 0.002062803648769673
0 0.39375192697968914 0.20694341132815983 0.0060194711356489706 0.0030942054731545455
0 0.36326199720749114 0.1906619925775005 0.006281187271981494 0.0026521761198467077
0 0.3052918730319372 0.19861852275296454 0.00392574204498846 0.002946862355385278
0 0.278335110989683 0.2028178016093885 0.004972606590318662 0.002799519237615975
0 0.24156399383495764 0.17813782938303718 0.005757754999316447 0.0029468623553852422
0 0.15179535907288777 0.17961126056072985 0.0052343227266512925 0.0023574898843081726
0 0.16579717236668004 0.18034797614957612 0.004972606590318733 0.0026521761198467432
0 0.1343912360067722 0.1633298460472264 0.00340230977232336 0.0022101467665389053
0 0.1421118620285829 0.1511003672723777 0.004710890453986174 0.0033888917086930272
0 0.15676796566320653 0.15721510665980204 0.005234322726651311 0.0029468623553852422
0 0.17953726952413973 0.15478394521660924 0.00680461954464672 0.0025048330020774577
0 0.20583974122556248 0.16996028634684318 0.007066335680979279 0.003683577944231544
0 0.07406566658211594 0.10166675126079046 0.0041874581813210465 0.002357489884308208
0 0.10691104169185285 0.11787449421540924 0.004449174317653579 0.0026521761198467254
0 0.12156714532647651 0.11721145018544753 0.004972606590318716 0.003094205473154492
0 0.14433644918740968 0.1259783656927186 0.004972606590318769 0.0029468623553852422
0 0.17024634668433364 0.13643972705433619 0.0054960388629838874 0.002946862355385207
0 0.18686532134145153 0.10564501544056054 0.005234322726651328 0.0029468623553852422
0 0.15637539145870769 0.09326819354794255 0.0034023097723233065 0.0023574898843081726
0 0.17299436611582558 0.0928998357535194 0.004710890453986174 0.0022101467665389053
0 0.22756218054116537 0.0972464577277126 0.004972606590318698 0.00265217611984669
0 0.250069768265766 0.09960394761202078 0.0044491743176536145 0.002062803648769673
0 0.27532537542185853 0.09754114396325113 0.005757754999316447 0.0026521761198467077
0 0.27506365928552595 0.09326819354794255 0.006281187271981601 0.0026521761198467077
0 0.2780733948533505 0.1728334771433438 0.004449174317653579 0.002357489884308208
0 0.2779425367851842 0.16170907175176452 0.004710890453986138 0.00250483300207744
0 0.27022191076337354 0.16266680201726472 0.004972606590318733 0.0032415485909237417
0 0.30830160859976175 0.14358586826614536 0.0036640259086559014 0.0022101467665389053
0 0.24522801974361358 0.15264747000895496 0.0052343227266512925 0.0029468623553852422
0 0.23423594201764583 0.1451329710027226 0.005234322726651328 0.0032415485909237417
0 0.22141185133735014 0.1410073637051833 0.005757754999316411 0.0029468623553852422
0 0.26407158167010425 0.1272307797725254 0.00680461954464672 0.0033888917086930272
0 0.42502700540408583 0.09356287978348106 0.0036640259086559014 0.0023574898843081904
0 0.4364116573345524 0.17091801661234338 0.004972606590318733 0.0026521761198467432
0 0.4484505996058505 0.17342284961442084 0.0044491743176536145 0.002946862355385207
0 0.5418832602765762 0.199723596136234 0.005496038862983852 0.002210146766538941
0 0.5592873833426918 0.19773446404634895 0.004710890453986067 0.0029468623553852422
0 0.6302124562888168 0.19552431727981007 0.0062811872719815654 0.002946862355385207
0 0.6775830769650113 0.1748226092332288 0.004710890453986138 0.0033888917086930094
0 0.5456781442533984 0.1271571106348727 0.0062811872719815654 0.0032415485909237773
0 0.542668408685574 0.1026981530851753 0.006019471135649042 0.0029468623553852422
0 0.5893847390209368 0.10851820623706114 0.0036640259086559014 0.002799519237615957
0 0.5878144422029413 0.0928998357535194 0.005234322726651328 0.002210146766538923
0 0.6285113014026553 0.1060870447938683 0.005496038862983852 0.0026521761198467077
0 0.6219683979943411 0.12494696386833379 0.0049726065903188755 0.0026521761198467077
0 0.6196129527673482 0.12096869968856373 0.004972606590318733 0.002062803648769673
0 0.6448685599234406 0.13076701702021964 0.004710890453985996 0.0025048330020774577
0 0.6627961152622214 0.1046136136161757 0.003925742044988425 0.0035362348264622767
0 0.6822939674189974 0.11271748509348509 0.005234322726651328 0.0032415485909237595
0 0.8618138800164056 0.14019697655745234 0.005234322726651186 0.0025048330020774755
0 0.8767316997873617 0.20163905666723442 0.0047108904539862806 0.0030942054731544744
0 0.936141262734854 0.1980291502818875 0.005234322726651328 0.0032415485909237417
0 0.6262867142438284 0.2185835152106995 0.004710890453986067 0.00250483300207744
0 0.7540041887741202 0.2444422323792049 0.0036640259086559014 0.0023574898843081726
0 0.8249292617202454 0.2307393224266636 0.003140593635990854 0.0023574898843081726
0 0.7714083118844544 0.2982961413185621 0.0044491743176536145 0.0030942054731545455
0 0.9127350254377117 0.27118500946494195 0.007066335680979421 0.0022101467665389053
0 0.6599172377625631 0.3631271137423451 0.005496038862983994 0.0025048330020774755
0 0.7321508913903508 0.35502324226503573 0.007066335680979279 0.0019154605310003348
0 0.8210035196752569 0.3959846290048904 0.007328051817311803 0.0033888917086929383
0 0.8170777776302685 0.40615130413096945 0.004187458181321233 0.0019154605310004059
0 0.9212407998906293 0.3592961926803443 0.0041874581813209485 0.0027995192376159394
0 0.8376224942439379 0.3237865012979523 0.007066335680979137 0.002210146766538941
0 0.6308667466296483 0.5091441434516832 0.003925742044988567 0.0016207742954618
0 0.7216822459370482 0.45042791102063245 0.005496038862983852 0.0026521761198467432
0 0.724299407300374 0.4570583513202493 0.004972606590318947 0.0017681174132311384
0 0.8364447717188781 0.43326243780051354 0.0062811872719815654 0.0025048330020774755
0 0.8305561586513954 0.48844243540510207 0.004972606590318804 0.0026521761198467432
0 0.835005332969049 0.4933047582914877 0.004972606590318804 0.0026521761198467432
0 0.8301635844468968 0.5031030756231435 0.004187458181321091 0.002210146766538941
0 0.8715147339874421 0.5209315928732241 0.005234322726651328 0.0025048330020774755
0 0.8372299201278759 0.5417806440375748 0.005234322726651186 0.002062803648769673
0 0.8787119277365875 0.46221536044217343 0.004972606590318662 0.0032415485909236706
0 0.9218950902314605 0.48468518590198584 0.0034023097723233776 0.0030942054731544744
0 0.726131420254702 0.6018966360874335 0.0044491743176536145 0.002062803648769673
0 0.8846005408040702 0.6172203203354365 0.0031405936359905694 0.0020628036487695314
0 0.42476528926775325 0.6216406138685144 0.0031405936359907116 0.0017681174132310672
0 0.38642387529503247 0.6044014690895108 0.0044491743176536145 0.0023574898843082793
0 0.5193756725519755 0.6148628304511284 0.004972606590318733 0.0017681174132309963
0 0.551043325048216 0.6316599458768242 0.004449174317653543 0.002946862355385278
0 0.4447161116604895 0.5725413533934036 0.002818481468196836 0.001926794616982619
0 0.48155769085191985 0.5826286899176069 0.005234322726651328 0.0021534763366278043
0 0.493938877301499 0.5560502582892285 0.004227722202295254 0.002946862355385207
0 0.5411484418937963 0.5524233507749082 0.003623761887681667 0.0018134537571601328
0 0.6083893569207782 0.610283859714299 0.004831682516908913 0.002833521495562721
0 0.47229696602784443 0.5319086551470342 0.0056369629363937435 0.0024934989160951913
0 0.49323425693444967 0.530095201389874 0.004831682516908842 0.002266817196450148
0 0.5241368930321795 0.5160409347718828 0.004227722202295254 0.0018134537571601328
0 0.47179366576566645 0.47353811233844206 0.0046303624120376695 0.002040135476805176
0 0.5127623071069565 0.48515555047024916 0.004026402097424011 0.0014734311776926036
0 0.6248976055202171 0.4869123337974981 0.0044290423071665684 0.0015867720375150895
0 0.48840257441754076 0.41783107973567896 0.0032211216779392516 0.0019267946169826899
0 0.47551808770578374 0.3968630206685148 0.0032211216779392516 0.002153476336627662
0 0.4319322850011681 0.3557769589828553 0.0030198015730680083 0.002040135476805105
0 0.49051643551868834 0.36932119173164507 0.004227722202295254 0.002153476336627662
0 0.5905725276396767 0.4033801201083091 0.004227722202295254 0.0022668171964502193
0 0.4287111633232288 0.2757016415182527 0.004227722202295325 0.00238015805627267
0 0.4769273284398821 0.2454963023755542 0.0044290423071665684 0.0022668171964501838
0 0.4711897054510528 0.2156309858123231 0.0030198015730680794 0.002153476336627662
0 0.6158282525158896 0.31136821927237746 0.0032452069927077077 0.002149427655441265
