0.0 0.25171276762014044 0.8802221790155826 0.006246861437569607 0.012278313860051071
0.0 0.272068919546015 0.8791451339401395 0.00990881469407654 0.008400951588455996
0.0 0.22306336861335438 0.847049190691935 0.009693405678987688 0.009262587648810694
0.0 0.24158854391097434 0.8317551506206424 0.00883176961863299 0.010124223709165391
0.0 0.21627798463806264 0.8094603175589714 0.008185542573367144 0.010339632724254245
0.0 0.19613724172727665 0.8108604761570476 0.008400951588455996 0.009693405678987688
0.0 0.16350277594135143 0.7696096497675773 0.008616360603544848 0.009047178633721486
0.0 0.21326225842682228 0.7762873292353246 0.008185542573367144 0.00990881469407654
0.0 0.19473708312920088 0.7508690654548676 0.008616360603544848 0.008616360603544848
0.0 0.17502715824859258 0.7351442073533982 0.007539315528101298 0.009477996663898836
0.0 0.10081875255056331 0.7524846330680323 0.008185542573367144 0.010124223709165391
0.0 0.015409078067926175 0.7327747081874237 0.0088317696186337 0.010339632724253534
0.0 0.01508596454529183 0.7509767699624126 0.008616360603544848 0.008831769618632279
0.0 0.02287322496994193 0.7733620860885718 0.007916945411908216 0.011504311301679948
0.0 0.6525237774887327 0.8790264836869432 0.008558372941867986 0.00861467802701128
0.0 0.6432334384399947 0.8819543481144241 0.008783593282443292 0.007375966153846747
0.0 0.6353290764070927 0.8785373624414156 0.007493117014282546 0.01054586839047289
0.0 0.8225125559827976 0.8206832835189044 0.008589692290350115 0.008084416273270278
0.0 0.8706400966096115 0.8072934690662997 0.007579140256191152 0.00808441627327099
0.0 0.8716190688927028 0.7996511693079739 0.009158127809563866 0.0065685882220323675
0.0 0.8957828756336635 0.7862601361898391 0.008260057278650378 0.010010069413958078
0.0 0.9239230707694052 0.7705100269720735 0.007700053395351602 0.009450065530659657
0.0 0.5963334176163873 0.8770893181724396 0.00981885144619099 0.0068451421510594915
0.0 0.5346248701209987 0.8817256785135082 0.010189417864571481 0.008017902581957514
0.0 0.4331966891076721 0.8641720913632895 0.0074033485540333285 0.009838660578386537
0.0 0.33240482468320776 0.8427330072552615 0.010257634287085437 0.00808177246861277
0.0 0.4070802034791104 0.8442964482690343 0.008752848401277191 0.00946945587272694
0.0 0.49608250504798973 0.862674435590781 0.008328767123288117 0.010033485540334652
0.0 0.08100367348312468 0.6798391858552773 0.007758840732824979 0.008637200061069095
0.0 0.3049075083464558 0.8101024481430464 0.008074431710011964 0.008431707449393144
0.0 0.26865682910908256 0.7797100787342413 0.006492830695014362 0.009880394535891313
0.0 0.266892472941959 0.7716646146121582 0.008045464122083245 0.008468909602192909
0.0 0.5225356879544207 0.8610260268651228 0.011256906757558482 0.007916945411908927
0.0 0.5313804004067879 0.8508205894200838 0.0074221363236645745 0.010514693125190887
0.0 0.6391811139053918 0.8395977071126005 0.00977418134133572 0.010526041444515499
0.0 0.6480154701177525 0.8230567848426482 0.009398251289746185 0.008646391186566404
0.0 0.6319444604122868 0.8139404810915944 0.009586216315540953 0.009962146367130487
0.0 0.6154975206552319 0.8329249486968813 0.007142670980206845 0.010714006470310266
0.0 0.6119261851651281 0.8184516417106724 0.0075186010317963795 0.009586216315540953
0.0 0.5513051041780027 0.8056751470618394 0.008940277625379167 0.008940277625379167
0.0 0.5239875892115666 0.8226451184803836 0.009271399018912519 0.011423688076873616
0.0 0.49347374149072215 0.8230234919454628 0.009160444497904763 0.00866970639980238
0.0 0.47736117393637195 0.8272765554623469 0.00866970639980238 0.010632658792211203
0.0 0.44831509372515477 0.8164043674599746 0.009837164178982505 0.008057105898976147
0.0 0.3652983646529119 0.8127403889762806 0.009456800890629325 0.009068165237589198
0.0 0.30943638033676635 0.7932923120542037 0.00802490987329918 0.009654969691312942
0.0 0.29122123842463987 0.7587334280263267 0.008204378541769586 0.0107288027084671
0.0 0.3540162895712573 0.7618100699794905 0.008835484583443787 0.008362155052187958
0.0 0.23255511247478253 0.7173874189399247 0.009300331816999829 0.007162324502747097
0.0 0.9097724463978885 0.7316635961916884 0.010642715477872855 0.008573298579397103
0.0 0.8983906534562742 0.7219077736703046 0.00946019153588722 0.008868929564894046
0.0 0.8724490344789594 0.7315157806989401 0.010790530970621149 0.00886892956489369
0.0 0.8705426398600128 0.7068762729342923 0.010520547945205294 0.008133942161339646
0.0 0.9084874787841016 0.6681169276073551 0.012625075558051434 0.008457574888402774
0.0 0.9048207458654485 0.6095465431493293 0.007354642313546833 0.010520547945205294
0.0 0.9031813711233095 0.6388215858694043 0.0074221363236645745 0.009896181764885981
0.0 0.8959447882077367 0.6353579222516942 0.009030265860458542 0.007916945411908571
0.0 0.8865549838855713 0.6629568979901457 0.00907286248168262 0.007898727336994326
0.0 0.8713979665632315 0.667493329230987 0.012915486591571579 0.008432425130034105
0.0 0.8599050613501728 0.6846889836845321 0.013510448805418207 0.00747048345711363
0.0 0.8331729710249803 0.6846378595310814 0.01313139105849217 0.00875426070566121
0.0 0.8179428607021428 0.6922511208918968 0.00843062886482997 0.010066422525170182
0.0 0.7615558163976381 0.6958994952845684 0.007645275699142218 0.008673211927598245
0.0 0.7084103107847604 0.7649317755544158 0.007724298316281164 0.009269157979537469
0.0 0.6544937003415445 0.7592836382402816 0.009802359140822147 0.007222790945868596
0.0 0.6145190417591546 0.7454132657247678 0.009620864541840034 0.007827144034039436
0.0 0.5025303021682056 0.7814688292553565 0.009627881312215435 0.006865784214448567
0.0 0.024121697237713846 0.1659809301513903 0.008477466387248712 0.007205846429161511
0.0 0.0680542553162983 0.0625975487301055 0.008231354642313704 0.007013698630137099
0.0 0.06559263151908645 0.15635189138514677 0.008718417047184346 0.006429223744292401
0.0 0.016779299847793184 0.5725905631659056 0.006867579908676191 0.009254185692541838
0.0 0.04950274667125498 0.6656667679514296 0.00669114311279273 0.00976119701160343
0.0 0.03484306078213102 0.6746885823941664 0.0064549851205768505 0.008895284373477707
0.0 0.12570393546620587 0.6583975314398559 0.007500761035007741 0.0076468797564686495
0.0 0.16217319743186032 0.6848059419026361 0.010005311092980662 0.007830243464071884
0.0 0.24360549550295688 0.7285716824330108 0.00806760225064096 0.008245564064993261
0.0 0.05149000707630229 0.5110892797334572 0.007026874625954349 0.009295969557252448
0.0 0.08651458529004508 0.5092227661609382 0.008417610229007976 0.007758840732824979
0.0 0.11872109399233644 0.533743630741092 0.009149576335877896 0.008344413618321056
0.0 0.23415906732845534 0.6945038823216636 0.008564003450382529 0.00827121700763378
0.0 0.7336441961347451 0.7076741097935362 0.008288052228092369 0.010267288581069423
0.0 0.7227583961933707 0.7119418381796431 0.008288052228092369 0.008906563588397632
0.0 0.39840295347238486 0.7309644122537879 0.007101091097396051 0.008298865499365959
0.0 0.3910879740889232 0.7304083027100159 0.007186646411822295 0.011635522761997308
0.0 0.29300414266286373 0.6939205599215589 0.007507061786294145 0.009664263449022669
0.0 0.18460551865878544 0.6265407271979198 0.008686061130453736 0.00998897030002226
0.0 0.16067222019572897 0.5707529763101332 0.007494982231605718 0.00900839210529547
0.0 0.18099418673746648 0.5863381878696904 0.009430891847093647 0.007889303756703114
0.0 0.24064057258648752 0.5820317606219424 0.009196797493234498 0.009345132936673651
0.0 0.19841891625761895 0.5583076555733271 0.009196797493234498 0.008010113945720576
0.0 0.24180703346360347 0.5399140605868583 0.008455120276038031 0.008603455719477182
0.0 0.18825793838202998 0.5185537567316045 0.008751791162916333 0.009493468380112802
0.0 0.1352406398040756 0.5061791460267837 0.0079356837079807 0.010239591881265043
0.0 0.14388228757927343 0.4763678734489879 0.007891705993619524 0.008229921964774789
0.0 0.18987805253949902 0.485424135955566 0.008063230653922204 0.007437635172152568
0.0 0.11462038260178957 0.45275010835258184 0.009611515231694767 0.007245603790046573
0.0 0.06908641722336277 0.39325768282291185 0.00593315450909202 0.008621615146024197
0.0 0.07594662712450066 0.3952508519158101 0.006674798822729144 0.00945596499886534
0.0 0.061672263813509785 0.3497869146547611 0.007433371185024384 0.009557191523603237
0.0 0.02178701605200679 0.30759704712321856 0.006258975035395764 0.010047302030503146
0.0 0.0025788470573420595 0.27511839201850086 0.005157694114684119 0.009967544046695665
0.0 0.00909030594813558 0.2558208042927186 0.006384365201024167 0.007886568777735904
0.0 0.08148804966570573 0.29218541662179653 0.00742732949416478 0.00733331266512458
0.0 0.13176300524678303 0.14100297831553696 0.008197063841828367 0.00879684900098603
0.0 0.1460221076388084 0.13265146739067735 0.008540059220300123 0.00791005485158891
0.0 0.1425839932449854 0.15431795913343133 0.009072363300809627 0.008631957315333238
0.0 0.20648746799555867 0.21599432633028376 0.00824448045476558 0.009743476901087077
0.0 0.18609990360629744 0.27596201082389965 0.008342712018580301 0.009249528542342133
0.0 0.20228657855539608 0.278637119568989 0.008614756975710236 0.00861475697570988
0.0 0.3654613260981968 0.6546134988526923 0.006755570743664663 0.009900405400198408
0.0 0.3313943805421872 0.7078317424501801 0.00745442288956113 0.009201553254301586
0.0 0.4973976246883559 0.7200722464660853 0.010464402147539431 0.007797005521695865
0.0 0.48339379240267777 0.7146861571254399 0.008925519478783173 0.008515150767115643
0.0 0.6925571603639117 0.6594729647749962 0.010935280850198837 0.014473165831145352
0.0 0.7231920280398366 0.6621263785107061 0.008523086545007885 0.009809590174443272
0.0 0.6973547657109591 0.7008643253046267 0.008645904247250513 0.005443717489009714
0.0 0.636848099411543 0.7174014972203706 0.01069687661806995 0.007081031000694437
0.0 0.6330062634430813 0.7095671650493902 0.0102448959158977 0.008587633341267064
0.0 0.6249503365585134 0.6401611773539291 0.007834332170980219 0.010244895915898056
0.0 0.6349692421233251 0.6264510960547132 0.010998197086184547 0.008738293575324718
0.0 0.5148391315817171 0.7108577359084673 0.010993099673262919 0.007066992647097692
0.0 0.4944375072465636 0.6836836375687373 0.009089962973019538 0.009583982699814798
0.0 0.4772673369665153 0.642599261653463 0.008312816283235946 0.009122028487791667
0.0 0.5138612335057268 0.6320250000946513 0.009399017857858637 0.006693239989687428
0.0 0.47018203649162765 0.5849865375673746 0.00725641478155623 0.010273126544676358
0.0 0.4813141422476736 0.6903336919107858 0.009048630092284071 0.00840229937140613
0.0 0.47438404062937706 0.6926676639583984 0.006535121733316629 0.010484920583122915
0.0 0.4283079334785949 0.654022230889405 0.007712985824362306 0.008957015796033474
0.0 0.41599203675904944 0.6444017324418138 0.007795921155806696 0.00696656784135925
0.0 0.6036975557025872 0.6906146355134636 0.008821389468609197 0.009541502894617793
0.0 0.5657125166102265 0.6657313162415152 0.007647601761549794 0.009320514646887901
0.0 0.5671988960677865 0.6094888527867874 0.007050132873927595 0.009678995979460935
0.0 0.5565639498681317 0.6174351889921471 0.0111129213097513 0.007169626651452532
0.0 0.5377152844616393 0.5977701182043249 0.008767393292664138 0.008767393292663784
0.0 0.6763687001519945 0.5938406727991513 0.008267729175180705 0.010391549513758846
0.0 0.7969962107444644 0.5828554911239682 0.00829834741261024 0.00945089566436117
0.0 0.7977613829435924 0.5664612072764482 0.00829834741261024 0.008528857062960072
0.0 0.8840835522908363 0.5475916735286557 0.007948170006149979 0.008891173227218375
0.0 0.8777519592350899 0.5374207102157007 0.00848702898961733 0.0074093110226822745
0.0 0.9009007045862163 0.5161717587742432 0.008047519160955119 0.00885227107705049
0.0 0.9189885642779224 0.46627587708236823 0.007269447556966924 0.007986153654132976
0.0 0.889397698901438 0.42651902351140053 0.009485465008911832 0.007078705230532378
0.0 0.9147808201988553 0.3235320941900646 0.007361853439753929 0.009910187322745045
0.0 0.9116907075735362 0.18869908395958568 0.00748944004181098 0.006808581856190798
0.0 0.9121964903880034 0.1761804236313571 0.007149010949000001 0.008737680048778174
0.0 0.9110617267453055 0.11785357239665598 0.00692205822046148 0.008510727320238587
0.0 0.8689622924375427 0.12908968954179975 0.010712908100578743 0.00836627108807093
0.0 0.874987854322255 0.16615126912789968 0.01040682501199015 0.008672354176658814
0.0 0.8630506138673241 0.23486692251589697 0.00816221569567901 0.008978437265247052
0.0 0.8397001040823934 0.255527034163884 0.009477459633822604 0.008019388920926573
0.0 0.8678701941506102 0.4640178149057862 0.0084276351931031 0.007131075932625919
0.0 0.8576317554068158 0.4533275552381125 0.009411859115030553 0.007280872145589967
0.0 0.8165795238401579 0.487457589293485 0.00852464391770127 0.009932383280257895
0.0 0.7924602627367694 0.48537873862824626 0.00949246847769487 0.008507400994160719
0.0 0.7521651746164235 0.5088385903246617 0.008687362039527358 0.008556725016376988
0.0 0.6660225250240792 0.7052135179082322 0.007586759731059089 0.011741413869497563
0.0 0.8940011967461825 0.41616520380643196 0.00939556866540343 0.008234318605634883
0.0 0.8625490914400362 0.38140822533097507 0.008513195880666301 0.008189909961147279
0.0 0.8355176015304643 0.39245937492989463 0.008174512376407251 0.009809414851689268
0.0 0.8161214067498517 0.43289641956753205 0.00998923078695597 0.01028594061231125
0.0 0.7510155672546623 0.48935859681494753 0.013104522511662253 0.011163111769193889
0.0 0.7271494997932294 0.4362292702886819 0.008056758871350666 0.009591379608751182
0.0 0.7445935625999202 0.42742803129105944 0.007212717465781537 0.008670607166310873
0.0 0.736268245099524 0.4138850032835036 0.0057548277652500705 0.009668110645620943
0.0 0.3989820403309022 0.5587829226542166 0.008585611722850928 0.008139605919066284
0.0 0.3550661473697311 0.5460085658361852 0.009428754339468525 0.008392627488977311
0.0 0.6034662180246094 0.5580528701797769 0.006578700735970955 0.008625407631606307
0.0 0.670452291528511 0.4753434955401241 0.010019884036947247 0.010390990853130333
0.0 0.8954140604511895 0.221650296795735 0.009772479492824716 0.007916945411908571
0.0 0.8033183281995647 0.06715319343846922 0.009003183114504053 0.00673408818320631
0.0 0.675053583096522 0.0015177736166965162 0.007269224868460355 0.0030355472333930323
0.0 0.7527160218093641 0.30190781183730236 0.009909362207013573 0.00971313721281497
0.0 0.7603413989626191 0.25387538759043854 0.009124462230219876 0.008732012241823739
0.0 0.768433319511647 0.12116890638827513 0.009333150769682419 0.00898747851895294
0.0 0.7309048188523288 0.11350023757732011 0.007948452699461228 0.007456795831453178
0.0 0.6726242454744916 0.12321712315251183 0.013256762814623357 0.0081013550533811
0.0 0.5733689345772799 0.11420654842351415 0.008433124853130636 0.009445099835506099
0.0 0.4898061933652002 0.016657889853206244 0.008916046539649614 0.007032374735498692
0.0 0.4902478120066707 0.05261264761906226 0.011050874584354631 0.007409109096328947
0.0 0.6915634719859718 0.3258929162401918 0.008693954655591796 0.009032680161653771
0.0 0.6538183612510867 0.4609614056154957 0.010229191258285652 0.010513335459904382
0.0 0.6147485335284681 0.45790685544809084 0.008808470250190225 0.01008711915747611
0.0 0.6224319858807675 0.5292847468630303 0.010320303840524759 0.007545838595725485
0.0 0.5747535958777987 0.5055674871200834 0.010426334359433298 0.0086591590442751
0.0 0.5714843215447563 0.5305730178295714 0.007775571386695645 0.00883587657579099
0.0 0.564592337815639 0.5339306509283723 0.00848244151275992 0.008482441512759564
0.0 0.5441797330411873 0.5037499483465986 0.00855240867366831 0.008947135227838387
0.0 0.5477980597877394 0.5334860154273541 0.006841926938935217 0.0060524738305961275
0.0 0.5015899621565125 0.5009529347830661 0.006973502456990843 0.008026106601442961
0.0 0.5664924089369621 0.24160369743941032 0.00967893304172165 0.008660097984698112
0.0 0.5518251909748401 0.18717768048938072 0.007316200393119488 0.008530663938672944
0.0 0.3739851618144513 0.12789674343114932 0.008708232480346823 0.007599911982848084
0.0 0.4012181797529898 0.13826745665774282 0.006808254484635512 0.009658221478202833
0.0 0.47946728192435834 0.08467564833846311 0.007741386475115064 0.008122110400120874
0.0 0.3185277027012162 0.17556864893215227 0.00820295002219069 0.007787610780561493
0.0 0.43310273372916797 0.18660017223395364 0.009260267496108554 0.007391222680380949
0.0 0.4569565689220713 0.22899989267193438 0.00890656358839692 0.009030265860458542
0.0 0.5181617681348307 0.30113561537963773 0.0069406046302113115 0.010765019426450806
0.0 0.478217880263 0.2703278295210449 0.007223894615118099 0.009773504479277762
0.0 0.44433295884962154 0.5235943066335272 0.009007762463547665 0.009886568557552166
0.0 0.4304917628690486 0.5152456487404831 0.008128956369542806 0.009007762463547309
0.0 0.4678737151384915 0.48335078590070835 0.00792441427124686 0.008452708555996936
0.0 0.4540500146875385 0.4944449658804535 0.008452708555996225 0.00845270855599658
0.0 0.4264906628330916 0.4992876634906601 0.007572218081413951 0.010741983789912268
0.0 0.35826413418792347 0.48667662114084254 0.008610058095562322 0.008892355082302572
0.0 0.35057154129926504 0.47587876139804663 0.0076220186419732276 0.009033503575671986
0.0 0.306833387272669 0.405559415483267 0.009547599133700402 0.008474835186094154
0.0 0.26261751726261406 0.4124237008494571 0.007425630991598098 0.008442840716475076
0.0 0.2984539320770633 0.3516483246254184 0.011181634334341339 0.007337947531911482
0.0 0.15957105862108562 0.32498262440525527 0.007628754349912015 0.009709323718070095
0.0 0.4693246037078115 0.389214485826875 0.009930087012219247 0.0074475652591644344
0.0 0.45838789133092916 0.3931845285187453 0.008863346782426618 0.009130031839874065
0.0 0.46648885463790035 0.35982142163900155 0.01191010472871028 0.009596631148313505
0.0 0.43815608111602666 0.3524248854855497 0.013649489086440526 0.010805845526758872
0.0 0.44435985803529227 0.30560937379599673 0.01202562305948902 0.009288757121812452
0.0 0.38900312709859153 0.33551021359466626 0.011792345227742373 0.01137491707808742
0.0 0.35264061443117073 0.300810351264848 0.00826418965357405 0.00826418965357405
0.0 0.3537196777074637 0.2579793846638152 0.00782923230338568 0.00989527971677937
0.0 0.5171304051904123 0.6447826636174151 0.007319661068702743 0.008929986503817489
0.0 0.6920735128628366 0.5704793605609979 0.008106869476279144 0.007740752790254391
0.0 0.7434654708782432 0.5298788995374265 0.00836853093653218 0.007232063772312003
0.0 0.6353027501842543 0.1703959124999736 0.006773003650638288 0.004334722336408703
0.0 0.3745628957780479 0.506096753289685 0.008051627175572663 0.006169428615049455
0.0 0.10994875980084054 0.49768759442493166 0.0059580096160310346 0.010261016560942337
