0 0.2934308582863286 0.08003029370689414 0.0036199361467066636 0.0072335931327079
0 0.3146497615861498 0.1762040641422905 0.0034481692967770847 0.004763703868034561
0 0.3490037445799649 0.17677117174562798 0.0034481692967769815 0.004083174744029634
0 0.33993633642918103 0.18868043141571444 0.002681909453048803 0.005217389950704572
0 0.42186228472112297 0.09585631310097696 0.0030650393749129972 0.005126761133243565
0 0.4443073207782449 0.09023353245084059 0.002144795233545409 0.0024339509174357765
0 0.7694225315965059 0.08822287734513277 0.00238310581505047 0.004762077881939533
0 0.7693331651284417 0.1635166198562436 0.002323528169674205 0.0046562539290075835
0 0.6894395426788745 0.15473323176288825 0.0025618387511792927 0.0044446060231437545
0 0.49517837786427277 0.1646875674746431 0.003244002790737608 0.005121879321908333
0 0.4359573046955881 0.17787640672855656 0.0025952022325900883 0.004609691389717471
0 0.40038140742383405 0.17870871211836709 0.00309982488892679 0.0047377383727652145
0 0.3008265662236467 0.10623411971336452 0.002523113281684708 0.003201174576192684
0 0.33809655384167475 0.23184821008316583 0.0038207143979796855 0.005762114237146854
0 0.3790070334804194 0.22736656567649607 0.0025952022325899547 0.0055060202710514265
0 0.604032693731241 0.22013191113430036 0.002811469085306166 0.00512187932190865
0 0.7738382175886209 0.19797978306704714 0.002018490625347766 0.004097503457526663
0 0.6742513470729051 0.18440045763597063 0.0030277359380215785 0.006786490101528493
0 0.7100074667219225 0.1809431890936826 0.002162668527158189 0.00422555044057436
0 0.6587297469418542 0.17814725743029747 0.00291477444383176 0.005664604863731135
0 0.5763351655497544 0.2710747434622904 0.0031412287486391934 0.005021606963999794
0 0.5652209442919001 0.27876779308448024 0.002589870095419329 0.004600220256217469
0 0.6597967751421756 0.3122318482100919 0.002444113676306472 0.006201889244301171
0 0.6895615379726582 0.2750056833853555 0.0029318944839164373 0.005602261729839242
0 0.710114085530501 0.26311821738454666 0.0038193076498858145 0.004998730494249415
0 0.775241618127352 0.2697618148671598 0.0023626028961010095 0.005060533645727467
0 0.7707596214568074 0.27364978583887717 0.0025710678575217114 0.004443395396248491
0 0.7373009951487893 0.25914703697612174 0.0033354393827308114 0.0043199677463527306
0 0.7320458921183401 0.31207473345036674 0.0029179765845174853 0.006186178934852255
0 0.7250333354878051 0.2871628236856912 0.0033886179691175757 0.004848626732722039
0 0.781086724393624 0.31717415122098813 0.0031062331383577657 0.004012656606390656
0 0.7829669549338014 0.3388681578943907 0.002570640243602895 0.004642164561330446
0 0.7653259863895603 0.349451674012114 0.0031050313640436076 0.005270145168028504
0 0.7473935845801841 0.2939302557206929 0.002305597235537533 0.003943607388066503
0 0.740647577853982 0.3019691477040592 0.003330307117998643 0.0045503162169997675
0 0.7441059737072883 0.2812652089167102 0.00307412964738333 0.004095284595299802
0 0.7568721509929489 0.28983497112539314 0.0029887371571781784 0.004550316216999803
0 0.7568294547478465 0.25426666602917813 0.0022202047453323812 0.0037919301808331694
0 0.7681439597000209 0.25745188738107805 0.003159522137588654 0.0034885757663666605
0 0.7730967241319164 0.27474308900567723 0.00213481225512723 0.00500534783869977
0 0.7682720484353286 0.27724576292502706 0.0034156996082036527 0.004550316216999803
0 0.7320229363432678 0.16894823696043212 0.0031595221375883397 0.004853670631466436
0 0.7232275098521436 0.18479850511631468 0.0021348122551273717 0.0034885757663665018
0 0.28176459031568596 0.28646308384379177 0.002163129505326644 0.0055170457603776766
0 0.2973224832963047 0.2856749344494521 0.002773242955547026 0.004728896366037993
0 0.28063837617412957 0.3688333718669064 0.002712780228999847 0.005656544196341571
0 0.2731487438027602 0.3986873551253751 0.0030666211284347254 0.0046090360118338225
0 0.3222716958214839 0.40718608381111365 0.0028453296419424135 0.0036236059181877778
0 0.2878931822402901 0.48812393299962026 0.0026189430801850833 0.005685607565809789
0 0.2705273118328199 0.5337045833506234 0.0027461671666551266 0.004877840726200801
0 0.2719359344313913 0.5700105305760425 0.0031384767618915176 0.006503787634934497
0 0.28628792712379103 0.5638551601358366 0.002680782234115604 0.005342396985839031
0 0.2990379889689761 0.5889992676887537 0.0033346315595096983 0.0036003110121967975
0 0.2858302325960152 0.646778452481251 0.0026807822341156752 0.0039487282069244145
0 0.29351296216939543 0.6591472628941176 0.0022230877063398324 0.004993979791110377
0 0.2744532543341585 0.675929357773547 0.003073091829352237 0.004181006336743568
0 0.27085708304449113 0.7710472519344633 0.003203861694430934 0.0048778407262008725
0 0.2706609282468729 0.7749379106089335 0.003203861694430694 0.004064867271833013
0 0.2754013358559798 0.8338204165180718 0.0027461671666551266 0.005226257920929385
0 0.2585974081933524 0.9115174509425568 0.0026153973015762945 0.004529423531472219
0 0.28540523053450895 0.9407844952997622 0.002746167166655056 0.004993979791110377
0 0.305674559621725 0.9566955471923694 0.0020923178412609643 0.005226257920929385
0 0.35334017544295243 0.9105302688908266 0.0020923178412611864 0.005574675115658187
0 0.396101921323724 0.9237120527580589 0.0022230877063397258 0.005226257920929669
0 0.4013981008594161 0.9154081096170268 0.0030077068968127206 0.00418100633674379
0 0.38286147248449426 0.9465914485452391 0.0032038616944308983 0.004761701661291227
0 0.34895938496281204 0.9436299023900457 0.002484627436497533 0.005342396985839173
0 0.26928784466354555 0.9313772310420894 0.0021577027738002336 0.005458536050749196
0 0.31990016050609144 0.8360363267019486 0.0031638199091140956 0.004902283222831869
0 0.3274731336928006 0.8441669427788407 0.0033657658607596373 0.004184875921929745
0 0.3603230084938149 0.8483518187007707 0.0029618739574684837 0.005141418989799433
0 0.3728773151544484 0.8499659851278005 0.002625297371392463 0.005260986873283144
0 0.36789598168052406 0.8655695939224245 0.0022214054681013807 0.004902283222832153
0 0.3585054949290046 0.8699936056113216 0.002961873957468555 0.005380554756766856
0 0.3681652429493849 0.8833254246197552 0.0020867748336709725 0.0047827153393483
0 0.37839717116609406 0.8853580786389779 0.0032984505435444313 0.004543579572380904
0 0.410203658550273 0.9413756320510954 0.0028272433230380044 0.004184875921929745
0 0.4262583617060966 0.9270274860330505 0.0023560361025317176 0.005141418989799576
0 0.42447450579989376 0.9017388786762465 0.002423351419746725 0.0059783941741854375
0 0.4481694974596415 0.915250049509904 0.003231135226329194 0.004782715339348973
0 0.46678218266964294 0.9365929167117472 0.003029189274683617 0.004902283222832153
0 0.4863709399792641 0.9199131969657696 0.0023560361025317176 0.005978394174185268
0 0.5786602398812939 0.9326471765567849 0.001952144199240493 0.006815369358571246
0 0.5850215373581297 0.9320493371393662 0.003096504591898963 0.004663147455864589
0 0.5697073026916732 0.9142337225002936 0.003029189274683759 0.005141418989799433
0 0.5754964199721795 0.9057444027729499 0.002759928005822784 0.0056196905237344144
0 0.5675868701993946 0.8933691268323867 0.0025579820541771882 0.00573925840721813
0 0.561292888039774 0.8941463180750308 0.002625297371392463 0.005380554756766997
0 0.5510946174816723 0.8712490683879007 0.0026926126886077386 0.00502185110631558
0 0.566644455758382 0.8749556727758957 0.002557982054177259 0.005500122640250567
0 0.5608553384778753 0.8608466625248181 0.0026926126886076675 0.0047827153393483
0 0.5546959869526852 0.8521182070305073 0.0023560361025317176 0.005260986873283002
0 0.531505860172051 0.8617434216509459 0.0025579820541773296 0.005619690523734413
0 0.5048153368962269 0.8508029603121866 0.0027599280058229424 0.005739258407217989
0 0.5047143639204037 0.8609064464665603 0.0026926126886076653 0.004902283222831491
0 0.5071478828031069 0.873331947178392 0.0024740454412214064 0.0063857408786428494
0 0.4956087802374097 0.8969866539815368 0.002512702401240574 0.005218454911579187
0 0.3378297361978834 0.7672245258038957 0.0022302092318703614 0.004436743042233218
0 0.35147861669692987 0.7488965515699085 0.002884403939885658 0.004753653259535611
0 0.3311391085022724 0.7395212909747133 0.003122292924618506 0.004383924672682866
0 0.32440387662202397 0.7380687858120774 0.0030330845553437056 0.004964926737737301
0 0.3338153595805167 0.7254716046743077 0.0024086259704198263 0.0050177451072878155
0 0.3093695052504718 0.724903407873939 0.0022556965048188358 0.005559225661832698
0 0.31601049222229105 0.9391898612385196 0.0028930262286268518 0.005633534560417104
0 0.703913680465229 0.9319834775018592 0.00267449154433379 0.004781781385331527
0 0.7010104495124984 0.9336086581034096 0.002744872900763511 0.004094204976983349
0 0.6985403363772165 0.9317119791522168 0.002341599066963369 0.0058537344058132105
0 0.7570351737446243 0.8995987003053761 0.002684278840734322 0.004487447020722612
0 0.7720750301905036 0.8921663661773043 0.0023684813300597794 0.0044874470207227546
0 0.7723809590289696 0.8879243264155275 0.0028619149404887877 0.003646050704337114
0 0.7799321486355199 0.8804913158382455 0.002581267899578279 0.005556326474356581
0 0.7887259596154391 0.8717488441128595 0.0024062666860474734 0.005245483035231757
0 0.686354193005121 0.9309082078320567 0.0030683910769347734 0.0037995585227042737
0 0.6670702719128121 0.9334817296172119 0.0031841930826784904 0.004450527018606039
0 0.6353739653461475 0.9237381946856074 0.0023135464231354066 0.005461181934230126
0 0.6038765077135024 0.9118379225007521 0.003205510714714208 0.004485979514234231
0 0.627212563587222 0.9127057475214067 0.0027352651253991665 0.00525624610454912
0 0.6550257828274968 0.9229068853235904 0.0026027397260274653 0.00556932415074968
0 0.4719475932974687 0.8731249754094691 0.0024703856106871314 0.005606873075349625
0 0.46502201294076984 0.8675890638489485 0.002676797009749876 0.0040707388379091465
0 0.4481158746812814 0.8814665595235218 0.002146118721461292 0.004758257526853953
0 0.33984560786612183 0.8836286603219531 0.0018756631488550113 0.0032909907181399942
0 0.3934854523766398 0.8422715859710022 0.002486451325518857 0.005413803764574112
0 0.43946447016097706 0.8717169563195196 0.002937520369980149 0.005661791212630902
0 0.4285997879266037 0.8555935838718017 0.0027688246128311535 0.004298158927285982
0 0.42577071551341333 0.8453765695635633 0.0028376435131679044 0.004840311428510518
0 0.42286067720376636 0.833430727783541 0.0021798474128821256 0.005510044618005025
0 0.42762280539806263 0.8344433846322552 0.002481672439281077 0.0036038670204249276
0 0.4595158856055566 0.8506637924629297 0.002853646262410123 0.0033037381583396553
0 0.45103142613695907 0.8478312694701323 0.002508775747536234 0.00441413815272881
0 0.4485812573155502 0.8353557057164249 0.002771916554891476 0.005086340613793965
0 0.35665775088668267 0.7219187499146636 0.0024353884812024517 0.005355782672410072
0 0.35474423136573796 0.7141253994875026 0.003479126401717707 0.005973757596149625
0 0.3263946958446424 0.6656940053591586 0.00303635810899479 0.0044382268282966205
0 0.3284237480002376 0.6383943498895392 0.002863457356396566 0.004134217740360455
0 0.33261962314147425 0.6326123157344482 0.0023135464231354773 0.004298653106646526
0 0.35542707446891325 0.5946075477971334 0.0022522034057546846 0.005219330008825978
0 0.37345094137292995 0.32449858416494165 0.0018721461187215028 0.0039471909029584395
0 0.4242884413593596 0.2865491000000651 0.0026744915443337194 0.004938048750865391
0 0.46085300564740095 0.25160678535235326 0.002938290329833535 0.0037896626352019068
0 0.4490481060816144 0.3136778143941438 0.0026636225266362602 0.004623079756204795
0 0.4439704457372311 0.37477895832233815 0.002005868658250165 0.0041254584500901356
0 0.4016074660889338 0.6028816568965248 0.0021061230944403064 0.004953323326669264
0 0.39788614892371954 0.6329628724338286 0.002887969681611153 0.0035709621328956585
0 0.3729211799774442 0.6746387196895849 0.002448938044269937 0.0037620684857193965
0 0.38060947073468054 0.727001511619093 0.0033920605591858787 0.0037700916637389524
0 0.3859016060905759 0.739896727779971 0.002480974124809805 0.005542288596619898
0 0.40870298904271374 0.7463229628671251 0.0026842788407347145 0.0047328542796682875
0 0.4128992477609373 0.7331838492432268 0.0023121742348978813 0.003458498440184883
0 0.4522029011717666 0.8272581249168889 0.002973612309160458 0.003591649129426884
0 0.43800492592344836 0.7733249577530178 0.002833717295401059 0.004292243599872307
0 0.441264570051594 0.7665005992237238 0.0023643285409481506 0.004971591507765965
0 0.44811416891287037 0.7641228815460969 0.0017384768683442785 0.0049098326070482305
0 0.4680568042901125 0.8221369040044155 0.0018651059453905106 0.0045630070735846575
0 0.48247323972211265 0.8143794606989713 0.0021118259924739393 0.005203140312822683
0 0.4943069197262715 0.8506780972394822 0.003668188736681941 0.003730906469919688
0 0.4897864766154128 0.8338221842761022 0.0019213850437847669 0.004992848430889012
0 0.5253136479634765 0.8214198429725736 0.002424637729007699 0.004794282774574299
0 0.49098040979291147 0.7893469062522717 0.002221147586071339 0.005771801584363629
0 0.5952835963582674 0.8937255566448826 0.0025232599093787654 0.00468021922602901
0 0.5839552590965883 0.876855551075381 0.002029009592191926 0.005484347357303108
0 0.5834038977943622 0.8723897253701485 0.0025142075381510407 0.004700869163402785
0 0.6632924024857565 0.921991896958958 0.003517783361736946 0.00439448834659288
0 0.6660563751271212 0.916327126824678 0.0023194176011450906 0.005836429835318597
0 0.6997440980954349 0.9100975997849647 0.0030544316691673147 0.00584272898914989
0 0.7025048344117977 0.9009161685163007 0.0029369535280456206 0.004799384526801731
0 0.6974826438788396 0.895855947873912 0.0029956925986064677 0.005529725650445414
0 0.69234297520476 0.9063937269436289 0.0022320846813146033 0.005947063435384763
0 0.6912269328641025 0.8983599745835477 0.0023495628224364396 0.005321056757975811
0 0.6722828450556259 0.8912680781609515 0.0027938367579309884 0.0049625131658654455
0 0.6637461216286146 0.9006876633368998 0.002897312193410073 0.006340989045272494
0 0.6542105442158507 0.9008976885039863 0.002862638905595247 0.00481232618896243
0 0.6491753668551162 0.903258452294798 0.0027092832499383233 0.005901909477029506
0 0.6400984667891109 0.8972235864478609 0.003074113805931944 0.004472287749648558
0 0.614155738954035 0.8951898082782478 0.0029552502783216994 0.005033500218609817
0 0.5966988688552395 0.8843946918600958 0.002507784335405958 0.005359219950078256
0 0.5910066370077 0.8652119635185161 0.0025638682943029067 0.005955276438351262
0 0.6106300904910179 0.8669197266148082 0.0027610889323262454 0.004641612518126976
0 0.5726734726483695 0.8422618804176513 0.0029063536928125443 0.0039756181108049305
0 0.7843038894993402 0.8501862112425677 0.0033258485868353205 0.004758812741382599
0 0.7807470792050857 0.844771010536856 0.0029563098549647295 0.004922909732465115
0 0.7726403232746748 0.8501041627470266 0.003372040928319109 0.004922909732464831
0 0.772044574956254 0.836427419495184 0.003287671232876761 0.004514937539685491
0 0.7839023371200318 0.8149131254715587 0.003945336111891038 0.004694577561646014
0 0.7827564830829526 0.7824022442459417 0.0022983257229833498 0.005839679692048065
0 0.7822441784760342 0.7986520511330605 0.002319417601145233 0.0054931104332411
0 0.7799827463149177 0.7967294624814261 0.0028219580813932054 0.00439448834659288
0 0.777048432464241 0.8120489286328649 0.0028352695255257744 0.0043843759719655396
0 0.7723118645510099 0.8145669824005478 0.004036089559866127 0.004680617591692879
0 0.768720331671929 0.8241118382984394 0.004222015251693278 0.004146669048181053
0 0.7603665534453063 0.8240834606243643 0.0041035597057788205 0.004859260062118977
0 0.7556071439694196 0.8283093819347909 0.002634571520259357 0.005587606605471649
0 0.7379861926242619 0.8303344986835418 0.002389148655981899 0.0048142720153191475
0 0.7213782221202376 0.8686525033433011 0.0024138432238378017 0.005145066007722363
0 0.7045292813567327 0.8655173707491589 0.0030632372315068323 0.004009181444367584
0 0.6920372005497358 0.8578182914690818 0.0030065201693250288 0.004344641961652371
0 0.6570407194275643 0.8778317872709698 0.003008712910067288 0.0038110163896332948
0 0.5071696718779636 0.2884586722963761 0.0030192310649608343 0.004178047255992076
0 0.5022463195388527 0.3196411409367294 0.0025399710800888186 0.004387415691290499
0 0.477813068483334 0.33144650395405 0.0024629960579334665 0.004114453580774721
0 0.5742432074194318 0.32737689708011275 0.0028009390926150247 0.0041947162602597385
0 0.5634555807977261 0.3380160893441827 0.002251735348965056 0.00585309245617637
0 0.5332493748969755 0.3519659596980695 0.002800939092614946 0.004292267801195918
0 0.48801524673193597 0.3707103069052242 0.0023942755848193544 0.004520992748488197
0 0.5107039020212727 0.3866961890490302 0.002243867377628632 0.005373893669917962
0 0.42762560155353724 0.6310749181131623 0.003241237416984859 0.006549477824248981
0 0.4370055988716947 0.5712818348550537 0.0027092846270929272 0.0037579420240494697
0 0.4699041404485357 0.49258472801663744 0.0022764346345476127 0.005798204814316464
0 0.47107163876227626 0.509135787215009 0.00287775699084321 0.0034331475874240878
0 0.422010709684719 0.6332333601067949 0.0022499449653048485 0.003746655969978718
0 0.5124434159150333 0.43914212389593843 0.0021958983206108182 0.005931909195659911
0 0.5378982985050486 0.4214243539312805 0.002283105022831009 0.0049204708516331404
0 0.48412213246282265 0.566105075416821 0.001452294061817625 0.0024307928095856825
0 0.48616940155942956 0.5262666432753121 0.0029883743195093615 0.003819817272206265
0 0.5075380303867856 0.5361906290519426 0.0026492082460152487 0.003999775988433072
0 0.5212669547863432 0.47880523086493276 0.002572298325722997 0.003893119794698805
0 0.4852410482485118 0.5169982085668445 0.002517573882113808 0.004580873543965751
0 0.5204976973497145 0.5308458026769245 0.002724505327245126 0.0035686931451405714
0 0.45455557216097653 0.683041893656119 0.0027092846270929272 0.004190510890127115
0 0.46603852217353503 0.7538285604563066 0.002408625970419962 0.0049121083681868075
0 0.47258891843948647 0.7068209473650089 0.002946337876596701 0.0040233584977058005
0 0.49203069389155885 0.7566814201628095 0.002644249105546734 0.00435522400971621
0 0.4909744000232611 0.7388971841138874 0.002303475938405697 0.004008859768718623
0 0.5052435312024354 0.7618889509333735 0.002146118721461221 0.005136755284671893
0 0.5154696083347672 0.8135531062349652 0.0020909822227477416 0.005418183943994991
0 0.5108884564944159 0.8185608783454176 0.002017182850180319 0.004937538594124646
0 0.5392824798331893 0.8095181440776303 0.002343987823439875 0.00424458199838682
0 0.5506791241974563 0.8241767587317321 0.0031266597165565463 0.0043463623738126955
0 0.576126717344674 0.8484699711683669 0.002521125703325211 0.004576895925061279
0 0.5160906272113445 0.7277512047089442 0.0021958983206108226 0.005159948409923216
0 0.5270358079031391 0.7267151520754557 0.0026305031965649307 0.004306728594109188
0 0.5371003418726051 0.7403260396134422 0.002859242604961807 0.004631764714419262
0 0.5731747085401423 0.8295598306035253 0.0026762510782444337 0.004591135199380432
0 0.7292638112921078 0.8368702777691788 0.0025900163212787676 0.005699102074487712
0 0.7258619988104283 0.839239181643514 0.0025900163212787676 0.004943799389917132
0 0.6245009229601203 0.8497981126126837 0.0022190909679361682 0.004606482150558691
0 0.6222149919027885 0.8494894308190895 0.0022458270036943874 0.006458572912123373
0 0.5915637945821449 0.8292360436685149 0.0023459568082169115 0.005364378670749801
0 0.5576892245808704 0.7918352692165384 0.002714394103266784 0.005544614910680252
0 0.5502100688111653 0.760868954760178 0.002342181947376787 0.005000321723667866
0 0.5565606833554583 0.7695198961288828 0.0029471537022166673 0.004379145190190741
0 0.5752001789332774 0.7671295115334286 0.002873999216635781 0.005187237709862274
0 0.5620059113305059 0.7539608842731391 0.002873999216635781 0.004446203751310662
0 0.5755646979573761 0.7437510830664261 0.0026422250862619024 0.004775552177333395
0 0.5588306057443844 0.7318945397295983 0.0027349347384113543 0.00526957481636785
0 0.5422626999387736 0.7250257185231064 0.0024799011587440132 0.005683728364275566
0 0.544963214868523 0.7084782645336967 0.0024661581230060394 0.00456821340629304
0 0.5593368914185934 0.7135051578591173 0.0025197595793505913 0.00412843582842811
0 0.5358188695630592 0.695368663786342 0.003003598509904535 0.004021844254666007
0 0.48328490291864074 0.6672242626327738 0.002513602303978715 0.004132661774009563
0 0.4759840121100609 0.6447070571060042 0.0027604484568360733 0.004139071406877832
0 0.45992295201468797 0.6168815053992392 0.0026389243477859736 0.004487037984875926
0 0.5215895053823009 0.6623459817924229 0.0018541107840912474 0.004785631997793161
0 0.5237333209764065 0.6634523375768591 0.0020858746321027865 0.005248757674999069
0 0.5192725824417218 0.6382165007623999 0.002322928495320227 0.0053049458587216235
0 0.5068084425162521 0.6147980140146226 0.0019559296985610787 0.0055769933213547776
0 0.5004462863672993 0.5967699660813881 0.0023309860870791253 0.005532721760524879
0 0.5028407206087924 0.5860583822613529 0.001995114125320114 0.004377627075239445
0 0.6049513432868919 0.38490832962988114 0.0023491537242367145 0.004806471629085891
0 0.525465015520533 0.6062434229297049 0.002321040466926405 0.004070529146296309
0 0.5411759391396197 0.5223260243902373 0.0025615824505713647 0.004882899705664485
0 0.5456319086371276 0.5176903201474705 0.0026687685063436816 0.004390663577638279
0 0.5445574978890579 0.529716820334255 0.002835113531502955 0.00479137266419194
0 0.5645273337486121 0.5639517509552312 0.0025764001421143233 0.00540834797631895
0 0.558156219876968 0.5972382367105774 0.0026070975058062407 0.005134170222982636
0 0.5632145557985613 0.5987231192750676 0.002692111554909502 0.0047818252076794465
0 0.6142066644056865 0.8074177270301154 0.0021111158573953047 0.00549545486220893
0 0.6035607439194335 0.8369577755144104 0.0023295071529877732 0.0051075404013469945
0 0.6554367577151112 0.8437521576221115 0.003270125671106001 0.004327912865468733
0 0.6510605601258368 0.8407624809716232 0.0027892248371198035 0.004726536418867226
0 0.7164241126137224 0.8101150888603621 0.0034172752656871806 0.008033674008615037
0 0.725997508762449 0.8115879290952749 0.0026634645453148665 0.00544504571695029
0 0.7179233642846747 0.8330903453555604 0.002701845077265688 0.0030216645212195205
0 0.6990150310661072 0.8422696949011598 0.003342773943146824 0.00393049422414947
0 0.6978144573259629 0.8379210629935904 0.003201529973718067 0.004766769590989526
0 0.6952969801745355 0.7993956231626319 0.0024482288034313624 0.0056866724945140844
0 0.6984278881635391 0.7917855173243854 0.003436936589432662 0.004850397127673744
0 0.6608872286192866 0.8386374249622022 0.0034353436478947686 0.00392270190298575
0 0.6545117210145511 0.8235537970893251 0.002840613429068668 0.00531981693658409
0 0.649146042802036 0.8007489396862241 0.0025977550885112545 0.005063398293310219
0 0.6605816354705396 0.7948794449788178 0.0029371930805808686 0.0037152416248048326
0 0.6469318864036336 0.7687696305664525 0.002267629619236402 0.005702342574668506
0 0.650410669452398 0.8272450674960129 0.00282769690383887 0.004663895574761483
0 0.6482450126966803 0.8285405940445577 0.0020422255416613667 0.005819903879617243
0 0.6338462292120609 0.8070895297217859 0.0024103080701131318 0.004971804084528628
0 0.629997511487203 0.8017494438532183 0.002436225361189699 0.003866958732411092
0 0.6886554861570585 0.8274010119068662 0.0027566842089403565 0.005296237513057633
0 0.6767851614406958 0.8135889352945097 0.0023898755504842485 0.0051735727441528925
0 0.6772496550211833 0.7823702218417554 0.002203166523102453 0.005372556311235997
0 0.6739262343337912 0.7867810242454243 0.00347278790929721 0.003979671341656257
0 0.6680360263942623 0.7758654602348378 0.0027398104039575346 0.004866549616049269
0 0.7113652187974983 0.7736843283533884 0.0025836653672439524 0.005768076052736859
0 0.7490613158576451 0.7675867426880656 0.0025932335664406027 0.005245943820634124
0 0.7493004321698726 0.758486706554143 0.0025932335664406027 0.0047341444234990605
0 0.7762761100908864 0.7480127242483431 0.002483803126921913 0.00493525660487407
0 0.7742974872609656 0.7423670897988278 0.0026521965592554864 0.004112713837395176
0 0.7815314701831926 0.730572355260638 0.002514849737798528 0.004913663043636092
0 0.7871839263368507 0.7028764625608982 0.0022717023615521723 0.004432904023109359
0 0.7779367809066994 0.6808084779248017 0.0029642078152849294 0.003929203250252107
0 0.7858690063121423 0.6236431398800012 0.0023005791999230495 0.005500884550352794
0 0.7849033461167301 0.5488008792143407 0.0023404500130658336 0.003779264863800549
0 0.7850614032462511 0.5418520998474142 0.002234065921562518 0.004850056575210857
0 0.784706789607908 0.5094763975141889 0.002163143193894115 0.004724081079750917
0 0.7715507163867321 0.5157132708644856 0.003347783781430849 0.004643897221479136
0 0.7734337044757047 0.5362851797414188 0.003252132816246984 0.004813795900313735
0 0.7697033168335388 0.5744274331397867 0.0025506924048997346 0.004983694579148335
0 0.7624062825257479 0.5858953181829017 0.0029617061355695284 0.004451352046307875
0 0.7712094356720657 0.7016230715869065 0.0026336359978446923 0.003958272850720448
0 0.7680099235646299 0.6956891893776167 0.002941205973447154 0.004041420792001418
0 0.7551811012000493 0.7146338743693238 0.0026639512242816465 0.005513204943074612
0 0.7476438321052404 0.7134799589957308 0.002966396399279603 0.004722234723558359
0 0.7350516170676323 0.7265019061645998 0.002714800637352397 0.004749613192091289
0 0.7081320390700248 0.8355044678762087 0.0023708624159560544 0.006517350283155565
0 0.779375373983182 0.6750613446974124 0.0029361152079385986 0.004570653866094006
0 0.7695465910750113 0.6557686593337589 0.0026603737127082637 0.0045460037945657915
0 0.7610992504782701 0.6619028620599589 0.0025545351176272393 0.005444948399896816
0 0.7550379396093286 0.6843484028822381 0.0031216346209237147 0.005709455326868351
0 0.734692364767082 0.715689073687395 0.004095163284894454 0.006196349984634963
0 0.7272342186853842 0.6861983807326595 0.0025177371472970833 0.005323922766349227
0 0.732685488312475 0.6813130442552281 0.002253974208056633 0.004812826180779694
0 0.7300838265936013 0.6737956653091434 0.0017983836766407538 0.005366514148479951
0 0.6246818876034069 0.7542246925400682 0.002683003663390835 0.004518081342760212
0 0.610958171053041 0.7471339827711696 0.0029464857310838965 0.004658526966995282
0 0.6885831931326905 0.7538194595967539 0.002055843979990897 0.004787737106876051
0 0.7095163411026597 0.7079096592763915 0.003131213761546121 0.005767765954903296
0 0.7798168938909967 0.56709123152582 0.0030538998415076436 0.00439448834659288
0 0.751036977562364 0.4813339495235215 0.002813494723282588 0.003737915383566417
0 0.7366685015318026 0.4335034352166815 0.003517178067046132 0.004386428788604278
0 0.7189407792365925 0.4213612501320673 0.003295692620004047 0.003988390211084436
0 0.7056856000509244 0.37652308016997726 0.004567544336899232 0.0043008866893767105
0 0.678776701950064 0.3790618167125184 0.00315063601272044 0.005596272813574643
0 0.6819830256809299 0.3941012548895524 0.0029450512651925465 0.004483804974189951
0 0.6526039594979693 0.38341147354165583 0.00398612703375207 0.004608875807111659
0 0.6319862666680517 0.37819519511666244 0.002770592296930445 0.0039015121236570137
0 0.6338795801596412 0.39209563278167237 0.002204798539685697 0.005729317486313192
0 0.7159430736912562 0.4249333652016263 0.0024386645928200384 0.005637070455619047
0 0.7109542447176631 0.4432814193547647 0.0022716327713938255 0.004925019450698755
0 0.6875725077437634 0.4307424389721069 0.0027960740765041693 0.004147272792653141
0 0.7352237568154263 0.611640069016369 0.00309667568969175 0.005391507212663953
0 0.7376066871758185 0.5849785325740509 0.0028513944469438003 0.004846910524516162
0 0.7401354123473897 0.5113166522883748 0.0029166096155256583 0.004988713141483032
0 0.7284077558913528 0.5070599757584431 0.0024838914685815896 0.004139071406877761
0 0.7101950767107786 0.5124535635885582 0.004142738379569835 0.004496849292423093
0 0.6791777920554 0.5074520303478309 0.00263535151660335 0.0052427267083468366
0 0.6530644354266251 0.4533053334831327 0.002786264543640584 0.0039034864099905062
0 0.6532024412520846 0.47326287465411954 0.003453398307610911 0.004112601753382918
0 0.7161135849956162 0.6249535701593433 0.002716860829872445 0.00501380338547996
0 0.7043182378909646 0.6999265391100756 0.003196622268214213 0.005835676230996398
0 0.6921089167276463 0.6982310385835023 0.002752646953184552 0.005599094762172285
0 0.6945099955877398 0.73785103034895 0.003225094950164078 0.004188496705346404
0 0.6796104987118121 0.7246862027379474 0.0032582294873229473 0.004806471629085907
0 0.6785888504827363 0.7385661157076546 0.002429866058342469 0.00490456288682239
0 0.6764351055673872 0.7404298496046473 0.002650762972737368 0.004708380371349534
0 0.670056166575371 0.7236773347283808 0.0026726277105214536 0.004966319640777499
0 0.6711868936836686 0.7401830441227291 0.0021381021684172196 0.0033595691687611407
0 0.6567468631739102 0.7221247860027427 0.0021792195178096563 0.004455080854226736
0 0.6770288777928006 0.5781668398622919 0.0030246665755379355 0.004806992810240019
0 0.6724453721796375 0.5479563881294047 0.0022863126228498606 0.004735147372724009
0 0.616870363067016 0.5150510978282182 0.00272132265010832 0.004218511421528888
0 0.6253806811728093 0.5208076082055121 0.0021275795264485723 0.005361024931526327
0 0.649833525601362 0.49106020376115905 0.002419183273473493 0.004508370039963055
0 0.5995399070941301 0.5415125197888789 0.0025634218819346444 0.004322698091551871
0 0.635344604290365 0.5476358284733134 0.0028938335925339943 0.004102673473932157
0 0.6427989277881473 0.571170799054673 0.002783301121374109 0.005012463270332504
0 0.6619255525421346 0.6112114430554798 0.0021689389469410967 0.00597537938675508
0 0.6494430875821875 0.5941108507315427 0.0022574670672244677 0.005425015495869729
0 0.6388540496405067 0.7346924165181764 0.0028149257698585474 0.00548777439447818
0 0.6345286758965777 0.7300582959183948 0.0025402988654820292 0.0049999722260800185
0 0.6462105359807786 0.7123542957297947 0.002476379459764644 0.0046918763884110605
0 0.6418906295898558 0.7185123834895839 0.002641471423748752 0.0046918763884109165
0 0.6332783321353411 0.7212004376704445 0.002366318150441913 0.005962592910272235
0 0.6119575419337261 0.7142003794710661 0.0026906431548632524 0.0049359126215729535
0 0.6095536066560203 0.7082067712877276 0.0023818808256166335 0.005014260440962772
0 0.5958854335227091 0.669174350311614 0.002983624729281473 0.004704158299306442
0 0.5820679741445669 0.6729845347299676 0.0023205096848744945 0.004686399010012252
0 0.5932668537740823 0.6392497205206139 0.003494260729481695 0.004073101839048902
0 0.5498659558190893 0.6244482910835762 0.0023839857343475046 0.005389390441946986
0 0.6466639386586911 0.6601017093921943 0.0031031521913185145 0.004133947758772933
0 0.6432462160409154 0.6623053757606219 0.002769795869508408 0.005067840743728875
0 0.6457777670743439 0.6437863918898188 0.003721907727721998 0.005326837757953626
0 0.6369237753487583 0.6396807690466191 0.004265465339512653 0.005998040882155823
0 0.6388624556360288 0.6136947087852888 0.003758007206090426 0.005155944976548028
0 0.6215634772183098 0.6302918791852441 0.003685107883669474 0.006313917545512595
0 0.6102001920097408 0.6110308974930639 0.002582559266741882 0.004587234499815693
0 0.6105373992835824 0.5872565534994291 0.002446635094808087 0.0054926097300423745
0 0.6616032516220038 0.8019608887382009 0.002287394083969616 0.004956800834729478
0 0.7162729727696364 0.7607170778482555 0.0025333967113373036 0.004296688452526354
0 0.732332959649451 0.7381808288846079 0.0026151659176662178 0.004014328546643356
0 0.6985321094325795 0.5386412697311215 0.0021165636408244383 0.0024060904555953753
0 0.61705090493064 0.7249799844799639 0.0025161334923665636 0.0034244876961246006
0 0.45690388507848456 0.7516226276440992 0.002463614583721494 0.00521254140177021
