0.0 0.13897874651625147 0.14417957600632647 0.011583795669461239 0.013031770128144072
0.0 0.20687923707567943 0.31744263430634523 0.011034141749686555 0.008582110249755992
0.0 0.3168119826558877 0.3184643140979829 0.0110341417496862 0.007356094499790888
0.0 0.2877962765733793 0.33991958972237307 0.00858211024975617 0.00939945408306624
0.0 0.5499593111075936 0.17269113907097883 0.009808125999721539 0.009236180604109112
0.0 0.6217834264903838 0.16256134830596752 0.006863344747345223 0.00438491469969291
0.0 0.7845708091656729 0.2966949457785367 0.010380808930360174 0.009227385715875513
0.0 0.5950633750258818 0.32045546399691516 0.008304647144288423 0.00830464714428789
0.0 0.48122050375626896 0.32195491417574573 0.009919439644565741 0.008535331787184842
0.0 0.16264501191566935 0.19138740629610826 0.008073962501391207 0.005767116072422152
0.0 0.2819089722933592 0.4176890409779534 0.012226286073535065 0.010380808930359819
0.0 0.41282250713734214 0.4096150784765625 0.008304647144287714 0.009919439644566097
0.0 0.10164668901019507 0.5160811494873311 0.0069220144170451196 0.00993930275268049
0.0 0.15143194654817496 0.5146612490940911 0.008874377457750526 0.008519402359440242
0.0 0.09804280375721461 0.6644763715039737 0.00868089673279968 0.010190617903721666
0.0 0.0740759801688327 0.7182601882180586 0.009813187610991037 0.008303466440069407
0.0 0.2312694266287485 0.7335711791159595 0.009105054854215667 0.006528152536985132
0.0 0.1212581831689283 0.8793857730446284 0.00838061785659221 0.010242977380279327
0.0 0.06568739786502373 0.9615021634426075 0.00878773493329632 0.008787734933295965
0.0 0.3950430123933758 0.5846044805346527 0.005990867579908965 0.00711111111111098
0.0 0.5577230123499508 0.5162361129688673 0.008558372941867986 0.008896203452730945
0.0 0.6747296180716831 0.4532853492363489 0.009402529055467212 0.006827314091230896
0.0 0.6369539394611661 0.5651101874944496 0.008523592085235876 0.008328767123287761
0.0 0.6207054263591395 0.6751877171025873 0.006418779706400457 0.007432271238990573
0.0 0.8229429500094835 0.5196763268089402 0.009661539407874642 0.007527013259623239
0.0 0.8071882225243285 0.5758534929688266 0.008127907456284333 0.007904203581340497
0.0 0.7290018191466687 0.5971215922797183 0.007881587385386978 0.0074124452791144435
0.0 0.9997275409971896 0.6089571109591292 0.000544918005620687 0.010544711878080194
0.0 0.9063979996703218 0.6340886742685533 0.008963005096367738 0.007732788710591976
0.0 0.7616487895421951 0.667857787283943 0.007661681871421777 0.008144850998448305
0.0 0.8342524864680726 0.6966573530836435 0.007180375608411537 0.009681405314711533
0.0 0.7036932494353142 0.8874221740674735 0.007284590830552417 0.010445828360791864
0.0 0.707429244039284 0.9172399416545396 0.0092088223706984 0.006185029950468745
0.0 0.8398189309281066 0.7911419825812767 0.007026874625954349 0.010686705160306075
0.0 0.9212745552161554 0.7592223126293225 0.007305936073058916 0.008864535768645255
0.0 0.7557420849901746 0.9481022495256795 0.009562797822430014 0.006881639554459085
0.0 0.8241216972377139 0.9659809301513903 0.008477466387248712 0.007205846429161511
0.0 0.8680542553162983 0.8625975487301055 0.008231354642313704 0.007013698630137099
0.0 0.7527713543952377 0.9314045851212059 0.00805623642276423 0.008252729994050866
0.0 0.8655926315190865 0.9563518913851468 0.008718417047184346 0.006429223744292401
0.0 0.931763005246783 0.9410029783155369 0.008197063841828367 0.00879684900098603
0.0 0.9460221076388085 0.9326514673906774 0.008540059220300123 0.00791005485158891
0.0 0.9425839932449854 0.9543179591334313 0.009072363300809627 0.008631957315333238
