0.0 0.05641162198955518 0.9724977008125322 0.012932150276761867 0.013068278174412385
0.0 0.08023400413582671 0.8859203511962394 0.017015987206266736 0.010890231812010497
0.0 0.08908231742558659 0.9300257967456915 0.010209592323760397 0.013068278174412385
0.0 0.5240109504177535 0.9923723738694514 0.015654708229765113 0.010345720221410204
0.0 0.532178624276761 0.9995893843759788 0.01429342925326349 0.0008212312480422312
0.0 0.558383244574411 0.9537120509368142 0.019057905671017394 0.012523766583812091
0.0 0.5148223173263693 0.943910842306005 0.016335347718015036 0.011434743402610793
0.0 0.5063143237232364 0.9735867239937332 0.011570871300261132 0.014157301355613683
0.0 0.477387145472584 0.9733144681984331 0.016335347718015925 0.011434743402610793
0.0 0.4188521494830275 0.9738589797890336 0.013612789765013567 0.013612789765013034
0.0 0.36848482735247945 0.9270309829973888 0.016335347718015925 0.012523766583812091
0.0 0.37324930377023424 0.943094074920104 0.013612789765012678 0.010890231812010497
0.0 0.27761945595851234 0.972769958844769 0.015654708229764225 0.00925669704020855
0.0 0.2490325971644891 0.9858382347822451 0.015654708229764225 0.011434743402611146
0.0 0.2684308225796328 0.9874717695540467 0.016335347718015036 0.011434743402610793
0.0 0.14659635418276595 0.9362876800375975 0.014974068741514301 0.009256697040208905
0.0 0.17484289294516886 0.9371044474234985 0.011570871300261132 0.010890231812010497
0.0 0.22963437174934587 0.9343818894704958 0.012251510788511055 0.010890231812010497
0.0 0.28238393208877133 0.9234916576584853 0.01157087130026202 0.010890231812010497
0.0 0.04812305067783074 0.7954666069007769 0.014257431691237166 0.008448848409621946
0.0 0.06898114518908516 0.8649583850699164 0.0179538028704469 0.013095715034913625
0.0 0.16244653072052628 0.8546085457681295 0.016897696819243357 0.011828387773470794
0.0 0.18858515548779398 0.822925364232048 0.01531353774243982 0.00929373325058407
0.0 0.2619845260463829 0.8385557337898482 0.02798681035687256 0.015207927137319287
0.0 0.2514234655343559 0.8003246947363094 0.010033007486426548 0.010561060512027164
0.0 0.2683211623535997 0.8070837734640071 0.01003300748642566 0.010561060512027608
0.0 0.34541690409139836 0.8345425307952778 0.016369643793641586 0.010561060512027255
0.0 0.3945258354723249 0.8579880851319786 0.013201325640033623 0.01182838777347044
0.0 0.42858525562361294 0.8094072067766529 0.013729378665635394 0.010138618091546193
0.0 0.32851920727215544 0.7458296224942489 0.01742574984484513 0.008026405989140529
0.0 0.3652188925514497 0.730410474146689 0.016897696819243357 0.01351815745539504
0.0 0.4293773351620156 0.7063312561792668 0.014257431691237166 0.011828387773470617
0.0 0.4827106907477532 0.7137239985376859 0.013201325640034511 0.013095715034913802
0.0 0.4914235656701762 0.7762454767688873 0.009504954460824777 0.010561060512027255
0.0 0.498024228490193 0.8326415399031128 0.014257431691237166 0.010983502932508316
0.0 0.5357800198206899 0.8254600187549344 0.013729378665635394 0.008448848409621946
0.0 0.5434367886919098 0.8132091885609828 0.013201325640033623 0.010983502932508316
0.0 0.5714235990487815 0.8729847910590569 0.016369643793641586 0.009716175671065485
0.0 0.4544598538780802 0.809829649197134 0.016897696819243357 0.008448848409621946
0.0 0.02541677057697278 0.7274533772033214 0.01531353774243982 0.01267327261443274
0.0 0.03703393714020198 0.7432949679713622 0.01531353774243982 0.010561060512027255
0.0 0.11756202354441037 0.7228065105780294 0.014785484716838049 0.010138618091546193
0.0 0.13921219759406656 0.7126678924864832 0.011617166563230086 0.00929373325058407
0.0 0.14422870133727894 0.6854203563654527 0.012145219588831857 0.010561060512027255
0.0 0.09960822067396391 0.6400077961637355 0.011617166563230086 0.010983502932508316
0.0 0.2104993560502506 0.6900672229907447 0.016897696819244246 0.009716175671064952
0.0 0.14508382048172042 0.6562643002173745 0.016897696819243357 0.010561060512027255
0.0 0.17069439222338723 0.6530959820637663 0.011089113537628315 0.008448848409621767
0.0 0.19366469883704562 0.6199342520560006 0.011617166563230086 0.008871290830102829
0.0 0.21452279334830004 0.5694523828085103 0.013201325640034511 0.011828387773470617
0.0 0.30957233795654515 0.5793797796898159 0.013201325640034511 0.010561060512027255
0.0 0.3050838872389341 0.6292279853065847 0.011617166563230086 0.008026405989140705
0.0 0.3428396785694314 0.663445821365553 0.014257431691237166 0.008871290830103008
0.0 0.36158556097827965 0.6636570425757936 0.01267327261443274 0.012673272614432917
0.0 0.3671301177470938 0.6330299670909145 0.011089113537629203 0.010561060512027255
0.0 0.36977038287510045 0.6457032397053472 0.012145219588831857 0.008026405989140705
0.0 0.4616516093297376 0.587194964468716 0.014257431691237166 0.008448848409621946
0.0 0.463235768406542 0.5694523828085103 0.02059406799845309 0.01520792713731911
0.0 0.47036448425216015 0.5417824042669989 0.01267327261443274 0.013095715034913802
0.0 0.4666681130729504 0.5307989013344907 0.017953802870446012 0.009716175671065131
0.0 0.5001994801986376 0.5436833951591638 0.01531353774243982 0.010138618091546193
0.0 0.512344699787469 0.5789573372693348 0.008976901435223006 0.013095715034913802
0.0 0.024687730644609385 0.5531883496199883 0.009504954460824777 0.010561060512027255
0.0 0.0007266987590746066 0.5462180496820503 0.0014533975181492131 0.010138618091546193
0.0 0.0038950169126830136 0.5823368766331837 0.007790033825366027 0.013095715034913802
0.0 0.07274055597433415 0.5272081407604012 0.014785484716838049 0.00929373325058407
0.0 0.03841710931024478 0.5090431166797142 0.01267327261443274 0.010138618091546014
0.0 0.018879147362994342 0.470600856415935 0.015841590768040703 0.01267327261443274
0.0 0.15617293401934873 0.4431420990846641 0.011617166563229198 0.010138618091546193
0.0 0.23802115298756021 0.512000213623082 0.01478548471683716 0.011828387773470617
0.0 0.22323566827072217 0.49193419865023 0.014785484716838049 0.012250830193951678
0.0 0.22033137662991464 0.4146272357021905 0.01531353774243982 0.012250830193951678
0.0 0.06693197269271867 0.3673136846083084 0.010561060512027431 0.008871290830102829
0.0 0.10785608217682485 0.3947724419395793 0.014257431691237166 0.009716175671065131
0.0 0.04184945442274168 0.39097045321341806 0.016369643793641586 0.010561060512027255
0.0 0.03841710931024478 0.4091354842359364 0.01267327261443274 0.008026405989140705
0.0 0.21452279334830004 0.34323446664088625 0.013201325640034511 0.010561060512027255
0.0 0.2462059748843819 0.347036448425216 0.016369643793641586 0.008026405989140794
0.0 0.31247662959735223 0.3757625330179302 0.011617166563229198 0.008026405989140794
0.0 0.28448981924048056 0.4078681569744931 0.014785484716838049 0.012250830193951678
0.0 0.33227861805740355 0.4152608993329121 0.01531353774243982 0.006759078727697343
0.0 0.34389578462063364 0.39498366314981986 0.011089113537628315 0.012673272614432652
0.0 0.36792219728549647 0.3892806904733251 0.009504954460824777 0.00971617567106504
0.0 0.3766350722079186 0.4169506690148365 0.010033007486426548 0.00929373325058407
0.0 0.3446878641590363 0.43448202946480186 0.010561060512026543 0.008026405989140705
0.0 0.3779552047719221 0.44250843545394253 0.021122121024053975 0.009716175671065131
0.0 0.4196713937944292 0.4042773964004038 0.010561060512027431 0.010138618091546193
0.0 0.42680010964004733 0.4253995174244583 0.011089113537629203 0.008448848409621946
0.0 0.49227868481461634 0.42856783557806644 0.011089113537628315 0.010561060512027255
0.0 0.3982852462575739 0.3466140060047349 0.014257431691237166 0.009716175671065131
0.0 0.3394073339030217 0.5090431166797142 0.010561060512026543 0.010983502932508316
0.0 0.3961730341551686 0.5301652377037687 0.013201325640034511 0.008448848409621767
