0.0 0.32084006317493374 0.925012719022454 0.01769662669451666 0.010890231812010853
0.0 0.6700081206475179 0.8324457486203649 0.012251510788511943 0.01306827817441274
0.0 0.12039173388511593 0.7455961499195819 0.019738545159269094 0.011434743402611146
0.0 0.1700784165274145 0.7763610547885111 0.02518366106527381 0.009801208630809554
0.0 0.27115338053263605 0.7891570771676235 0.01769662669451666 0.013612789765013034
0.0 0.3075675931540456 0.9078606039185374 0.019738545159268206 0.014701812946213977
0.0 0.3514688401462127 0.7965079836407305 0.01089023181201032 0.01306827817441274
0.0 0.44063261310704904 0.801136332160835 0.014974068741514301 0.013612789765012678
0.0 0.2976983205744115 0.7877957981911223 0.01089023181201032 0.008712185449608256
0.0 0.273535618741513 0.725993732657963 0.01429342925326349 0.014701812946213977
0.0 0.0008100715926886437 0.41126603329086125 0.0016201431853772874 0.011434743402611146
0.0 0.05266810480417705 0.5296973042464748 0.013612789765014455 0.010890231812010497
0.0 0.18743472347780532 0.6094682522694514 0.012251510788511943 0.013612789765013034
0.0 0.5519171694360301 0.37886759365013045 0.011570871300261132 0.014157301355613683
0.0 0.5250319096501297 0.39520294136814604 0.013612789765013567 0.010890231812010497
0.0 0.5437494955770221 0.5169012818673627 0.012932150276762755 0.008167673859007962
0.0 0.5226496714412519 0.5343256527665794 0.012932150276762755 0.010345720221409848
0.0 0.4025168017650116 0.5158122586861614 0.013612789765012678 0.014701812946214332
0.0 0.2949757626214091 0.5610067207060047 0.016335347718015036 0.010345720221409848
0.0 0.24971323665273992 0.5593731859342034 0.019738545159269094 0.009256697040208905
0.0 0.24665035895561216 0.6356048086182764 0.014974068741514301 0.009256697040208905
0.0 0.2725146595091372 0.6522124121315924 0.019057905671018283 0.014157301355613683
0.0 0.29157256518015506 0.6764431779133157 0.019057905671018283 0.010345720221409848
0.0 0.5478333325065261 0.6614691091718014 0.01837726618276747 0.009801208630809199
0.0 0.5692734763864213 0.6709980620073104 0.014974068741514301 0.010345720221409848
0.0 0.5784621094778055 0.7306220811780675 0.008848313347258774 0.008712185449608256
0.0 0.05641162198955518 0.17249770081253218 0.012932150276761867 0.013068278174412385
0.0 0.08023400413582671 0.08592035119623934 0.017015987206266736 0.010890231812010497
0.0 0.08908231742558659 0.13002579674569148 0.010209592323760397 0.013068278174412385
0.0 0.07853240535770167 0.40718219636135744 0.013612789765012678 0.008712185449608256
0.0 0.10167414795822349 0.40936024272375915 0.013612789765013567 0.010890231812010497
0.0 0.22657149405221766 0.46054433224020846 0.01837726618276747 0.009801208630809554
0.0 0.29463544287728327 0.46762298291801513 0.014293429253262602 0.0065341390872060146
0.0 0.28612744927414946 0.39139136023394216 0.01769662669451666 0.014157301355613683
0.0 0.3514688401462127 0.40936024272375915 0.014974068741514301 0.009801208630809554
0.0 0.31403366829242696 0.31652101652637016 0.013612789765013567 0.011434743402610793
0.0 0.22486989533159152 0.2696930197347255 0.02178046362402064 0.012523766583812091
0.0 0.269451781812009 0.27323234507362903 0.014293429253262602 0.013068278174412385
0.0 0.30586599443341944 0.22939916203028687 0.013612789765013567 0.012523766583812091
0.0 0.1268578090234973 0.32414417879477764 0.013612789765012678 0.009256697040208905
0.0 0.1540833885535231 0.3328563642443861 0.016335347718015925 0.010345720221409848
0.0 0.2503938761409903 0.35354780468720576 0.015654708229764225 0.011434743402610793
0.0 0.24767131818798838 0.36552705968041704 0.015654708229765113 0.008167673859007607
0.0 0.15374306880939814 0.37668954728772786 0.015654708229765113 0.010890231812010497
0.0 0.09350647409921597 0.3459246424187986 0.016335347718015925 0.009256697040208905
0.0 0.11937077465274015 0.3595374321838115 0.016335347718015036 0.010345720221409848
0.0 0.1408109185326354 0.40690994056605695 0.012932150276761867 0.013612789765013034
0.0 0.3926475291853775 0.2971908550600517 0.015654708229765113 0.014157301355613683
0.0 0.4362084564334192 0.30018566880835457 0.017015987206266736 0.013612789765013034
0.0 0.49202089446997244 0.3429298286704956 0.01157087130026202 0.010890231812010497
0.0 0.3916265699530017 0.34020727071749307 0.016335347718015925 0.010890231812010497
0.0 0.5468123732741499 0.24682353292950338 0.01089023181201032 0.011434743402611146
0.0 0.5444301350652729 0.2261320924866837 0.019738545159268206 0.011434743402610793
0.0 0.5825459464073095 0.22585983669138338 0.01837726618276747 0.008712185449608612
0.0 0.5240109504177535 0.19237237386945144 0.015654708229765113 0.010345720221410204
0.0 0.532178624276761 0.20326260568146176 0.01429342925326349 0.008167673859007962
0.0 0.558383244574411 0.15371205093681423 0.019057905671017394 0.012523766583812091
0.0 0.5148223173263693 0.143910842306005 0.016335347718015036 0.011434743402610793
0.0 0.5063143237232364 0.1735867239937333 0.011570871300261132 0.014157301355613683
0.0 0.477387145472584 0.17331446819843316 0.016335347718015925 0.011434743402610793
0.0 0.4188521494830275 0.1738589797890336 0.013612789765013567 0.013612789765013034
0.0 0.36848482735247945 0.1270309829973888 0.016335347718015925 0.012523766583812091
0.0 0.37324930377023424 0.14309407492010404 0.013612789765012678 0.010890231812010497
0.0 0.27761945595851234 0.172769958844769 0.015654708229764225 0.00925669704020855
0.0 0.2490325971644891 0.18583823478224507 0.015654708229764225 0.011434743402611146
0.0 0.2684308225796328 0.18747176955404665 0.016335347718015036 0.011434743402610793
0.0 0.14659635418276595 0.13628768003759753 0.014974068741514301 0.009256697040208905
0.0 0.17484289294516886 0.1371044474234985 0.011570871300261132 0.010890231812010497
0.0 0.22963437174934587 0.13438188947049579 0.012251510788511055 0.010890231812010497
0.0 0.28238393208877133 0.12349165765848528 0.01157087130026202 0.010890231812010497
0.0 0.06898114518908516 0.06495838506991643 0.0179538028704469 0.013095715034913625
0.0 0.16244653072052628 0.05460854576812953 0.016897696819243357 0.011828387773470794
0.0 0.18858515548779398 0.02292536423204794 0.01531353774243982 0.00929373325058407
0.0 0.2619845260463829 0.03855573378984811 0.02798681035687256 0.015207927137319287
0.0 0.2514234655343559 0.002802612496161494 0.010033007486426548 0.005605224992322988
0.0 0.2683211623535997 0.007083773464007059 0.01003300748642566 0.010561060512027608
0.0 0.34541690409139836 0.034542530795277845 0.016369643793641586 0.010561060512027255
0.0 0.3945258354723249 0.05798808513197855 0.013201325640033623 0.01182838777347044
0.0 0.42858525562361294 0.0094072067766529 0.013729378665635394 0.010138618091546193
0.0 0.498024228490193 0.032641539903112894 0.014257431691237166 0.010983502932508316
0.0 0.5357800198206899 0.02546001875493431 0.013729378665635394 0.008448848409621946
0.0 0.5434367886919098 0.013209188560982809 0.013201325640033623 0.010983502932508316
0.0 0.5714235990487815 0.07298479105905695 0.016369643793641586 0.009716175671065485
0.0 0.4544598538780802 0.009829649197133961 0.016897696819243357 0.008448848409621946
