0.0 0.9688224439474371 0.22242577836633703 0.00664980073255883 0.008758274135565357
0.0 0.9123156227419928 0.26819228776665716 0.008112056252350185 0.011661080862753437
0.0 0.9418435311322458 0.25029073561938925 0.008788060940046093 0.007436051564654278
0.0 0.9589971500825282 0.2486007239001496 0.015041104301232622 0.011830082034677414
0.0 0.9901778663024994 0.2592477977313593 0.008788060940046093 0.01081607500313364
0.0 0.9509695944161398 0.2756409114079837 0.008788060940046093 0.009126063283893959
0.0 0.9448855522268772 0.30124458895446404 0.008788060940046093 0.00963306679966589
0.0 0.9235914045644579 0.31239866630144564 0.009802067971590134 0.008619059768122207
0.0 0.9494485838688241 0.31417317860664723 0.01014007031543791 0.00845005859619823
0.0 0.9137158921022109 0.40367689748093516 0.00714551478762111 0.008480391176517443
0.0 0.9285762193422412 0.9822831521702085 0.008735201833421514 0.007764623851929997
0.0 0.9570243382249082 0.6892650144756538 0.012335890788329352 0.007284974874997907
0.0 0.9234344854102892 0.4659264325247823 0.009808192161458961 0.007859989608840757
0.0 0.9529631412021515 0.4903996680862462 0.010185700631857485 0.012421586136411377
0.0 0.9767711165778046 0.5297652304645898 0.009065404886239036 0.010420005616366445
0.0 0.9873783321449286 0.4521311191430497 0.009997137176086569 0.009441740666303744
