0.0 0.27028615215396246 0.9444759591337093 0.009702459299202815 0.012586974225992975
0.0 0.28018528292544626 0.910189565799364 0.013504774429971533 0.013767003059679438
0.0 0.22391675445964127 0.8797448089502374 0.011617222458988507 0.008619229566346576
0.0 0.2006074764464362 0.7175895040295674 0.013323227387535396 0.0097657164097118
0.0 0.12527282365656306 0.2581446095040743 0.009900405400198053 0.008852127181353708
0.0 0.15002383715705853 0.2569798559275805 0.008852127181353708 0.009318028611951235
0.0 0.12857621934224123 0.1822831521702085 0.008735201833421514 0.007764623851929997
0.0 0.2085741488647878 0.15315706923715383 0.007646092427980022 0.010129438686640313
0.0 0.50912523020051 0.9226693430420656 0.01077976942246508 0.010072899296402227
0.0 0.46785992986025615 0.8854434568321405 0.010779769422464724 0.013253814863686842
0.0 0.4831459963363745 0.8620283839062942 0.0095427467018542 0.011309922017012752
0.0 0.38594532787935576 0.788423682921328 0.0093418617820074 0.011183919034797896
0.0 0.48379761338284144 0.7691446223111338 0.008558214478995652 0.010697768098744832
0.0 0.4282092092268499 0.5615332835224937 0.009861493315329284 0.008723628702022168
0.0 0.46898970726652556 0.5510610068710168 0.010258912450561297 0.010510664903335609
0.0 0.3423421746924582 0.3736219605741448 0.009143046986618941 0.010193971927609268
0.0 0.30269771279871416 0.3251484284713067 0.009158230277939694 0.007486489830379739
0.0 0.38570346612093226 0.3156529116363691 0.008442305519480086 0.009648349165120251
0.0 0.354397437846103 0.17192594605471764 0.008944625825954589 0.009515559389313566
0.0 0.8829355767758983 0.8990359882605194 0.009488130313528843 0.011385756376234468
0.0 0.8268980777597819 0.9286319194548437 0.01012067233443048 0.00906643563292775
0.0 0.7410630726934155 0.8829663705023773 0.008619059768122384 0.014196098441613004
0.0 0.7117675013124896 0.7432502750032173 0.008808119709523509 0.014200846062293238
0.0 0.8210744355565328 0.7684078651029524 0.008221536631608472 0.011663110105304497
0.0 0.6043715878248619 0.5615947401624968 0.010142424615412083 0.008759366713310613
0.0 0.830263353975802 0.638570808015342 0.008929986503817133 0.010247525496183485
0.0 0.8877549410029548 0.5639279385282132 0.009808345832061605 0.007173267847328546
0.0 0.8148947099435511 0.3817086697656677 0.008740561664489378 0.006944555843018918
0.0 0.7495561915053821 0.3335668181805129 0.01077614002620777 0.00813108747432061
0.0 0.5123305847830502 0.2876649923139345 0.009512769286285661 0.007398820555999918
0.0 0.5353549885623471 0.21293376659523008 0.009600850483381152 0.008631957315333238
0.0 0.6602784028238975 0.26280508977376654 0.008298016042134648 0.008565693978977506
0.0 0.7426595223596719 0.23040444194368667 0.008507748869019593 0.008591984006336517
0.0 0.7992082363967132 0.2754951863425227 0.008215501482789555 0.009927064291704469
0.0 0.8411001700223025 0.3063105302179158 0.009213200790066623 0.00799020953474816
0.0 0.9147684460585843 0.29674790224078296 0.007078860276276089 0.009233296012534708
0.0 0.7709056918322925 0.11932385131411358 0.00828274704732479 0.008989810819657152
0.0 0.808481080876253 0.11917233764861379 0.0080807288266584 0.00848476526799118
0.0 0.7759885531743832 0.10320627824016579 0.007376357424785596 0.008689955322349974
0.0 0.8160622712269842 0.11125106100410331 0.008214060175797044 0.006822969339573248
0.0 0.8298285206879413 0.0834751658435648 0.009406423749702953 0.0076841208096162465
0.0 0.8086309460407236 0.07804328734021534 0.00781660565116198 0.009141454066612553
