0 0.3241476872608002 0.0810998071816877 0.0031688306461757063 0.00521385250720213
0 0.3228467988902649 0.08536568650576218 0.0029019817496557464 0.0045028726198563795
0 0.3243548337201406 0.08943534499570013 0.0030020500858507406 0.00408813435223804
0 0.3220365839316225 0.09909282179881317 0.0026351328531356443 0.005273100831147613
0 0.3027570137335741 0.12346270438374302 0.002078062728924621 0.004861487811588727
0 0.28509863210687275 0.14886649104133615 0.0025350175788594245 0.006472759542204862
0 0.2943261034788268 0.13892980988413628 0.0027462690437644 0.004127556809521913
0 0.29968660940079006 0.13799172879106308 0.004700345094135194 0.0065665676515121695
0 0.30943058321953104 0.14390163967742406 0.0027462690437644 0.00600371899566829
0 0.2971779982550437 0.1530010262802338 0.0027462690437644 0.005065637902595093
0 0.29527673507089913 0.16721295484029228 0.0027462690437644356 0.005347062230517068
0 0.2886223139263931 0.1734042900545752 0.0030631462411218635 0.004784213574673188
0 0.29670268245900755 0.17438927520230202 0.0031687719735743513 0.004690405465365863
0 0.2855362162819409 0.22407043745689378 0.002232973371131628 0.004707242283582964
0 0.33446442254811326 0.9683127613578264 0.003032018531000915 0.0069866986163360425
0 0.33755790091420196 0.9492812854393694 0.004220242009366117 0.007641701611617435
0 0.3199739857686379 0.9323822009784493 0.0036303820184339485 0.004784307825205332
0 0.3126898363895113 0.842374052540263 0.004163508558604789 0.005420692543118406
0 0.28914775739267595 0.5873482654662685 0.003093876687561945 0.004913583170916169
0 0.2968824491115808 0.5867017413648322 0.0027662897441730295 0.005172192811490745
0 0.2901800685444504 0.5452395640840706 0.0027297505729441695 0.0043099386515483215
0 0.3151794215202462 0.5290724408601721 0.0023894038837437392 0.005622585220684968
0 0.33517981686185805 0.39807424860769514 0.0026328095760198523 0.0052799090845509515
0 0.2990701056952838 0.3825928961530082 0.0038549658713529665 0.004043698109278964
0 0.28857327669071536 0.25862351848730325 0.0030650600504559477 0.0043628736770668294
0 0.29780098162567237 0.2722079684086709 0.00318303144745542 0.006894896034087843
0 0.30524097393056393 0.29405875758658934 0.0028329390269496812 0.0057838712874887935
0 0.35133238763338226 0.30260266944072417 0.002285911026090943 0.004798556741989018
0 0.32298502660506245 0.2777008998456447 0.0011857963914238922 0.0021978303944819545
0 0.3419991461961091 0.2620454864087596 0.0021138109586252797 0.004853542121147747
0 0.3085557287952902 0.2509661025598888 0.0031241053675270082 0.005240862121799168
0 0.33504864598832357 0.24600490722768548 0.003135875013637417 0.004351604528898427
0 0.3198056805054719 0.20505034976731681 0.00286074342268698 0.004862331255739107
0 0.32662913106958824 0.15713980313062537 0.0029169630598394037 0.006008004076083501
0 0.33009781435151225 0.11812066729400829 0.0030100576255789944 0.0044095442760245795
0 0.3433113096820962 0.07617759959621466 0.0024886959082066795 0.00586860947364535
0 0.3356735877569102 0.08631428868705662 0.0024886959082066795 0.0043442953246465525
0 0.33601685615804217 0.09408829084695046 0.002231244607357681 0.005258883814045845
0 0.3385270063413195 0.09305937879637628 0.0027890557591971543 0.0054875309363956685
0 0.344578446108824 0.0706848597058113 0.002522562082797606 0.005564697286305762
0 0.3462623323491799 0.08469902882532926 0.003295605301719533 0.004914278122971325
0 0.4091016344376594 0.9562084818273391 0.0033686779445203287 0.00559120169097767
0 0.39620622808133005 0.935545370661379 0.0033686779445202576 0.007356844330233656
0 0.40098312385511703 0.9225482790112995 0.002982108344329433 0.006277840495132807
0 0.37060791496229867 0.8816922437724631 0.002919331806877352 0.0062078995509719445
0 0.40118675418213795 0.8709909438674117 0.0026744420246861723 0.005938049942061241
0 0.3838153778833906 0.7557513455805689 0.0030817166610404454 0.004842257041885603
0 0.39655928352078923 0.7499384600151351 0.00320591014080037 0.005834193875225395
0 0.3569819295913932 0.6514467083846077 0.0028572021833183927 0.005658405926860297
0 0.34459303524959817 0.6245403245634313 0.0028619469618561765 0.004155553765345132
0 0.3705323331627913 0.619269612703622 0.002638220474837567 0.0053555450699713705
0 0.3607491993269072 0.5394905511491928 0.002795195570610787 0.005281836955039552
0 0.5259173677424682 0.9430902276554488 0.0029650407229777137 0.006319934155065274
0 0.5084056492999318 0.959518151301908 0.003162710104509614 0.005032540160514997
0 0.48158221021669234 0.9341704051357516 0.0026934561775382804 0.007879881181814596
0 0.472427344160153 0.8566176721613695 0.00275253740922615 0.007882516461290266
0 0.5065857611114165 0.8705819893025929 0.00256923019737755 0.006473885921417946
0 0.6083871511230452 0.9665133184960493 0.0034318297462283456 0.006321507338913648
0 0.623798608779719 0.9711415649406112 0.0036224869543521974 0.006321507338913648
0 0.7804026267122317 0.970108400304411 0.003217631755064474 0.005042887991203457
0 0.7746500393540842 0.9384982023354723 0.0028266647944688826 0.005690266636844541
0 0.7307672850092317 0.9357956457140186 0.003526375813945748 0.00782959417493629
0 0.6799676233927605 0.9388701306126134 0.00349731455842317 0.005338485362380681
0 0.7004377683666705 0.9084649300486188 0.0038809931235331873 0.007859946161363212
0 0.7610970304166154 0.9057705916979941 0.003703631257810258 0.006578522823933639
0 0.8202192694792917 0.8765355923521355 0.0038408714204209104 0.0050219662168518656
0 0.8184055246418707 0.8897537864512077 0.004374325784368409 0.005306228455541628
0 0.8055759471889368 0.8896590323716446 0.002720617256131561 0.005685244773794409
0 0.7607621086702108 0.8717437477314973 0.0029941630587137524 0.005589683808496915
0 0.6328221523944778 0.8794160688444933 0.004478122832838522 0.006753568218664867
0 0.6201545336889754 0.8575334875800769 0.004402447269023497 0.006176135856409388
0 0.43886612119526935 0.7557854585463989 0.0031695076923162445 0.004862094272782969
0 0.5094572981174381 0.7985128509365299 0.002790620782442872 0.005688132105427002
0 0.5274234190634234 0.7570805556444549 0.0030651080725192514 0.003981692473799115
0 0.5969899168266862 0.781719337561284 0.0026148430576767366 0.00553174473727438
0 0.5816481085992076 0.7420872652419487 0.002632806938222737 0.005383396925495232
0 0.5875566171931222 0.7399665331197838 0.003061403416536379 0.0052746414320508
0 0.6479190994048568 0.78533382165566 0.0028644807374142546 0.005980623984191169
0 0.7455989676783713 0.8009227902558649 0.0029559262478366577 0.004253506704101113
0 0.6338196392156421 0.7523972562260574 0.0029848683311228543 0.004665610668762525
0 0.6877327408722507 0.7515689806113075 0.0036404894622179993 0.005112942218140119
0 0.7515838314874003 0.7562541132788178 0.003859330303790074 0.005484064847987469
0 0.7195744695107703 0.7306988356351831 0.002980272341945209 0.004793477760685363
0 0.8221535382397771 0.7127804424246191 0.00435834462057521 0.004785803316534146
0 0.8143884746509182 0.6890712090253542 0.004019837740499952 0.005431793474879782
0 0.795531611050817 0.6657298343769841 0.003307755632504268 0.004482229071783195
0 0.8077025692636894 0.6081052265384126 0.004429845548298772 0.004364979962785611
0 0.6841950853243294 0.6947963438772132 0.0026138401316036265 0.005436959287758597
0 0.6695904324750329 0.675867667963193 0.002701550524761558 0.005043417118566537
0 0.680305524814133 0.6550405554484517 0.00279578787529437 0.00624752172944148
0 0.7207595637178941 0.6263557298961023 0.0038274791286538345 0.00471124528828824
0 0.5681701398211054 0.6591771981173343 0.002613210497290126 0.005534308761490508
0 0.5638985457389963 0.6417262729097314 0.002713718593339962 0.005266519627869996
0 0.5046545968573597 0.655935428143996 0.002731425520152939 0.0038547404505915495
0 0.4842363098454319 0.6292131514618632 0.0033675437581899815 0.004513352977940315
0 0.41010330774470316 0.6037342541898683 0.0029727404019642733 0.004106890855021703
0 0.41729843392573346 0.562252914675583 0.0030002657760565656 0.0047913726641918685
0 0.456337000882468 0.5899351755899485 0.0025931300131670555 0.004754591627533103
0 0.48208110073739746 0.5719504274448911 0.0026586715215685787 0.004769184530837336
0 0.4997525738739729 0.5969791147087723 0.002567344213371783 0.005510252512307758
0 0.5128438031319695 0.614083902289216 0.0028791252468958815 0.004435155335853267
0 0.5358651393933076 0.6087759387980062 0.0022121438363363766 0.005125159972265648
0 0.5875452034650706 0.6163477497946802 0.002771683263782876 0.004686851494071434
0 0.5896362240971604 0.5731184414731958 0.0025947689467187727 0.004955829862145791
0 0.5744504771871407 0.5342274044193449 0.002596696595019239 0.004501649432403383
0 0.4909080286975914 0.5102925107034109 0.0025883584522889435 0.004990007740312805
0 0.5026503377738291 0.5102084094493606 0.0025252277583306436 0.0047096702268120795
0 0.49249642286699474 0.5013460694481406 0.002305111695245472 0.004823565833741625
0 0.5050194597584325 0.5058115169493722 0.0025668938049364697 0.0037872509777336204
0 0.5093214127149817 0.4903938474760464 0.0029395074217821813 0.004265253528321296
0 0.5026971706377261 0.48737875446464685 0.002442689265988065 0.0050741809216236075
0 0.7132421751428624 0.6092550323767194 0.004519890709923828 0.00501774510728751
0 0.6734363716313924 0.607417432455568 0.003925757804574061 0.005286773521288808
0 0.6800413200884208 0.5943518404407601 0.0033099526587584195 0.005286773521288879
0 0.6288854455662577 0.5708090656612189 0.0033241206054073404 0.003868414660332606
0 0.6286357300113042 0.5276096552337659 0.002343987823439804 0.005434146380100487
0 0.6766740491079183 0.5373243190991402 0.0038785291981065484 0.004753002104367212
0 0.6915261828361985 0.5240261160600105 0.002703273720423738 0.004897684883795748
0 0.7389201291739346 0.5475380162322533 0.004707955083324436 0.004826642566027317
0 0.8023341576639516 0.5675888149245145 0.0033042062532466334 0.0049995609313202745
0 0.8277137324161873 0.5106309262098903 0.0028766900453111076 0.005034537794721743
0 0.8256859620700314 0.49841456561713954 0.002652693321991393 0.003944770431912659
0 0.8061354390577569 0.4953531216184902 0.0031893331891136257 0.005225860210877329
0 0.4362586618769288 0.39492294912830644 0.002378889847328338 0.004859289998636385
0 0.4368385162772151 0.3766742024486448 0.0018733757547710183 0.005440292063690748
0 0.41296821448245086 0.36376656170768684 0.002723942162563375 0.004652272957610535
0 0.39747945710628985 0.3093175406903759 0.0018632379204616002 0.0054239848801490706
0 0.3892614555497883 0.295791039862366 0.0026913436628891673 0.0038611417790892235
0 0.3644896938302199 0.2881991747011815 0.0025062350036910886 0.004451664603260391
0 0.37986744685254675 0.27281796262567176 0.002765500693728029 0.004835428793196535
0 0.37870075124738023 0.2569685015813051 0.00241981310701199 0.004758675955209349
0 0.350432958826582 0.2360804843266384 0.003281135729223692 0.006689036144035896
0 0.33972758027040717 0.22560607286704973 0.0033322730122537793 0.005210301913788662
0 0.3413702500651802 0.21320555431223265 0.003050672476006895 0.004168241531031001
0 0.3417809175138734 0.19223929941114704 0.002839472073821909 0.004668430514754682
0 0.34160445585665455 0.16337182187373142 0.0036492398879945397 0.007549054790826856
0 0.3580567348736094 0.17490496937550412 0.003337145098137881 0.00836584278469541
0 0.3636186433705058 0.16389064369917145 0.003573822055452638 0.006179793413820249
0 0.3658457150445815 0.15072243397079466 0.0032471386112414534 0.004788266123422016
0 0.36604850608737577 0.14573378144581706 0.0027774267366594075 0.005187288300373822
0 0.3572448719271381 0.11437812755549266 0.002844669609506312 0.007422703664965091
0 0.3614256845415318 0.10782721134754115 0.002979026103665774 0.007055270841639309
0 0.3615948090933954 0.09656901964493814 0.0035686250200163273 0.0060631233795337995
0 0.3728570107416446 0.07709470493901295 0.0030329891418277555 0.004904859063445972
0 0.3991605612482968 0.0743903092728911 0.0025976755939479544 0.004058170848155047
0 0.3987536963962327 0.08453573639327872 0.0033488107054508733 0.005003224333341834
0 0.3851093984464542 0.11840090605310975 0.002925258205001242 0.005798377489044171
0 0.392210568726711 0.10691710648065213 0.0025437027869576667 0.006626717130336175
0 0.4788603075696713 0.3988661810532065 0.0032467214035680316 0.004725689513297837
0 0.7590458104762803 0.5026889756997706 0.0028644807374142546 0.004463152227008465
0 0.7529399436412656 0.5030906594002015 0.002814226689389443 0.005980623984191311
0 0.7607206519755847 0.4842966481526832 0.0038695616979106725 0.005087993538789854
0 0.7252764111133413 0.49969843229293626 0.0041628427857128255 0.0059307572269423755
0 0.720571531506572 0.4918421045377657 0.0045531092968737145 0.005930757226942518
0 0.6949232672452235 0.4733988420456632 0.0030299168276859234 0.004720144554844339
0 0.7230642250674515 0.46514697552030954 0.0041509568924817586 0.004948374951717725
0 0.7215267186015081 0.4424773732312387 0.0036454183473071567 0.004973645173776262
0 0.7245136884898197 0.4185134729009152 0.0040152433970339985 0.004739039269352645
0 0.7165360338457125 0.4174812069214522 0.0036454183473070144 0.00464519690758344
0 0.8166190206977362 0.43706338470765177 0.0032764345444236654 0.0055666893485255995
0 0.8146688298754249 0.4218875775958385 0.0034663727788827713 0.004554564012429978
0 0.8136479118652059 0.4096577297846835 0.00275410439966052 0.00522931423649375
0 0.8065810032637932 0.4271891815436173 0.004110529317646154 0.0046647001295750815
0 0.7988166701082392 0.4194484835025106 0.003882166577777042 0.005002721878095073
0 0.7859965077660374 0.43602866819327557 0.004435466321836117 0.005725606498668938
0 0.7596041634880648 0.4140262306397803 0.003948554662718493 0.003908322241315787
0 0.7646029475509968 0.387325441846568 0.0036772799148980084 0.0039083222413158585
0 0.7790970577256792 0.4274804832563799 0.0039677524809418685 0.005648495751655816
0 0.6888497763516653 0.4651806642531035 0.0031031521913185145 0.006771800138180524
0 0.6737578908320008 0.4533245895082571 0.0029574785844323514 0.005847879237332023
0 0.6711802342179513 0.4458264543986323 0.003292287480783216 0.0053522962511173946
0 0.6648910721332686 0.44825093624001455 0.0016587567045691287 0.0038913967037102993
0 0.657208681551474 0.4257443422207311 0.0026464168405838573 0.005582034480741304
0 0.6413441326532068 0.43268623985050353 0.0023240420303318387 0.0057915881910037825
0 0.6132621212518479 0.4202876332334741 0.002531508125443054 0.005969565232375374
0 0.6253959015772472 0.419822472306276 0.003055268427258895 0.004884189735579838
0 0.6095823705906106 0.3964641814220281 0.003157782429155489 0.004528339954900957
0 0.5444064212748417 0.4355590174801903 0.0020895359201709594 0.0048808881915310565
0 0.5583864500526134 0.4133664006457889 0.0036938090954647153 0.003871442564703429
0 0.5414836954963842 0.39852997356604397 0.00273196658301039 0.004887781031956564
0 0.5396551671363222 0.38566959116366206 0.002698988968462004 0.00521882956994169
0 0.5376920191448532 0.37334229336228875 0.0032693046591382568 0.004323030819199047
0 0.5682554421132981 0.36119403398436956 0.003468290864524377 0.004612141109110581
0 0.5650560828933491 0.3564995332125963 0.0023740172762521184 0.005501625465867619
0 0.5035789065431526 0.4158062216931956 0.002178063147856051 0.006709870165815062
0 0.4984871868472108 0.41202229774950455 0.003233062485098799 0.00556133383112602
0 0.4861410847601666 0.3965970685604019 0.0032008455376414703 0.003912011542141655
0 0.4851630233958151 0.3743012643521102 0.0032595766484239163 0.004277132619408164
0 0.5066931474140955 0.3772036957898351 0.002450344939027431 0.005094275435801805
0 0.5144973576466997 0.3477500004764791 0.002490320987032177 0.003451590516758145
0 0.4784163660769267 0.31706890443427493 0.002492473108360258 0.005718492797903139
0 0.4922388413056724 0.2786803897781213 0.0030186542750494285 0.004495281770786903
0 0.49642081702814694 0.21778388729356477 0.003454310672679881 0.0045287092881322625
0 0.49949058175309163 0.19380927921254368 0.002659270914681926 0.004382621891740896
0 0.5002719139290549 0.13225778953298206 0.0027415164068887066 0.004285230294146718
0 0.497927917401165 0.09709942280146032 0.0036462168211620137 0.005356537867683357
0 0.49333587741962637 0.07601414192230671 0.003947783625919783 0.004869579879712162
0 0.4406825580091836 0.29116391519648466 0.002925404196379162 0.0043782863485818165
0 0.45482774439721846 0.2758779033118195 0.003435794541643418 0.0039024590025478643
0 0.43902235472799506 0.2650605907151395 0.0029963523087705823 0.005885156579505519
0 0.38715790165705516 0.25162444542913476 0.002819322623138376 0.0038647013837749
0 0.4020984437609894 0.2604527335363794 0.0032835355768202133 0.005367811630898167
0 0.39038648431077916 0.20157957258341097 0.0033750742634146035 0.005303205620918092
0 0.4570497794832371 0.2519377904144122 0.0023334263731592843 0.006315757270530931
0 0.4151483162874872 0.2267995924279588 0.002982466186756838 0.004166045106381162
0 0.3931820122667742 0.19094457978108167 0.0030269194493730113 0.005874349216321839
0 0.3935472599704912 0.15814494809526078 0.0030978683938019456 0.004329413637029216
0 0.4010559357500969 0.16469545599518448 0.00281831885378395 0.004714952681745465
0 0.4286002415191214 0.18564598869654592 0.002290156020558526 0.005345219883474257
0 0.42799385289085046 0.1813917124132704 0.0025415146081807904 0.00411746537133908
0 0.42311834652181785 0.17309262409991139 0.002997945072666184 0.004378380761806895
0 0.4710085462913652 0.1976400559147063 0.0035736222813692107 0.006493517963829696
0 0.47868054317167136 0.18298587700320013 0.0025877954451294016 0.005982791831843066
0 0.49343768003270816 0.18249646320544105 0.002453783703906883 0.004981141395715106
0 0.4871929120686066 0.1563179025502447 0.002609579494631333 0.0046352287987901876
0 0.4806150282559971 0.09421277807772699 0.0025593830936607278 0.0059695844381035465
0 0.475230040108708 0.11187979104257197 0.00292895402294306 0.005460063467086833
0 0.46213803736512515 0.06604600910321222 0.0029670096518804455 0.005206613788004075
0 0.4699449900158081 0.16081939099187326 0.002550386979065637 0.005424921307948739
0 0.4730338120986686 0.14731178067151549 0.0032430846770834876 0.005816410474501765
0 0.4676968911980313 0.1398455229951118 0.0030226808640777137 0.004306380832083043
0 0.45419993545740006 0.15613422562559848 0.0033766807522286513 0.008272802201829457
0 0.4573849922372251 0.1348122058806458 0.0029109316829556775 0.004894741302749086
0 0.46132445311482523 0.13498455592651723 0.0031049937951527795 0.00496368132109767
0 0.46000483075188525 0.12126549227515007 0.0028721192605163284 0.005377321431189159
0 0.46450707175485684 0.10354790755956532 0.002328745346364656 0.004825801284400502
0 0.4531738444025491 0.08786405338526365 0.0027944944156374873 0.005032621339446237
0 0.45070925557764663 0.1029274473944281 0.0028333068380769076 0.0051015613577948035
0 0.4381305585502392 0.1215896010120349 0.0023780063894508884 0.004626176556754462
0 0.4302561838697504 0.1466339565288136 0.0017832174992187789 0.004382313836191809
0 0.4270495863080573 0.13651173923237686 0.0023839206096918984 0.004380419363563348
0 0.4320376580805912 0.13306740599980196 0.0024661247686477805 0.00496447527870535
0 0.40756726123411097 0.14282928238593404 0.002706358121162893 0.004585262910037713
0 0.41735044765069046 0.11932479942968183 0.003178148032141763 0.004221583442852772
0 0.40649171490665054 0.10818507651516014 0.0028520372099007573 0.006001979433995999
0 0.41744290813110596 0.10342558963386943 0.001893038999366823 0.005263018188669228
0 0.42461566106428805 0.09084877458502483 0.0030062902282979565 0.00469243970802939
0 0.42994155567263875 0.09808644442340897 0.0027900636118826584 0.004891449984369477
0 0.43846193714424536 0.09994945208905015 0.0021667277254719865 0.0055979921239662465
0 0.43081231437986856 0.07599336132485648 0.0029460592059088954 0.004186316914970707
0 0.4274609155306971 0.06530218312675654 0.0025287008184051276 0.003968279575649314
0 0.8191023258444087 0.3741838163243438 0.0035564403217560425 0.004463152227008394
0 0.8053404480776142 0.36405589396305543 0.004484207362213794 0.005081127150748017
0 0.7739069857655875 0.38312885855876433 0.00406871257056693 0.004362239235546283
0 0.7542286716727301 0.38685284127007535 0.004414119503689733 0.0046919632626309495
0 0.751361231837656 0.37808627833200176 0.002919575104802732 0.005185854132381564
0 0.7128625536858383 0.40609824964061203 0.003922969806618682 0.005756272903018598
0 0.7310937499030495 0.3639075334390754 0.003297568822954844 0.006362196366494076
0 0.6455994436148916 0.40556038824311913 0.004043276782727645 0.0062242382806209666
0 0.6606404332466385 0.4038367530269471 0.004366738925345714 0.005841208232582673
0 0.6658158275285296 0.40015008881457936 0.0037198146401094334 0.005362420672534967
0 0.6786580972660784 0.39880509577145645 0.004824388610381902 0.005534308761490437
0 0.6729542628152623 0.38456764016729955 0.0026634645453150084 0.00455241527154854
0 0.6780550486897806 0.38746868911485505 0.0038193076498856727 0.004641678316088757
0 0.685819299109614 0.3841659564668688 0.003769053601860861 0.005355782672410072
0 0.6198709228735869 0.37795439965674305 0.004373289141995755 0.006541467960237028
0 0.6067716033669438 0.34773948992645975 0.003983123694598873 0.0062027110800706
0 0.6259778984422699 0.34192444828889357 0.0037648703414702566 0.0052335374738096616
0 0.7335332119941614 0.3735212098783341 0.003668545505811238 0.004909467449709268
0 0.6960806953250217 0.3611866019679218 0.0030787691436003684 0.005853734405813355
0 0.624782574403246 0.37483393462520076 0.0029791582702068807 0.006425621009510678
0 0.6809260767278229 0.3542659346699736 0.0034226490196877534 0.004241464244329407
0 0.6703201103072083 0.3387077917314765 0.003090680772716894 0.005855763374408198
0 0.6582607412990922 0.3354222688765182 0.0040299371721299335 0.005052789956750204
0 0.6566568384007678 0.3161331315405522 0.0035565934402511344 0.005018454791473879
0 0.6543965734107016 0.29815525525815456 0.0032906799120080168 0.006258308328190978
0 0.6493431807041649 0.29288258814617196 0.0029915563687431756 0.004554608432550573
0 0.6222982238449095 0.29022111693460384 0.002581338248929086 0.0052996213751679375
0 0.6169178325305766 0.3014449362281909 0.002975338445263773 0.00675293158551149
0 0.6112544332602983 0.2966193329599445 0.0033746313382432194 0.0035964848121710345
0 0.6082116679219972 0.2984588774944848 0.0027369294041682223 0.005419301558899719
0 0.6025507120209452 0.2888168948448869 0.003185606355671169 0.005259910336579061
0 0.5900953938407105 0.2947097319842997 0.0028799133037833258 0.005115405417301275
0 0.5775174889108328 0.30684587457841267 0.0033406364285202272 0.004492702769140103
0 0.5798559344107969 0.2989200687498354 0.0026725091428161816 0.005594686467231043
0 0.5567158472550423 0.29095999367154707 0.0028644807374141835 0.0050879935387896326
0 0.5189311173518053 0.2937144780145633 0.00333050530080385 0.004674183191319905
0 0.5402035284446685 0.27985441954301987 0.0027291630586253036 0.004639881529578957
0 0.5455791894410293 0.25391232280897447 0.0027681511023197203 0.004362873677066794
0 0.5265140360743474 0.2359068123956829 0.0027681511023197203 0.005055393308347185
0 0.5459885638998232 0.2027697480389138 0.004990469592914621 0.005401653123987451
0 0.5483278465215019 0.16668947524920263 0.0029630913207930832 0.005540157050243515
0 0.5338242942670937 0.16101081427270303 0.0030410674081824142 0.004986141345219189
0 0.5260461795500118 0.13808841447732037 0.002846127189709122 0.004709133492707025
0 0.5300619480505603 0.13448731239466205 0.002300294577984161 0.006509684534036157
0 0.5430059785571827 0.12936266712318678 0.0026901750149305316 0.00512464527147527
0 0.5510332826860824 0.14228389185927592 0.003323809423668038 0.005981552139438957
0 0.5612654891506575 0.13062862567910163 0.002558980472411392 0.006164245847549132
0 0.5562001099963636 0.12564741691340536 0.002804362161546763 0.006413306285833951
0 0.5547904718715013 0.1138517528509455 0.0024888714183727246 0.006164245847549132
0 0.5097651393456183 0.23603324232638948 0.0029500720842170836 0.005676692625773079
0 0.5246006656982445 0.21091096448064506 0.0025813130736899127 0.0059678050681204195
0 0.5161486016166742 0.1847692439365845 0.002311657194028811 0.005845080821773188
0 0.5281784359558277 0.17942676506737457 0.0027489576157425687 0.005001889837237137
0 0.5305527516426626 0.17098016243516717 0.0023364035868257103 0.006402863225727521
0 0.5088390354405903 0.15738359106043312 0.0026598939847818316 0.004674866579616577
0 0.5102809779691825 0.16111353779948892 0.0029118839412346632 0.004376470840492122
0 0.510573650099869 0.1463631100405494 0.0026038962166810365 0.005172192811490728
0 0.5142275044684376 0.12127300164250072 0.002855886173134081 0.006316043144801142
0 0.5071437868037032 0.10973503306302146 0.0027438906369328464 0.004724599202804019
0 0.5150674709899477 0.1079943912514621 0.002911883941234805 0.004824064449178813
0 0.5190433125250951 0.10120588818638053 0.0024079040283287866 0.006166845275238906
0 0.5078936806984756 0.09007443190600967 0.0026333885692059766 0.0053212146528562165
0 0.4996094347220444 0.06523092892050036 0.0023562927030954485 0.0045922389541681865
0 0.5173003326419507 0.06712291524811485 0.0027109137543358487 0.005818393672214439
0 0.5204913040402838 0.06594418894383004 0.0031062553435098296 0.004062843857322136
0 0.5140952419011473 0.06938005072440494 0.0022873334802208946 0.004915539481698401
0 0.5294515229654019 0.16402084434255917 0.003668545505811309 0.00883704140947664
0 0.5351804844402303 0.14590044630090504 0.0037690536018610034 0.005980623984191275
0 0.5380449651776446 0.11608658942448884 0.0032665131216127463 0.005623571806030601
0 0.532994433351151 0.0916731467427528 0.003015242881488689 0.006426939206892115
0 0.5367383599289994 0.06681338883831596 0.0030654969295134294 0.0059806239841912676
0 0.5576205752668935 0.24612824174731573 0.0029725269406675634 0.005732472720369586
0 0.566572127825361 0.25362872980733925 0.0027007530489494514 0.004139448860399461
0 0.5673704636322832 0.2580366996892687 0.0029725269406676346 0.004676490903459403
0 0.5750583858845587 0.27433770377433897 0.002628673281297793 0.0037765134228532914
0 0.5779963148460093 0.2740973801928846 0.0020874758410306528 0.004531816107423978
0 0.5860395138893404 0.260545094236668 0.0027059872013360576 0.003913841183684319
0 0.5915206560152023 0.21793849562411474 0.003202448239176974 0.006679842701614511
0 0.5970305005800036 0.20382942028959414 0.0034531489455616794 0.005412006306191337
0 0.5970088274059132 0.1798590095757595 0.0030468961284368847 0.00454608529720069
0 0.5805205332251514 0.2013824972719368 0.0032358024940923966 0.007594974903740202
0 0.5759652957065389 0.1801570895221351 0.0037227893954032256 0.004670114988300967
0 0.5683891400806217 0.17980415499321176 0.0029141400629772818 0.005968475759194653
0 0.5548127157138109 0.17995629815016032 0.002976391538108487 0.00473986591563829
0 0.5569572665685404 0.16682960754032686 0.0024888791310045378 0.005423500422701543
0 0.576099089873935 0.16611633382140056 0.003453226727240164 0.006727333561010021
0 0.5930697102780662 0.17175492392788996 0.002354925705027853 0.0041369376204526635
0 0.5830252601255788 0.16536258988420535 0.003183031447455349 0.004366767488255619
0 0.5772670707418583 0.15039113762768708 0.003015242881488689 0.0067290602807204
0 0.5768204266499939 0.12674632308381306 0.002668488965200737 0.00616182569032981
0 0.5695096540057201 0.10862712837184439 0.0027200708059744727 0.004943847606203722
0 0.5782680761120004 0.0935398439128322 0.0030996155695987683 0.005056207779071986
0 0.5674036072532533 0.0908431997639938 0.002561927154464385 0.005056207779072004
0 0.5516778142520042 0.06709135814445895 0.005165759837365727 0.00499742941520906
0 0.5487234333243943 0.10180995778310738 0.003228433586942714 0.004539780562847273
0 0.5528262343411338 0.10360197642633658 0.003766505851433024 0.005017652201041738
0 0.5401950974379068 0.09976571178199556 0.0026099082080721057 0.005306785558057372
0 0.5484584735673671 0.08332263301501708 0.003434089747463247 0.0057337683041080644
0 0.5444612278033198 0.0767421641171662 0.0025822076418058515 0.005413703525089532
0 0.5607372200302961 0.07604581891974385 0.003515502567025308 0.00501441181943286
0 0.5592457946988307 0.08456085785840345 0.003302441805387054 0.006149750344587474
0 0.8202590412947279 0.34221440602478637 0.003527834171341908 0.005453972021404283
0 0.821430054691958 0.32259664296816803 0.002678540759722381 0.006730433558328705
0 0.8013409989940395 0.32474341918935906 0.003397173646477256 0.005453972021404283
0 0.7919334412037948 0.33054551708447005 0.0035278341713416237 0.005221888105599887
0 0.7885349869514513 0.3013377008115654 0.002722759359530329 0.0045558998697876165
0 0.7925993958504606 0.30729541602590305 0.0029595210429678785 0.0045558998697876165
0 0.8066609151805031 0.30627296765361306 0.003858705096847501 0.0054494683841109295
0 0.810741021389465 0.30155384039314587 0.0034791603332230635 0.004550587001164814
0 0.8190755615438821 0.2776459551133901 0.0028248793885747147 0.007610105838246604
0 0.8109540333017294 0.2697013391284073 0.003813587174576014 0.005770300031198019
0 0.8065283889262957 0.28019659498225297 0.0041902377597192245 0.004850397127673709
0 0.7883805252160502 0.2873005589483831 0.004893401644737025 0.004345917852741295
0 0.744251132642234 0.3203944807801323 0.003988702923646201 0.00539800179250971
0 0.7440611944077734 0.30959847719511285 0.004083672040875824 0.005566689348525677
0 0.7495219186484806 0.30909241452706504 0.0035138573374976544 0.005735376904541596
0 0.7516824660654556 0.32018362133511247 0.004226125716720332 0.005144970458485858
0 0.6952309041349402 0.3271577441238055 0.003962245778557758 0.005758268090386878
0 0.6903231224319539 0.31983994509227215 0.003782143697714275 0.005198436470488161
0 0.6890255357871528 0.3089070902655454 0.0042323988998228404 0.005038484579088518
0 0.6729998950316934 0.29790433868384103 0.0025142905022035224 0.006014177066201753
0 0.6829315862085283 0.2866559247197567 0.002849529235830914 0.0061928159889602695
0 0.6314762952525521 0.2708005141912871 0.0038010957381311525 0.0055165861358851135
0 0.6226380238363043 0.25689177229793525 0.002781289564486258 0.006092945881425393
0 0.6360345685719128 0.25578022136010764 0.0035229667816825128 0.005351911922873676
0 0.6170285887161842 0.24554781896927239 0.0036908128955150943 0.005463128657137055
0 0.6214287917538353 0.23441024345777278 0.0020819970179828573 0.005379080523950357
0 0.6070243345101635 0.22100406098342876 0.002653924168140236 0.00587436349862486
0 0.6162820214447425 0.2061829065011181 0.002123139334512132 0.005801840492469061
0 0.612076572378305 0.20215787965946772 0.002776412975900513 0.005584271474001454
0 0.6128931644300405 0.19222222781611453 0.0031030497965947035 0.004713995400131097
0 0.6130564828403876 0.18794337045291862 0.002613094565553382 0.004568949387819359
0 0.6125461128080529 0.18094490035887786 0.0027355833733137304 0.004931564418598704
0 0.6031486217386697 0.16830769057054248 0.0030298514082645767 0.006946187508198776
0 0.6031165843962986 0.15907395176433606 0.002184311480376735 0.004630791672132517
0 0.6018306590893026 0.1550063644847602 0.002783235595963944 0.004130165545415458
0 0.6107969054079461 0.16073227580908622 0.00288892808694996 0.005319152596368433
0 0.5996321576850643 0.14568413700917102 0.003240617773850332 0.0049137453097875825
0 0.6109439434748276 0.12730364193175847 0.0030445372271987736 0.0055464782985772485
0 0.6164016909220887 0.1487149493806024 0.002498081827445304 0.00679443591575712
0 0.6227249605478093 0.1692369190853382 0.0031226022843065236 0.0059624641709705275
0 0.5971082508081108 0.09401269976100995 0.0024627984400738966 0.004735295433280271
0 0.5945583998380829 0.12881837646154076 0.0022784431715592744 0.006070578857788114
0 0.6048249458359362 0.10648807079703299 0.0022377566863527676 0.005275622102601574
0 0.580605530993243 0.0668914441137806 0.004861016025876026 0.0045912607208704334
0 0.6028717489494297 0.09333027409811144 0.002950002632628923 0.005969507012484261
0 0.6078872513489286 0.08546344206206621 0.0029126608271526065 0.004443966331516051
0 0.6043584507314168 0.08632570418609171 0.0028006354107236574 0.0056378677340129
0 0.6122375716869192 0.08970842482649946 0.002950002632628852 0.004709277754293133
0 0.7991509981017346 0.2616006786561642 0.003902665111606041 0.005545643121296812
0 0.7899797350894606 0.25670972951446486 0.0036858503831834356 0.005930757226942411
0 0.7601109593820223 0.29730968794628 0.004742577872320481 0.004492766456206851
0 0.7593815689159339 0.2682181574355458 0.003288187324808831 0.0051666814246378225
0 0.7611909845305682 0.290671644128372 0.0034756846485745996 0.004497934706657496
0 0.6939810435627374 0.28770901880790484 0.003498746761755882 0.006103624632080589
0 0.6944496257183295 0.2737261696507748 0.0035612243825015356 0.0049938746989750624
0 0.7041336569339037 0.2857669564249701 0.0024366272090799155 0.005548749665527737
0 0.7162230765481852 0.28598890641159125 0.002749015312808183 0.003107299812695601
0 0.6861927169487475 0.2550606155686427 0.003317560437109961 0.005269496223010925
0 0.644321322213287 0.24083395509191735 0.0037891552210706438 0.0062662657267198085
0 0.6426554005212646 0.22656079426994447 0.003723824958638602 0.006730433558328705
0 0.6547414990712318 0.2360182138389753 0.004246467058096499 0.0061502237688176465
0 0.6713761281884536 0.22980982134521372 0.0035123986004454368 0.00693205390162099
0 0.6272007163865706 0.21094260987118701 0.002918509459889549 0.0070448704786674555
0 0.638201252043077 0.21220536967396705 0.0032178437634677692 0.005051039211120063
0 0.8309204821553473 0.25905081037547745 0.002624060071316734 0.004362170890899506
0 0.8302644671375182 0.25349352417200266 0.0024558510923863254 0.00460119395341458
0 0.8304549929505195 0.2276565330190141 0.0030817166610404454 0.005082866087445197
0 0.8136431279514508 0.22056984472401844 0.002916624697056136 0.0045941289636523665
0 0.8302623856592045 0.2171486848574688 0.00269650207841039 0.0045941289636523665
0 0.830082588304675 0.16907193393238257 0.003285841601622366 0.005149791031163531
0 0.8260236075026708 0.17477103600687025 0.003285841601622366 0.0054244465528256215
0 0.8293270917694567 0.14100127843325805 0.0026673302413169606 0.004600479987839421
0 0.8259446077677869 0.14185957693845197 0.0039430099219467255 0.0054931104332411355
0 0.829404405689495 0.12342332504688645 0.00297658592146945 0.006385740878642796
0 0.8240549166442497 0.12500572251093728 0.0035849462308728164 0.0060099736884678375
0 0.8166030621194019 0.1217860937492581 0.004632233893824349 0.007440919804769681
0 0.8230279235788917 0.19844087622848242 0.0025792090444149095 0.005273803345904895
0 0.7785338048382252 0.22785641711406562 0.003571453337361845 0.006105853268523554
0 0.784895456095401 0.22448630329702332 0.0038839555043811915 0.005392182107267551
0 0.7536398231733251 0.2808003540861243 0.00269650207841039 0.006637050141106329
0 0.7519966474812558 0.26455829248028345 0.0031202381193034512 0.0063633573517823195
0 0.744395418389281 0.27675892864223606 0.0033963856217127386 0.0046225213440125755
0 0.7330823915245847 0.2675711553395002 0.002719596698857316 0.006407998876964954
0 0.7272269333260243 0.2647122019943927 0.0033301184067642 0.006407998876965023
0 0.7385370096601149 0.24582069538018922 0.00382963616777789 0.005027814503464897
0 0.7213868998652795 0.2322653131404555 0.003940640114670571 0.005520737494000695
0 0.7117199275358085 0.2478210455411643 0.003892584665860852 0.004756934272532547
0 0.6972329841614305 0.2236044097938813 0.0038753535402908314 0.005659801288793993
0 0.820908552021611 0.2156180193380412 0.0037093484328133285 0.006144497344527302
0 0.804808254100451 0.2086459611471631 0.003281979122168792 0.005289794238345564
0 0.8014654975871309 0.20589310904353425 0.002917314775261133 0.005613659191713722
0 0.7920260684797796 0.2039278279417947 0.004175580432363973 0.006304293509678515
0 0.7845796167087303 0.21431137019302998 0.003062092317066742 0.00580983911676256
0 0.7706381652963924 0.22479132837942067 0.005358661554867155 0.006551520706136564
0 0.7624937619206723 0.2437476427778068 0.003959343555756049 0.006311422733929532
0 0.8109010855110887 0.1697725134167665 0.0049272711395970245 0.006645033938030984
0 0.8025977211832495 0.1692052544220565 0.003649830473775637 0.005510515948611072
0 0.7951611915929316 0.17811932433892733 0.00301111014086473 0.005186367951633955
0 0.7901426746914901 0.17884865733212582 0.003558584711931303 0.004700145956168242
0 0.7902339204533345 0.16580170045379675 0.0020986525224209627 0.00648295993954239
0 0.8059281914905696 0.1797400643238129 0.0035585847119311608 0.004538071957679648
0 0.8224892972653259 0.16312747947873546 0.003467338950086969 0.006645033938030984
0 0.8237667379311477 0.1530788915724448 0.003649830473775637 0.006645033938030984
0 0.817904256037157 0.16971766011779038 0.002683604914018787 0.005163941690577723
0 0.8156679186088084 0.16571702397289229 0.003897616660836718 0.0046532221827184014
0 0.808381689999377 0.15210886792862316 0.003959976866142938 0.004799570349144595
0 0.8032104260918257 0.15310188248361856 0.0039599768661430805 0.005958087329972593
0 0.8160919978975727 0.15479828234840246 0.00447244446058491 0.0055443312653912
0 0.8043285372069718 0.1571566919165166 0.00414632871866715 0.005130575200809737
0 0.8077845338343229 0.1276455182603767 0.0038476734970156203 0.0070383870397829895
0 0.6506693274571623 0.14908611881836176 0.0034463065321328657 0.008096115795823717
0 0.6432417248384685 0.19643295025639063 0.004027454840812652 0.006053139145628563
0 0.661356069309631 0.20179209897904168 0.0031380897788042717 0.00662415934604482
0 0.662523519604816 0.17105679774694965 0.003138089778804414 0.005735552604502203
0 0.658021042965662 0.1648769417716762 0.0025923350346644725 0.005331640449255595
0 0.6488600579311645 0.18370606508519607 0.003924316258648872 0.006664115338877075
0 0.6354661976787341 0.17848408517366504 0.002785987979841309 0.00606599134216971
0 0.6250302957668061 0.1844943427733789 0.003735053571308734 0.005935985079594631
0 0.6308731836516398 0.1427179425678898 0.003245499884739402 0.007030211499107822
0 0.6408471589071807 0.15850076738338686 0.003087182817191305 0.004991450164366569
0 0.6456164605670723 0.14197977036048345 0.0027309694152074827 0.0068193051541345535
0 0.6845765378598402 0.20030873887759293 0.0033712365153203906 0.007689279343624484
0 0.6870618327728899 0.18440661080727772 0.005478259337395741 0.006804671985508399
0 0.6881728084427112 0.16082842237749112 0.002796593927481723 0.006056158067102473
0 0.6870618327728899 0.15310511967393908 0.0027199749157699672 0.0058520179075372165
0 0.6734646866953485 0.13825841466486216 0.003272573963797356 0.004990842296493323
0 0.6742249816566347 0.13338500395181577 0.003404799174455775 0.0051082738799402
0 0.6623288132177558 0.14990705988875624 0.0026657157520706674 0.005574043332225358
0 0.6600566930985156 0.13634123347837654 0.0026495728529597785 0.005445822592390073
0 0.638177068165524 0.1102509601251667 0.003076361513786523 0.005008981799839702
0 0.6427659740902556 0.10742771583798433 0.003127634205682881 0.006101850556168369
0 0.6378950683600935 0.10528751452350736 0.0024098165191327324 0.005100054196200414
0 0.6311953591020917 0.11685660593992214 0.002781935318386033 0.005502893106336639
0 0.6301362687344375 0.09670886054241722 0.0024882469932268948 0.005315601555864333
0 0.6339695141023818 0.09294613135118741 0.0024882469932268948 0.005673956716933848
0 0.6371425425832463 0.07626992344762643 0.0029926213837457283 0.0045391653735470695
0 0.6356462318913735 0.06680337460937365 0.002488246993226966 0.004598891233725313
0 0.6296946140832496 0.07534417261486354 0.00255549691196272 0.004598891233725322
0 0.711181323851242 0.0890793148060223 0.003053222855158566 0.00426747073995859
0 0.7039430530319684 0.10135243007401655 0.002502641684556295 0.0049787158632850215
0 0.713453091433282 0.11913355815717733 0.0031032756888497203 0.0042674707399585725
0 0.6967489740579541 0.11335470920890345 0.0033860429177444474 0.004134907569977511
0 0.6966934465889295 0.1275914335878775 0.002630229766462122 0.005584810224385208
0 0.7027399517991872 0.12990053781526756 0.0024488346101543355 0.00483300884802567
0 0.6929870303549768 0.14957944149351354 0.0034564074231423093 0.004549730202387021
0 0.7029087713062296 0.14892164917509615 0.0034255466425787517 0.006413475104569671
0 0.6958922590095391 0.16613757788378355 0.00319547834405318 0.00808819080596685
0 0.6860422016793113 0.1467965995028295 0.0030227324028987822 0.004512316813952424
0 0.6832486717632608 0.1016553083281374 0.002915117348532732 0.004999386584749121
0 0.6779545506015577 0.10605952984327352 0.003049145732373262 0.004999386584749121
0 0.6820492795303099 0.08822387611429452 0.0029513246575078255 0.0058188961989762335
0 0.6845892675555367 0.0784764649537606 0.0038957485479103582 0.005766473710697175
0 0.814838521154179 0.18786012590893614 0.005358774402222508 0.007803411920281427
0 0.7361686012406342 0.21247113701796003 0.004124719562892949 0.006193514940978595
0 0.7480112239031672 0.19963092311593134 0.004167242444984538 0.004833962880763778
0 0.7261617072330955 0.2103865970629254 0.0033423035337075647 0.004934416246382796
0 0.7145721612136162 0.2135862575976892 0.0030818642973146383 0.004857315992533025
0 0.705319968828058 0.20576511936675598 0.004082530020699977 0.005122644987899961
0 0.6975707695611747 0.18323371555194684 0.0036519856186160377 0.006084951561329639
0 0.707944994194588 0.18610397572238535 0.0032641641369929174 0.0052812787136068805
0 0.6291361731269884 0.16603666756411153 0.0032532898554821087 0.0070065649342006256
0 0.7520833918362649 0.20607128236265132 0.003612454486608101 0.006163285657162767
0 0.7648105037647198 0.19778606183591244 0.0040768328178296545 0.00627249486423974
0 0.7703053371085037 0.13459471511772958 0.003538121861661523 0.006839057246805442
0 0.7614080012505018 0.13875360128132747 0.004682808346316847 0.00554518155146388
0 0.7402833324882283 0.1406944148243398 0.00426655871553308 0.0057300209365126345
0 0.7359647425688474 0.17516696013594013 0.003121872230877898 0.007393575401951793
0 0.742156455826755 0.17507454044341575 0.0030178098231819204 0.006469378476707774
0 0.7513556258623822 0.1641229249885418 0.003225934638573732 0.005896707089004626
0 0.7673085917516502 0.1676456218734333 0.0035526026083014983 0.005695987185900293
0 0.7663408206950598 0.18832401500087198 0.002995125759364612 0.005985056157481452
0 0.7698507336943152 0.18317021664304076 0.003369516479285295 0.005320049917761267
0 0.7998617339414626 0.14241873876970404 0.0035436856500689375 0.00629442169240356
0 0.7904668464040705 0.1542756726553945 0.0033788630616936642 0.0068799492916969025
0 0.7945462054663591 0.13685622657641716 0.003790919532631989 0.00629442169240356
0 0.7885301809906606 0.14117449262120566 0.003296451767506028 0.006440803592226896
0 0.7830498299271822 0.1325379605316287 0.003708508238444353 0.007319094991166928
0 0.7939837018520189 0.11377077515042981 0.004020277907135039 0.007041781944693568
0 0.7975572822139165 0.1278047490261219 0.0032385572029697586 0.0071409619720835945
0 0.8150359290080437 0.10785397370255331 0.0023185671350071857 0.007487858538980898
0 0.8124363234324296 0.10698039020633876 0.002740124795917519 0.0069886679697153675
0 0.7926582431747166 0.08957111910320824 0.0023888267451587807 0.0051167033349702965
0 0.7887633048421651 0.10537816232829585 0.0031209442424891165 0.004587751634621231
0 0.7169832564751359 0.1641705996516073 0.004107620440344419 0.00561238685824641
0 0.7284033440730169 0.15250485268196656 0.0038367883233985365 0.009220349838547666
0 0.7374839339796321 0.092624690797551 0.0026328095760199234 0.00603418181091536
0 0.742452300437605 0.09337896352391542 0.0030574562818296157 0.006939309082552683
0 0.7514972752713507 0.09021101807318484 0.0029725269406675634 0.0051290545392780554
0 0.7899411272012435 0.12724168322280507 0.0025513593612596706 0.007278371324044492
0 0.7926857713625983 0.12744767486405162 0.002164789761068704 0.007553026845706547
0 0.7780300048067397 0.08119903736954935 0.00324659175514995 0.004836597873100317
0 0.7786321952129369 0.0892910376572364 0.002880041073116786 0.005766712848696525
0 0.7867224924092379 0.09161632509622693 0.00324659175514995 0.0052086438633387995
0 0.7621112323298754 0.0783621866939809 0.00335132052144516 0.005301655360898412
0 0.7293468030463193 0.12493293719554044 0.00366854550581138 0.005712834850570766
0 0.7232911902593293 0.12207651977025502 0.002914734785438924 0.00606988702873144
0 0.7189190880811708 0.13635860689668194 0.002814226689389585 0.005355782672410072
0 0.7273366411253267 0.13033335139022062 0.003367021217662227 0.003838310915227243
0 0.7956376371914797 0.1580897254816293 0.0032244686411002023 0.0068989340885355155
0 0.7827764043161821 0.11194496822906645 0.004177152557788872 0.004425731302079363
0 0.7883861131219103 0.07837290597820913 0.003367510915256986 0.004089910292404912
0 0.6443776818657478 0.08861644627045512 0.003407156890311333 0.008117611176310428
0 0.754092382752921 0.07222385482271575 0.0024825499724256874 0.005918139853013145
0 0.7665233528773111 0.08854108931140246 0.002287394083969616 0.0038754306652361236
0 0.7653180721484503 0.08518134095242762 0.0023753707795067668 0.002906572998927075
0 0.7642623518020027 0.08771287227407377 0.002023463997357595 0.002531531321646199
0 0.6571923251195423 0.06716373091388976 0.0030849272028768836 0.006888587786039988
0 0.6604829141359443 0.06713763777833659 0.002614843057676666 0.005792676092806355
0 0.6587935492391326 0.06711154464278338 0.0028205048712017272 0.004801136941785395
0 0.6441227633371948 0.07506557214190555 0.0012090706653268058 0.003256030718230232
0 0.6456146005290901 0.07620864675575233 0.0015795923208303008 0.0027710899729619155
0 0.6473209502583819 0.07884118223006614 0.002808164125920456 0.0035331397155264187
0 0.580457182675043 0.2694160631069 0.0029622871017878083 0.004959322972812927
0 0.5748901258803039 0.27101877114079675 0.003677321919460681 0.003689252455385166
0 0.4019475061829364 0.13440648736743563 0.0017612934446565732 0.002925325082791126
0 0.4027366571419059 0.1317858836474352 0.0016926716221374249 0.003859803928682748
0 0.40143695992021333 0.12614423924330465 0.0031072501315941993 0.004274994450835301
0 0.40295777149571493 0.10248482496177815 0.0013635378236715923 0.002944349415821037
0 0.4046822458021232 0.10284099626207908 0.0021388828606612974 0.0031817969493549824
0 0.3931669524432971 0.08088944699266427 0.0021100134317050844 0.0038357225957101537
0 0.3940820272242982 0.07822913764711478 0.0012024353120242636 0.0022709865469076095
0 0.392156608655044 0.07720178659018039 0.0013698630136985911 0.0021628443303881983
0 0.7649570186295759 0.16018013321432611 0.00309255680152674 0.0051497910311635664
0 0.7670444944706064 0.15643795173168062 0.003247184641603269 0.0054931104332411355
0 0.7359724871050255 0.1497113139754812 0.002745464608427568 0.005058895352267818
0 0.7558113120371612 0.11097745373686266 0.0025505939196993664 0.0038422858946443304
0 0.7575386129827802 0.11533586758750401 0.0036806038841231724 0.0034982005906463343
0 0.7579260449705828 0.11180899322152449 0.00251830792071587 0.004473108951974023
