0.0 0.08293557677589831 0.49134133710645284 0.009488130313528843 0.056487473494496586
0.0 0.026898077759781813 0.6381738639620151 0.01012067233443048 0.04498076593080434
0.0 0.34683888359374465 0.7006965598910455 0.010981855187930734 0.056501534587344276
0.0 0.39615554809510095 0.7420637548567803 0.011591958253927004 0.056501534587344276
0.0 0.8972884054791415 0.7328293453564806 0.01029642161620643 0.045073254681067404
0.0 0.8788801259330693 0.4502978859906952 0.00904532734230017 0.05085951497892879
0.0 0.7384553120295415 0.42614247680824363 0.011284402604626109 0.0699807913465238
0.0 0.5758963948568336 0.45362217516545156 0.011191406586954144 0.04771529940174424
0.0 0.6414008587733455 0.1818609639229272 0.01241917799530654 0.07025207693063502
0.0 0.8355104973331692 0.15777900951773044 0.011851620024992826 0.058798735007716346
0.0 0.9778430310045977 0.019590728436429703 0.008705975219621109 0.039181456872859406
