0.0 0.08293557677589831 0.8990359882605194 0.009488130313528843 0.011385756376234468
0.0 0.026898077759781813 0.9286319194548437 0.01012067233443048 0.00906643563292775
0.0 0.021074435556532833 0.7684078651029524 0.008221536631608472 0.011663110105304497
0.0 0.34683888359374465 0.9412341503530388 0.010981855187930734 0.011388590565261581
0.0 0.39615554809510095 0.9495722255883198 0.011591958253927004 0.011388590565261581
0.0 0.8972884054791415 0.9477109149234156 0.01029642161620643 0.009085077896652648
0.0 0.8788801259330693 0.8907631676449995 0.00904532734230017 0.010251370987940333
0.0 0.7384553120295415 0.8858943429816616 0.011284402604626109 0.014105503255783702
0.0 0.5758963948568336 0.8914332196817863 0.011191406586954144 0.009617615035664074
0.0 0.6414008587733455 0.836656350540715 0.01241917799530654 0.01416018425633112
0.0 0.8355104973331692 0.8318023316059175 0.011851620024992826 0.011851620024992826
0.0 0.9778430310045977 0.8027763505070411 0.008705975219621109 0.010242323787789154
0.0 0.8344387477446744 0.7705008455225256 0.009581321787884178 0.010070164736245247
0.0 0.425030887662329 0.7843230115276574 0.014329993065083358 0.012166975243938439
0.0 0.3844945078047214 0.7449001737184823 0.01408783126087485 0.011126694753812671
0.0 0.030263353975801977 0.638570808015342 0.008929986503817133 0.010247525496183485
0.0 0.08775494100295482 0.5639279385282132 0.009808345832061605 0.007173267847328546
0.0 0.31036773384539595 0.6083162440752506 0.008367497784565359 0.009965783878245916
0.0 0.26127394751746424 0.5369165887874482 0.008424982202312492 0.009698526023587561
0.0 0.28018117501799117 0.5330959573236104 0.009796490932916412 0.009502596204929149
0.0 0.4733411180955418 0.614827963076525 0.009166338359725756 0.010774467896519369
0.0 0.7859166965707882 0.6429124643203317 0.009458963993077418 0.007662958171607314
0.0 0.42822284549005474 0.5554906819197564 0.009551578659593218 0.008405389220442316
0.0 0.6007447707912021 0.5539984916325587 0.011649566279097457 0.009211284964868227
0.0 0.8050682607596809 0.5624390509538701 0.012349856972128492 0.009879885577702297
0.0 0.702638302434465 0.5163996210740096 0.009536871494224641 0.008635749778234825
0.0 0.9998056892490693 0.4414048500097397 0.0003886215018614081 0.009785715432088083
0.0 0.9457011553626146 0.3993539047447854 0.010584818024013742 0.008075015812134368
0.0 0.9846482216438062 0.2955395721856089 0.014175505754555928 0.007863784214205794
0.0 0.589424273037854 0.45171903826629195 0.008364288421131506 0.009795021966852602
0.0 0.5426893839201054 0.4176178455649399 0.008644961679237183 0.009086031152667573
0.0 0.5769776794052255 0.38009650067510137 0.008946521200942215 0.011255300865697038
0.0 0.706430603897261 0.32841899464094676 0.01224793321169244 0.008487602839681686
0.0 0.21814444742753736 0.3875489209832601 0.008362273591328063 0.00997040312812274
0.0 0.20447534636478829 0.356109988538938 0.008683899498687708 0.009487964267084693
0.0 0.014894709943551021 0.3817086697656677 0.008740561664489378 0.006944555843018918
0.0 0.0016579935690540283 0.2754951863425227 0.0033159871381080565 0.009927064291704469
0.0 0.041100170022302505 0.3063105302179158 0.009213200790066623 0.00799020953474816
0.0 0.11476844605858431 0.29674790224078296 0.007078860276276089 0.009233296012534708
0.0 0.2801446510882258 0.3103889929894786 0.008869386444105487 0.008443655894788193
0.0 0.2868359171109134 0.2325086922165543 0.008303260629499931 0.008928237236021985
0.0 0.23824152699885026 0.16244405827422614 0.00830942910406165 0.008110002805564065
0.0 0.008481080876252989 0.11917233764861379 0.0080807288266584 0.00848476526799118
0.0 0.016062271226984136 0.11125106100410331 0.008214060175797044 0.006822969339573248
0.0 0.029828520687941305 0.0834751658435648 0.009406423749702953 0.0076841208096162465
0.0 0.008630946040723586 0.07804328734021534 0.00781660565116198 0.009141454066612553
0.0 0.6823749604571596 0.2976110192661835 0.014463650271756024 0.009039781419847515
0.0 0.5549963892204556 0.2943004681582343 0.01256242497463731 0.009524452921946747
0.0 0.5761322242829465 0.2707619875440567 0.010591848508026658 0.009524452921947101
0.0 0.41243342581202463 0.22834820735528966 0.010637185937303428 0.006969190786505308
0.0 0.41163433603617355 0.15052176950708135 0.007500761035007031 0.009789954337899687
0.0 0.5653569571453385 0.16802334362704485 0.012411293433940785 0.008562830353649176
0.0 0.6128837850758352 0.14406579971436262 0.008650475905356104 0.00882348542346314
0.0 0.7645444133565906 0.18642395736841877 0.015065456266638222 0.008695498247858424
0.0 0.967469304524645 0.22254672438744566 0.010573460010389368 0.009007021490331724
0.0 0.979633404984822 0.09240960816581119 0.01020586620516326 0.009414713786158657
0.0 0.8289465935240969 0.10562560778411782 0.009166338359725756 0.008040647683969837
0.0 0.8094078196520499 0.10634926607567544 0.009005525406045933 0.010774467896519724
0.0 0.834306086321871 0.0724906801875683 0.012382597433314402 0.009166338359726111
0.0 0.7208845155626922 0.100237956927743 0.013321096914280873 0.01068462981666336
0.0 0.7058289008210306 0.0860842914563186 0.01456994974999617 0.010684629816663715
0.0 0.6237544551847151 0.052857601372889994 0.009695733848595012 0.008503635424586875
0.0 0.7138055202158448 0.03799134808580771 0.01328306205594174 0.008914806748953907
0.0 0.7088854995248258 0.0008154045142970467 0.011665338711382844 0.0016308090285940934
0.0 0.6043192843253291 0.03805204044348169 0.009930087012219247 0.01219982118644083
0.0 0.5560252506624025 0.01669258078596947 0.009463931470183696 0.010535319938506049
0.0 0.547776749497444 0.004002734929993856 0.010535319938506404 0.008005469859987712
0.0 0.5276514308264595 0.0075520773199011515 0.005308021454621325 0.007010594374028045
