0.0 0.31085492966474915 0.9199335280000055 0.011506760181244857 0.00907003449580337
0.0 0.3027438482801257 0.8979249908696281 0.010610773287965891 0.007106750481242585
0.0 0.22454175623102746 0.8924096081658112 0.012757332756454076 0.009414713786158657
0.0 0.03618324190512112 0.9056256077841178 0.011457922949657195 0.008040647683969837
0.0 0.011759774565062386 0.9063492660756755 0.011256906757557417 0.010774467896519724
0.0 0.042882607902338776 0.8724906801875683 0.015478246791643002 0.009166338359726111
0.0 0.2664760827909447 0.7873970040123789 0.013105738177694448 0.010028738779453228
0.0 0.25867531950169953 0.7600568390125029 0.01386549111553137 0.008205331728643373
0.0 0.25459164746082363 0.7380240038152188 0.01101641759864247 0.009420936429183336
0.0 0.2263240130551729 0.769608009874673 0.016442117270584866 0.008403748827187663
0.0 0.1952666804329568 0.7556626585599918 0.015528666311108275 0.009012716133505627
0.0 0.14398603106414942 0.785532897541948 0.017741865287344893 0.010315037957758299
0.0 0.03841665395225924 0.7458941311369791 0.015794218650873937 0.0070410867878704765
0.0 0.058411790203987124 0.6977909913267076 0.014709119659592318 0.007041086787870654
0.0 0.11638823090271666 0.7701328081165719 0.015871009923767332 0.010176118127592382
0.0 0.2764093033776347 0.6741155315968256 0.014225761287024241 0.008040647683969837
0.0 0.22136179231045672 0.6558694464678171 0.017936829448855107 0.009153968132519452
0.0 0.0956279430623499 0.6902305842472739 0.016274850282267828 0.007858846622788818
0.0 0.016914686690920444 0.6969395718506202 0.017656478014759003 0.008452865065333626
0.0 0.005642038780114822 0.681146060807497 0.011284077560229644 0.009342640335368736
0.0 0.2810361651789117 0.6165206408540291 0.014111336685367348 0.009825671469811148
0.0 0.2857202187678318 0.5811780145973402 0.010714163038889168 0.012125296707426615
0.0 0.20536399597615818 0.5850455661333297 0.013588694585909167 0.009825671469811148
0.0 0.16773376481517932 0.5954984081224906 0.01411133668536646 0.00940755779024478
0.0 0.1541399478058052 0.5428787016183358 0.010891037438121032 0.008207738359164196
0.0 0.1703975834018423 0.553611897934166 0.011838084171871266 0.008207738359164196
0.0 0.22664366072201236 0.5517698932884623 0.01543482038738997 0.009817557885749829
0.0 0.2429640855578601 0.5432680905832769 0.01391664133289261 0.00819816689428592
0.0 0.27630224617552823 0.5001965410089668 0.011299517554299143 0.013710081299216092
0.0 0.24381613320691775 0.4858838187735214 0.015254348698303666 0.010395556149955177
0.0 0.226113555705183 0.5047916781477151 0.016760951038876648 0.008738293575324718
0.0 0.1535221008642007 0.5175899132304463 0.019573606578948244 0.007829442631579298
0.0 0.0025576946344589846 0.5568493030464156 0.005115389268917969 0.010332639954588173
0.0 0.007591057847631699 0.5768308053115385 0.015182115695263398 0.009268985841615951
0.0 0.1966039924069385 0.47128997264149586 0.01561066044642434 0.009990822685711364
0.0 0.1599189403578425 0.4624786220784031 0.014743401532733458 0.01068462981666336
0.0 0.04044383752808933 0.5356219846907201 0.018970311489281855 0.008093999568760068
0.0 0.037526275663735564 0.4832117742549754 0.013152749299234934 0.009308099504074008
0.0 0.04476393812227286 0.5236631338750202 0.01390273859429847 0.008103310494962735
0.0 0.3236819286213892 0.46669622556707113 0.010496240285267078 0.007858723495636077
0.0 0.3210578685500729 0.45668442714112356 0.009823404369544875 0.008289338481698393
0.0 0.321819971802078 0.4101374727670676 0.012326866644161605 0.009157100935662932
0.0 0.2545725118058031 0.39737036088561445 0.0116664987882249 0.008276610461079947
0.0 0.32104954263681806 0.3912069275635336 0.010786008313641737 0.008276610461079947
0.0 0.32033035321869985 0.304593655975058 0.013143366406489498 0.009277670404580541
0.0 0.30409443001068315 0.3148609445561272 0.013143366406489498 0.009772479492824893
0.0 0.31730836707782695 0.25402261567741646 0.010669320965267737 0.008288052228091924
0.0 0.30377843107114755 0.25556889407817984 0.01577203968778651 0.009896181764885981
0.0 0.3176176227579801 0.22235483402978135 0.01190634368587773 0.011504311301679948
0.0 0.2962196665769987 0.22520562196111044 0.014339784923491194 0.01082734322313037
0.0 0.2664122484776077 0.2194052595201478 0.018528935575297112 0.013405282085780356
0.0 0.2921116943155666 0.35750364108037536 0.010316836177659994 0.009501086340356757
0.0 0.11413521935290083 0.41049757645705887 0.014285813349447452 0.011000076279074377
0.0 0.13958182438160405 0.40442610578354354 0.015535822017525014 0.00971435307762416
0.0 0.014559292693300474 0.5058793879082832 0.010786008313641737 0.011957060644836837
0.0 0.007986589925023324 0.4766182987965107 0.012480952477213592 0.011463985979070302
0.0 0.2836342080864438 0.38844933796368986 0.014837393731252924 0.011069695997249962
0.0 0.21923301640180393 0.37588873937918604 0.013127916488675062 0.009529894932519411
0.0 0.2058619903485237 0.37092930426124215 0.011669259101044105 0.010113357887571794
0.0 0.16810427391911853 0.3673887275263895 0.01670232172945596 0.01135757877603023
0.0 0.13831846683492133 0.3860953278633806 0.012248369268267112 0.01046678828379255
0.0 0.08255266118556959 0.40497562753355004 0.021434646219468334 0.011802974022149115
0.0 0.04997504768268923 0.43912661269189257 0.015837374223024447 0.01137042251909488
0.0 0.243604342044355 0.3058557937023934 0.01970908455838849 0.011971443953983928
0.0 0.21039088473299783 0.30483384116973616 0.014599321895102157 0.009927538888669662
0.0 0.18064476637172655 0.3208930952543488 0.012044440563458991 0.009343566012865522
0.0 0.16057069876596053 0.32220703422490793 0.01423433884772507 0.008467606699159358
0.0 0.16093568181333806 0.2987021259737932 0.008394610089683674 0.011679457516081815
0.0 0.2237127659622784 0.32381295963336915 0.01423433884772507 0.008175620261257243
0.0 0.28995718906130374 0.2938843497484093 0.013869355800347982 0.011971443953983928
0.0 0.29506695172459096 0.2757811905984826 0.014599321895102157 0.011971443953983928
0.0 0.271617024148628 0.30575697205595675 0.010734419656075467 0.00930316370193145
0.0 0.26267167443523354 0.2985495760011637 0.015590466643346623 0.008383070588553653
0.0 0.23352675999750794 0.27403363237766015 0.015839907464571645 0.00864672595713083
0.0 0.21284170436730276 0.275822610161894 0.015839907464572534 0.010733866705403727
0.0 0.2643679915902908 0.2788787805432938 0.01788977784233925 0.009988459295306295
0.0 0.21731414882788735 0.2831276027808495 0.016585314874668633 0.009243051885208775
0.0 0.23113813533729166 0.2299613789909599 0.015390693988062587 0.012680094151359001
0.0 0.25935408461671594 0.33844175808281773 0.021435097608890175 0.014058334287631969
0.0 0.00018969025131898576 0.35964758492604504 0.0003793805026379715 0.00870868625237602
0.0 0.008333567345059745 0.37125029463146403 0.014449817946432297 0.011103544316732262
0.0 0.05924201505887927 0.356323952026261 0.016307331271318226 0.01130029152885692
0.0 0.08122134843401474 0.24248079145428472 0.014152487446645878 0.012320989071197896
0.0 0.04563200500200715 0.24997328480839148 0.018731233385267387 0.009989991138809185
0.0 0.005937186363338176 0.29567770704966984 0.011874372726676352 0.01062328636503489
0.0 0.0692343670066009 0.3020240656563572 0.014210410433205922 0.010261676914598538
0.0 0.06536328278023928 0.3392774832750084 0.011980503037458234 0.010782452733712677
0.0 0.0794029347772609 0.3299925934209781 0.01347806591714118 0.009584402429966766
0.0 0.1994469357658506 0.256576259064795 0.014174742600276069 0.011339794080220766
0.0 0.161867385616282 0.27793726651823414 0.013515452246775084 0.012394658645822699
0.0 0.1781848218654365 0.24655504569157655 0.015163678130527991 0.011339794080220766
0.0 0.15412072396264254 0.2543346718628908 0.013185807070024147 0.01160351022162125
0.0 0.13219931970872878 0.23877541952026232 0.014834032953777054 0.013185807070024147
0.0 0.17593480740807577 0.2049651621069462 0.01608111162853998 0.012686210284736998
0.0 0.19022912885566612 0.23024824316737275 0.012954228811879354 0.012864889302831806
0.0 0.2601437160321747 0.1943056744985062 0.009274268540028885 0.013489845149132762
0.0 0.2497452937297182 0.1927318592311072 0.010960499183670258 0.012590522139190341
0.0 0.17063297269886624 0.1613679692593736 0.009555306980635336 0.009218060851907416
0.0 0.15505321936866023 0.1898453455695705 0.012483776969956395 0.008265121304247326
0.0 0.005989101085402737 0.16252078724747204 0.011890107762670077 0.009240312318418108
0.0 0.15976450880497417 0.22923384493108476 0.010205437445038434 0.013112440838473915
0.0 0.1707430854503933 0.22960495174726797 0.00865915904427439 0.01360724992671818
0.0 0.11212001922695869 0.14628514076107874 0.01298636702059941 0.008713433355757295
0.0 0.11452878085174767 0.16086338502936495 0.011520164292466717 0.010389093616479838
0.0 0.14688996963695145 0.16505253568117134 0.01298636702059941 0.009383697460046303
0.0 0.04844492931950173 0.14117437696587495 0.013405282085781067 0.009551263486118521
0.0 0.18255054876591892 0.2848085210629978 0.012897874564401057 0.01242886094387723
0.0 0.13110561726472847 0.20167585682517752 0.016708610231155774 0.007973231548902348
0.0 0.15354445248764126 0.1411936884263674 0.013470043661027553 0.007368229011160743
0.0 0.016369531011684035 0.13011578845404884 0.009930199889702784 0.010661898828943972
0.0 0.06609341150924442 0.1595123062125735 0.009149576335878429 0.006981830557839475
0.0 0.06127228859380107 0.15345950955960788 0.009501483118026677 0.0052363729183795725
0.0 0.057049407208010994 0.15802022145626105 0.008093855989430132 0.004560711896653214
0.0 0.05982807451830352 0.2885745212439344 0.012370227206107032 0.00927767040458063
0.0 0.06817797788242563 0.2818327474166059 0.01298873856641336 0.009896181764885981
0.0 0.023245248148644926 0.19993281899781662 0.010202375678797893 0.006922118182070158
0.0 0.030154451931120985 0.20778477395061268 0.014722415536493116 0.006302227001586313
0.0 0.03170417988233121 0.20143088935065273 0.010073231682863337 0.008058585346290692
