0.0 0.0013431466038161589 0.039966215549417775 0.0026862932076323178 0.0432755442575575
0.0 0.011638565541504775 0.4260296235313243 0.006886363333748591 0.040997884033476456
0.0 0.06718856310040593 0.6868217191887187 0.007804545111581263 0.025054262464902083
0.0 0.05846583621099164 0.006886561486236704 0.010559090445079989 0.013773122972473408
0.0 0.07659992632319508 0.019467273532677784 0.0073454542226642165 0.03416490336122979
0.0 0.11080219754747703 0.01827486260664634 0.005968181555915208 0.03654972521329268
0.0 0.13742946910463621 0.1891529602267915 0.00688636333374788 0.05466384537796978
0.0 0.11585219732555885 0.3417561952402886 0.006886363333748591 0.03188724313714522
0.0 0.10621128865831189 0.5080253915982772 0.007804545111580552 0.03644256358531084
0.0 0.1590067408837136 0.4203354729711182 0.006886363333748591 0.03872022380939541
0.0 0.14661128688296685 0.6982100203091292 0.00688636333374788 0.04783086470572312
0.0 0.19183173944124582 0.5843270091050276 0.008263636000497598 0.04783086470572312
0.0 0.22787037422119383 0.26773223795762285 0.006886363333748591 0.04783086470572312
0.0 0.3001771892255487 0.01144188193440144 0.010099999556163652 0.02288376386880288
0.0 0.3442499145615365 0.10032421148759017 0.011018181333997035 0.040997884033476456
0.0 0.3605476411180735 0.19598594089903643 0.007804545111581263 0.031887243137148746
0.0 0.37179536789652873 0.2825370294141549 0.007345454222664927 0.040997884033476456
0.0 0.35687491400674104 0.31328544243926143 0.008722726889413935 0.03872022380939541
0.0 0.3206067337823345 0.370226948041314 0.005049999778081826 0.0432755442575575
0.0 0.309818097892796 0.3406173651282481 0.0073454542226642165 0.03872022380939541
0.0 0.2976521893365078 0.357699816808863 0.005968181555915208 0.03644256358531084
0.0 0.26207264544547615 0.34858917591253524 0.006427272444831544 0.027331922688986654
0.0 0.24715219155568846 0.5672445574244108 0.007804545111581263 0.036442563585314364
0.0 0.29237264411396746 0.5057477313741962 0.0045909088891647794 0.05010852492980769
0.0 0.2857158262246777 0.6116589317940107 0.008722726889414644 0.03872022380939541
0.0 0.29742264389204964 0.6139365920180935 0.010099999556163652 0.05238618515388521
0.0 0.3263453698937916 0.7050430009813758 0.005509090666998872 0.03872022380939541
0.0 0.38901127623089876 0.13107262451270016 0.008722726889414644 0.03872022380939541
0.0 0.4199999112327649 0.47727697857317075 0.0073454542226642165 0.05694150560205083
0.0 0.4335430924558029 0.5888823295531896 0.007804545111581263 0.03872022380939541
0.0 0.4569567277905463 0.550162105743796 0.009640908667247317 0.025054262464902083
0.0 0.4700408181246676 0.5387738046233836 0.0073454542226642165 0.05238618515388521
0.0 0.4721067271247922 0.5809105187689024 0.009640908667247317 0.027331922688986654
0.0 0.4920771807926613 0.36453279748110784 0.005509090666998872 0.059219165826131875
0.0 0.5118220712618907 0.544989952008636 0.005517055546464889 0.042041800051402935
0.0 0.49437263523724406 0.6025482908976829 0.011018181333997035 0.06149682605021645
0.0 0.4620067275686278 0.10215609488559248 0.009640908667247317 0.050108524929804166
0.0 0.44777491001221537 0.03382628816313465 0.009640908667247317 0.040997884033476456
0.0 0.5678271774638904 0.052047569955788305 0.009181817778330981 0.02733192268898313
0.0 0.5462499056848127 0.0032471827370748776 0.011936363111829707 0.006494365474149755
0.0 0.8708271641488053 0.01349665374544311 0.008263636000497598 0.02699330749088622
0.0 0.8391498928135643 0.21376144586561485 0.00918181777833027 0.040997884033476456
0.0 0.7980612582555338 0.274119441803789 0.008722726889413935 0.03416490336123332
0.0 0.7971430764777004 0.08735130342906215 0.010559090445079277 0.04783086470572312
0.0 0.8425930744804383 0.36750351099115247 0.006886363333748591 0.03416490336122979
0.0 0.871745345926638 0.5303562170130195 0.009181817778330981 0.040997884033476456
0.0 0.8712862550377214 0.31853381617338883 0.010099999556163652 0.05466384537796978
0.0 0.8818453454828024 0.22970506743418923 0.009181817778330981 0.059219165826131875
0.0 0.8949294358169233 0.24109336855459798 0.009640908667247317 0.040997884033476456
0.0 0.9045703444841706 0.1841518629525489 0.009640908667247317 0.06377448627429749
0.0 0.9194907983739583 0.27184178157970795 0.006427272444830834 0.04783086470572312
0.0 0.9121453441512937 0.3720588314393163 0.011018181333997035 0.03872022380939541
0.0 0.5630067231302668 0.45974875006647536 0.009640908667247317 0.02733192268898313
0.0 0.6052430849105882 0.4893583329795413 0.007804545111581263 0.040997884033476456
0.0 0.6222294478005 0.2820912525880762 0.00688636333374788 0.04555320448164207
0.0 0.6601044461361145 0.20351197485724484 0.008263636000497598 0.04783086470572312
0.0 0.6640067186919051 0.024884954865852748 0.008722726889414644 0.049769909731705496
0.0 0.7204748980286396 0.1477092993672363 0.009640908667247317 0.040997884033476456
0.0 0.7395271699186754 0.09418428410130705 0.009181817778330981 0.05694150560205083
0.0 0.6038658122438381 0.2650088009074613 0.006886363333748591 0.0296095829130677
0.0 0.6082271756885458 0.31283966561318444 0.0073454542226642165 0.03416490336122979
0.0 0.6350839926901631 0.4244450165932033 0.008722726889413935 0.04327554425756103
0.0 0.6541362645801996 0.49846897387587075 0.010099999556163652 0.031887243137148746
0.0 0.6458726285797021 0.5645211203742511 0.0073454542226642165 0.036442563585314364
0.0 0.608915812021921 0.6077966646318086 0.006886363333748591 0.0592191658261354
0.0 0.5923885401372739 0.6533497526651985 0.008722726889413935 0.031887243137148746
0.0 0.5978976306879232 0.7194020156118274 0.006886363333748591 0.027331922688986654
0.0 0.6803044452484425 0.2729806116917485 0.006427272444830834 0.03188724313715227
0.0 0.6908635356935229 0.2991737042686911 0.008263636000497598 0.0296095829130677
0.0 0.7422817152521745 0.29575721393256776 0.0073454542226642165 0.04555320448164207
0.0 0.7760248955875401 0.5144125954444452 0.009640908667247317 0.031887243137148746
0.0 0.7971430764777004 0.518967915892609 0.010559090445079277 0.040997884033476456
0.0 0.7420521698077163 0.5132737653324029 0.007804545111580552 0.03416490336122979
0.0 0.7404453516965088 0.5759094214946598 0.0073454542226642165 0.040997884033476456
0.0 0.6929294447324299 0.5998247373992727 0.008722726889414644 0.0296095829130677
0.0 0.6890271721378568 0.5462998385815939 0.0073454542226642165 0.036442563585314364
0.0 0.6816817179151918 0.518967915892609 0.00826363600049831 0.036442563585314364
0.0 0.6894862630267731 0.38914128311993296 0.0073454542226642165 0.036442563585314364
0.0 0.6727294455813191 0.3777529819995207 0.009640908667247317 0.040997884033476456
0.0 0.6539067191357418 0.3857247927838079 0.009640908667247317 0.03416490336122979
0.0 0.6506930829133253 0.35383754964666086 0.007804545111581263 0.03872022380939541
0.0 0.8290498932574 0.4916359932036259 0.009181817778330981 0.050108524929804166
0.0 0.8327226203687325 0.4460827887219838 0.009181817778330981 0.040997884033476456
0.0 0.9158180712626255 0.4836641824193387 0.008263636000497598 0.0432755442575575
0.0 0.9268362525966225 0.48252535230729815 0.010099999556164363 0.03644256358531084
0.0 0.9344112522637452 0.454054599506271 0.007804545111580552 0.0432755442575575
0.0 0.9417567064864099 0.42330618648116275 0.006886363333748591 0.040997884033476456
0.0 0.9431339791531599 0.3640870206550291 0.010559090445080698 0.05466384537796978
0.0 0.9481839789312417 0.6157684754160958 0.009640908667247317 0.05238618515388521
0.0 0.9775657958219 0.4608875801785159 0.008722726889414644 0.05694150560205083
0.0 0.9872067044891473 0.43469448760157503 0.005968181555914498 0.05466384537796978
0.0 0.9798612502664827 0.381169472335644 0.009640908667247317 0.06605214649837854
0.0 0.9999158519671763 0.20123431463316205 0.00016829606564741084 0.05238618515388874
0.0 0.997390852078135 0.1477092993672363 0.005218295843729947 0.04555320448164207
0.0 0.98284534104444 0.13290450791070246 0.00918181777833027 0.03872022380939541
0.0 0.9971613066336766 0.091906623877226 0.005677386732646639 0.03416490336122979
0.0 0.9812385229332324 0.005524842961155923 0.007804545111581263 0.011049685922311847
0.0 0.9569067058206556 0.2581758202352146 0.007804545111580552 0.03872022380939541
