0 0.31067541248398817 0.9926099506519594 0.0027258521529419256 0.003057951454361785
0 0.2948941631774822 0.9844554134403282 0.00301278395851476 0.004077268605815618
0 0.32093322453321704 0.9440649713139677 0.0031562498613012125 0.00535141504513291
0 0.3359254113743977 0.9499260449348277 0.002438920347369091 0.004841756469405993
0 0.3413771156802816 0.9622852653962062 0.002151988541796328 0.00560624433299651
0 0.33054544001990704 0.9798684862587856 0.0025823862501555793 0.0030579514543616427
0 0.3615340750217733 0.9829264377131475 0.002008522639009911 0.005096585757269452
0 0.3740156085641917 0.9664899486459534 0.0028693180557282007 0.003312780742225243
0 0.3800411764812212 0.9569338503510733 0.0022954544445826742 0.00509658575726931
0 0.38563634668989155 0.9731155101304038 0.002582386250155508 0.0033127807422253853
0 0.3953202951279748 0.9619030214644109 0.002725852152942068 0.00382243931795216
0 0.3946029656140426 0.9443198006018312 0.0030127839585148307 0.004841756469405993
0 0.3646185919316812 0.9273736529589104 0.0030127839585148307 0.004077268605815618
0 0.36318393290381706 0.9055857488465834 0.002725852152942068 0.003312780742225243
0 0.31454899185922147 0.85028779338021 0.0021519885417962212 0.004332097893679077
0 0.31124927609513375 0.8677435995988577 0.003299715764087523 0.0035676100300885594
0 0.3124687362688184 0.8976860409228158 0.0014346590278641713 0.0038224393179520175
0 0.2865731408158699 0.8920797965898194 0.0021519885417962924 0.004841756469405851
0 0.28434941932268043 0.9176901400200984 0.0037301134724469164 0.0035676100300887016
0 0.2922400439759334 0.9193465303912108 0.0014346590278641357 0.005351415045132768
0 0.29152271446200134 0.9243157015045486 0.003156249861301177 0.0035676100300888434
0 0.38147583550908537 0.90240038274829 0.0017215908334369345 0.005096585757269452
0 0.3838430229050613 0.884562332597847 0.0030127839585148307 0.008154537211630952
0 0.41131674328866025 0.9538758988967114 0.003156249861301248 0.004077268605815476
0 0.41849003842798127 0.9481422399197834 0.0017215908334370057 0.0058610736208596845
0 0.4190639020391269 0.9636868264794551 0.0017215908334370057 0.006370732196586744
0 0.42358307797689904 0.9773201933801511 0.0015781249306505885 0.0035676100300885594
0 0.4275283903035255 0.9842005841524647 0.0022954544445826742 0.004077268605815618
0 0.420857225823957 0.9866214623871679 0.002438920347369091 0.003312780742225101
0 0.44395523617257043 0.9685285829488612 0.002151988541796328 0.005351415045133052
0 0.4596647525276832 0.9644513143430455 0.0017215908334369345 0.003822439317952302
0 0.45887569006235784 0.9384587269809714 0.0024389203473691623 0.0058610736208596845
0 0.44266404304749274 0.9290300433300228 0.0027258521529419256 0.004332097893679218
0 0.44467256568650254 0.9179449693079619 0.0024389203473692334 0.007135220060177261
0 0.4550021106871246 0.8876202840522086 0.0018650567362234938 0.004586927181542535
0 0.4380731341583272 0.8887670158475942 0.002151988541796257 0.0048417564694061355
0 0.4330518275608027 0.8933539430291367 0.0018650567362234938 0.0058610736208596845
0 0.42559160061590895 0.8989601873621331 0.0027258521529419967 0.004332097893678935
0 0.414975123809714 0.8646856481444962 0.0027258521529419967 0.004586927181542393
0 0.4194942997474861 0.8346157921766063 0.003443181666874082 0.004586927181542535
0 0.32695879245024656 0.7024369319956625 0.0022954544445826742 0.004332097893679218
0 0.336355809082757 0.6707106856566603 0.002438920347369091 0.004586927181542535
0 0.39288137478060564 0.7103366399194302 0.0018650567362234938 0.004841756469405993
0 0.3960376246419068 0.6285364385152554 0.002151988541796257 0.0038224393179520175
0 0.3846320853703866 0.6403860004009069 0.0014346590278641713 0.0035676100300887016
0 0.3984048120378827 0.6558031723166471 0.0022954544445826742 0.003312780742225101
0 0.41597938512921884 0.6690542952855475 0.002438920347369091 0.0038224393179520175
0 0.43663847513046306 0.69785000481412 0.002151988541796257 0.005861073620859827
0 0.45887569006235784 0.7009079562684817 0.0018650567362234938 0.00535141504513291
0 0.4346299524914532 0.7502174234700635 0.002438920347369091 0.005096585757269452
0 0.451702394923037 0.793538402406854 0.0018650567362234938 0.0035676100300885594
0 0.45593463905523635 0.7968511831490792 0.002582386250155508 0.004077268605815476
0 0.3156249861301195 0.5624082383146842 0.002582386250155473 0.0035676100300887723
0 0.2923117769273266 0.5443153588763776 0.0024389203473691268 0.004077268605815618
0 0.28929899296881184 0.5413848220659478 0.002725852152941961 0.004841756469405993
0 0.3382925987703736 0.5255854062184124 0.00200852263900984 0.0038224393179520887
0 0.34130538272888833 0.5133536004009658 0.0028693180557283426 0.00535141504513291
0 0.3640447283205356 0.49844608706095256 0.002438920347369091 0.002038634302907809
0 0.31053194658120176 0.4019932016046282 0.0018650567362234226 0.0038224393179520175
0 0.2782521184542577 0.4399627654962856 0.0024389203473691268 0.00382243931795216
0 0.28578407835054465 0.447989888063985 0.002869318055728378 0.0035676100300887016
0 0.29302910644125874 0.44646091233680407 0.0018650567362234582 0.0045869271815424635
0 0.29353123710101114 0.4626425721161347 0.002869318055728378 0.003312780742225172
0 0.3416640474858543 0.408873592376942 0.0018650567362234226 0.004841756469405993
0 0.35113279706975803 0.40135612838496953 0.002438920347369091 0.004077268605815618
0 0.3567997002298215 0.40110129909710607 0.0022954544445826742 0.005096585757269381
0 0.3716484211682157 0.42760354503490716 0.0027258521529418545 0.002548292878634726
0 0.4191356349905201 0.4351210090268796 0.0027258521529419967 0.00382243931795216
0 0.45643676971498875 0.44174657051133 0.0018650567362234938 0.00535141504513291
0 0.4419467135335606 0.413205690270621 0.002151988541796328 0.003312780742225101
0 0.43104330492179277 0.39498539618838263 0.002151988541796328 0.0035676100300886305
0 0.43584941271361644 0.35943671487425116 0.00200852263900984 0.00382243931795216
0 0.4555759742982703 0.39931749408206174 0.0027258521529418545 0.0035676100300886305
0 0.45435651412458566 0.40403183590753594 0.0022954544445826742 0.003312780742225101
0 0.3781043867936046 0.33115065957858275 0.002151988541796257 0.003312780742225101
0 0.2756697322041021 0.3761280288864857 0.002725852152941961 0.0035676100300886305
0 0.29568322564280747 0.274960801604687 0.0022954544445827453 0.004077268605815583
0 0.31124927609513375 0.2847717291874307 0.002438920347369091 0.0033127807422251364
0 0.31584018498429917 0.28426207061170383 0.003299715764087594 0.004332097893679006
0 0.32487853685984347 0.2972583642927409 0.0018650567362234226 0.0028031221664982196
0 0.3448202973471556 0.2834975827481134 0.002151988541796328 0.004841756469405887
0 0.35027200165303946 0.2781461677029804 0.0027258521529419967 0.0053514150451329815
0 0.37953904582146875 0.26272899578724035 0.003012783958514689 0.004586927181542499
0 0.3974005507183778 0.23788314022055176 0.002582386250155508 0.004841756469405993
0 0.41088634558030107 0.27253992336998406 0.0025823862501555793 0.004332097893679041
0 0.3915184487041347 0.2976406082245361 0.002008522639009911 0.003567610030088595
0 0.429393447039749 0.29598421785342355 0.0022954544445826742 0.0033127807422252075
0 0.4524197244369691 0.3040113404211229 0.0018650567362234226 0.003057951454361678
0 0.4454616281518278 0.2521535803409062 0.0028693180557283426 0.004332097893679006
0 0.4527066562425419 0.12078908244728606 0.002151988541796257 0.005096585757269469
0 0.442090179436347 0.1202794238715591 0.0027258521529418545 0.005096585757269469
0 0.4402968556515167 0.12422927783344292 0.002582386250155508 0.004841756469405976
0 0.4377862023527544 0.16614869568698418 0.0015781249306505885 0.004077268605815583
0 0.4351320831512057 0.1819481115345195 0.00200852263900984 0.00458692718154257
0 0.4367102080818563 0.18704469729178896 0.0034431816668740113 0.0030579514543617138
0 0.41576418627503925 0.1297081075225076 0.0025823862501555793 0.005606244332996404
0 0.42100069172674354 0.13302088826473274 0.0018650567362233517 0.005096585757269452
0 0.42078549287256384 0.14041093761277346 0.0022954544445826742 0.005096585757269452
0 0.3715049552654294 0.14805581624867764 0.002438920347369091 0.005096585757269469
0 0.3379339340134075 0.1451252794382477 0.0018650567362235649 0.004332097893679041
0 0.34804828015985 0.12741464393173635 0.00200852263900984 0.005606244332996404
0 0.3273891901586058 0.17583220862579615 0.0028693180557283426 0.005096585757269452
0 0.2910205838022489 0.12894361965891718 0.0024389203473691268 0.005606244332996386
0 0.2872187373784088 0.05147551614842149 0.002869318055728378 0.0035676100300886214
0 0.29259870873289945 0.10537191053154597 0.0038735793752332627 0.002803122166498202
0 0.35177839363229685 0.1100862523570202 0.003156249861301177 0.004586927181542499
0 0.4217180212406756 0.08868059217648849 0.0027258521529419967 0.005096585757269452
0 0.4646860591252079 0.8734772585757858 0.004017045278019751 0.003312780742225243
0 0.4888600637447192 0.8578052573721823 0.00301278395851476 0.004586927181542535
0 0.49287710902273896 0.7935882768305871 0.002151988541796328 0.004077268605815476
0 0.49947654055091417 0.8925894551655462 0.0027258521529419256 0.004841756469405993
0 0.5036370517317202 0.9357830194584048 0.002151988541796328 0.004586927181542393
0 0.5209964259688769 0.9649609729187725 0.0024389203473691623 0.0028031221664980423
0 0.5182705738159349 0.887365454764345 0.003299715764087594 0.004586927181542535
0 0.5239374769759985 0.8902959915747749 0.0022954544445826742 0.00382243931795216
0 0.5354147491989119 0.8769174539619428 0.002295454444582532 0.00560624433299651
0 0.5346256867335866 0.8899137476429797 0.0018650567362235649 0.004586927181542535
0 0.564323128610375 0.8816317957874169 0.0024389203473691623 0.004332097893679077
0 0.5429467090951988 0.9092807735206037 0.002151988541796257 0.0061159029087234276
0 0.5362038116642371 0.9263543358074564 0.002151988541796328 0.003567610030088417
0 0.5331910277057225 0.9449568738214899 0.00243892034736902 0.004077268605815476
0 0.5496896065261605 0.9351459462387461 0.002151988541796328 0.004332097893678935
0 0.5458160271509271 0.9662351193580899 0.002151988541796186 0.00535141504513291
0 0.5599474185753893 0.9534936549649163 0.002582386250155508 0.005351415045132768
0 0.5712094919441231 0.9180723839518936 0.002151988541796328 0.005351415045132768
0 0.5717116226038756 0.7940979354063141 0.0017215908334370057 0.004586927181542535
0 0.6164729842732379 0.7981752040121296 0.0022954544445826742 0.007135220060177261
0 0.6039914507308196 0.8281176453360877 0.00200852263900984 0.006370732196586886
0 0.6027719905571352 0.848249159077302 0.003012783958514689 0.004332097893679077
0 0.5783827870834439 0.8528360862588446 0.002151988541796328 0.005861073620859827
0 0.593805371632984 0.8878751133400721 0.003156249861301106 0.00560624433299651
0 0.6075780983004802 0.8993424312939282 0.003443181666874082 0.004586927181542393
0 0.612671137849398 0.9100452613841941 0.002438920347369091 0.0035676100300885594
0 0.6161860524676652 0.919728774323006 0.0022954544445827453 0.004586927181542535
0 0.6115234106271066 0.9231689697091628 0.0027258521529419256 0.004332097893679077
0 0.6001896043069795 0.9295397019057497 0.0015781249306506596 0.004841756469405993
0 0.5968181555914988 0.9262269211635247 0.002295454444582532 0.004332097893679077
0 0.5930163091676587 0.9281381408225008 0.0018650567362234938 0.004077268605815476
0 0.5818977017017113 0.9271188236710468 0.00200852263900984 0.003057951454361785
0 0.5772350598611526 0.9515824353059402 0.0024389203473691623 0.004077268605815618
0 0.5913664512856148 0.9447020445336264 0.0014346590278641004 0.00560624433299651
0 0.5892861956952118 0.9565516064192779 0.002725852152942068 0.004332097893679077
0 0.5929445762162655 0.9568064357071414 0.003156249861301248 0.005861073620859827
0 0.6019829280918099 0.9669996072216803 0.0017215908334370766 0.004332097893679077
0 0.6215660238221559 0.9027826266800852 0.0027258521529419967 0.004332097893679077
0 0.631249972260239 0.941516678435333 0.0022954544445826742 0.006370732196586744
0 0.6354822163924384 0.954003313540643 0.0024389203473691623 0.004332097893679077
0 0.6427989774345457 0.9496712156469641 0.0030127839585148307 0.0028031221664980423
0 0.6468877556639586 0.9483970692076467 0.0022954544445826742 0.005861073620859827
0 0.6475333522264975 0.9531114110331209 0.003012783958514689 0.003057951454361785
0 0.6537741189977067 0.928902628686091 0.0017215908334371477 0.006625561484450202
0 0.6599443972693408 0.9490925445005325 0.0017240798582702154 0.004703722642351238
0 0.6544914485116388 0.955532289267824 0.0034431816668740113 0.0068803907723138024
0 0.6443771023651962 0.8995473861580585 0.003012783958514689 0.005606244332996368
0 0.6399296593788173 0.8919025075221546 0.0030127839585148307 0.004586927181542393
0 0.6269459951766465 0.8309983077227844 0.0028693180557284137 0.005096585757269452
0 0.6294566484754088 0.8545700168501557 0.0027258521529421385 0.005351415045133052
0 0.6492549430599346 0.7917545973918096 0.003586647569660357 0.004586927181542535
0 0.6588671585466244 0.87470153059137 0.002151988541796328 0.004841756469405993
0 0.660373550525882 0.8502379189564766 0.0028693180557282007 0.0058610736208596845
0 0.6645340617066882 0.8768675795382096 0.0028693180557283426 0.005096585757269452
0 0.666901249102664 0.8789062138411174 0.0018650567362234938 0.006115902908723285
0 0.6774459929574658 0.8939411418250622 0.002869318055728485 0.0030579514543615004
0 0.670703095526504 0.8866785071209534 0.0037301134724468453 0.004332097893678935
0 0.6722812204571547 0.882983482446933 0.002008522639009982 0.005096585757269452
0 0.6860539471246508 0.8809448481440252 0.0022954544445826742 0.005096585757269452
0 0.6889232651803792 0.8814545067197521 0.00200852263900984 0.005096585757269452
0 0.7049914462924579 0.8734273841520528 0.0022954544445826742 0.004841756469405993
0 0.6987506795212488 0.8284500148441498 0.0027258521529419967 0.006115902908723285
0 0.7096540881330164 0.8044960617849835 0.002151988541796328 0.006625561484450486
0 0.7257940021237707 0.8095926518850759 0.0034431816668740113 0.004077268605815618
0 0.745161899072655 0.7865305969906086 0.002582386250155508 0.003822439317952302
0 0.744516302510116 0.82258894122329 0.0024389203473691623 0.005096585757269452
0 0.7480312171283834 0.8283226002002181 0.0022954544445826742 0.003312780742225101
0 0.7462378933435534 0.8386431863586887 0.002151988541796328 0.00509658575726931
0 0.7485333477881361 0.8499830896686134 0.002151988541796328 0.004332097893679077
0 0.7440859048017568 0.8535506996987019 0.002151988541796328 0.005861073620859827
0 0.759508489351297 0.8455235771310025 0.002582386250155508 0.0035676100300887016
0 0.7689772389352004 0.8171101115342253 0.002295454444582816 0.005861073620859969
0 0.7789481191788564 0.7977430856566013 0.0027258521529418545 0.004841756469405993
0 0.7583607621290054 0.8208051362082456 0.002295454444582816 0.0035676100300887016
0 0.7576434326150735 0.8158359650949079 0.003156249861301177 0.004332097893679077
0 0.7719182899423219 0.8313805516545797 0.0027258521529418545 0.004332097893679077
0 0.7721334887965017 0.839917332798006 0.002582386250155508 0.00560624433299651
0 0.7904971243531631 0.8567360657969952 0.0017215908334371477 0.005606244332996368
0 0.7980290842494501 0.8581376268802444 0.0027258521529419967 0.00535141504513291
0 0.8031221237983679 0.8382609424268935 0.0017215908334370057 0.005861073620859827
0 0.8074261008819604 0.8302338198591941 0.0020085226390096976 0.005096585757269452
0 0.8142407312643152 0.8358400641921905 0.0018650567362234938 0.004586927181542535
0 0.8110844814030141 0.846160650350661 0.003299715764087665 0.004332097893678935
0 0.8161057880005387 0.8575005536605858 0.0027258521529418545 0.0061159029087234276
0 0.8247137421677238 0.8639987005011044 0.0015781249306506596 0.004841756469405993
0 0.8249289410219035 0.8757208477428239 0.002295454444582816 0.003312780742225101
0 0.8249289410219035 0.8582650415241762 0.002295454444582816 0.005606244332996368
0 0.8222030888689615 0.857373139016654 0.0022954544445826742 0.004841756469405993
0 0.8011853341107512 0.8241179169504709 0.0024389203473691623 0.004586927181542535
0 0.800683203450999 0.8130328429284097 0.003156249861301177 0.005861073620859827
0 0.8057762429999167 0.7851290359073595 0.002151988541796328 0.005096585757269452
0 0.8075695667847468 0.7936658170507858 0.0025823862501556504 0.0038224393179520175
0 0.8090042258126111 0.8025848421260073 0.002008522639009982 0.005861073620859827
0 0.8145993960212813 0.796978597793011 0.0014346590278640292 0.003312780742225101
0 0.8120170097711258 0.7927739145432636 0.0017215908334370057 0.003567610030088417
0 0.8132364699448104 0.8216970387157678 0.002151988541796328 0.006370732196586886
0 0.817899111785369 0.8132876722162732 0.002869318055728485 0.0038224393179520175
0 0.818186043627301 0.8181294503997932 0.0028693180557282007 0.0022934635907712673
0 0.821700958209209 0.7832178162483834 0.0018650567362233517 0.003312780742224959
0 0.815531924389393 0.7898433777328338 0.0024389203473693046 0.004841756469405993
0 0.7607279495249812 0.8697323594780323 0.003012783958514689 0.005606244332996368
0 0.773639880775759 0.8656550908722167 0.00243892034736902 0.0035676100300885594
0 0.7721334887965017 0.8879526535602708 0.002582386250155508 0.006370732196586744
0 0.7622343415042389 0.9120340212633689 0.0028693180557282007 0.004586927181542535
0 0.7493941432048543 0.9187869973917508 0.0027258521529418545 0.003822439317952302
0 0.7491072113992814 0.8978909957869462 0.003299715764087381 0.005351415045132768
0 0.763310335775137 0.9292349981941532 0.002151988541796328 0.0038224393179520175
0 0.7724204206020744 0.9474552922763916 0.0028693180557283426 0.004586927181542535
0 0.7722769546992879 0.9237561685050886 0.003156249861301177 0.006115902908723285
0 0.7755766704633758 0.9138178262784131 0.002869318055728485 0.006625561484450202
0 0.7796654486927885 0.9150919727177305 0.0030127839585148307 0.004586927181542535
0 0.7826782326513033 0.9087212405211438 0.0030127839585148307 0.007135220060177261
0 0.787340874491862 0.9185321681038875 0.0020085226390096976 0.00535141504513291
0 0.7850454200472793 0.9297446567698802 0.0034431816668740113 0.004332097893679077
0 0.7463096262949463 0.8787787991971857 0.0028693180557282007 0.005861073620859827
0 0.7493224102534611 0.8811996774318887 0.0028693180557282007 0.005096585757269452
0 0.6759396009782084 0.9395555843526239 0.0030127839585148307 0.0030579514543615004
0 0.6891384640345588 0.942868365094849 0.0024389203473691623 0.004586927181542535
0 0.6944467024376563 0.919678899899273 0.002151988541796186 0.005096585757269452
0 0.7062826394175358 0.9108872894679831 0.002582386250155508 0.005351415045133052
0 0.7075020995912203 0.8905009464389053 0.0027258521529419967 0.006370732196586886
0 0.7251484056339499 0.9046439719153283 0.003012783958514689 0.004586927181542535
0 0.7311022405995861 0.8986554836505366 0.0028693180557283426 0.006370732196586886
0 0.6887080663261994 0.9177676802402971 0.002151988541796328 0.003312780742225101
0 0.6900709924026706 0.92311909528543 0.0022954544445826742 0.00382243931795216
0 0.698463747715676 0.93560573039074 0.0027258521529418545 0.0048417564694061355
0 0.7044175826813124 0.9438876822463029 0.0031562498613010347 0.0035676100300885594
0 0.7018351964311569 0.9512777315943437 0.0022954544445826742 0.004077268605815618
0 0.6902861912568503 0.9561194880637496 0.002151988541796328 0.006625561484450344
0 0.6851214187928981 0.9612160607925504 0.0027258521529418545 0.0035676100300887016
0 0.686843009589976 0.9686061231690597 0.002151988541796328 0.003057951454361785
0 0.7125951391401383 0.9186595827478192 0.0020085226390096976 0.0035676100300888434
0 0.7158948549042259 0.9215901195582491 0.002582386250155508 0.003312780742225243
0 0.7319630360163045 0.9212078756264539 0.0022954544445826742 0.005096585757269452
0 0.7425077798711063 0.9456714872613472 0.0030127839585148307 0.0035676100300885594
0 0.7491072113992814 0.9461811458370742 0.003299715764087381 0.004586927181542535
0 0.7318913030649113 0.9455440726174155 0.0024389203473688783 0.0038224393179520175
0 0.731389172405159 0.952551878033661 0.0022954544445826742 0.004586927181542535
0 0.7165404514788843 0.955227572527759 0.0027258521529419967 0.003312780742225243
0 0.7153209912930802 0.9492390972914359 0.0022954544445826742 0.004077268605815618
0 0.7130255368484975 0.9461811458370742 0.0025823862501556504 0.004077268605815618
0 0.7154644571958666 0.9316558764288563 0.0022954544445826742 0.004077268605815618
0 0.7102279517441622 0.9303817299895388 0.0030127839585148307 0.004586927181542535
0 0.7043458497299193 0.931273632497061 0.003012783958514689 0.0038224393179520175
0 0.7033415884104142 0.9277060224669725 0.0024389203473691623 0.004332097893679077
0 0.7590780916429375 0.9431231943827126 0.002869318055728485 0.005606244332996227
0 0.7602258188652289 0.9380266086254432 0.002869318055728485 0.004586927181542535
0 0.7861931472695705 0.9422312918751905 0.002582386250155508 0.004841756469405993
0 0.7896363289364445 0.9421038772312588 0.003156249861301319 0.004077268605815476
0 0.7920035163324204 0.9389185111329652 0.00243892034736902 0.004841756469405993
0 0.7942989707770031 0.9354783157468083 0.002151988541796328 0.004586927181542535
0 0.7947293684853625 0.928852754262358 0.003299715764087665 0.006115902908723285
0 0.796307493416013 0.9570113905712718 0.0030127839585148307 0.005861073620859827
0 0.8054893111943437 0.9396829989965556 0.0027258521529419967 0.006370732196586744
0 0.8085020951528585 0.9367524621861258 0.0018650567362233517 0.0061159029087234276
0 0.8062066407082759 0.930763973921334 0.0030127839585148307 0.00739004934804072
0 0.8133082028962036 0.9106324601801197 0.0017215908334370057 0.005861073620859969
0 0.812447407479485 0.9046439719153283 0.003156249861301177 0.005096585757269452
0 0.8071391690763875 0.9029875815442157 0.0028693180557282007 0.004332097893678935
0 0.8123039415766986 0.8984006543626731 0.003156249861301319 0.0038224393179520175
0 0.8151015266810339 0.8674388958872612 0.0027258521529419967 0.004586927181542393
0 0.8193337708132333 0.8685856276826468 0.002582386250155508 0.005351415045133052
0 0.8242833444593646 0.905153630491055 0.0035866475696604994 0.006625561484450344
0 0.8174687140770096 0.9298720714138119 0.0028693180557283426 0.005606244332996368
0 0.7994637432773143 0.8716435791370084 0.0024389203473691623 0.00535141504513291
0 0.8024047942844358 0.8634890419253773 0.0025823862501553664 0.004332097893679077
0 0.804915447583198 0.8718984084248719 0.0015781249306506596 0.00535141504513291
0 0.8066370384166351 0.8870607510527486 0.0024389203473691623 0.004586927181542393
0 0.7990333455689549 0.9170031923767066 0.00243892034736902 0.004332097893679077
0 0.6584367608382654 0.7570978142423774 0.0018650567362234938 0.004586927181542535
0 0.6571455677131877 0.7356921540618458 0.0027258521529419967 0.004077268605815476
0 0.6717790897974024 0.7346728369103918 0.00243892034736902 0.0035676100300885594
0 0.6796697144506553 0.7257538118351703 0.00243892034736902 0.006115902908723285
0 0.6814630382354855 0.7458853255763848 0.0028693180557283426 0.004077268605815761
0 0.6875603391039081 0.7479239598792924 0.0027258521529419967 0.006115902908723285
0 0.671348692089043 0.7670361564690529 0.0018650567362234938 0.005606244332996227
0 0.6725681522627275 0.7763374254760694 0.0034431816668740113 0.004332097893678935
0 0.6806022428187668 0.6974677608823248 0.002582386250155508 0.0061159029087234276
0 0.697459486396171 0.6828150768301751 0.002151988541796328 0.005861073620859827
0 0.6862691459788305 0.675170198194271 0.0035866475696604994 0.003312780742225101
0 0.6831128961175292 0.656822489468101 0.003012783958514689 0.006370732196586886
0 0.6704878966723246 0.684853711133083 0.0027258521529419967 0.005351415045133052
0 0.6659687207345525 0.6726219053156361 0.003156249861301177 0.004332097893679077
0 0.6595844880605567 0.6566950748241692 0.002151988541796186 0.004077268605815618
0 0.6466008238583859 0.6830699061180385 0.00200852263900984 0.006370732196586886
0 0.7021221282367297 0.7077883470407954 0.0022954544445826742 0.006370732196586744
0 0.7199119001822456 0.674660539618544 0.002869318055728485 0.00535141504513291
0 0.71352766750825 0.6570773187559644 0.00243892034736902 0.004841756469405993
0 0.7391363311556256 0.692498589768987 0.0022954544445826742 0.004332097893679077
0 0.7519047965036166 0.7126301035102013 0.0025823862501556504 0.004841756469405993
0 0.7579303644206462 0.7204023967900374 0.0028693180557283426 0.005096585757269452
0 0.7476008194200241 0.7256263971912387 0.0022954544445826742 0.004332097893678935
0 0.7470269558088785 0.7302133243727812 0.0025823862501556504 0.0038224393179520175
0 0.7531242566773012 0.7400242519555249 0.0030127839585148307 0.004077268605815476
0 0.7599388870596561 0.7367114712132995 0.004303977083592656 0.004077268605815618
0 0.7629516710181709 0.7188734210628565 0.002008522639009982 0.004586927181542393
0 0.7315326383079452 0.7081705909725906 0.0028693180557283426 0.004586927181542535
0 0.734186757509494 0.7169622014038805 0.0024389203473693046 0.004332097893679077
0 0.723857212508872 0.7300859097288493 0.002151988541796328 0.004077268605815618
0 0.7319630360163046 0.7467772280839068 0.003156249861301319 0.004332097893678935
0 0.7367691437596495 0.7463949841521117 0.0030127839585148307 0.003057951454361785
0 0.7216334910156824 0.7778664012032505 0.0022954544445826742 0.004841756469405993
0 0.6917208502847143 0.75875420461349 0.00243892034736902 0.0038224393179520175
0 0.6912187196249618 0.7629588878632373 0.0028693180557283426 0.004077268605815476
0 0.6978181511531371 0.7663990832493943 0.0031562498613010347 0.004332097893678935
0 0.6948053671946224 0.7681828882644385 0.002582386250155508 0.0028031221664980423
0 0.7134559345568567 0.7539124481440841 0.0022954544445826742 0.00535141504513291
0 0.7141015311193957 0.7372211297890265 0.00243892034736902 0.0035676100300885594
0 0.7129538038971043 0.7449934230688626 0.0018650567362233517 0.005861073620859969
0 0.7653905913655399 0.7672909857569162 0.00200852263900984 0.004586927181542535
0 0.7648167277543942 0.752001228485108 0.002582386250155508 0.004586927181542535
0 0.7750745398036233 0.7544221067198111 0.003012783958514973 0.0038224393179520175
0 0.776724397685667 0.7600283510528072 0.0034431816668740113 0.004841756469405993
0 0.7825347667485169 0.7753181083246156 0.0024389203473691623 0.0028031221664983263
0 0.7871974085890754 0.7570978142423774 0.0022954544445826742 0.004077268605815761
0 0.797311754735518 0.7472868866596337 0.0018650567362234938 0.0038224393179520175
0 0.7995354762287076 0.736456641925436 0.0028693180557282007 0.004586927181542535
0 0.8031938567497611 0.7438466912734768 0.002151988541796328 0.0035676100300885594
0 0.8042698510206593 0.7393871787358661 0.0022954544445826742 0.00535141504513291
0 0.8054175782429505 0.7572252288863092 0.003156249861301177 0.003312780742225101
0 0.8180425776881555 0.75582366780306 0.0017215908334368634 0.005096585757269452
0 0.8223465547717478 0.7290665925773955 0.002582386250155508 0.004586927181542535
0 0.8163927198061116 0.7416806423266372 0.0015781249306508016 0.004841756469405993
0 0.8111562143544073 0.7359469833497093 0.00401704527801968 0.00509658575726931
0 0.8105823507432618 0.7460127402203163 0.003443181666874153 0.004841756469405993
0 0.787053942686289 0.7228232750247403 0.00200852263900984 0.004332097893678935
0 0.7882734028599736 0.7328890318953475 0.0024389203473691623 0.005606244332996368
0 0.786695277929323 0.7400242519555249 0.0027258521529418545 0.004077268605815476
0 0.7752897386578027 0.7242248361079894 0.003443181666874153 0.007644878635904177
0 0.7716313581367493 0.7095721520558397 0.003012783958514689 0.007899707923767636
0 0.7778721249079582 0.6975951755262565 0.0022954544445826742 0.004332097893679077
0 0.7932947094574981 0.7133945913737918 0.003299715764087665 0.0038224393179520175
0 0.7991050785203481 0.7133945913737918 0.0017215908334368634 0.004841756469405993
0 0.8055610441457369 0.7216765432293548 0.00200852263900984 0.0030579514543616427
0 0.8069239702222081 0.714796152457041 0.0012911931250779675 0.003057951454361785
0 0.8041981180692662 0.7107188838512254 0.002151988541796328 0.004586927181542535
0 0.8044850498748388 0.702691761283526 0.002151988541796328 0.004332097893678935
0 0.8076412997361402 0.7016724441320722 0.00243892034736902 0.0038224393179520175
0 0.8080716974444994 0.7058771273818195 0.00243892034736902 0.0035676100300885594
0 0.8123039415766986 0.6755524421260662 0.0020085226390096976 0.005096585757269452
0 0.8219161570633886 0.6755524421260662 0.0017215908334368634 0.004077268605815476
0 0.8221313559175684 0.6817957596787213 0.0015781249306506596 0.007390049348040577
0 0.8032655897011542 0.6937727362083044 0.0014346590278643135 0.0038224393179520175
0 0.8075695667847469 0.6825602475423116 0.0011477272222914791 0.004841756469405993
0 0.805202379388771 0.6838343939816289 0.0024389203473691623 0.0038224393179520175
0 0.8049871805345913 0.6742782956867488 0.003156249861301177 0.005606244332996368
0 0.8079999644931061 0.6533822940819439 0.0028693180557283426 0.004077268605815761
0 0.784256357581954 0.6644673681040051 0.002151988541796328 0.005861073620859827
0 0.775361471609196 0.6173239498492626 0.0015781249306506596 0.004841756469405993
0 0.7604410177194086 0.6117177055162663 0.002151988541796328 0.0028031221664981134
0 0.7833238292138422 0.6312121460378219 0.0022954544445826742 0.004586927181542393
0 0.7691924377893801 0.6456100008021082 0.00243892034736902 0.003312780742225101
0 0.7644580629974282 0.6388570246737261 0.002151988541796186 0.004586927181542535
0 0.7671121821989769 0.6324862924771393 0.003156249861301177 0.0035676100300885594
0 0.7556349099760635 0.6270074627880746 0.0025823862501556504 0.004841756469405993
0 0.7529090578231217 0.6298105849545728 0.004017045278019537 0.003312780742225172
0 0.7618756767472727 0.6361813171511597 0.0030127839585148307 0.004332097893678935
0 0.7414317856002083 0.6278993652955966 0.0022954544445826742 0.004586927181542535
0 0.7354062176831786 0.6410230736205657 0.0014346590278641713 0.0022934635907712673
0 0.723426814861111 0.6312121286665304 0.0015781249306506596 0.005096585757269452
0 0.7191945706683134 0.6322314631892759 0.0022954544445826742 0.0030579514543617138
0 0.7084346279593321 0.6440810250749271 0.0022954544445826742 0.004332097893678935
0 0.7946576355339693 0.656312830892374 0.002869318055728485 0.004841756469405993
0 0.7957336298048674 0.620509315947556 0.0015781249306506596 0.005096585757269452
0 0.7976704194924841 0.6278993652955968 0.0017215908334371477 0.004077268605815476
0 0.8018309306732903 0.6405134150448387 0.0017215908334371477 0.003822439317951947
0 0.7995354762287076 0.6405134150448387 0.0028693180557282007 0.00331278074222503
0 0.8148145948754609 0.6470115618853572 0.0027258521529421385 0.0035676100300885594
0 0.8163209868547184 0.6419149761280878 0.002582386250155508 0.0035676100300885594
0 0.8194772367160197 0.6394940978933847 0.0022954544445826742 0.004332097893678864
0 0.8243550774107579 0.6364361464390231 0.0017215908334370057 0.004841756469405993
0 0.8128060722364511 0.6136289251752423 0.0018650567362234938 0.004586927181542393
0 0.8112279473058004 0.6187255109325117 0.0018650567362233517 0.0035676100300886305
0 0.8109410155002277 0.6261155602805525 0.0018650567362232095 0.002548292878634655
0 0.8102954189376887 0.6368183903708183 0.0014346590278643135 0.004586927181542535
0 0.8134516687989901 0.6364361464390231 0.002869318055728485 0.004841756469405993
0 0.6445923012193759 0.6648496120358003 0.0014346590278641713 0.005096585757269452
0 0.6569303688590079 0.643698781143132 0.002582386250155508 0.004586927181542677
0 0.6718508227487955 0.6531274647940805 0.0022954544445826742 0.003057951454361785
0 0.6750788055614899 0.648540537612538 0.0015781249306506596 0.0035676100300887016
0 0.6751505385128831 0.653891952657671 0.00200852263900984 0.002548292878634868
0 0.6894971287915248 0.6333781949846614 0.0017215908334370057 0.004841756469405993
0 0.6917208502847143 0.6136289251752423 0.0027258521529419967 0.005606244332996368
0 0.695379230805768 0.6165594619856722 0.0022954544445826742 0.004332097893678935
0 0.7029829236534482 0.6363087317950914 0.002295454444582816 0.004077268605815547
0 0.7002570715005061 0.6284090238713237 0.002582386250155508 0.0035676100300885594
0 0.6991810772296081 0.6335056096285931 0.0024389203473691623 0.0035676100300885594
0 0.696813889833632 0.6359264878632962 0.002582386250155508 0.003312780742225172
0 0.6521959940670563 0.6360539025072279 0.0022954544445826742 0.0030579514543617138
0 0.6513351986503376 0.6313395606817537 0.0022954544445826742 0.0038224393179520887
0 0.6551370450741777 0.6212738038111465 0.0024389203473693046 0.004077268605815476
0 0.654204516706066 0.6165594619856722 0.002582386250155508 0.0053514150451329815
0 0.6513351986503377 0.16066986599791952 0.003156249861301177 0.003312780742225154
0 0.6549935791713914 0.12575825356062378 0.0027258521529419967 0.004841756469405993
0 0.6713486920890429 0.08778868966896634 0.00243892034736902 0.004332097893679023
0 0.6882776686178402 0.0736456641925436 0.002151988541796328 0.004586927181542509
0 0.7064261053203222 0.07976156710126696 0.003443181666874153 0.004077268605815565
0 0.7248614738283768 0.07555688385151967 0.002151988541796328 0.004841756469405976
0 0.6975312193233251 0.11403608026196695 0.0028693180557283426 0.004841756469405976
0 0.6811043734785194 0.13964644974918305 0.0035866475696604994 0.004586927181542499
0 0.6698423001097856 0.15302498736201536 0.0031562498613010347 0.004841756469405976
0 0.6924381797986464 0.1623262563690321 0.0024389203473691623 0.004586927181542535
0 0.7024807929936956 0.16130693921757822 0.0038735793752331916 0.0035676100300886305
0 0.7190511047655269 0.14907513340013154 0.002582386250155508 0.005096585757269452
0 0.7184055082029882 0.132893473620801 0.0018650567362234938 0.006370732196586797
0 0.717688178689056 0.12155357031087646 0.0038735793752331916 0.005096585757269469
0 0.7112322130636671 0.16334557352048598 0.0018650567362234938 0.0035676100300886305
0 0.7143884629249684 0.1658938663991207 0.003012783958514689 0.004077268605815583
0 0.7323934337246638 0.16474713460373508 0.002582386250155508 0.004332097893679077
0 0.7291654509119694 0.1648745492476668 0.0024389203473691623 0.003567610030088595
0 0.7426512457738927 0.16614869568698418 0.0015781249306505173 0.005606244332996404
0 0.7427229787495253 0.18182069689058777 0.00200852263900984 0.004841756469405993
0 0.7535546543856604 0.18156586760272425 0.0027258521529418545 0.0038224393179521242
0 0.7590780916429375 0.16283591494475907 0.002869318055728485 0.004586927181542499
0 0.7653905913655399 0.16551162246732554 0.00200852263900984 0.004841756469405993
0 0.7650319266085739 0.15786674383142132 0.0027258521529419967 0.005351415045132946
0 0.7738550796299387 0.20284411313932424 0.002582386250155508 0.003567610030088595
0 0.7789481191788564 0.1847512337010177 0.0027258521529418545 0.004077268605815547
0 0.7877712722002213 0.18564313620853984 0.0037301134724468453 0.004841756469405993
0 0.7985312149092024 0.16653093961877943 0.0028693180557282007 0.003822439317952053
0 0.8046285157776254 0.1931606002005123 0.002151988541796328 0.004586927181542535
0 0.8158188561949659 0.17634186720152306 0.002151988541796186 0.004586927181542499
0 0.8177556458825825 0.17302908645929793 0.002582386250155508 0.004586927181542535
0 0.8234942819940392 0.18602538014033507 0.0022954544445826742 0.005096585757269452
0 0.8191903049104468 0.18755435586751587 0.0017215908334368634 0.003567610030088595
0 0.8199076344243789 0.19328801484444405 0.0031562498613010347 0.0028031221664981485
0 0.7810283747692596 0.14882030411226807 0.0028693180557283426 0.004586927181542499
0 0.7697663014005258 0.13289347362080098 0.003012783958514689 0.0038224393179520887
0 0.7552045122677044 0.11531025275822138 0.0022954544445826742 0.004332097893679023
0 0.7680447105670887 0.11964235065190044 0.0024389203473691623 0.005861073620859862
0 0.7832520962624492 0.13544176649943573 0.0027258521529419967 0.002803122166498202
0 0.7835390280680218 0.12996293681037108 0.0027258521529418545 0.005096585757269452
0 0.8081434303958926 0.13569659578729923 0.002582386250155508 0.0038224393179521064
0 0.8110844814030141 0.11900527743224174 0.0027258521529418545 0.005096585757269452
0 0.8182577765423352 0.12601308284848722 0.003012783958514689 0.004332097893679059
0 0.8216292252578158 0.090846641123328 0.0034431816668740113 0.004332097893679041
0 0.8021895954302561 0.10473483731188729 0.0024389203473691623 0.004077268605815565
0 0.7999658739370668 0.10995883771308847 0.00200852263900984 0.004332097893679023
0 0.8026917260900086 0.11339903309924533 0.0020085226390096976 0.005096585757269469
0 0.7512591999410779 0.07874224994981305 0.003299715764087381 0.005096585757269434
0 0.764673261851608 0.08371142106315077 0.002582386250155508 0.004841756469405993
0 0.7699815002547052 0.0754294692075879 0.002295454444582816 0.005606244332996404
0 0.7750028068522299 0.09607064152452921 0.0028693180557283426 0.005096585757269452
0 0.7830368974082694 0.0998930808424813 0.00200852263900984 0.004077268605815565
0 0.7892776641673591 0.10486223458452759 0.0027258521529418545 0.004332097893679041
0 0.7884886017141532 0.1128893745235184 0.0022954544445826742 0.004077268605815583
0 0.7890624653252989 0.0824372746238334 0.0022954544445826742 0.005351415045132928
0 0.7862648802209636 0.07836000601801785 0.0027258521529419967 0.005351415045132928
0 0.7857627495612114 0.05822849227680351 0.0022954544445826742 0.005861073620859871
0 0.8008984023051784 0.09505132437307533 0.0027258521529419967 0.0071352200601772255
0 0.6598714198661295 0.19290577091264882 0.002151988541796186 0.004586927181542535
0 0.6658252548317657 0.2120179675024093 0.003156249861301177 0.004586927181542499
0 0.6764417316379607 0.24259748204602602 0.00200852263900984 0.004586927181542499
0 0.6607322152828479 0.23291396910721407 0.003299715764087665 0.0035676100300886305
0 0.6509048009419783 0.24705699458363675 0.0020085226390096976 0.0033127807422251364
0 0.6488245453515753 0.22781738334994459 0.0024389203473691623 0.005096585757269416
0 0.6402165911843902 0.23176723731182838 0.002438920347369091 0.004841756469405958
0 0.6367734095175162 0.21660489468395178 0.0038735793752331916 0.005606244332996368
0 0.6429424433373322 0.2141840164492488 0.003012783958514689 0.00535141504513291
0 0.6161143195162719 0.17060820822459496 0.0027258521529418545 0.00535141504513291
0 0.6308195745518798 0.17710635506511352 0.00344318166687394 0.004077268605815583
0 0.5940205704871636 0.12881620501498545 0.002151988541796257 0.004841756469405958
0 0.5905056558688964 0.16844215927775544 0.0025823862501555793 0.005096585757269416
0 0.6179076433011023 0.1006575687060717 0.0028693180557283426 0.004586927181542482
0 0.5910077865286487 0.06230576088261907 0.0035866475696605706 0.004332097893679041
0 0.6335454267048217 0.09352234864589447 0.002008522639009911 0.005096585757269452
0 0.6298153132323749 0.1381174740220022 0.002008522639009911 0.004586927181542517
0 0.6118820753840726 0.13569659578729923 0.0022954544445826742 0.0058610736208598805
0 0.47810012103573785 0.1531524020059471 0.0027258521529419256 0.006625561484450308
0 0.48089770614007304 0.11875044814437828 0.0020085226390097687 0.006115902908723338
0 0.48469955256391306 0.08409366499494599 0.0027258521529418545 0.005096585757269452
0 0.5089452901348178 0.11480059418249444 0.002151988541796328 0.004841756469405993
0 0.5084431594750654 0.05822849227680351 0.0028693180557284137 0.004841756469405985
0 0.5153295228088133 0.062178346238687336 0.0028693180557283426 0.0035676100300886127
0 0.5262329314205811 0.05912039478432567 0.002008522639009911 0.004077268605815556
0 0.528958783573523 0.06128644373116518 0.0022954544445826742 0.0038224393179521064
0 0.558441026596132 0.10893952056163457 0.00243892034736902 0.00535141504513291
0 0.5549261119778647 0.16640352497484767 0.003156249861301177 0.0030579514543617138
0 0.549187475866408 0.18628020942819856 0.0028693180557282007 0.004586927181542535
0 0.5240809428787848 0.16500196389159857 0.0025823862501555793 0.004841756469405922
0 0.48685154110570944 0.19851201524564524 0.0027258521529418545 0.004586927181542499
0 0.5015567961413173 0.19685562487453265 0.0017215908334370057 0.0038224393179520887
0 0.4831931605846557 0.23367845697080447 0.003156249861301248 0.004077268605815583
0 0.48383875714719465 0.23839279879627867 0.0027258521529419256 0.0033127807422251364
0 0.5060042391276962 0.24004918916739126 0.0037301134724468453 0.0035676100300886305
0 0.5273089256914794 0.24820372637902238 0.00243892034736902 0.003567610030088595
0 0.5362038116642373 0.2236127001001973 0.0030127839585148307 0.004841756469405958
0 0.5390731297199656 0.22182889508515294 0.002151988541796257 0.005861073620859862
0 0.5620276741657925 0.23176723731182838 0.0035866475696604283 0.005351415045132946
0 0.5666185830549578 0.23992177452345953 0.0024389203473691623 0.003312780742225172
0 0.5704921624301912 0.22730772477421765 0.004160511180806239 0.005096585757269487
0 0.5812521051391724 0.2117631382145458 0.0027258521529419256 0.005096585757269487
0 0.5914381842370082 0.2187709436307913 0.003299715764087594 0.0038224393179520887
0 0.6146079275370147 0.2229756268805386 0.0025823862501554375 0.005096585757269416
0 0.6207052284054374 0.22947377372105715 0.0024389203473691623 0.0053514150451329815
0 0.5848387527088329 0.23890245737200563 0.0018650567362234938 0.004841756469405993
0 0.5829736959726095 0.24654733600790985 0.00243892034736902 0.004332097893679006
0 0.5783827871076835 0.2476940591176497 0.0018650567362234938 0.005606244332996367
0 0.4728636155840337 0.3526837344030461 0.0028693180557282714 0.004077268605815547
0 0.48383875714719465 0.34491144112321026 0.0027258521529419256 0.004332097893679148
0 0.47257668377846085 0.2516439217651793 0.0022954544445826742 0.004841756469405993
0 0.470568161139451 0.26158226399185475 0.002582386250155508 0.0033127807422252075
0 0.4758046665911552 0.2734318258775062 0.0027258521529419967 0.004586927181542535
0 0.48699500700849585 0.27088353299887147 0.003299715764087665 0.004077268605815583
0 0.4907251204809427 0.26005328826467383 0.0030127839585148307 0.004841756469405958
0 0.4986157451826744 0.2650224463495431 0.003873579375233334 0.004586927181542535
0 0.5019154608982833 0.2840072413238403 0.002438920347369091 0.004332097893679077
0 0.4977549497174772 0.2832427534602499 0.0030127839585148307 0.0028031221664982196
0 0.4967506883979722 0.29076021745222236 0.0015781249306505885 0.003567610030088666
0 0.5105951480168617 0.2832427534602499 0.0022954544445826742 0.0033127807422251364
0 0.5286001188165571 0.2664240204612607 0.002438920347369091 0.004841756469405993
0 0.5285283858651638 0.2884667538614511 0.0022954544445826742 0.005096585757269452
0 0.5181988408645418 0.2996792425274439 0.0025823862501555793 0.004077268605815583
0 0.5319715675320379 0.30643221865582587 0.0028693180557283426 0.004332097893679006
0 0.5181271079131485 0.3182817805414773 0.0018650567362234938 0.004586927181542499
0 0.5190596362812603 0.3099998286859145 0.003443181666874082 0.004841756469405993
0 0.542659777289626 0.3277104641924258 0.002151988541796257 0.0045869271815424635
0 0.5563607710057289 0.3468226607821863 0.002582386250155508 0.005606244332996439
0 0.5608082139921079 0.35956412517535996 0.00200852263900984 0.0030579514543617138
0 0.5707073612843707 0.3381584649948283 0.002582386250155508 0.005096585757269381
0 0.554997844929258 0.3021001207621469 0.0027258521529418545 0.005351415045132946
0 0.5676228443744628 0.29993407181530735 0.0030127839585148307 0.0035676100300886305
0 0.5854843492713718 0.2880845099296559 0.0022954544445826742 0.006370732196586851
0 0.5836192925351483 0.3135674387160032 0.002582386250155508 0.0038224393179521242
0 0.5865603435422699 0.3124207069206175 0.002151988541796257 0.005606244332996368
0 0.5823998323614638 0.27203026479425707 0.002151988541796328 0.006370732196586851
0 0.5767329292014003 0.2685900694081002 0.0028693180557282714 0.004077268605815547
0 0.5634623331936567 0.26744333761271455 0.002438920347369091 0.006880390772313767
0 0.5521285268735296 0.2648950447340799 0.0030127839585149018 0.004332097893679041
0 0.5555717085404036 0.2592888004010835 0.0018650567362235649 0.004841756469405993
0 0.5943792352441296 0.25635826359065356 0.0017215908334370057 0.004077268605815654
0 0.5946661670497025 0.2745785576728918 0.0022954544445826742 0.0022934635907712673
0 0.6053543768072907 0.2660417765294655 0.002151988541796257 0.004077268605815583
0 0.6095148879880967 0.2633660690068991 0.00243892034736902 0.004332097893679006
0 0.6050674450017178 0.2552115317952679 0.0024389203473691623 0.004841756469405958
0 0.6177641773983158 0.25916138575715175 0.00200852263900984 0.005096585757269523
0 0.6204182965998645 0.25916138575715175 0.0018650567362234226 0.0045869271815424635
0 0.6322542335797441 0.25189875105304277 0.0028693180557282714 0.004332097893679041
0 0.637060341323089 0.2557211903709949 0.00243892034736902 0.004332097893679006
0 0.6440901705353843 0.2968761029896542 0.002151988541796328 0.004077268605815618
0 0.6303891768435206 0.31254812156454925 0.003156249861301177 0.006880390772313731
0 0.6221398874333016 0.3254170006016547 0.003299715764087594 0.0035676100300886305
0 0.6388536651079193 0.3274556349045624 0.0020085226390096976 0.004077268605815618
0 0.6227137510444473 0.3561239297892031 0.002438920347369091 0.0038224393179520887
0 0.6085823596805833 0.34414695325961986 0.0028693180557283426 0.004841756469405993
0 0.5288153176707366 0.4938591598794101 0.002008522639009911 0.004077268605815618
0 0.5108820798224345 0.4957703795383861 0.0028693180557283426 0.0022934635907712673
0 0.5121015399961191 0.4908012084250484 0.0038735793752332627 0.005096585757269452
0 0.5558586403459764 0.45130266880621006 0.0018650567362233517 0.0045869271815424635
0 0.5578671629849863 0.4908012084250484 0.002151988541796328 0.0035676100300885594
0 0.553993583609753 0.4985735017048843 0.0024389203473691623 0.002803122166498184
0 0.5217149999952256 0.5046770162146952 0.002441409372202301 0.0037976625201269344
0 0.4961768247383479 0.4616232679931491 0.0035866475696604283 0.004332097893679006
0 0.49933307464812776 0.44263847301885206 0.0024389203473691623 0.004077268605815547
0 0.5047130460026185 0.4389434483448318 0.0014346590278641713 0.0038224393179520887
0 0.514181795586522 0.42225212998977424 0.0014346590278641004 0.0045869271815424635
0 0.5068650345444147 0.40721720200582934 0.0028693180557283426 0.004077268605815476
0 0.46748364422954297 0.36746383309912756 0.00301278395851476 0.005096585757269523
0 0.48383875714719465 0.366317101303742 0.0027258521529419256 0.004332097893679006
0 0.4878558024252143 0.38249876108307257 0.002151988541796186 0.005606244332996368
0 0.4806107743345002 0.406452714142239 0.0025823862501555793 0.005096585757269523
0 0.47078335999363063 0.41103964132378146 0.002438920347369091 0.0035676100300887016
0 0.523435346316246 0.3793133949847791 0.0024389203473691623 0.004332097893679006
0 0.5275958574970521 0.3844099807420486 0.0027258521529419256 0.00382243931795216
0 0.5392883285741452 0.36364139378117555 0.0025823862501555793 0.005096585757269452
0 0.5514829303109907 0.3681009063187863 0.002295454444582816 0.0068803907723138024
0 0.5547826460750783 0.39498539618838263 0.002295454444582532 0.005606244332996439
0 0.5761590655902546 0.37587319959862225 0.0020085226390097687 0.006625561484450273
0 0.5755134690277157 0.40173837231676474 0.0024389203473691623 0.004332097893679006
0 0.5687705715967541 0.4225069592776377 0.003299715764087665 0.004077268605815547
0 0.5925859114592994 0.4612410110328856 0.003299715764087594 0.005096585757269452
0 0.6044935813905721 0.4286228621863611 0.0018650567362234226 0.007135220060177261
0 0.6060717063212226 0.38785017612820544 0.002151988541796328 0.004586927181542535
0 0.6091562232311307 0.3994449087259935 0.0017215908334369345 0.005861073620859898
0 0.609945285696456 0.4101477388162593 0.0015781249306505885 0.0038224393179520175
0 0.595168297709455 0.3865760296888881 0.0024389203473691623 0.005606244332996297
0 0.586273411736697 0.3837729075223899 0.0027258521529419967 0.0035676100300885594
0 0.6037045189252468 0.3647881255765612 0.002582386250155508 0.003312780742225101
0 0.6286675860100835 0.37701993139400786 0.0017215908334370766 0.0053514150451329815
0 0.6216377567735492 0.42097798355045685 0.0022954544445826742 0.004586927181542606
0 0.63641474476055 0.4346113504511527 0.0025823862501556504 0.00535141504513291
0 0.6533437212893475 0.43728705797371914 0.00200852263900984 0.0045869271815424635
0 0.651119999796158 0.452831644533391 0.002151988541796186 0.006115902908723285
0 0.6372038072258754 0.4055608116347169 0.0024389203473691623 0.0053514150451329815
0 0.6167599160788109 0.44212881444312513 0.0017215908334370766 0.005096585757269381
0 0.6189836375720003 0.44658832698073586 0.003299715764087594 0.00382243931795216
0 0.6094431550367037 0.46926813360058506 0.0022954544445826742 0.004332097893679006
0 0.6057130415642566 0.4818821833498269 0.0014346590278642424 0.005606244332996368
0 0.6092279561825239 0.4825192565694856 0.0015781249306505885 0.0038224393179520887
0 0.6091562232311307 0.49233018415222923 0.0017215908334369345 0.004586927181542535
0 0.5988266782305086 0.5015040385153142 0.0022954544445826742 0.0045869271815424635
0 0.5713529578469096 0.4999750627881334 0.002151988541796257 0.0035676100300885594
0 0.6288827848642632 0.48799808625855023 0.002438920347369091 0.005096585757269452
0 0.6258700009057484 0.4974267699094987 0.0030127839585148307 0.005606244332996368
0 0.6359138586132143 0.5040399429950364 0.0030152729833478986 0.004052491807990606
0 0.4684161725976547 0.6907147847539429 0.00200852263900984 0.0048417564694061355
0 0.48620594454317057 0.7145413231691775 0.002008522639009911 0.0035676100300887016
0 0.48247583107072356 0.6690542952855475 0.002295454444582603 0.0038224393179520175
0 0.49797014857165683 0.5355237484450879 0.0028693180557283426 0.0038224393179520175
0 0.4912272511406951 0.595408631093004 0.0017215908334370766 0.00382243931795216
0 0.5006242677732056 0.6236946820458494 0.002438920347369091 0.0038224393179520175
0 0.5182705738159349 0.6635754655964828 0.00301278395851476 0.005096585757269452
0 0.5356299480530915 0.6851085404209465 0.0035866475696604283 0.005351415045133052
0 0.5303934426013872 0.6419149761280878 0.0022954544445826742 0.005606244332996368
0 0.5223593520453478 0.6170691205613992 0.0022954544445826742 0.004332097893679077
0 0.5435923056577378 0.6598804409224626 0.0025823862501556504 0.004841756469405993
0 0.563247134339477 0.5867444353056459 0.002008522639009911 0.0068803907723138736
0 0.5692727022565065 0.6147756569706279 0.003443181666874082 0.0038224393179520887
0 0.590720854723076 0.5629178968904113 0.0015781249306506596 0.005096585757269452
0 0.5894296615979983 0.5891653135403488 0.0027258521529418545 0.0035676100300886305
0 0.5962442919803531 0.6044550708121572 0.002582386250155508 0.0035676100300885594
0 0.6077215642032665 0.5956634603808674 0.00200852263900984 0.004332097893679077
0 0.6064303710781888 0.7016724441320722 0.002582386250155508 0.0038224393179520175
0 0.6199161659401121 0.6802667839515405 0.002582386250155508 0.005861073620859969
0 0.6204900295512578 0.7165799574720851 0.0028693180557283426 0.0035676100300887016
0 0.6326846312881034 0.7042207370107069 0.0034431816668740113 0.004841756469405993
0 0.633258494899249 0.646629317953562 0.00200852263900984 0.0038224393179520175
0 0.6327563642394964 0.6357990732193644 0.0030127839585148307 0.005096585757269452
0 0.6325411653853169 0.6225479502504637 0.002869318055728485 0.007644878635904177
0 0.6412925854552884 0.6350345853557741 0.0022954544445826742 0.004586927181542535
0 0.6422251138234 0.6416601468402243 0.00243892034736902 0.004586927181542535
0 0.6511917327475513 0.5993584850548878 0.0028693180557282007 0.0045869271815424635
0 0.6539893178518864 0.6081500954861777 0.002151988541796186 0.006880390772313731
0 0.6181228421552819 0.6414053175523609 0.00243892034736902 0.0035676100300885594
0 0.624363608926491 0.6438261957870637 0.0020085226390096976 0.005861073620859969
0 0.5131775342670172 0.5088940878633551 0.0022954544445826742 0.004077268605815547
0 0.5164772499947458 0.5116971970013848 0.002582386250155508 0.004077268605815618
0 0.5623146059713653 0.5156470639917371 0.00301278395851476 0.005351415045133052
0 0.5643231286103751 0.5260950647941395 0.0018650567362233517 0.004332097893678935
0 0.5874928719103817 0.5068554535604473 0.0028693180557284137 0.004077268605815476
0 0.600333070209766 0.5162841372113958 0.0018650567362234938 0.0035676100300886305
0 0.5888557979868526 0.5119520393177167 0.002151988541796328 0.002548292878634797
0 0.6204900295512578 0.5297900894681598 0.0028693180557283426 0.004077268605815618
0 0.6173337796899565 0.5375623827479957 0.0022954544445826742 0.003312780742225101
0 0.6179793762524954 0.5448250174521047 0.0024389203473691623 0.004586927181542535
0 0.6318238358713848 0.5603696040117765 0.0020085226390096976 0.005096585757269452
0 0.6349083527812927 0.5620259943828891 0.002151988541796328 0.0038224393179520887
0 0.6341192903159675 0.5157744786356688 0.0014346590278641713 0.004586927181542535
0 0.6426555115317591 0.5176856982946448 0.003586647569660357 0.0038224393179520175
0 0.653487187192134 0.5547633596787801 0.00200852263900984 0.004586927181542535
0 0.6138905980230825 0.588655654964622 0.00200852263900984 0.00560624433299651
0 0.6115234106271066 0.5887830696085538 0.0018650567362234226 0.004332097893678935
0 0.47917611530663606 0.7493255209625416 0.004303977083592585 0.004332097893679077
0 0.48434088780694706 0.7474143013035655 0.00200852263900984 0.004586927181542535
0 0.4873536717654619 0.7463949841521115 0.0022954544445827453 0.005096585757269452
0 0.49890267693976853 0.7714956690066636 0.002151988541796186 0.004841756469405709
0 0.5150425910032405 0.7655071807418721 0.0022954544445826742 0.005096585757269452
0 0.5182705738159349 0.7658894246736674 0.0027258521529419256 0.0038224393179520175
0 0.5433053738521649 0.7421903009023643 0.002582386250155508 0.005351415045133052
0 0.5524871916304958 0.7353099101300505 0.0022954544445826742 0.007390049348040577
0 0.5705638953815843 0.7414258130387738 0.0028693180557282714 0.00535141504513291
0 0.5761590655902546 0.7455030816445894 0.0025823862501554375 0.005861073620859827
0 0.5695596340620794 0.7512367406215177 0.0028693180557282714 0.006625561484450202
0 0.5739353440364667 0.7568429979829824 0.002151988541796186 0.00356761003008856
0 0.5746526736109971 0.7829629869605199 0.0018650567362233517 0.00535141504513291
0 0.5692727022565065 0.78003245015009 0.002582386250155508 0.004077268605815618
0 0.5969616214942852 0.7513641552654492 0.003443181666874082 0.004841756469405993
0 0.6120255412868592 0.7567155703105821 0.0028693180557283426 0.005861073620859827
0 0.6323976994825304 0.7414258130387738 0.0028693180557282007 0.004332097893679077
0 0.6427272444831525 0.7367114712132995 0.0037301134724469875 0.005096585757269452
0 0.6662556525401251 0.6092968272815632 0.0028693180557283426 0.004077268605815547
0 0.6557109086853233 0.4594572060178413 0.0024389203473691623 0.0045869271815424635
0 0.6560695734422894 0.4746195486457179 0.002008522639009982 0.004332097893679077
0 0.6577194313243333 0.49003672056145803 0.002151988541796328 0.0030579514543617138
0 0.6732854817766597 0.48315632978914425 0.002869318055728485 0.005606244332996368
0 0.6729985499710867 0.5178131129385766 0.003156249861301177 0.0045869271815424635
0 0.6636015333385763 0.5209984790368699 0.0018650567362233517 0.004332097893678935
0 0.6623103402134987 0.5299175041120914 0.002151988541796328 0.0038224393179520887
0 0.6614495447967801 0.5367978948844052 0.0027258521529418545 0.0038224393179520175
0 0.6798131803534416 0.5402380902705621 0.0015781249306505173 0.004077268605815476
0 0.6722812204571547 0.5641920433297286 0.0025823862501553664 0.004077268605815476
0 0.6807457087215534 0.5838138984952159 0.002582386250155508 0.004077268605815618
0 0.6918643161875007 0.5945167285854818 0.002151988541796186 0.004077268605815547
0 0.701261332820011 0.562025994382889 0.0025823862501556504 0.004841756469405993
0 0.7424360469197131 0.5661032629887046 0.002869318055728485 0.005351415045133052
0 0.715966587855619 0.5835590692073525 0.0018650567362234938 0.0035676100300887016
0 0.7160383208070121 0.569798287662725 0.002582386250155508 0.005096585757269452
0 0.7129538038971042 0.5859799474420554 0.0015781249306505173 0.004332097893679077
0 0.7088650256676913 0.5838138984952159 0.0022954544445826742 0.006115902908723285
0 0.706713037125895 0.5900572160478711 0.002869318055728485 0.004332097893679077
0 0.7068565030286814 0.5966827775323214 0.00200852263900984 0.0038224393179520887
0 0.7006157362574723 0.5977020946837752 0.0027258521529419967 0.0038224393179520175
0 0.6970290886878118 0.604072826880362 0.0024389203473691623 0.004332097893679006
0 0.7312457065023724 0.608022680842246 0.0028693180557283426 0.0035676100300887723
0 0.7384190016416933 0.6013971193577956 0.0017215908334370057 0.0035676100300886305
0 0.754774114559345 0.6066211197589968 0.0031562498613010347 0.004332097893679006
0 0.7737833466785454 0.552342481444077 0.0027258521529419967 0.00331278074222503
0 0.7920035163324205 0.5568019939816878 0.0030127839585148307 0.004586927181542535
0 0.7952314991451149 0.5743852148442674 0.0034431816668740113 0.005606244332996439
0 0.8144559301184948 0.5887830696085536 0.002008522639009982 0.002803122166498255
0 0.821700958209209 0.5797366298894003 0.0018650567362233517 0.0045869271815424635
0 0.823781213799612 0.5904394599796663 0.0022954544445826742 0.004077268605815618
0 0.8231356172370732 0.537434968104064 0.0018650567362233517 0.0035676100300886305
0 0.8114431461599801 0.5271143819455933 0.004303977083592656 0.003312780742225172
0 0.6878472709094811 0.5267321380137981 0.003299715764087665 0.004586927181542535
0 0.6837584926800682 0.5119520393177166 0.002582386250155508 0.004077268605815618
0 0.6796697144506553 0.4909286230689801 0.002151988541796328 0.004841756469405993
0 0.6828976972754695 0.49462363037170903 0.0028693180557283426 0.0030579514543617138
0 0.6890667310831655 0.49487847703086396 0.0028693180557283426 0.0030579514543616427
0 0.6910752537221754 0.4997202335002699 0.0017215908334371477 0.0045869271815424635
0 0.6938728388265105 0.5129713564691706 0.002151988541796328 0.002548292878634797
0 0.7020503952853364 0.49424140381120524 0.0027258521529418545 0.004332097893679006
0 0.6900709924026706 0.4818821833498268 0.002582386250155508 0.0040772686058156895
0 0.710514883549735 0.4623877428282712 0.0027258521529418545 0.00382243931795216
0 0.6993962760837877 0.47410989006999094 0.0025823862501556504 0.003312780742225101
0 0.6995397419865742 0.47920647582726034 0.003156249861301177 0.003312780742225172
0 0.7143167299735751 0.49398657452334177 0.0017215908334370057 0.004841756469405993
0 0.7157513890014394 0.5081295999997646 0.0028693180557283426 0.0030579514543617138
0 0.718405508202988 0.5099134050148088 0.0015781249306506596 0.002548292878634797
0 0.7201988319878183 0.5081295999997646 0.0014346590278640292 0.004077268605815547
0 0.7232116159463331 0.5274966258773884 0.0014346590278643135 0.004077268605815476
0 0.7209161615017504 0.5332302848543167 0.0022954544445826742 0.003312780742225172
0 0.7226377523351875 0.5440605295885141 0.002295454444582532 0.006115902908723285
0 0.7183337752515949 0.5276240405213202 0.0017215908334370057 0.004841756469405993
0 0.7329672973358095 0.5032878435303586 0.0022954544445826742 0.005606244332996368
0 0.7307435758426201 0.4863416958874376 0.0030127839585148307 0.004332097893679006
0 0.7275155930420454 0.4655730828696275 0.003156249861301319 0.0035676100300886305
0 0.7382038027875137 0.4802257929787143 0.0024389203473691623 0.003312780742225172
0 0.7381320698361205 0.47283574363067354 0.002869318055728485 0.004332097893678935
0 0.7353344847317854 0.4704148653959706 0.00243892034736902 0.004077268605815618
0 0.7477442853228107 0.4645537917751107 0.003156249861301177 0.0030579514543616427
0 0.7540567850454128 0.47168901183528794 0.0031562498613010347 0.004077268605815618
0 0.7569261031011414 0.46493603570690595 0.002869318055728485 0.003312780742225172
0 0.7639559323376759 0.4761485243728987 0.002869318055728485 0.0038224393179520175
0 0.7509722681355049 0.4836659883648711 0.002151988541796328 0.004586927181542535
0 0.7473856205658445 0.4918205255765023 0.0027258521529421385 0.0035676100300887016
0 0.7569261031011412 0.49169311093257057 0.0025823862501556504 0.005861073620859827
0 0.7631668698723505 0.49538813560659095 0.0030127839585145466 0.0030579514543616427
0 0.7632386028237437 0.5053264778332663 0.00200852263900984 0.0045869271815424635
0 0.7656057902197194 0.5351415045132927 0.0030127839585148307 0.004077268605815476
0 0.747887751213477 0.5361608477216837 0.0037301134724468453 0.0030579514543616427
0 0.7380603368847273 0.5297900894681596 0.003299715764087665 0.0045869271815424635
0 0.7450901661212618 0.5183227715143034 0.0030127839585148307 0.0035676100300885594
0 0.7498245409132136 0.5125891125373754 0.0018650567362233517 0.0038224393179520887
0 0.7534829214342673 0.5096585757269453 0.0022954544445826742 0.0030579514543617138
0 0.7570695690039276 0.5031604288864269 0.0022954544445826742 0.002803122166498255
0 0.7491789443506747 0.5031604288864269 0.0022954544445826742 0.0038224393179520887
0 0.7456640297324074 0.5030330142424951 0.004447442986379002 0.0035676100300886305
0 0.788058204005794 0.5211258936808016 0.002295454444582816 0.0035676100300885594
0 0.7918600504296341 0.5105504782344674 0.003012783958514973 0.0038224393179520887
0 0.7878430051516144 0.48748842768282324 0.00243892034736902 0.00560624433299651
0 0.7780873238348559 0.49844612180353537 0.003586647569660357 0.0030579514543616427
0 0.7722052217478947 0.5147551614842147 0.0018650567362234938 0.005096585757269452
0 0.7731377501160065 0.520488820461143 0.0020085226390096976 0.004841756469405993
0 0.7979573512980568 0.5188324300900304 0.0028693180557283426 0.003057951454361785
0 0.8005397375482124 0.5263498940820028 0.002582386250155508 0.003312780742225172
0 0.8024765272358291 0.5181953568703717 0.0030127839585148307 0.0038224393179520175
0 0.8055610441457369 0.509785990370877 0.0022954544445826742 0.004332097893679006
0 0.8040546521664796 0.5067280389165155 0.003299715764087665 0.004841756469405993
0 0.8090759587640042 0.5034152581742903 0.003012783958514689 0.0038224393179520887
0 0.8085738281042518 0.4956429648944544 0.0020085226390096976 0.0045869271815424635
0 0.8041263851178729 0.4843030615845298 0.0028693180557282007 0.005351415045132839
0 0.816966583417257 0.5039249167500173 0.0024389203473693046 0.002803122166498255
0 0.8066370384166351 0.4716890118352879 0.0024389203473691623 0.0035676100300886305
0 0.8139537994587424 0.47691301223648913 0.0027258521529418545 0.004332097893679077
0 0.6554957098311438 0.45346871775304964 0.002008522639009982 0.004332097893679006
0 0.6600866187203092 0.45690891313920645 0.003156249861301319 0.0035676100300886305
0 0.6563565052478623 0.44900920521543886 0.0028693180557283426 0.005096585757269452
0 0.6587236926438382 0.40772686058155627 0.0035866475696604994 0.004077268605815618
0 0.6653231241720132 0.4050511530589899 0.002151988541796328 0.004841756469405993
0 0.6582932949354791 0.42339886178515984 0.00243892034736902 0.0053514150451329815
0 0.676800396394927 0.42505525215627243 0.002151988541796328 0.0045869271815424635
0 0.6769438622977133 0.41932159317934437 0.003299715764087523 0.005861073620859898
0 0.6766569304921404 0.411294470611645 0.0030127839585148307 0.0035676100300886305
0 0.6826107654577769 0.4074720312936928 0.002582386250155508 0.005606244332996368
0 0.693298975215365 0.42046832497472997 0.0027258521529418545 0.004586927181542535
0 0.6983202818128895 0.42722130110311196 0.002151988541796186 0.004841756469405993
0 0.6973160204933846 0.4538509616848448 0.0024389203473691623 0.004077268605815547
0 0.709797554035803 0.40237544553642335 0.002151988541796328 0.004077268605815476
0 0.711877809626206 0.3948579815444509 0.002582386250155508 0.004841756469405993
0 0.7127386050429245 0.4050511530589898 0.00200852263900984 0.00535141504513291
0 0.7352627517803921 0.4110396413237814 0.002582386250155508 0.0035676100300886305
0 0.7391363311556256 0.40479632377112634 0.002582386250155508 0.002803122166498184
0 0.7151057924389004 0.4200860810429347 0.0027258521529418545 0.002803122166498255
0 0.7156796560500461 0.4260745693077263 0.002151988541796044 0.005096585757269523
0 0.7517613306008303 0.4171555442325048 0.002869318055728485 0.0030579514543615715
0 0.758217296226219 0.4092558363087372 0.0017215908334370057 0.006625561484450273
0 0.7516178646980438 0.4442948633899646 0.0028693180557282007 0.0038224393179520175
0 0.7656057902681985 0.4514300834501418 0.0024389203473693046 0.0038224393179520895
0 0.7791633180330361 0.46391671855545197 0.0022954544445826742 0.004332097893679006
0 0.7884886017141531 0.42760354503490716 0.00200852263900984 0.0045869271815424635
0 0.7718465569909287 0.4160088124371191 0.002582386250155508 0.004841756469405993
0 0.7733529489701861 0.396769201203427 0.0027258521529421385 0.005096585757269523
0 0.7809566418178663 0.394348322968724 0.002151988541796186 0.004332097893679006
0 0.7887755335197261 0.3948579815444509 0.00200852263900984 0.004841756469405993
0 0.8043415839720524 0.41052998274805447 0.0027258521529421385 0.004077268605815547
0 0.8114431461599801 0.403522177331809 0.0017215908334368634 0.004841756469405993
0 0.820696696889704 0.40951066559660054 0.0015781249306505173 0.0035676100300885594
0 0.8060631748054894 0.44251105837492033 0.0018650567362234938 0.0038224393179520887
0 0.8100802200835092 0.4427658876627838 0.0018650567362234938 0.004332097893679077
0 0.8128778051878441 0.4467157416246676 0.002582386250155508 0.0035676100300885594
0 0.8123756745280919 0.45487027883629877 0.0024389203473691623 0.0035676100300886305
0 0.8221313559175681 0.46480862106297416 0.003299715764087665 0.006625561484450202
0 0.8105106177918684 0.5452072613838999 0.0027258521529418545 0.00535141504513291
0 0.812447407479485 0.5490297007018519 0.003156249861301177 0.005861073620859969
0 0.8203380321327381 0.5559100914741656 0.0017215908334368634 0.00382243931795216
0 0.8227769524801072 0.5649565311933189 0.0014346590278640292 0.005606244332996439
0 0.8095780894237566 0.5675048240719537 0.002008522639009982 0.0030579514543615715
0 0.8104388848404753 0.5582035550649369 0.00200852263900984 0.005861073620859969
0 0.8145276630698879 0.5626630676025477 0.0007173295139320146 0.004077268605815618
0 0.8128778051878442 0.5667403362083633 0.0017215908334370057 0.0035676100300886305
0 0.8131647369934172 0.5737481416246087 0.0017215908334371477 0.003822439317952231
0 0.7825347667485169 0.4867239398192328 0.0024389203473691623 0.0040772686058156895
0 0.7323217007732705 0.20946967462377458 0.0030127839585148307 0.004077268605815583
0 0.7031981225076277 0.23597192056157573 0.0030127839585148307 0.005096585757269416
0 0.6811761064299126 0.2478214824472272 0.003443181666873869 0.0033127807422251364
0 0.699181077229608 0.25508411715133616 0.00243892034736902 0.003567610030088666
0 0.6705596296237175 0.2787832409226391 0.002582386250155508 0.004077268605815583
0 0.6621668743107122 0.2641305568704894 0.003299715764087523 0.003312780742225172
0 0.697459486396171 0.268717484052032 0.00243892034736902 0.0033127807422251364
0 0.6864126118816167 0.273049581945711 0.0024389203473691623 0.0038224393179521242
0 0.6877038050066946 0.27942031414229784 0.002151988541796328 0.003312780742225172
0 0.6868430095899761 0.2942004128383792 0.0015781249306505173 0.00535141504513291
0 0.6822521007008107 0.3004437303910343 0.0024389203473693046 0.004586927181542499
0 0.6774459929574655 0.30706929187548454 0.002582386250155508 0.003567610030088595
0 0.674146277193378 0.30337426720146415 0.003443181666873869 0.0038224393179521242
0 0.6963834921252728 0.3133126094281397 0.0022954544445826742 0.0033127807422251364
0 0.6980333500073166 0.3014630475424882 0.0024389203473691623 0.005606244332996368
0 0.6975312193475642 0.3099998286859145 0.00200852263900984 0.0033127807422251364
0 0.691649117333321 0.28897641243717803 0.002582386250155508 0.005096585757269452
0 0.7280894566410713 0.24833114102295412 0.0022954544445826742 0.005351415045132875
0 0.7231398829949398 0.2555937757270631 0.0024389203473691623 0.004586927181542535
0 0.7188359059113474 0.2527906535605649 0.0027258521529418545 0.004586927181542499
0 0.7125234061887449 0.2628564104311721 0.0027258521529418545 0.004841756469405993
0 0.7166121844181578 0.2744511430289601 0.002582386250155508 0.0035676100300886305
0 0.7229246841407603 0.27292216730177926 0.002008522639009982 0.003567610030088666
0 0.7387059334472661 0.28948607101290497 0.002008522639009982 0.0030579514543616427
0 0.7430816434822519 0.27266733801391574 0.0018650567362234938 0.005606244332996333
0 0.7394949959125916 0.2589065564692883 0.002151988541796186 0.007644878635904213
0 0.7571413019553209 0.2597984589768104 0.0024389203473691623 0.004841756469405993
0 0.7524069271633692 0.2891038270811098 0.002151988541796328 0.0053514150451329815
0 0.7504701375363507 0.29623906016975554 0.0014346590278644556 0.005861073620859827
0 0.7028394577506617 0.3000614864592391 0.00200852263900984 0.0073900493480406485
0 0.7089367586190843 0.2942004128383793 0.0015781249306503753 0.004332097893679041
0 0.7077890313967932 0.30120821825462474 0.0032997157640878073 0.004586927181542535
0 0.7221356216511956 0.30082596998000666 0.0027258521529418545 0.004332097893679041
0 0.7190511047655269 0.30311943791360074 0.0022954544445826742 0.003312780742225243
0 0.7642428641432485 0.32325095165481504 0.004877840694738182 0.004841756469405993
0 0.7819609031373712 0.2502423606819302 0.0027258521529418545 0.005096585757269452
0 0.7720617558451083 0.2624741664993769 0.0024389203473691623 0.004586927181542499
0 0.7770113294912397 0.26514987402194334 0.0037301134724468453 0.0053514150451329815
0 0.7964509593187994 0.2702464597792128 0.0024389203473691623 0.004332097893679041
0 0.799033345568955 0.2784009969908439 0.0015781249306505173 0.0053514150451329815
0 0.7853323518528521 0.2912698760279493 0.0022954544445826742 0.005606244332996404
0 0.7945859025825759 0.29407299819444754 0.0018650567362234938 0.004077268605815583
0 0.8019743965760766 0.3143319265795935 0.0028693180557283426 0.005351415045132875
0 0.8057045100485234 0.3158609023067744 0.00200852263900984 0.004332097893679077
0 0.8081434303958924 0.3233783662987469 0.002008522639009982 0.0045869271815424635
0 0.8030503908469746 0.32528958595772295 0.002151988541796328 0.0038224393179520887
0 0.8143841971671015 0.32809270812422114 0.0018650567362234938 0.003312780742225172
0 0.8163209868547183 0.3191736830489995 0.0031562498613010347 0.005351415045132875
0 0.8173969811377362 0.3300039147547285 0.002151988541796328 0.0030579514543615715
0 0.8109410155002276 0.26986421584741754 0.0018650567362234938 0.003567610030088595
0 0.8133082028962036 0.2604355321964691 0.0017215908334368634 0.005096585757269452
0 0.8161057880005387 0.24986011675013495 0.0024389203473693046 0.005351415045132946
0 0.8269374636609131 0.28833933921751936 0.00200852263900984 0.00535141504513291
0 0.8107975495974412 0.2422152381142308 0.0027258521529418545 0.004332097893679077
0 0.8133082028962035 0.23813796950841526 0.0022954544445826742 0.005861073620859898
0 0.8175404470284029 0.2191531875625865 0.0018650567362234938 0.005606244332996404
0 0.8119452768197326 0.21163572357061408 0.0030127839585145466 0.002803122166498184
0 0.8163927198061116 0.20908743069197933 0.0018650567362234938 0.0043320978936791125
0 0.8100802200835091 0.1563377681042405 0.002151988541796328 0.004841756469405993
0 0.8097932882779364 0.14920254804406327 0.0024389203473693046 0.006880390772313785
0 0.6553522439283573 0.37026695526562586 0.0025823862501556504 0.004077268605815618
0 0.6558543745881099 0.36122051554647255 0.0015781249306506596 0.004841756469405993
0 0.6526263917754153 0.3670815891673324 0.0022954544445826742 0.0038224393179520175
0 0.6661121866373386 0.3682283209627181 0.0017215908334368634 0.0035676100300886305
0 0.6718508227487954 0.3545949540620223 0.002295454444582532 0.004841756469405993
0 0.6702009648667516 0.33917778214628214 0.003012783958514689 0.0035676100300886305
0 0.676154799832388 0.3452936850550056 0.0037301134724468453 0.0035676100300886305
0 0.6498288066710802 0.3831358343027311 0.0030127839585148307 0.0038224393179520887
0 0.6554239768797505 0.38364549287845817 0.0024389203473691623 0.004332097893679006
0 0.6584367608382652 0.3911629568704306 0.002151988541796328 0.0015289757271808213
0 0.6752940044156693 0.39167261544615756 0.0022954544445826742 0.0035676100300887016
0 0.678952384936723 0.38721310290854677 0.002151988541796186 0.0022934635907712673
0 0.6785937201797568 0.37587319959862225 0.002582386250155508 0.004586927181542535
0 0.6851931517079322 0.39804334764274446 0.002582386250155508 0.004077268605815547
0 0.6848344869509662 0.3930741765294066 0.0015781249306505173 0.0038224393179520175
0 0.6834715608744952 0.37663768746221266 0.00200852263900984 0.003057951454361785
0 0.6821803677494174 0.3826261757270042 0.0022954544445826742 0.006880390772313731
0 0.7008309351116517 0.3789311510529839 0.0017215908334370057 0.0045869271815424635
0 0.6823238336522038 0.3669541745234007 0.002582386250155508 0.004077268605815547
0 0.6939445717779037 0.38491963931777545 0.0022954544445826742 0.004841756469405993
0 0.714962326536114 0.3579077348042474 0.0032997157640878073 0.004841756469405993
0 0.7147471276819343 0.3422357336006439 0.002582386250155508 0.0035676100300886305
0 0.7286633202522168 0.35242890511518277 0.0028693180557283426 0.005606244332996368
0 0.7267982635159934 0.38479222467384383 0.0028693180557283426 0.0035676100300885594
0 0.7094388892788369 0.35828997873604257 0.0028693180557283426 0.008154537211631094
0 0.7494658761562475 0.38300841965879945 0.0034431816668740113 0.005096585757269452
0 0.7554197111218839 0.38517446860563903 0.0030127839585148307 0.004841756469405993
0 0.755850108830243 0.37026695526562586 0.003586647569660357 0.005096585757269452
0 0.7577868985178597 0.3497531975926163 0.0031562498613010347 0.004841756469405993
0 0.7746441420952638 0.3675912477430593 0.0018650567362234938 0.0053514150451329815
0 0.7816022383804051 0.38517446860563903 0.0037301134724467035 0.002803122166498184
0 0.7624495403584183 0.3861937857570929 0.002151988541796186 0.006370732196586673
0 0.7585042280317918 0.3933290058172701 0.002582386250155508 0.008409366499494553
0 0.803552521506727 0.38925173721145456 0.002295454444582816 0.004841756469405851
0 0.8088607599098245 0.3856841271813659 0.002295454444582532 0.004841756469405993
0 0.8100802200835091 0.37625544353041745 0.0018650567362234938 0.004332097893679006
0 0.8108692825488343 0.37039436990955754 0.0025823862501556504 0.00535141504513291
0 0.8084303622014652 0.36249466198578995 0.002869318055728485 0.006370732196586744
0 0.8173969811256165 0.35204666118338757 0.0015781249306506596 0.004841756469405993
0 0.8145276630698881 0.37867632176512045 0.003299715764087523 0.004077268605815618
0 0.8181143106395484 0.37370715065178267 0.0018650567362234938 0.004841756469405993
0 0.8203380321327378 0.37701993139400786 0.00200852263900984 0.003312780742225101
0 0.8204814980355244 0.3826261757270042 0.0022954544445826742 0.003312780742225172
0 0.8198359014729855 0.3869582736206833 0.0018650567362236358 0.002803122166498184
0 0.8232790831398594 0.3858115418252977 0.0018650567362233517 0.005606244332996368
