0.0 0.48427263568108075 0.28945680546187685 0.010099999556163652 0.0059681815559150305
0.0 0.4959794533484526 0.22656135368031127 0.008722726889414644 0.0087227268894142
0.0 0.5483158146849373 0.15815681123174719 0.007804545111580552 0.007804545111581129
0.0 0.6024885395770887 0.13267726689687934 0.006886363333748591 0.008263636000497687
0.0 0.6605635370250311 0.14369544823087627 0.011018181333997035 0.0073454542226646154
0.0 0.7195567162508059 0.1361204485637534 0.006886363333748591 0.0087227268894142
0.0 0.6320999018346403 0.20544312584694985 0.009181817778330981 0.0087227268894142
0.0 0.579533995131262 0.2515818071262626 0.01147727222291337 0.008263636000497687
0.0 0.543495360351314 0.2756840787943808 0.010099999556163652 0.0087227268894142
0.0 0.6158021753556685 0.29244089623983444 0.007804545111581263 0.008263636000497687
0.0 0.6479385375798259 0.29060453268416825 0.012395454000746042 0.006427272444831544
0.0 0.7009635352496861 0.2685681700161745 0.008263636000497598 0.009181817778330714
0.0 0.6988976262495623 0.2394158985699743 0.005968181555915208 0.01147727222291337
0.0 0.6966021718049792 0.2189863540131884 0.012395454000746042 0.009181817778330803
0.0 0.6759430818037349 0.2942772597955005 0.005968181555915208 0.006427272444831544
0.0 0.6860430813598988 0.2988681686846659 0.009640908667247317 0.0073454542226646605
0.0 0.7436589879189242 0.2968022596845415 0.008263636000497598 0.0078045451115811735
0.0 0.733329442918302 0.29703180512899974 0.007804545111581263 0.006427272444831456
0.0 0.7764839864764568 0.2993272595735824 0.005049999778081826 0.01009999955616383
0.0 0.776713531998481 0.3275613492419495 0.006427272444831544 0.0087227268894142
0.0 0.8113748940341132 0.3271022583530329 0.008722726889413935 0.006886363333748147
0.0 0.8290498932574 0.29335907801766753 0.009181817778330981 0.008263636000497687
0.0 0.8492498923697276 0.29817953235129113 0.006427272444831544 0.0087227268894142
0.0 0.8481021651474364 0.284406805683795 0.008722726889414644 0.009640908667247317
0.0 0.8763362548158039 0.3654363475775638 0.008263636000497598 0.006427272444831456
0.0 0.8926339813723405 0.3328408944644897 0.008722726889413935 0.007345454222664571
0.0 0.920868071040708 0.33444771257569755 0.011936363111829707 0.0087227268894142
0.0 0.9552998877094477 0.3000158959069573 0.00918181777833027 0.006886363333747969
0.0 0.9748112504884012 0.3479908937987354 0.006886363333748591 0.008263636000497687
0.0 0.8992907992616306 0.26810907912725795 0.009181817778330981 0.008263636000497687
0.0 0.8632521644816826 0.23941589856997428 0.009640908667247317 0.006886363333748058
0.0 0.8166544392566539 0.2077386272347332 0.0073454542226642165 0.007804545111581085
0.0 0.8577430738146837 0.21554317234631443 0.007804545111581263 0.010559090445080344
0.0 0.9064067080398374 0.24400680745913966 0.008722726889414644 0.005049999778081915
0.0 0.9073248898176697 0.23413635334743416 0.008722726889413935 0.009181817778330714
0.0 0.9860589772668564 0.24446589834805627 0.008263636000497598 0.006886363333748058
0.0 0.9954703404896452 0.214395445124023 0.008722726889413935 0.009181817778330714
0.0 0.9670067053768197 0.18868635534469697 0.007804545111581263 0.0073454542226646154
0.0 0.9598907965986136 0.19809771856748595 0.006427272444831544 0.007804545111581129
0.0 0.9686135234880275 0.20429544556785917 0.006427272444830834 0.00918181777833078
0.0 0.8040294398114494 0.14185908467521008 0.010559090445079277 0.009181817778330714
0.0 0.8469544379251456 0.15081135700908258 0.008263636000497598 0.008722726889414245
0.0 0.8639408008150568 0.13589090311929508 0.007345454222664927 0.01009999955616383
0.0 0.8800089819271356 0.17307726512153465 0.009181817778330981 0.00918181777833076
0.0 0.9057180717064621 0.17996362845528274 0.006427272444831544 0.0073454542226646154
0.0 0.9256885253355491 0.188915869493688 0.008722726889413935 0.007804545111581129
0.0 0.9231635254852903 0.2033772637900261 0.0073454542226642165 0.007345454222664638
0.0 0.9249998890409564 0.14851590256449987 0.0073454542226642165 0.009640908667247271
0.0 0.9160476167070837 0.1411704483418353 0.008722726889414644 0.009640908667247271
0.0 0.9144407985958765 0.10490226811742882 0.0073454542226642165 0.010559090445080355
0.0 0.9628748873765709 0.17124090156586852 0.008722726889414644 0.012854544889663044
0.0 0.5115885435716144 0.3475318029098189 0.00688636333374788 0.008263636000497687
0.0 0.5306408154616502 0.3819636195785593 0.010099999556163652 0.008263636000497687
0.0 0.5646135412414743 0.4370545262485438 0.006427272444831544 0.008263636000497598
0.0 0.5143430889051132 0.41960907246971535 0.010559090445080698 0.006427272444831544
0.0 0.48289536301433067 0.4450886168045831 0.006427272444830834 0.0059681815559150305
0.0 0.47623854512504094 0.4104272546913846 0.007804545111581263 0.009181817778330626
0.0 0.44869309179004874 0.4175431634695908 0.007804545111581263 0.008722726889414112
0.0 0.43767491045605167 0.39022725557905685 0.012395454000746042 0.010099999556163742
0.0 0.457415818679463 0.3858658921343498 0.009640908667247317 0.009640908667247228
0.0 0.3715658224520702 0.30736135012962185 0.008722726889413935 0.009640908667247228
0.0 0.4186226385660152 0.3190681677969936 0.011018181333996324 0.0073454542226646605
0.0 0.30086582555892355 0.2320704443473097 0.00688636333374788 0.0087227268894142
0.0 0.28961809878046835 0.3034590775738313 0.008263636000497598 0.009181817778330714
0.0 0.37730445856352723 0.1813409011220323 0.009181817778330981 0.008263636000497643
0.0 0.2912249168916759 0.11224772234009342 0.011477272222914081 0.007804545111581129
0.0 0.4273453654554295 0.16848635623236924 0.006427272444831544 0.00918181777833076
0.0 0.4154090023435998 0.24882726179276332 0.006427272444831544 0.008263636000497687
0.0 0.35802264122903227 0.24446589834805627 0.0073454542226642165 0.010559090445080344
0.0 0.028624928431417018 0.20682044545690012 0.006886363333748591 0.0087227268894142
0.0 0.02701811032020913 0.10490226811742882 0.009181817778330981 0.0087227268894142
0.0 0.049054472988202494 0.11201817689563516 0.009181817778330981 0.0064272724448315
0.0 0.08394538054585965 0.10650908622863671 0.006427272444831544 0.007345454222664571
0.0 0.09266810743527358 0.11041135878442727 0.0073454542226642165 0.0068863633337481025
0.0 0.18701128510762252 0.1962613550118198 0.007804545111580552 0.00964090866724725
0.0 0.17576355832916696 0.299786350462499 0.010099999556163652 0.0055090906669985175
0.0 0.15739992277250572 0.33559543979798895 0.00918181777833027 0.008263636000497687
0.0 0.07705901721211142 0.29726135057345804 0.008263636000497598 0.008722726889414112
0.0 0.004981747652215418 0.3546477116880252 0.005509090666998162 0.006886363333748058
0.0 0.01921356520862787 0.43246361735937827 0.011936363111829707 0.006427272444831544
0.0 0.08738856221273394 0.4471545258047075 0.007804545111580552 0.006427272444831544
0.0 0.11585219732555921 0.40285225502426164 0.009640908667247317 0.008722726889414157
0.0 0.12503401510388984 0.39963861880184587 0.00688636333374788 0.010559090445080388
0.0 0.1984885573305359 0.4175431634695908 0.01147727222291337 0.009640908667247317
0.0 0.21317946577586505 0.43223407191492 0.007804545111581263 0.0059681815559150305
0.0 0.2255749197766118 0.40950907291355143 0.013313635778580135 0.009181817778330803
0.0 0.26000673644535155 0.3815045286896427 0.008722726889413935 0.009181817778330803
0.0 0.2926021895584263 0.3941295281348475 0.010559090445079989 0.006886363333748058
0.0 0.3667453681184469 0.4017045278019703 0.008263636000497598 0.009181817778330669
0.0 0.3862567308973997 0.413411345469342 0.007804545111581263 0.009640908667247317
0.0 0.2714840086682653 0.4303977083592539 0.005968181555915208 0.008722726889414289
0.0 0.26551582711235044 0.4441704350267501 0.007804545111580552 0.007804545111581085
0.0 0.25082491874458734 0.4462363283791408 0.005968181555915208 0.01009999955616383
0.0 0.0008840557924656878 0.4774545010015987 0.0017681115849313756 0.008263636000497777
0.0 0.006129474874506613 0.511656795697481 0.007804545111581263 0.007804545111581263
0.0 0.033904473653957365 0.5102795230307315 0.0073454542226642165 0.0059681815559150305
0.0 0.09152038021298274 0.4799795243622399 0.007804545111581263 0.008722726889414289
0.0 0.09129083476852422 0.5196908862535204 0.0073454542226642165 0.009181817778330803
0.0 0.058236290766533826 0.5398908853658482 0.008263636000497598 0.007345454222664571
0.0 0.10230901610252126 0.5520567939221362 0.009181817778330981 0.007804545111581085
0.0 0.0580067453220753 0.5734045202567553 0.005968181555915208 0.008263636000497598
0.0 0.060990836100032905 0.5584840663669679 0.011018181333997035 0.008722726889414289
0.0 0.1365112873268032 0.5903908831466671 0.00688636333374788 0.008263636000497598
0.0 0.18035446721833245 0.6248226998154076 0.008263636000497598 0.01009999955616383
0.0 0.19458628477474527 0.6477772442612344 0.006427272444831544 0.0055090906669985175
0.0 0.2262635561099863 0.6092136095922454 0.008263636000497598 0.009181817778330626
0.0 0.17599310377362548 0.5442522488105552 0.008722726889413935 0.009640908667247317
0.0 0.21639310199828082 0.5403499762547647 0.009640908667247317 0.006427272444831544
0.0 0.2735499176683899 0.5190022499201457 0.0073454542226642165 0.011477272222913549
0.0 0.26758173611247466 0.5649113388117994 0.008263636000497598 0.006886363333748058
0.0 0.2769930993352638 0.562845429811675 0.00688636333374788 0.01009999955616383
0.0 0.26367946355668404 0.49007952391840376 0.006886363333748591 0.011477272222913549
0.0 0.24554537344448094 0.48388179691803057 0.00918181777833027 0.007345454222664571
0.0 0.20307946621970138 0.4818158879179061 0.007804545111581263 0.012395454000746575
0.0 0.16681128599529488 0.4772249790287407 0.009640908667248028 0.007804545111581085
0.0 0.17782946732929156 0.46712497947257703 0.005968181555915208 0.008722726889414289
0.0 0.3020135527812148 0.4618454342500368 0.005509090666998162 0.007345454222664749
0.0 0.30293173455904815 0.49467043280756917 0.0073454542226642165 0.004131818000248799
0.0 0.3371340057833301 0.47929088802886516 0.00688636333374788 0.007345454222664571
0.0 0.3504476415619095 0.47447043369524156 0.007804545111580552 0.007804545111581085
0.0 0.33621582400549704 0.45977952524991234 0.007804545111581263 0.008722726889414112
0.0 0.3768453676746105 0.46689543402811867 0.006427272444831544 0.009181817778330803
0.0 0.38533854911956633 0.46689543402811867 0.005968181555915208 0.008263636000497598
0.0 0.4232135474551811 0.4538113436939974 0.00918181777833027 0.007804545111581085
0.0 0.4385930922338847 0.4606977070277455 0.007804545111580552 0.007804545111581085
0.0 0.46108854571322977 0.5348408542922989 0.006886363333748591 0.007345454222664749
0.0 0.41724536589926586 0.5630749752561333 0.010099999556163652 0.012395454000746398
0.0 0.39084763978656517 0.5862590651464185 0.010559090445079989 0.006427272444831544
0.0 0.44433172834534174 0.5899317922577507 0.006427272444830834 0.007345454222664749
0.0 0.39268400334223125 0.6415795172608612 0.007804545111581263 0.006886363333748058
0.0 0.34746355097786646 0.620002245481784 0.009181817778330981 0.008722726889414289
0.0 0.09220901654635724 0.8897181427202497 0.006427272444831544 0.007345454222664571
0.0 0.034822655431790396 0.8931613243871237 0.009181817778330981 0.004131818000248799
0.0 0.03872492798758102 0.8842090520532512 0.012395454000746754 0.009181817778330626
0.0 0.17874764910712457 0.8130499642711879 0.005968181555914498 0.008263636000497598
0.0 0.1851749215519561 0.8842090520532512 0.006886363333748591 0.006427272444831544
0.0 0.1727794675512097 0.8982113241652057 0.007804545111581263 0.005049999778081826
0.0 0.06948799998472203 0.9092071870242868 0.007812509991047278 0.0068417263839162246
0.0 0.000884055714899823 0.7974408740480257 0.001768111429799646 0.007345454222664571
0.0 0.01508174720837907 0.790784056158736 0.004590908889165491 0.006886363333748058
0.0 0.04538174587687038 0.7607136029347027 0.0045909088891647794 0.008263636000497598
0.0 0.02196811054212695 0.7336272404886269 0.009181817778330981 0.007345454222664393
0.0 0.0749931082119872 0.6833567881522662 0.007804545111581263 0.007804545111581085
0.0 0.08830674399056662 0.6925386059305969 0.008722726889413935 0.006886363333748235
0.0 0.1257226514372647 0.655122698483899 0.008263636000497598 0.009181817778330803
0.0 0.16474537699517028 0.6631567890399384 0.007345454222664927 0.012395454000746575
0.0 0.17530446744025063 0.711590877820633 0.0073454542226642165 0.01009999955616383
0.0 0.2437090098888149 0.6771590611518928 0.006427272444831544 0.011936363111829884
0.0 0.2416431008886903 0.7237567863769214 0.007804545111581263 0.007804545111581085
0.0 0.22006582910961328 0.7611726938236192 0.010559090445080698 0.007345454222664571
0.0 0.2962749166697581 0.830954508938933 0.010559090445079989 0.009181817778330626
0.0 0.33437946044983063 0.7721908751576161 0.005968181555915208 0.012854544889663089
0.0 0.3394294602279125 0.6987363329309701 0.006886363333748591 0.008263636000497777
0.0 0.3492999143396183 0.7196249683766726 0.005509090666998162 0.010559090445080344
0.0 0.35182491422865925 0.7389067857111672 0.005049999778081826 0.00688636333374788
0.0 0.30453855267025604 0.6964408784863875 0.007804545111581263 0.010099999556163652
0.0 0.2760749175574304 0.6913908787083056 0.008722726889414644 0.0064272724448313666
0.0 0.3318544605607897 0.6571886074840235 0.008263636000497598 0.005968181555914854
0.0 0.41173627523226736 0.6792249701520172 0.005509090666998872 0.009640908667247317
0.0 0.3892408216753573 0.7584181484901199 0.0073454542226642165 0.008263636000497777
0.0 0.43652718323376016 0.7829795110471547 0.00826363600049831 0.009640908667247317
0.0 0.4906999081259119 0.7877999653807783 0.006427272444831544 0.008263636000497598
0.0 0.4835839993477055 0.8158045096046871 0.00688636333374788 0.01101818133399668
0.0 0.4390521831228014 0.7306431497106697 0.007804545111581263 0.009640908667247317
0.0 0.37363173145219475 0.7965226922701925 0.005509090666998872 0.009181817778330537
0.0 0.3807476402304008 0.8045567828262319 0.010559090445079989 0.006886363333748235
0.0 0.3502180961174517 0.8454158719398039 0.0073454542226642165 0.007804545111580907
0.0 0.33828173300562125 0.8681408709411725 0.004590908889165491 0.010099999556163652
0.0 0.34952945978407646 0.8692885981634639 0.005049999778081826 0.006886363333748235
0.0 0.3492999143396183 0.8869635973867505 0.005509090666998162 0.008263636000497598
0.0 0.31624537033762756 0.9034908693877458 0.0073454542226642165 0.008263636000497598
0.0 0.22832946511011087 0.9007363240542465 0.00688636333374788 0.006427272444831544
0.0 0.4124249115656422 0.8791590522751693 0.007804545111581263 0.009181817778330626
0.0 0.4027840028983949 0.8961454151650813 0.009640908667247317 0.010099999556163652
0.0 0.4349243475622856 0.9080594598019953 0.009648873546713333 0.007300817272832915
0.0 0.042168109654454965 0.9168045051663256 0.0073454542226642165 0.007345454222664571
0.0 0.052727199983186424 0.9218544814728074 0.008263636000497598 0.007345454222664571
0.0 0.19940673910836892 0.9289704137226138 0.009640908667247317 0.009640908667247672
0.0 0.20583401155320047 0.9477931401681919 0.005968181555914498 0.007804545111580907
0.0 0.2799771901132214 0.9131317780549933 0.009181817778330981 0.007345454222664571
0.0 0.3210658246712512 0.9301181409449052 0.005968181555915208 0.006427272444831544
0.0 0.28433855355792836 0.922313595833324 0.006886363333748591 0.004590908889165491
0.0 0.38556809456402485 0.9544499580574815 0.009181817778330981 0.007345454222664571
0.0 0.3754680950078608 0.9684522301694362 0.0073454542226642165 0.005968181555914854
0.0 0.3775340040079854 0.9815363205035572 0.007804545111581263 0.008263636000497598
0.0 0.4291817290110959 0.9291999591670722 0.004590908889165491 0.008263636000497598
0.0 0.45649763690162926 0.9326431408339462 0.01147727222291337 0.00688636333374788
0.0 0.4911589990148286 0.9976545235855268 0.006427272444831544 0.004690952828946493
0.0 0.4982749077930347 0.8277408727165172 0.007804545111581263 0.008263636000497598
0.0 0.49942263501532624 0.8550567806070513 0.006427272444832255 0.007804545111581263
0.0 0.5047021802378666 0.8828317793865017 0.006886363333748591 0.0055090906669985175
0.0 0.5545135416853111 0.8704363253857552 0.009181817778330981 0.010099999556163652
0.0 0.5535953599074773 0.9328726862784043 0.010099999556163652 0.008263636000497598
0.0 0.5235249066834442 0.938611322389861 0.005968181555914498 0.007804545111580907
0.0 0.5193930886831957 0.9546795035019396 0.006886363333748591 0.006886363333748235
0.0 0.5166385433496963 0.9670749575026862 0.008722726889413935 0.00688636333374788
0.0 0.5754021771310132 0.9732726845030596 0.005049999778081826 0.007345454222664571
0.0 0.8761067093713454 0.995079501726595 0.008722726889414644 0.005968181555914854
0.0 0.9344112522637456 0.9994908871411928 0.009640908667247317 0.001018225717614385
0.0 0.9948658521890941 0.949629503723858 0.010268295621811774 0.005968181555915208
0.0 0.6011112669103393 0.9489408673904831 0.010559090445080698 0.008263636000497598
0.0 0.5880271765762182 0.9223135958333237 0.008263636000497598 0.007345454222664571
0.0 0.5749430862420969 0.8844385974977096 0.006886363333748591 0.008722726889414289
0.0 0.5852726312815022 0.8910953840915321 0.009181817778330981 0.0055090906669985175
0.0 0.6050135394661297 0.8915545062759158 0.009181817778330981 0.0055090906669985175
0.0 0.6114408119109612 0.90027723316533 0.005509090666998872 0.008263636000497598
0.0 0.6203930842448336 0.9241499593889901 0.006886363333748591 0.004590908889165491
0.0 0.6465612649130765 0.8904067790536244 0.008722726889413935 0.007804545111580907
0.0 0.6082271756885458 0.8681408709411723 0.008263636000497598 0.007345454222664927
0.0 0.6736476273591521 0.8330204179390573 0.008722726889413935 0.006886363333748235
0.0 0.6380680834681207 0.854138598829218 0.00826363600049831 0.005968181555914854
0.0 0.6385271743570374 0.8633204166075487 0.010099999556163652 0.005968181555915208
0.0 0.6858135359154403 0.8899476881647079 0.005509090666998162 0.008722726889414289
0.0 0.6904044448046062 0.9154272324995759 0.009181817778330981 0.0055090906669985175
0.0 0.6988976262495615 0.9186408687219914 0.005049999778081826 0.004590908889165491
0.0 0.7046362623610186 0.9154272324995759 0.0045909088891647794 0.007345454222664571
0.0 0.7142771710282659 0.9503181400572325 0.004590908889165491 0.007345454222664571
0.0 0.7069317168056013 0.9606476850578549 0.0073454542226642165 0.005968181555915208
0.0 0.7124408074725999 0.9801590478368075 0.0073454542226642165 0.01101818133399668
0.0 0.6986680808051038 0.9505476855016909 0.005509090666998162 0.008722726889414289
0.0 0.7454953514745902 0.9067045056101616 0.0073454542226642165 0.010099999556163652
0.0 0.7383794426963842 0.8761749614972117 0.009640908667247317 0.007804545111580907
0.0 0.7280498977345452 0.8387590071073132 0.010099999556164363 0.006427272444831544
0.0 0.762252168920044 0.8651567801632151 0.007804545111581263 0.005968181555915208
0.0 0.7620226234755855 0.8518431443846353 0.009181817778330981 0.007804545111580907
0.0 0.7530703511417134 0.8474817809399283 0.007804545111580552 0.007345454222664571
0.0 0.7927817130329942 0.8369226904948478 0.010099999556163652 0.0055090906669985175
0.0 0.8129817121453211 0.8497772353845109 0.010099999556163652 0.007345454222664571
0.0 0.8221635299236525 0.8376113268282227 0.009181817778330981 0.005968181555915208
0.0 0.8446589834805629 0.8578113259405503 0.009181817778330981 0.00688636333374788
0.0 0.8031112580336156 0.8713545071635881 0.006886363333748591 0.008263636000497598
0.0 0.7916339858107022 0.8860454156089175 0.008722726889414644 0.006427272444831544
0.0 0.8221635299236517 0.8858158701644591 0.00826363600049831 0.010559090445080344
0.0 0.8421339835915216 0.892472688053749 0.009640908667246605 0.0055090906669985175
0.0 0.8423635290359798 0.9103772327214938 0.006427272444831544 0.008263636000497598
0.0 0.8499385287031022 0.9640908667247288 0.009640908667247317 0.007345454222664571
0.0 0.7932408038831262 0.9659272772235958 0.011936363111829707 0.0055090906669985175
0.0 0.7617930780311273 0.9544499580574813 0.010559090445080698 0.008263636000497598
0.0 0.7842885315880377 0.9337908680562371 0.009640908667247317 0.006427272444831544
0.0 0.7994385309222836 0.9234613230556153 0.005968181555914498 0.006886363333748235
0.0 0.8111453485896554 0.9181817778330748 0.0073454542226642165 0.0055090906669985175
0.0 0.8226226208125684 0.9064749601657034 0.0073454542226642165 0.0050499997780821815
0.0 0.797372621922159 0.9064749601657034 0.0073454542226642165 0.006886363333748235
0.0 0.7861248951437038 0.9062454147212451 0.014231817556412807 0.006427272444831544
0.0 0.9217862528185407 0.9388408678343192 0.007345454222664927 0.006427272444831544
0.0 0.9339521613748293 0.9197885959442826 0.009640908667248028 0.006886363333748235
0.0 0.9210976164851662 0.8782408704973361 0.007804545111580552 0.010099999556164007
0.0 0.8898794362715389 0.8979818413116817 0.01147727222291337 0.0055090906669985175
0.0 0.8710567095932632 0.9273635956114056 0.005968181555915208 0.009181817778330626
0.0 0.8740408003712208 0.9376931406120279 0.006427272444830834 0.008722726889414289
0.0 0.9534635241537817 0.9347090498340705 0.009181817778330981 0.0055090906669985175
0.0 0.9617271601542796 0.9482522310571083 0.008263636000497598 0.005968181555915208
0.0 0.9679248871546531 0.9335613226117789 0.009640908667247317 0.00688636333374788
0.0 0.9777953412663581 0.9184113232775332 0.0073454542226642165 0.007804545111580907
0.0 0.9729748869327348 0.9129022326105349 0.010559090445080698 0.008722726889414289
0.0 0.9890430680448133 0.90693405105462 0.009640908667247317 0.006886363333748235
0.0 0.9874362499336058 0.8929317789426655 0.006427272444830834 0.008263636000497598
0.0 0.9732044323771933 0.8725022343858795 0.00918181777833027 0.009640908667246961
0.0 0.9812385229332324 0.8497772353845109 0.007804545111581263 0.006427272444831544
0.0 0.49758627145966017 0.8169522368269785 0.006427272444832255 0.007804545111580907
0.0 0.5122771799049893 0.8231499638273517 0.010099999556164363 0.006427272444831544
0.0 0.5003408167931592 0.808918146270939 0.009181817778330981 0.009181817778330626
0.0 0.5079158164602824 0.73454542226646 0.01147727222291337 0.007345454222664749
0.0 0.5290339973504423 0.7297249679328365 0.006886363333748591 0.008722726889414289
0.0 0.506538543793533 0.7627795119348271 0.007804545111580552 0.009640908667247317
0.0 0.5657612684637663 0.7657636027127845 0.006886363333748591 0.008263636000497598
0.0 0.5662203593526826 0.7554340577121625 0.010559090445079989 0.010559090445080344
0.0 0.5653021775748492 0.7409726947112917 0.009640908667247317 0.006427272444831544
0.0 0.584354449464886 0.7340863313775434 0.008263636000497598 0.01009999955616383
0.0 0.618556720689168 0.757499966712287 0.008722726889413935 0.008263636000497777
0.0 0.6346249018012464 0.7696658752685751 0.00688636333374788 0.008722726889414289
0.0 0.6314112655788306 0.8176408731603532 0.007804545111581263 0.007345454222664571
0.0 0.6713521729145697 0.7249045135992127 0.006886363333748591 0.007345454222664393
0.0 0.678008990803859 0.7113613323761748 0.008263636000497598 0.008722726889414289
0.0 0.6807635361373585 0.7297249679328364 0.006427272444831544 0.009640908667247317
0.0 0.7528408056972549 0.740513603822375 0.008263636000497598 0.006427272444831544
0.0 0.7652362596980019 0.7292658770439198 0.008263636000497598 0.005049999778081826
0.0 0.6883385358044812 0.756811330378912 0.008722726889413935 0.005049999778082004
0.0 0.6901748993601476 0.7675999662684506 0.00688636333374717 0.009181817778330803
0.0 0.8056362579226569 0.7515317851563719 0.009181817778330981 0.00550909066699834
0.0 0.8262953479239009 0.7372999675999593 0.005509090666998162 0.011936363111829884
0.0 0.8051771670337402 0.8004249648259831 0.00918181777833027 0.00688636333374788
0.0 0.8499385288582353 0.813279509715646 0.007804545111581973 0.006886363333748235
0.0 0.8933226177057154 0.8357749632725564 0.0073454542226642165 0.007804545111580907
0.0 0.92316352548529 0.7703545116019499 0.006427272444831544 0.008263636000497598
0.0 0.869908982370972 0.7494658761562474 0.008263636000497598 0.008722726889414289
0.0 0.8747294367045957 0.714804514043049 0.008722726889414644 0.009181817778330803
0.0 0.8990612538171721 0.7104431505983418 0.00688636333374788 0.007804545111581085
0.0 0.9240817072631234 0.7113613323761748 0.006427272444831544 0.008722726889414289
0.0 0.9738930687105676 0.7395954220445419 0.008722726889414644 0.007345454222664571
0.0 0.9966180677119365 0.7269704225993372 0.005509090666998162 0.008722726889414289
0.0 0.979402159377566 0.7972113286035675 0.005968181555915208 0.006886363333748058
0.0 0.9922567042672295 0.7976704194924839 0.005968181555915208 0.0078045451115811735
0.0 0.9985385793004262 0.8047863282706903 0.0029228413991475577 0.006427272444831544
0.0 0.9978499429670518 0.8194772367160195 0.004300114065896565 0.006427272444831544
0.0 0.9936339769339788 0.9822249568369321 0.008722726889413935 0.009640908667247317
0.0 0.997390852078135 0.9891113201706799 0.005218295843729947 0.010559090445080698
0.0 0.9041112535952539 0.8768635978305866 0.007804545111581263 0.007345454222664927
0.0 0.7434294424744656 0.37737271068939393 0.009640908667247317 0.0073454542226646605
0.0 0.6502339920244087 0.4251181631367138 0.009640908667247317 0.009181817778330626
0.0 0.5797635405757202 0.44646588947133276 0.011018181333996324 0.0059681815559150305
0.0 0.6373794471347456 0.4595499798054541 0.007804545111580552 0.006427272444831544
0.0 0.5457908147958961 0.5022454324746921 0.008263636000497598 0.007345454222664571
0.0 0.5189339977942791 0.47584770636199114 0.010559090445079989 0.0059681815559150305
0.0 0.631870356467747 0.4841113423624889 0.007804545111580552 0.0059681815559150305
0.0 0.5965203580211735 0.49191588747407 0.007804545111581263 0.006886363333748058
0.0 0.6006521760214227 0.5033931596969834 0.006886363333748591 0.0059681815559150305
0.0 0.5978976306879236 0.5300204312541426 0.005049999778081826 0.009640908667247317
0.0 0.5832067222425941 0.5412681580325976 0.007804545111581973 0.008263636000497598
0.0 0.5678271774638898 0.5532045211444276 0.008263636000497598 0.006427272444831544
0.0 0.5572680870188098 0.5465477032551378 0.011018181333996324 0.006886363333748058
0.0 0.6284271748008731 0.564452247922883 0.0073454542226642165 0.0059681815559150305
0.0 0.6337067200234131 0.5431045215882639 0.007804545111581263 0.01009999955616383
0.0 0.6320999019122056 0.5584840663669679 0.006427272444831544 0.0059681815559150305
0.0 0.6132771754666273 0.5206090680313535 0.008263636000497598 0.009181817778330803
0.0 0.7298862612514281 0.4473840712491658 0.0073454542226642165 0.00964090866724714
0.0 0.7140476255838074 0.46046816158328713 0.007804545111581263 0.008263636000497777
0.0 0.7002748989163117 0.4554181618052052 0.008722726889413935 0.008263636000497598
0.0 0.6800748998039836 0.47355225191740846 0.008722726889413935 0.008722726889414289
0.0 0.6931589901381049 0.494440887363111 0.008263636000497598 0.006427272444831544
0.0 0.7133589892504328 0.4916863420296117 0.006427272444832255 0.006427272444831544
0.0 0.7638589870312515 0.5215272498091866 0.006427272444832255 0.00550909066699834
0.0 0.7778612591432061 0.49122725114069504 0.005968181555915208 0.010099999556163652
0.0 0.7663839869202931 0.4664363431392021 0.00688636333374788 0.013772726667496116
0.0 0.822852166257027 0.46804316125041 0.007804545111581263 0.008722726889414289
0.0 0.8077021669227815 0.520838613475812 0.006886363333748591 0.009640908667247317
0.0 0.8015044401163223 0.5336931818370753 0.004590908889166201 0.010559090445080344
0.0 0.6490862648021174 0.5405795216992229 0.006427272444831544 0.013313635778579424
0.0 0.6685976275810699 0.5300204312541427 0.0050499997780811155 0.007804545111581085
0.0 0.6649249004697382 0.5426454306993473 0.010559090445080698 0.008263636000497777
0.0 0.7108339892838259 0.5419567865421058 0.008722726889413935 0.007804545111581085
0.0 0.7009635352496861 0.5460886123662213 0.0073454542226642165 0.005968181555915208
0.0 0.8455771652583952 0.5823567925906278 0.015609090223162526 0.008722726889414289
0.0 0.9022748900395878 0.4508272529160398 0.008722726889413935 0.009181817778330803
0.0 0.8705976187043465 0.47286361558403367 0.007804545111581263 0.008263636000497598
0.0 0.8864362543719672 0.4776840699176573 0.011936363111829707 0.009640908667247317
0.0 0.948643069820158 0.48686588769598804 0.007804545111581263 0.007804545111581085
0.0 0.956906705820656 0.5015567961413172 0.005049999778081826 0.009640908667247317
0.0 0.9130635259291268 0.5247408860316024 0.0073454542226642165 0.01009999955616383
0.0 0.9426748882642428 0.5297908858096844 0.005968181555915208 0.007345454222664571
0.0 0.9663180690434452 0.566288611478549 0.009181817778330981 0.00964090866724714
0.0 0.9782544321552749 0.5690431568120482 0.006427272444831544 0.007804545111581263
0.0 0.9860589772668558 0.5825863380350862 0.006427272444832255 0.008263636000497598
0.0 0.9697612507103187 0.5860295197019603 0.006886363333748591 0.006886363333748058
0.0 0.9950112496007282 0.4861772513626132 0.005968181555915208 0.006427272444831544
0.0 0.9999158519671763 0.4691908884727013 0.00016829606564741084 0.009181817778330803
0.0 0.9945521587118119 0.4363658899151689 0.008722726889413935 0.007804545111581263
0.0 0.9994567610782596 0.42902043569250436 0.0010864778434807932 0.010559090445080344
0.0 0.9967022157447605 0.38127498324518444 0.0065955685104789556 0.005049999778081915
0.0 0.9922567042672291 0.2816522603502958 0.006886363333748591 0.0087227268894142
0.0 0.9913385224893965 0.26879771546063275 0.007804545111581973 0.012395454000746575
0.0 0.49712718057074345 0.6670590615957291 0.00826363600049831 0.007345454222664749
0.0 0.49873399868195173 0.650761335039192 0.005049999778081826 0.008722726889414289
0.0 0.48840445368132884 0.6613204254842723 0.0073454542226642165 0.00688636333374788
0.0 0.5315589972394836 0.6633863344843969 0.005509090666998162 0.006427272444831544
0.0 0.5499226327961452 0.638824971927362 0.0073454542226642165 0.008722726889414289
0.0 0.5446430875736052 0.6110499731479114 0.009640908667247317 0.006427272444831544
0.0 0.5636953594636417 0.6220681544819084 0.011936363111829707 0.006427272444831544
0.0 0.4794521813474567 0.690243151486014 0.009640908667247317 0.006886363333748058
0.0 0.49735672601520164 0.6911613332638473 0.007804545111581263 0.007804545111581085
0.0 0.5069976346824486 0.7047045144868852 0.006886363333748591 0.0027545453334992588
0.0 0.5609408141301419 0.7056226962647182 0.0073454542226642165 0.006427272444831722
0.0 0.5726476317975138 0.6975886057086788 0.00688636333374788 0.004131818000248799
0.0 0.5714999045752218 0.6771590611518928 0.008263636000497598 0.008263636000497777
0.0 0.5926180854653829 0.7170999684876318 0.008263636000497598 0.007345454222664571
0.0 0.5914703582430917 0.7081476961537592 0.005049999778081826 0.00688636333374788
0.0 0.5871089947983847 0.6785363338186425 0.006427272444831544 0.005509090666998695
0.0 0.5829771767981355 0.689324969708181 0.0073454542226642165 0.012395454000746398
0.0 0.6426589923572855 0.6826681518188914 0.005509090666998162 0.008263636000497598
0.0 0.5834362676870523 0.661090880039814 0.008263636000497598 0.007345454222664571
0.0 0.6206226296892918 0.6934567877084298 0.0073454542226642165 0.008722726889414289
0.0 0.6878794449155649 0.6447931534832769 0.010559090445080698 0.008722726889414289
0.0 0.6871908085821896 0.6165590638149101 0.008263636000497598 0.006427272444831544
0.0 0.7317226248070938 0.6349226993715715 0.009181817778330981 0.01009999955616383
0.0 0.7257544432511789 0.6932272422639718 0.009181817778330981 0.0064272724448313666
0.0 0.6702044456922781 0.6454817898166516 0.009181817778330981 0.014690908445329142
0.0 0.798290803699992 0.6900136060415558 0.011018181333997035 0.009181817778330803
0.0 0.8173430755900284 0.6939158785973466 0.009640908667247317 0.008722726889414289
0.0 0.8187203482567774 0.6670590615957291 0.01147727222291337 0.009181817778330803
0.0 0.8249180752571512 0.6301022450379479 0.010099999556163652 0.008722726889414289
0.0 0.8788612547048441 0.6622386072621053 0.005968181555915208 0.009640908667247317
0.0 0.9011271628172963 0.6939158785973466 0.011936363111829707 0.005049999778081826
0.0 0.8398385291469385 0.6957522421530127 0.00688636333374788 0.011477272222913193
0.0 0.8272135297017339 0.7086067870426757 0.008263636000497598 0.015149999334245656
0.0 0.9713680688215263 0.7012613328200111 0.007345454222664927 0.008722726889413935
0.0 0.9883544317114386 0.6948340603751795 0.0073454542226642165 0.008722726889414289
0.0 0.9922567042672291 0.6778476974852677 0.005968181555915208 0.007804545111581085
0.0 0.9947817041562697 0.6672886070401873 0.00826363600049831 0.009640908667247317
0.0 0.9869771590446887 0.6530567894837747 0.009181817778330981 0.01147727222291337
