0.0 0.9941613199487621 0.9882488642214206 0.008722726889414289 0.005509090666998872
0.0 0.943661322167943 0.973557955776091 0.009640908667247317 0.007345454222664927
0.0 0.995359069140944 0.7632943286523171 0.009281861718111984 0.006427272444831544
0.0 0.9988022508078181 0.8172375081000102 0.0023954983843639255 0.00688636333374788
0.0 0.9170340506107836 0.8071375085438465 0.006886363333748235 0.008722726889413935
0.0 0.9099181418325774 0.8532761428799585 0.011936363111830061 0.006427272444831544
0.0 0.9351681407229868 0.8562602336579157 0.004590908889165135 0.009640908667247317
0.0 0.9328726862784043 0.8652125059917882 0.010099999556163652 0.006427272444832255
0.0 0.9353976861674452 0.18061813872572402 0.007804545111581263 0.007345454222664571
0.0 0.9257567775001979 0.1753385935031842 0.008722726889414289 0.008722726889414289
0.0 0.9145090507217428 0.007081782715273021 0.009181817778330981 0.006427272444831544
0.0 0.9376931406120279 0.004327237381773585 0.005968181555915208 0.008263636000497598
0.0 0.9392999587232357 0.03347950882797388 0.009181817778330981 0.005968181555915208
