0 0.027825420936011556 0.7903994569653847 0.012600190612533537 0.018375277976611384
0 0.11366421948389625 0.838437683675669 0.008925135017211244 0.015750238265666922
0 0.14936475955274126 0.7943370165318016 0.012075182670344641 0.018900285918800393
0 0.34860527361342775 0.7990620880115015 0.011550174728155796 0.013650206496911465
0 0.33521757108761085 0.7242484562495837 0.006825103248455661 0.009975150901589132
0 0.24334118120455386 0.7683491233934511 0.01102516678596686 0.014175214439100046
0 0.07376361587754006 0.7016731147354611 0.013125198554722441 0.01417521443910033
0 0.3717056230697392 0.77832427429504 0.009450142959400125 0.0152252303234782
0 0.3562178887751667 0.7397361905441562 0.00997515090158899 0.013650206496911323
0 0.36146796819705573 0.7092857298972001 0.008925135017211261 0.01680025415004465
0 0.20396558554038655 0.6893354280940219 0.025725389167255946 0.010500158843777854
0 0.19530295449426976 0.6481223046321937 0.013650206496911323 0.013125198554722318
0 0.1577648866277636 0.6609849992158217 0.008925135017211278 0.012600190612533596
0 0.10290155666902386 0.6609849992158217 0.012600190612533542 0.012600190612533596
0 0.09843898916041822 0.6439222410946823 0.01522523032347804 0.015225230323477987
0 0.060900921293912065 0.602709117632854 0.009450142959400143 0.012600190612533453
0 0.2685415624296209 0.6273844909157321 0.006825103248455697 0.016800254150044793
0 0.2008155378872532 0.6139967883899152 0.00997515090158906 0.016275246207855858
0 0.11786428302140742 0.6019216057195707 0.016275246207855823 0.011025166785966932
0 0.14411468013085227 0.5801337761187314 0.012075182670344624 0.015750238265666995
0 0.0924013978252459 0.5866963753960925 0.014700222381289122 0.009975150901588918
0 0.4415316793808626 0.5415456923678474 0.011550174728155725 0.01627524620785593
0 0.15225230323478015 0.5404956764834696 0.013650206496911342 0.015225230323478129
0 0.08741382237445137 0.5475832837030198 0.011025166785966843 0.014700222381289194
0 0.09975150901589046 0.5229079104201416 0.015750238265666905 0.011550174728155654
0 0.1816527479973584 0.5084701920099469 0.015750238265666888 0.022575341514122514
0 0.2409786454647038 0.5173953270271581 0.014700222381289122 0.013125198554722389
0 0.18401528373720852 0.4893074021200522 0.015225230323478023 0.011550174728155725
0 0.21814079997948677 0.48248229887159655 0.014175214439100187 0.016800254150044724
0 0.25121630033738734 0.46121947721294615 0.011025166785966824 0.015225230323477987
0 0.29505446351016024 0.497970033166169 0.014700222381289088 0.01207518267034459
0 0.3115922136891105 0.5045326324435302 0.011025166785966824 0.01890028591880032
0 0.2950544635101602 0.47145713208562967 0.010500158843777889 0.009450142959400054
0 0.1430646642464745 0.4874698743223911 0.016275246207855806 0.017325262092233586
0 0.10920165197529062 0.5000700649349246 0.007350111190644561 0.01627524620785579
0 0.1021140447557405 0.5040076245013413 0.01417521443910024 0.013650206496911253
0 0.08137623103927907 0.4969200172817912 0.011550174728155742 0.01207518267034466
0 0.07586364764629565 0.5092577039232303 0.013125198554722432 0.013650206496911253
0 0.08610130251897914 0.45071931836916823 0.013650206496911333 0.01732526209223366
0 0.09975150901589046 0.45570689381996277 0.011550174728155742 0.017850270034422522
0 0.08820133428773475 0.47486968370985755 0.014700222381289122 0.014175214439100187
0 0.42026885772221223 0.44048166349648477 0.01312519855472246 0.009450142959400125
0 0.25252882019285955 0.4270939609706679 0.016800254150044724 0.015225230323477987
0 0.2522663162217651 0.40556863534092313 0.01102516678596686 0.01102516678596686
0 0.21079068878884222 0.39821852415027853 0.008925135017211261 0.01207518267034459
0 0.09581394944947373 0.42998150465270685 0.00997515090158906 0.008400127075022325
0 0.12232685053001305 0.4305065125948957 0.008400127075022362 0.009450142959400196
0 0.13177699348941319 0.42341890537534554 0.010500158843777925 0.01102516678596679
0 0.15330231911915798 0.3942809645838618 0.009450142959400125 0.012600190612533453
0 0.11996431479016302 0.4071436591674898 0.009975150901589043 0.008925135017211261
0 0.12442688229876865 0.3953309804682395 0.00630009530626678 0.010500158843777925
0 0.10867664403310172 0.39349345267057845 0.008400127075022362 0.01102516678596679
0 0.11366421948389624 0.3840433097111783 0.01102516678596686 0.016275246207855858
0 0.16222745413636921 0.36488051982128356 0.01050015884377796 0.011550174728155654
0 0.2349410541295315 0.3871933573643117 0.00997515090158906 0.01102516678596686
0 0.31605478119771613 0.39008090104635057 0.02205033357193372 0.01995030180317819
0 0.34230517830716095 0.4349690801035013 0.02100031768755592 0.009975150901589132
0 0.3433551941915388 0.4247314252308179 0.012600190612533525 0.009450142959400196
0 0.35989294437048897 0.4284064808261401 0.01207518267034466 0.011550174728155725
0 0.3696055913009836 0.37879323028928935 0.009450142959400125 0.014175214439100187
0 0.37223063101192805 0.36908058335879473 0.008400127075022325 0.016800254150044793
0 0.13151448951831873 0.3438802021337277 0.00997515090158906 0.009450142959400196
0 0.1021140447557405 0.3493927855267111 0.015225230323478023 0.014175214439100258
0 0.07297610396425672 0.3302299956368164 0.009450142959400143 0.014700222381289051
0 0.08452627869241244 0.2953169674812547 0.011550174728155725 0.013125198554722389
0 0.1113016837440462 0.32182986856179396 0.013650206496911323 0.010500158843777925
0 0.12915195377846872 0.3186798209086606 0.009450142959400125 0.014700222381289122
0 0.14175214439100223 0.30607963029612706 0.022050333571933665 0.014700222381289122
0 0.14463968807304117 0.3236673963594551 0.008925135017211226 0.01207518267034466
0 0.15251480720587465 0.3239299003305496 0.007875119132833444 0.007350111190644526
0 0.1496272635238357 0.332330027405572 0.006300095306266762 0.006300095306266727
0 0.14463968807304117 0.3501802974399945 0.008925135017211226 0.008400127075022325
0 0.11130168374404618 0.3577929126017335 0.00630009530626678 0.013125198554722389
0 0.12153933861672969 0.3530678411220333 0.00997515090158906 0.015225230323477987
0 0.2068531292224255 0.3740681588095893 0.007350111190644526 0.012075182670344518
0 0.1848027956504918 0.3682930714455114 0.007350111190644597 0.01417521443910033
0 0.2457037169444039 0.3769557024916283 0.013650206496911323 0.010500158843777925
0 0.25252882019285955 0.3635679999658113 0.009450142959400125 0.01102516678596686
0 0.2543663479905207 0.3488677775845222 0.008925135017211296 0.014175214439100187
0 0.2212908476326202 0.32576742812821075 0.01102516678596686 0.012075182670344624
0 0.2344160461873426 0.3318050194633831 0.00997515090158906 0.013650206496911394
0 0.2737916418515099 0.3572679046595445 0.008925135017211261 0.014175214439100258
0 0.2646040028632042 0.34676774581576664 0.008400127075022325 0.01207518267034466
0 0.2672290425741487 0.32077985267741616 0.012600190612533525 0.01260019061253356
0 0.20527810539585878 0.34991779346890006 0.007350111190644561 0.020475309745366984
0 0.21262821658650338 0.35359284906422234 0.014700222381289122 0.011025166785966932
0 0.2134157284997867 0.3633054959947169 0.00997515090158906 0.010500158843777996
0 0.31237972560239385 0.3601554483415835 0.015750238265666922 0.012600190612533596
0 0.26880406640071536 0.3885058772197839 0.01365020649691143 0.009450142959400125
0 0.26775405051633755 0.39926854003465634 0.016800254150044724 0.01207518267034466
0 0.2971544952789158 0.380368254115856 0.008400127075022362 0.01102516678596686
0 0.28875436820389344 0.37826822234710045 0.008400127075022362 0.01102516678596686
0 0.28849186423279904 0.3667180476189448 0.011025166785966824 0.00997515090158906
0 0.29059189600155455 0.34860527361342775 0.012075182670344624 0.009450142959400125
0 0.28927937614608235 0.32996749166572187 0.010500158843777925 0.01102516678596679
0 0.2766791855335488 0.3068671422094104 0.010500158843777996 0.00997515090158906
0 0.27746669744683217 0.28980438408827125 0.007875119132833498 0.01050015884377796
0 0.30082955087423807 0.296104479394538 0.012600190612533525 0.015750238265666957
0 0.3024045747008048 0.3383676187407443 0.00945014295940016 0.014175214439100258
0 0.387980869277595 0.4257814411151956 0.008400127075022325 0.011550174728155796
0 0.408456179022962 0.42394391331753445 0.010500158843777925 0.01207518267034459
0 0.4186938338956455 0.3745931667517782 0.008925135017211261 0.014175214439100187
0 0.40346860357216746 0.35490536891969454 0.015225230323478058 0.013650206496911394
0 0.3890308851619729 0.3428301862493498 0.008400127075022325 0.010500158843777925
0 0.3921809328151062 0.32681744401258855 0.02205033357193372 0.016275246207855823
0 0.11602675522374628 0.28560432055076007 0.012600190612533542 0.00945014295940016
0 0.12652691406752423 0.29059189600155455 0.012600190612533525 0.006825103248455697
0 0.14070212850662445 0.2929544317414046 0.009450142959400108 0.011550174728155796
0 0.12180184258782414 0.2740541458226043 0.015750238265666905 0.007350111190644597
0 0.13545204908473546 0.27169161008275433 0.011550174728155725 0.01312519855472246
0 0.15592735883010245 0.29662948733672695 0.011550174728155777 0.00945014295940016
0 0.17824019637313057 0.2976795032211047 0.016275246207855823 0.010500158843777889
0 0.3005670469031437 0.2593539234413152 0.01732526209223366 0.011550174728155725
0 0.25410384401942626 0.25725389167255963 0.012600190612533525 0.012600190612533596
0 0.22995347867873697 0.2425536692912705 0.017850270034422522 0.014700222381289088
0 0.21971582380605348 0.27247912199603763 0.007875119132833461 0.00945014295940016
0 0.2110531927599367 0.28429180069528776 0.011550174728155725 0.011025166785966824
0 0.1714150931246749 0.26801655448743206 0.012075182670344624 0.015225230323478058
0 0.1879528433036252 0.2735291378804154 0.007350111190644597 0.010500158843777925
0 0.3213048606196051 0.2386161097248538 0.015750238265666957 0.012075182670344624
0 0.1527773111769691 0.21420324041307004 0.009450142959400125 0.016800254150044724
0 0.15855239854104697 0.19477794655208086 0.0073501111906445794 0.008400127075022362
0 0.13965211262224664 0.22260336748809245 0.013650206496911323 0.015750238265666888
0 0.15461483897463021 0.24754124474206501 0.01417521443910024 0.008925135017211261
0 0.12993946569175205 0.23257851838968144 0.006825103248455644 0.01050015884377796
0 0.1281019378940909 0.24937877253972615 0.011550174728155725 0.01050015884377796
0 0.13965211262224667 0.24071614149360937 0.007350111190644544 0.01312519855472246
0 0.1572398786855747 0.23625357398500368 0.013125198554722424 0.011550174728155688
0 0.19084038698566413 0.23389103824515373 0.01207518267034466 0.012075182670344624
0 0.2026530656849143 0.2034405775981977 0.01050015884377796 0.013125198554722424
0 0.21892831189277012 0.18847785124581407 0.011550174728155725 0.01260019061253356
0 0.20921566496227556 0.1619649501652748 0.018375277976611384 0.015225230323478023
0 0.17535265269109165 0.19897801008959204 0.010500158843777925 0.017850270034422522
0 0.17220260503795828 0.21604076821073118 0.011550174728155725 0.00892513501721119
0 0.18821534727471964 0.2176157920372979 0.011025166785966824 0.006825103248455661
0 0.196615474349742 0.22260336748809245 0.014175214439100258 0.01050015884377796
0 0.26539151477648754 0.2128907205575978 0.016275246207855823 0.013125198554722424
0 0.25462885196161517 0.17482764474890275 0.010500158843777996 0.011550174728155725
0 0.25882891549912634 0.16695252561606927 0.012600190612533525 0.013650206496911288
0 0.1435896721886634 0.17797769240203615 0.009975150901589078 0.012600190612533488
0 0.13702707291130217 0.15986491839651917 0.009450142959400143 0.01417521443910024
0 0.16564000576059704 0.15645236677229135 0.012075182670344624 0.008400127075022343
0 0.15461483897463021 0.1472647277839857 0.006825103248455661 0.013125198554722424
0 0.22391588734356463 0.10710162020653502 0.017325262092233586 0.013650206496911323
0 0.17902770828641393 0.12547689818314642 0.004200063537511163 0.012600190612533525
0 0.13623956099801882 0.06798852851346218 0.011025166785966824 0.011025166785966843
0 0.18217775593954733 0.11497673933936849 0.014700222381289088 0.011550174728155742
0 0.19845300214740313 0.10132653284245716 0.008400127075022362 0.014700222381289105
0 0.19267791478332527 0.09003886208539587 0.012600190612533525 0.012075182670344641
0 0.32629243607039954 0.29164191188593236 0.007875119132833461 0.006825103248455697
0 0.32576742812821075 0.2648665068342986 0.01312519855472246 0.011025166785966824
0 0.32707994798368295 0.2769416895046433 0.012600190612533453 0.009975150901589024
0 0.3386301227118387 0.26696653860305425 0.010500158843777996 0.007875119132833498
0 0.30371709455627705 0.16458998987621926 0.008925135017211332 0.018375277976611367
0 0.3031920866140881 0.1367645689402077 0.011025166785966824 0.009975150901589043
0 0.3192048288508495 0.17325262092233606 0.00945014295940016 0.012600190612533525
0 0.3126422295734883 0.22995347867873697 0.00892513501721119 0.011550174728155725
0 0.3315425154922886 0.2063281212802366 0.00997515090158906 0.014700222381289122
0 0.35464286494860003 0.22890346279435916 0.014175214439100258 0.015750238265666922
0 0.36435551187909465 0.21262821658650338 0.011550174728155796 0.014700222381289122
0 0.34650524184467213 0.18847785124581407 0.011550174728155725 0.015750238265666957
0 0.38771836530650056 0.25042878842410393 0.009975150901589132 0.014700222381289159
0 0.39533098046823967 0.24176615737798712 0.009450142959400196 0.014175214439100223
0 0.3921809328151062 0.27746669744683217 0.014700222381289051 0.006825103248455697
0 0.39191842884401173 0.28744184834842124 0.00997515090158899 0.007875119132833498
0 0.4024185876877897 0.2945294555679713 0.017325262092233586 0.007350111190644561
0 0.4415316793808626 0.308757171001565 0.013650206496911323 0.006405097295253839
0 0.4244689212597234 0.28166676098434335 0.014175214439100258 0.00997515090158906
0 0.41764381801126776 0.2695915783139987 0.01312519855472246 0.011025166785966824
0 0.4263064490573846 0.2575163956436541 0.013650206496911323 0.014175214439100187
0 0.3559553848040723 0.18559030756377515 0.007350111190644526 0.014175214439100187
0 0.3220923725328884 0.09817648518932376 0.008925135017211261 0.012600190612533542
0 0.24937877253972615 0.11576425125265181 0.01995030180317805 0.019425293860989186
0 0.3572679046595445 0.15277731117696905 0.014175214439100258 0.015750238265666922
0 0.35805541657282786 0.17325262092233606 0.010500158843777854 0.011550174728155725
0 0.4005810598901286 0.19110289095675856 0.010500158843777925 0.017850270034422522
0 0.37144311909864475 0.11235169962842399 0.015225230323477916 0.008400127075022362
0 0.3680305674744169 0.10237654872683494 0.010500158843777854 0.016800254150044686
0 0.4139687624159454 0.09975150901589046 0.016275246207855858 0.010500158843777942
0 0.4352315840745958 0.12390187435657973 0.013650206496911253 0.021000317687555885
0 0.5081649160676858 0.9397461599519744 0.031941794724254534 0.017422797122320616
0 0.5927380770989507 0.9107081647481067 0.019600646762610766 0.017422797122320758
0 0.7295796294971776 0.9426499594723612 0.023230396163094157 0.013067097841740604
0 0.8290347630704247 0.8014527077935543 0.01597089736212709 0.016696847242224068
0 0.8439167356124068 0.7455545670261088 0.013793047721837298 0.019600646762610835
0 0.7945521437658317 0.6863896517982283 0.02105254652280408 0.01451899760193399
0 0.5600703324945995 0.5756782549166783 0.012341147961643841 0.014518997601933847
0 0.5698706558759049 0.564789006715228 0.017422797122320616 0.017422797122320616
0 0.7433726772190148 0.5571665329742127 0.013067097841740462 0.015244947482030612
0 0.6087089744610781 0.5081649160676858 0.012341147961643841 0.02032659664270746
0 0.5517219088734876 0.520869038969378 0.018874696882514145 0.023956346043190847
0 0.5713225556360982 0.47259337194294787 0.015970897362127374 0.026134195683480996
0 0.5901972525186123 0.4765860962834796 0.011615198081547078 0.015244947482030612
0 0.5128835902883143 0.4813047705041082 0.013793047721837155 0.01742279712232069
0 0.4794898958038665 0.48057882062401147 0.010889248201450527 0.01742279712232069
0 0.4671487478422226 0.4399256273385966 0.019600646762610766 0.0159708973621273
0 0.4903791440053169 0.4344810032378713 0.013793047721837226 0.016696847242223995
0 0.8475464850128902 0.48566046978468835 0.021052546522804222 0.017422797122320616
0 0.4551705748206272 0.3680565892090239 0.008711398561160379 0.010163298321353693
0 0.49146806882546196 0.37531608800999083 0.011615198081547078 0.008711398561160308
0 0.5535367835737293 0.30272110000032143 0.02105254652280408 0.014518997601933847
0 0.44573322637937013 0.32123282194278713 0.021778496402900843 0.012341147961643841
0 0.46351899844173916 0.31397332314182014 0.013793047721837226 0.010889248201450385
0 0.5139725151084594 0.23266693657099044 0.023230396163094226 0.02105254652280408
0 0.47259337194294787 0.14010832685866195 0.020326596642707317 0.018874696882514003
0 0.5702336308159532 0.2987283756597896 0.010889248201450456 0.013793047721837155
0 0.6076200496409329 0.26642360599548676 0.017422797122320616 0.018874696882514037
0 0.7168755065954855 0.2529935332136979 0.025408245803384234 0.01379304772183719
0 0.6707776892093454 0.1226855297363413 0.00871139856116045 0.018874696882514055
0 0.6911042858520529 0.09764025887300537 0.020326596642707386 0.01814874700241736
0 0.8720024914356899 0.6314751375480121 0.016148194285846244 0.019608521632813167
0 0.916986746946261 0.682803326528023 0.0161481942858461 0.018455079183823955
0 0.9567805114363819 0.7462426612224184 0.019608521632813024 0.029989503673714068
0 0.9094893710278324 0.8915764097950334 0.019608521632813024 0.02076196408180209
0 0.9094893710278324 0.4406150155138009 0.01730163673483503 0.020761964081802163
0 0.9158333044972722 0.37890584449288894 0.03229638857169235 0.024222291428769152
0 0.8702723277622062 0.19435505265464775 0.026529176326747148 0.02883606122472518
0 0.45503304612616347 0.1222648995928348 0.01730163673483503 0.013841309387868072
