0.0 0.0565081591510209 0.6793476767207608 0.007971225306198449 0.00996403163274806
0.0 0.06587434888580397 0.6751627834350067 0.006775541510268823 0.011159715428677863
0.0 0.08600169278395527 0.7817779219054106 0.01275396048991766 0.007572664040888455
0.0 0.2141391395810949 0.7556721590276108 0.010761154163368047 0.01275396048991766
0.0 0.2398497985617384 0.7965053128644668 0.013557997756844742 0.007533912326066705
0.0 0.22968302892818163 0.5101584195966992 0.007572664040888455 0.011956837959297672
0.0 0.228088783866942 0.5440361271480424 0.00996403163274806 0.010362592898057877
0.0 0.3024204598472425 0.5557936844746852 0.007971225306198449 0.008369786571508442
0.0 0.014459945660824225 0.901545582131042 0.00996403163274806 0.013551083020537646
0.0 0.6810536618916675 0.9509671790294721 0.009565470367438067 0.009565470367438423
0.0 0.505885985787957 0.744113882333623 0.007572664040888455 0.009565470367438067
0.0 0.6180809819726999 0.790346989109574 0.0063769802449584745 0.008768347836818258
0.0 0.7276853299329286 0.7672304357215985 0.007971225306198449 0.008768347836818258
0.0 0.3695780330519639 0.6245455027406467 0.010761154163368402 0.010362592898057877
0.0 0.37475932950099294 0.6113929809854193 0.011558276693987679 0.007971225306198449
0.0 0.4736025232978536 0.46332747092278365 0.011558276693987679 0.007572664040888455
0.0 0.5869932032785259 0.5394526725969786 0.007971225306198449 0.011558276693987679
0.0 0.3801399065826768 0.4705015736983622 0.007971225306198449 0.013152521755227475
0.0 0.3414794638476145 0.5284922378009557 0.007174102775578462 0.007971225306198449
0.0 0.2547923886427066 0.48484977924951933 0.010761154163368047 0.00996403163274806
0.0 0.8748200176314451 0.6396908308224238 0.008768347836818435 0.011159715428677863
0.0 0.7559831797699326 0.9035383884575918 0.007971225306198449 0.010362592898057698
0.0 0.7854767134028668 0.9691017166010736 0.011159715428677686 0.00996403163274806
