0 0.033649217528472664 0.7671565530351654 0.005982083116172925 0.002946862355385349
0 0.10132153278017882 0.7598946422308234 0.005234322726651311 0.0027363721871434166
0 0.1581513223838215 0.7540009175200527 0.005982083116172899 0.002315391850659836
0 0.16693750696070048 0.7356882728830161 0.004112682142368876 0.0039993131965941585
0 0.2071296278974873 0.7522117510899975 0.005982083116172916 0.00378882302835251
0 0.1422614141064872 0.730426018676971 0.0033649217528472874 0.0031573525236269972
0 0.013085806816628258 0.6983262680200962 0.0059820831161729185 0.0033678426918687878
0 0.029536535386103787 0.7159021970682866 0.005982083116172916 0.0023153918506596937
0 0.028041014607060554 0.7220064119472989 0.004486562337129687 0.0023153918506596937
0 0.06299881281719605 0.6994839639454261 0.005608202921412113 0.0031573525236272813
0 0.07814096070500874 0.710218962525758 0.005234322726651311 0.0031573525236271395
0 0.2675112793513577 0.70695636491801 0.004860442531890499 0.0033678426918687878
0 0.19516546166514145 0.6471771571373381 0.0037388019476080458 0.0037888230283523684
0 0.2314318405569398 0.6719097519057499 0.004486562337129669 0.003157352523626855
0 0.2628377769168476 0.6695943600550902 0.0037388019476080458 0.002315391850659836
0 0.28227954704440955 0.6494925489879981 0.004486562337129669 0.0037888230283523684
0 0.27554970353871505 0.676119555270586 0.004486562337129705 0.001894411514176255
0 0.276484404025617 0.6795926430465759 0.004860442531890499 0.002946862355385207
0 0.020937290906605215 0.6206302610609538 0.005234322726651301 0.002315391850659836
0 0.2845228282129744 0.6178938888738104 0.004486562337129669 0.0014734311776926036
0 0.4105204538473665 0.6184201142944148 0.0037388019476080102 0.0025258820189015554
0 0.3198545066178707 0.5095966973134031 0.0056082029214121224 0.002946862355385207
0 0.4112682142368881 0.4850745927132331 0.0029910415580864224 0.0031573525236270683
0 0.49651289864235226 0.49780924789186215 0.0037388019476080813 0.00378882302835251
0 0.2480695092237957 0.5464324767557185 0.0033649217528472874 0.002946862355385207
0 0.21610275257174666 0.5527471818029724 0.00448656233712974 0.0037888230283523684
0 0.1923613602044354 0.5673762484957777 0.0056082029214121224 0.002736372187143559
0 0.19796956312584751 0.5966343818813883 0.005608202921412087 0.0031573525236270683
0 0.17927555338780712 0.5486426235222573 0.004112682142368876 0.00399931319659423
0 0.13740097157459671 0.5752696298048454 0.003364921752847234 0.002525882018901697
0 0.1308580681662826 0.578847962664956 0.005234322726651311 0.002525882018901697
0 0.10468645453302607 0.5782164921602306 0.004486562337129669 0.0021049016824181165
0 0.1011345926827984 0.5719017871129766 0.005608202921412104 0.0025258820189015554
0 0.09889131151423357 0.56179825903737 0.004860442531890481 0.002946862355385207
0 0.09328310859282145 0.5588513966819848 0.004112682142368876 0.0025258820189015554
0 0.3901439832329025 0.4921260133493335 0.005608202921412158 0.002946862355385207
0 0.20039978439179276 0.4866532689750466 0.005234322726651328 0.002525882018901626
0 0.14469163537243246 0.5158061572765363 0.005982083116172934 0.002315391850659836
0 0.1211371831025016 0.5094914522292823 0.005234322726651311 0.002315391850659907
0 0.13029724787414138 0.5135960105099973 0.004112682142368876 0.002946862355385278
0 0.09216146800853903 0.4970725323030159 0.005608202921412104 0.004420293533077811
0 0.10674279560421052 0.49865120856482936 0.005608202921412104 0.0021049016824180454
0 0.056455909440466454 0.48496934330548386 0.005234322726651301 0.002946862355385278
0 0.06823313554384734 0.4902316018351573 0.00635596331093371 0.0025258820189015554
0 0.049726065903187386 0.4902316018351573 0.008973124674259383 0.0025258820189015554
0 0.03290145713895105 0.4964410617982904 0.004486562337129692 0.0027363721871434877
0 0.01925483003018158 0.50107184549961 0.007851484089976957 0.0031573525236269972
0 0.04841748522152455 0.5035977275185117 0.008599244479498572 0.003999313196594301
0 0.08786184576878973 0.5175953237065916 0.005982083116172916 0.0025258820189015554
0 0.11758532125227392 0.5413807127179152 0.007103723700455334 0.002946862355385207
0 0.1312319483610434 0.5475901726810484 0.005234322726651275 0.003999313196594301
0 0.04150070161844962 0.554431103148907 0.005982083116172907 0.0037888230283523684
0 0.020563410711844407 0.53843385036253 0.006729843505694532 0.0025258820189015554
0 0.012898866719247854 0.5605353180279192 0.007851484089976952 0.002525882018901626
0 0.04093988132630841 0.5702178657670421 0.006355963310933728 0.0033678426918688584
0 0.056268969311501514 0.5180163040430752 0.004860442531890499 0.002525882018901697
0 0.05813837028530555 0.5212789016508232 0.006355963310933719 0.002315391850659765
0 0.4677241236457701 0.4807595442642763 0.004486562337129669 0.0025258820189015554
0 0.5206281712044243 0.45139616579454483 0.004860442531890569 0.003999313196594301
0 0.5288535354891621 0.46286787996372314 0.004860442531890428 0.0037888230283524395
0 0.45949875936103224 0.43445170725107973 0.005982083116172916 0.002946862355385136
0 0.5052990832192311 0.41308695517453686 0.004860442531890569 0.003578332860110649
0 0.37219773388438376 0.34520387591655566 0.007103723700455475 0.0033678426918687878
0 0.363972369599646 0.35078186537496336 0.006355963310933746 0.003578332860110649
0 0.35742946619133187 0.39277465393920297 0.006729843505694504 0.0033678426918687878
0 0.4131376152106922 0.38256588077947556 0.005982083116172987 0.0027363721871433455
0 0.3198545066178707 0.4372933245223441 0.006355963310933781 0.0031573525236269972
0 0.19198747997809004 0.45918429769586316 0.00785148408997692 0.0027363721871434166
0 0.1964740423468043 0.4811805246007599 0.004860442531890499 0.002946862355385278
0 0.20993372935819338 0.44676538209322514 0.004860442531890535 0.0031573525236270683
0 0.21012066945557378 0.45507974373877635 0.004486562337129705 0.0033678426918687878
0 0.24526540776308967 0.4567636650847108 0.0037388019476080813 0.002946862355385278
0 0.15945990306548435 0.4483440583550387 0.006355963310933746 0.002946862355385278
0 0.16114236394190798 0.4443447451584445 0.005234322726651311 0.0016839213459343228
0 0.17778003260876388 0.4391877360365203 0.007851484089976957 0.0027363721871434877
0 0.20955984916343254 0.4198226405582745 0.0048604425318904635 0.0027363721871434166
0 0.21479417189008387 0.4226642578295388 0.0048604425318904635 0.002946862355385207
0 0.25087361068450176 0.43224156048454093 0.004486562337129669 0.0027363721871433455
0 0.2432090666919052 0.35057137520672155 0.0056082029214121224 0.0031573525236270683
0 0.2605944957482828 0.3683577944231539 0.00598208311617288 0.0033678426918687878
0 0.271810901591107 0.3689892649278793 0.006729843505694504 0.0037888230283523684
0 0.2813448465575075 0.35172907113205154 0.006355963310933746 0.0037888230283524395
0 0.30583399937750955 0.3693049941271621 0.0052343227266512925 0.0039993131965941585
0 0.2813448465575075 0.3769878913210678 0.004860442531890499 0.002946862355385278
0 0.2847097683103549 0.38351308653656363 0.004860442531890499 0.002946862355385207
0 0.25909897496923956 0.40056279016414964 0.007477603895216163 0.0037888230283524395
0 0.24676092854213288 0.3877228899013997 0.006729843505694504 0.0037888230283524395
0 0.2856444687972568 0.4226642578295388 0.005234322726651328 0.002946862355385207
0 0.0016592316335538788 0.46274908560574424 0.0033184632671077576 0.0032262003697613294
0 0.009070466263427869 0.4613850862116822 0.005309541227372411 0.002491007908187015
0 0.011393390550403303 0.4509851281950014 0.0073006191876370695 0.0026155583035963304
0 0.01648170089330186 0.45328931051007443 0.005530772111846263 0.002989209489824347
0 0.027100783348046685 0.4509851281950016 0.004203386805003162 0.0031137598852337333
0 0.031857247364234474 0.4505492018110688 0.004424617689477008 0.002989209489824489
0 0.03406955620897298 0.44668813955337894 0.005752002996320113 0.0032383102806431197
0 0.0525423350625395 0.4695431371109947 0.005973233880793964 0.0028646590944151028
0 0.04911325635319482 0.4790089671621052 0.005752002996320113 0.0031137598852337333
0 0.03727740403384381 0.4788221415689914 0.0042033868050031665 0.0032383102806431197
0 0.041591406281083904 0.4795071687437428 0.003982155920529315 0.0031137598852337333
0 0.06249772486386277 0.4773275368240791 0.0046458485739508506 0.0027401086990056457
0 0.07477603895216146 0.4788221415689912 0.006194464765267797 0.002740108699005717
0 0.09358066413243876 0.4752724552998248 0.004867079458424701 0.0028646590944151028
0 0.10121312964678662 0.46686530360969364 0.008185542725532447 0.002491007908187015
0 0.10652267087415902 0.4601395822575887 0.0046458485739508506 0.0034874110714617503
0 0.1182479077512731 0.45328931051007454 0.005088310342898552 0.002491007908187015
0 0.12532729605443632 0.4600150318621794 0.006415695649741675 0.002989209489824418
0 0.11216405842824219 0.4654952492601908 0.004867079458424701 0.001992806326549612
0 0.1279820666681225 0.476206583265395 0.006415695649741675 0.002740108699005717
0 0.12975191374391332 0.4799430951276754 0.004203386805003148 0.0019928063265496833
0 0.15320238749814147 0.47190959462377235 0.0046458485739508506 0.0028646590944150317
0 0.008517389052243245 0.3968679813896388 0.006415695649741663 0.0032383102806431197
0 0.05608202921412111 0.4005422180542146 0.006415695649741675 0.0028646590944150317
0 0.05552895200293648 0.415986467084974 0.005309541227372412 0.0031137598852337333
0 0.06913465139807828 0.4336103480353971 0.008628004494480175 0.002989209489824489
0 0.07842634854598 0.44338755407503117 0.005973233880793956 0.0031137598852337333
0 0.09192143249888489 0.4459408371809228 0.00508831034289857 0.0019928063265496833
0 0.0938018950169126 0.44232887571405166 0.004867079458424719 0.002491007908187015
0 0.10408913114494667 0.449739624240908 0.005973233880793973 0.0028646590944150317
0 0.08694373771035771 0.43566542802463537 0.00707938830316321 0.0026155583035964015
0 0.08827112290506635 0.43155526651114284 0.0053095412273724205 0.003362860676052506
0 0.08240850446650931 0.4260750491131314 0.004645848573950868 0.0026155583035964015
0 0.0753291161633461 0.41872657578397976 0.006858157418689359 0.003362860676052506
0 0.02610524436791436 0.4228367388324884 0.005752002996320109 0.0026155583035963304
0 0.03252094001765603 0.42744510346263426 0.00486707945842471 0.0023664575127776287
0 0.02654770613686206 0.43087023933639146 0.0030972323826339077 0.0019928063265496833
0 0.11050482679468832 0.44207977492323297 0.007300619187637043 0.0022419071173683846
0 0.12289375632522397 0.43666183272292614 0.005530772111846272 0.0028646590944151028
0 0.1305262218395718 0.44251570130716567 0.0053095412273724205 0.0026155583035964015
0 0.1353933012979965 0.4375959606884963 0.004867079458424701 0.002989209489824418
0 0.1138232900617961 0.41380683516531036 0.00774308095658478 0.0022419071173683134
0 0.1641533162795971 0.41567509109645073 0.006194464765267824 0.0032383102806431197
0 0.17444055240763112 0.40016856686798646 0.006415695649741657 0.0036119614668711363
0 0.013384468510667956 0.3918355439578164 0.006858157418689367 0.001992806326549541
0 0.014269392048563359 0.3782595508581971 0.0077430809565847665 0.004234713443918067
0 0.02013201048712039 0.37277933346018577 0.0066369265342155126 0.0027401086990057875
0 0.03550755695805301 0.36804641843463043 0.005530772111846259 0.0032383102806431197
0 0.046016023970560906 0.37165837990150163 0.0061944647652678155 0.002491007908187015
0 0.05320602771596105 0.3706619767382269 0.005088310342898552 0.0022419071173683134
0 0.0701301903782106 0.3798787059985187 0.005309541227372412 0.002491007908187015
0 0.08008558017953389 0.3929564975165005 0.005752002996320131 0.0017437055357308396
0 0.04679033206621938 0.38454934582636935 0.005973233880793964 0.0028646590944150317
0 0.033405863555551425 0.3872271793276704 0.005752002996320118 0.002491007908187015
0 0.10530590100955284 0.38915771045651537 0.006636926534215508 0.0031137598852337333
0 0.09734158916849422 0.39083914079454163 0.004867079458424719 0.0022419071173683134
0 0.1024298995113928 0.3930187727142052 0.004867079458424701 0.0021173567219589275
0 0.11891160040469466 0.38847268328176393 0.00508831034289857 0.0027401086990056457
0 0.13428714687562723 0.3874140049207844 0.004867079458424719 0.0023664575127776287
0 0.13240668435759953 0.3918355439578164 0.003318463267107763 0.002491007908186944
0 0.1384905336806304 0.3920223695509304 0.003539694151581614 0.0031137598852337333
0 0.14955207790432296 0.38025235718474676 0.0053095412273724205 0.002989209489824418
0 0.16160916110814783 0.3780727252650831 0.005973233880793973 0.003362860676052435
0 0.18196240247974202 0.38075055876638414 0.006415695649741693 0.0032383102806429775
0 0.009955389801323274 0.3557159292891048 0.005309541227372412 0.002740108699005717
0 0.012057083203824853 0.3639362553861219 0.004203386805003161 0.002989209489824418
0 0.01891524062251422 0.3654931353287387 0.0033184632671077584 0.0031137598852338045
0 0.058847415270044244 0.35415904934648784 0.005309541227372412 0.003362860676052435
0 0.08318281256216781 0.35826921239499643 0.004424617689477018 0.0026155583035964015
0 0.0801961956217708 0.3648081081539873 0.006415695649741657 0.0032383102806431197
0 0.09391251045914954 0.36356260419989384 0.007300619187637061 0.0032383102806431197
0 0.11161098121705759 0.359701541942204 0.0042033868050031665 0.002989209489824489
0 0.10099189876231275 0.3747098645890307 0.005530772111846272 0.003362860676052435
0 0.11127913489034681 0.37140927911068294 0.004424617689477018 0.001992806326549612
0 0.11813729234641432 0.37365118929808316 0.004424617689477018 0.003985612653099153
0 0.1353933012979965 0.37502124057755404 0.006194464765267807 0.002491007908187015
0 0.11780544598232541 0.35104528946125413 0.00508831034289857 0.0021173567219588563
0 0.1318536071464149 0.35322492138091766 0.004867079458424719 0.002491007908187015
0 0.1360569939514181 0.3432608897481697 0.006194464765267807 0.0027401086990056457
0 0.14745038450182135 0.3360369668144274 0.005530772111846236 0.003238310280643191
0 0.17023716560262797 0.31760350829384354 0.003760925036055447 0.001992806326549541
0 0.22720411835464446 0.32252324891251294 0.0053095412273724205 0.003362860676052364
0 0.2404779714230755 0.3267579623564308 0.005309541227372385 0.0026155583035964015
0 0.24678305163058023 0.33460463726721984 0.0037609250360554113 0.0021173567219589275
0 0.2618267517748021 0.333421408510831 0.004645848573950922 0.0022419071173683134
0 0.22045657637819205 0.30527301914831784 0.003760925036055447 0.0037365118622805227
0 0.24788920612770585 0.2838503490912216 0.004203386805003184 0.002740108699005717
0 0.26735752388664835 0.29537126271327446 0.0046458485739508506 0.0038610622576898735
0 0.23804443169386316 0.3014742320883327 0.003982155920529315 0.003113759885233769
0 0.24733612884176487 0.3004155537273532 0.004424617689477018 0.0027401086990057524
0 0.2566278259896666 0.30458799197356645 0.004867079458424755 0.0023664575127777
0 0.16160916110814777 0.2901401461060818 0.005088310342898552 0.0033628606760524706
0 0.13030499095509793 0.30328021282176826 0.0030972323826338943 0.002740108699005717
0 0.1152612908108761 0.31013048456928255 0.003539694151581596 0.0032383102806431553
0 0.10121312964678662 0.3068298990909347 0.004645848573950832 0.0026155583035962593
0 0.1047528237983682 0.3011005809021047 0.004645848573950868 0.003113759885233769
0 0.10585897822073748 0.294125758759181 0.005530772111846272 0.0033628606760524706
0 0.09911143624428503 0.2830407735677488 0.00663692653421549 0.0023664575127776643
0 0.11194282754376836 0.28254257198611143 0.005752002996320123 0.0016191551403215599
0 0.061612801325967366 0.2973017938421194 0.006415695649741657 0.002491007908187015
0 0.06913465139807828 0.3030311120309495 0.005088310342898561 0.002740108699005717
0 0.08174481181308776 0.3149256747925425 0.005973233880793956 0.0028646590944150317
0 0.09656728125972659 0.31561070043227796 0.005088310342898587 0.002491007908187015
0 0.08251911990874625 0.32208732252858013 0.005309541227372403 0.002989209489824418
0 0.09512928032375573 0.32096636896989594 0.004867079458424701 0.002491007908187015
0 0.10088128332007583 0.32688251275184016 0.005752002996320123 0.003362860676052435
0 0.08130235004414006 0.34301178895735107 0.004203386805003148 0.0034874110714617503
0 0.05785187628991191 0.32451605523906246 0.004645848573950868 0.0028646590944150317
0 0.02411416640764971 0.3214645705515333 0.0066369265342155126 0.002740108699005717
0 0.030751092941865222 0.3111268877325573 0.005309541227372412 0.0032383102806431553
0 0.022897396543043527 0.3044011663804524 0.006415695649741666 0.0032383102806431197
0 0.010840313339218675 0.3384656995249097 0.0061944647652678155 0.0023664575127777
0 0.01803031708461882 0.34257586052673034 0.006415695649741666 0.0021173567219589275
0 0.03517571063134223 0.3491770335301139 0.0053095412273724205 0.0026155583035963304
0 0.03484386430463146 0.35316264618321314 0.007300619187637065 0.001868255931140297
0 0.045020484990428586 0.3322381797544422 0.004645848573950859 0.0031137598852338045
0 0.04745402471964093 0.33765612195474903 0.003318463267107754 0.0037365118622805227
0 0.04325063791463777 0.34301178895735107 0.004645848573950868 0.0039856126530992955
0 0.031857247364234474 0.34195311059637157 0.0066369265342155126 0.0026155583035964015
0 0.033737709882262205 0.3352273892442666 0.006415695649741671 0.004857465420964715
0 0.016924162662249564 0.27942881210087767 0.006415695649741666 0.0023664575127776287
0 0.019247086949224997 0.27027435803829036 0.003982155920529311 0.003238310280643084
0 0.04037463641647772 0.2680947261186267 0.005973233880793964 0.0026155583035963304
0 0.05010879533332714 0.27986473848481036 0.004645848573950859 0.0037365118622805227
0 0.10895621060337138 0.2801138392756291 0.0037609250360554646 0.001743705535730946
0 0.11050482679468832 0.2763773274133486 0.00508831034289857 0.002491007908187015
0 0.1182479077512731 0.27693780419269065 0.005530772111846254 0.0026155583035964015
0 0.12986252918615027 0.27818330814678416 0.005309541227372403 0.0023664575127776287
0 0.14158776606326434 0.26896657888649217 0.006194464765267842 0.003362860676052435
0 0.16636562512433556 0.255390585786873 0.004867079458424719 0.0028646590944149965
0 0.17621039948342193 0.2542073570304842 0.006415695649741693 0.004483814234736662
0 0.2028687210625209 0.26062170239406574 0.006194464765267824 0.0026155583035964015
0 0.21470457338187196 0.25856662086981147 0.0033184632671077806 0.003238310280643084
0 0.22045657637819205 0.2488516900278821 0.004203386805003184 0.0024910079081869796
0 0.2172487285533212 0.2449283525724876 0.004424617689477018 0.0023664575127776287
0 0.2535305936070327 0.2416277670941398 0.004424617689476982 0.003487411071461821
0 0.27322014232520536 0.26323726069766207 0.0039821559205293865 0.0026155583035963304
0 0.26879552463572837 0.26865520289796885 0.003097232382633912 0.0037365118622805227
0 0.24357520380570943 0.2763150522156439 0.004424617689477018 0.004857465420964644
0 0.29169292117877194 0.2778719321582608 0.003318463267107745 0.0029892094898243825
0 0.24777859061071253 0.2562001633570338 0.005309541227372385 0.004234713443917926
0 0.2523138237424265 0.25314867866950475 0.005530772111846254 0.0026155583035963304
0 0.30806400662983685 0.24966126759804289 0.005088310342898516 0.003362860676052435
0 0.2645921378307252 0.20332852050576455 0.003982155920529315 0.0023664575127776643
0 0.30607292866957214 0.20370217169199262 0.005530772111846219 0.0028646590944150317
0 0.2381550471361001 0.2122338737775331 0.003760925036055447 0.003238310280643084
0 0.23848689346281085 0.21914642072275203 0.004867079458424719 0.0031137598852337333
0 0.24346458836347246 0.23060505710041226 0.003760925036055447 0.002117356721958963
0 0.2502121303399249 0.2202673742814362 0.0053095412273724205 0.0043592638393272765
0 0.1821836333642159 0.21335482733621725 0.004203386805003184 0.002740108699005717
0 0.14966269334655988 0.2312900842751637 0.004203386805003148 0.002491007908187015
0 0.18074563261513588 0.24106729031479773 0.005309541227372385 0.0028646590944151028
0 0.12610160415009478 0.2522145507039346 0.004867079458424701 0.001743705535730946
0 0.11260652019718992 0.2510313219475458 0.007079388303163228 0.0033628606760524706
0 0.08782866113611867 0.2368948520685845 0.004867079458424701 0.0027401086990057524
0 0.10054943699336505 0.24156549189643514 0.008185542725532482 0.0018682559311402613
0 0.06493126459307512 0.24872713963247278 0.004645848573950868 0.0022419071173683134
0 0.043471868799111635 0.24399422460691744 0.004203386805003158 0.002491007908187015
0 0.033184632671077574 0.24517745336330626 0.005752002996320113 0.0018682559311402613
0 0.027653860559231313 0.23695712726628915 0.003982155920529311 0.003362860676052435
0 0.04015340553200387 0.23172601065909645 0.00597323388079396 0.002117356721958963
0 0.04679033206621938 0.22437753732994473 0.004645848573950868 0.0018682559311402613
0 0.005530772111846263 0.22817632438992994 0.002654770613686206 0.002740108699005717
0 0.004424617689477011 0.22419071173683075 0.0061944647652678155 0.002491007908187015
0 0.0029866169403969813 0.23596072410301436 0.004203386805003159 0.0021173567219589986
0 0.00464584857395086 0.21659313761686036 0.004424617689477011 0.004732915025555293
0 0.044135561452533174 0.19884470627102793 0.005530772111846254 0.0026155583035963304
0 0.045462946759376274 0.21242069937064711 0.0028760014981600523 0.002864659094415067
0 0.039710943763056165 0.21285662575457986 0.007300619187637065 0.0022419071173683134
0 0.05044064166003791 0.21285662575457986 0.00486707945842471 0.0022419071173683134
0 0.06448880282412742 0.21260752496376115 0.005973233880793956 0.0027401086990057524
0 0.08948789276967255 0.21248297456835177 0.005530772111846272 0.002491007908187015
0 0.09889020535981118 0.21565900965129026 0.004867079458424736 0.0023664575127776643
0 0.10143436053126045 0.21920869592045672 0.005973233880793973 0.002740108699005717
0 0.11448698271521764 0.22145060303782504 0.006415695649741675 0.002491007908187015
0 0.11946467761587927 0.22674399484272242 0.005752002996320123 0.003113759885233769
0 0.12632283503456865 0.23315834020630397 0.006194464765267807 0.002740108699005717
0 0.21282411086384417 0.21808774236177256 0.004424617689477018 0.0037365118622805227
0 0.00232292428697543 0.19162078333728558 0.0037609250360554586 0.003113759885233769
0 0.0027653860559231315 0.19641597356054558 0.003760925036055459 0.002491007908187015
0 0.0022123088447385053 0.2022075669470804 0.003982155920529309 0.0026155583035964015
0 0.003650309593818534 0.21086381942803023 0.005530772111846263 0.003736511862280487
0 0.021127549467252725 0.1782316158307804 0.0042033868050031595 0.0032383102806431553
0 0.02876001498160057 0.17773341424914302 0.0061944647652678155 0.002491007908187015
0 0.034954479746868376 0.1870124187071396 0.004867079458424715 0.0021173567219589275
0 0.04081709818542542 0.18969025220844066 0.003318463267107763 0.002241907117368349
0 0.061612801325967366 0.18775972107959574 0.005530772111846254 0.0036119614668712074
0 0.08683312215598633 0.18726151949795836 0.006415695649741657 0.0028646590944149965
0 0.07046203670492139 0.16795620820950902 0.006415695649741675 0.004110163048508575
0 0.05187864240911795 0.17542923193407006 0.005530772111846272 0.0018682559311402613
0 0.0512149497556964 0.1725022976419503 0.004203386805003158 0.002740108699005717
0 0.05619264465635803 0.17163044487408485 0.003539694151581605 0.002491007908186944
0 0.09877958991757425 0.16832985939573708 0.0050883103428985875 0.0026155583035963304
0 0.10254051495362973 0.1655274754990267 0.0042033868050031665 0.003238310280643084
0 0.10309359216481433 0.17561605752718407 0.005309541227372403 0.003985612653099224
0 0.1024298995113928 0.18066034854126276 0.0053095412273724205 0.0026155583035963304
0 0.10762882529652827 0.18514416277599938 0.004645848573950868 0.0036119614668711363
0 0.09966451345546966 0.1923680857097417 0.005973233880793956 0.0023664575127777
0 0.16758239498894179 0.16073228527576666 0.006858157418689395 0.0033628606760524706
0 0.2212308844738505 0.16558975069673137 0.005309541227372385 0.004110163048508575
0 0.2295270426416199 0.17150589447867554 0.004203386805003148 0.0034874110714617854
0 0.2287527345459614 0.1833381820425638 0.005752002996320123 0.0037365118622805227
0 0.2902549204296918 0.18047352294814872 0.004867079458424755 0.0029892094898243825
0 0.20452795269607477 0.17468192956161396 0.005530772111846254 0.002864659094415067
0 0.19623179452830541 0.17474420475931857 0.006194464765267824 0.002491007908187015
0 0.20275810562028396 0.17026039052458203 0.004203386805003148 0.0032383102806431553
0 0.18926302166737913 0.1697621889429446 0.005530772111846254 0.002740108699005717
0 0.18472778853566518 0.17169272007178954 0.003982155920529351 0.0028646590944151028
0 0.17709532302131734 0.16988673933835396 0.003760925036055447 0.002740108699005717
0 0.17101147369828645 0.1680184834072137 0.005309541227372385 0.0019928063265495766
0 0.16835670308460024 0.17088314250162873 0.0030972323826339476 0.002491007908187015
0 0.16548070158644015 0.17424600317768124 0.003982155920529315 0.003985612653099224
0 0.1581800823988031 0.17798251503996174 0.00575200299632014 0.0034874110714617503
0 0.13207483803088876 0.18283998046092642 0.006636926534215526 0.001743705535730946
0 0.13373406966444265 0.17623880950423085 0.005530772111846236 0.0024910079081869796
0 0.1342871468756273 0.17262684803735964 0.006636926534215526 0.0027401086990056812
0 0.3263155545989295 0.22518711490010554 0.0048670794584246835 0.0032383102806430486
0 0.3279747862324834 0.19417406644317725 0.004645848573950957 0.002740108699005717
0 0.3684600380911981 0.1779825150399617 0.0037609250360555535 0.0027401086990057524
0 0.3754288109521244 0.16714663063934826 0.004867079458424755 0.002740108699005717
0 0.47542517073430474 0.21229614897523774 0.0044246176894769465 0.003113759885233769
0 0.4806240965194402 0.21098836982343958 0.0037609250360554824 0.003487411071461821
0 0.3984368229374048 0.23614754969612836 0.005752002996320016 0.0034874110714617503
0 0.49179625618536976 0.24430560059544082 0.007079388303163299 0.0023664575127776287
0 0.5629219855437126 0.23614754969612836 0.005973233880794098 0.0039856126530992955
0 0.577193296686481 0.2489079102701459 0.00752568826052098 0.002354347601895839
0 0.5715499900381927 0.1594245061239685 0.004203386805003219 0.003736511862280505
0 0.5706650665002974 0.17001128973376325 0.005530772111846219 0.003238310280643084
0 0.6119246264546706 0.17368552639833915 0.004424617689477018 0.002615558303596366
0 0.39191051184542613 0.2555151361822824 0.004645848573950815 0.0036119614668711363
0 0.39456528245911243 0.2621785823366826 0.005530772111846289 0.0034874110714617854
0 0.35452249236934535 0.27158213719008856 0.005973233880793956 0.003861062257689909
0 0.38118081394844444 0.2751940986569597 0.008849235378954035 0.0021173567219589275
0 0.3899194338851615 0.2792419865077636 0.005973233880793956 0.004483814234736591
0 0.45208531242231353 0.2817329944159506 0.005530772111846289 0.004234713443917962
0 0.37288465578067503 0.2960562898880259 0.0037609250360554824 0.002491007908186944
0 0.38140204483291823 0.299294600168669 0.005752002996320229 0.002740108699005717
0 0.3946758979013493 0.3069544494863441 0.00663692653421549 0.0026155583035963304
0 0.3815126602751552 0.31710530671220616 0.0037609250360554824 0.0034874110714617854
0 0.35927895638553325 0.33572559082590403 0.0053095412273724205 0.004110163048508539
0 0.3646991130551426 0.3360369668144274 0.005088310342898481 0.003985612653099224
0 0.3829506610242352 0.3361615172098368 0.004424617689477018 0.002989209489824489
0 0.5087204188476192 0.3161711787466361 0.0037609250360554824 0.003113759885233769
0 0.5975446189638701 0.3356633156281994 0.004424617689477018 0.0034874110714617503
0 0.5494269015908076 0.5709390125564622 0.003318463267107816 0.002989209489824489
0 0.6193358610845445 0.43935151980648357 0.0033184632671076743 0.0036119614668711363
0 0.6003100050197934 0.46301609493426005 0.005530772111846289 0.0028646590944150317
0 0.5484313626106754 0.4762807120453559 0.004424617689477018 0.0014946047449121381
0 0.5417944360764599 0.7443131629662778 0.004867079458424755 0.0029892094898242762
0 0.7193322208667249 0.7323563250069804 0.0064156956497416215 0.002491007908187015
0 0.8400136683472104 0.7071971451342915 0.005752002996320016 0.002491007908187015
0 0.7839316391330893 0.6053771968871476 0.004203386805003219 0.002864659094415174
0 0.7541760851713565 0.5341343707129993 0.0048670794584246835 0.0026155583035964015
0 0.6434500274921942 0.5308337852346514 0.0059732338807938845 0.001992806326549541
0 0.6288487891169201 0.37869547724212993 0.004645848573950815 0.0021173567219589275
0 0.6162386287019106 0.3689805464002005 0.005088310342898552 0.0018682559311401547
0 0.6678960402265546 0.32482743122758584 0.0053095412273724205 0.0022419071173682427
0 0.6736480432228746 0.3325495557429656 0.004867079458424826 0.0027401086990057875
0 0.7391323850271345 0.3160466283512266 0.0044246176894769465 0.0026155583035964015
0 0.8220939667048285 0.29717724344671004 0.0053095412273724205 0.0029892094898244536
0 0.7248629929785712 0.23253558822925718 0.004203386805003219 0.0029892094898243825
0 0.7871394869579601 0.24698343409674187 0.0035396941515814717 0.002740108699005717
0 0.8479779801882691 0.23975951116299954 0.0044246176894769465 0.002740108699005717
0 0.6492020304885142 0.1951704696064521 0.005973233880794169 0.003238310280643084
0 0.6520780319866744 0.19106030655794354 0.0064156956497416215 0.002491007908187015
0 0.7069432913361893 0.1447898346633699 0.0064156956497416215 0.0023664575127776465
0 0.7698834779689997 0.1685789601865558 0.0044246176894769465 0.003611961466871172
0 0.6550646489270713 0.1470317417807382 0.0044246176894769465 0.004110163048508575
0 0.6336052531331078 0.16515382431279865 0.00398215592052928 0.002491007908187015
0 0.5854875357600453 0.15151555601547478 0.005973233880794027 0.003113759885233769
0 0.9296485787373157 0.19990338463200744 0.004867079458424826 0.0034874110714618566
0 0.8636853729859123 0.28235574639299743 0.004424617689477089 0.003238310280643084
0 0.8800564584369772 0.3028442864378355 0.006194464765267753 0.003113759885233769
0 0.8718709157114449 0.35826921239499643 0.0044246176894769465 0.003861062257689909
0 0.9203204794112182 0.39463792785452667 0.0048670794584246835 0.003362860676052506
0 0.932156331730569 0.39470020305223147 0.006858157418689359 0.002491007908187015
0 0.9304971000970153 0.5235475871032044 0.0053095412273724205 0.0028646590944151028
0 0.9191037095466119 0.7020283037248035 0.0037609250360554824 0.0028646590944150317
